FILE CREATED BY  : PROGRAM DPASS - VERSION 2.00
DATABASE VERSION : 21.06
DATE AND TIME    : 09/08/2022 20:26:30
PROJECTILE       : Na
TARGET           : Tc
TARGET AT. MASS  : 9.690600E+01
TARGET DENSITY   : 1.150000E+01 g/cm^3
TABULATED OUTPUT : STOPPING FORCE VERSUS ENERGY
DATA TYPE        : SPLINE INTERPOLATED
ABSCISSA UNITS   : MeV/u
ORDINATE UNITS   : eV/nm


      E/n             S(E/n)

  1.000000E-03     4.835183E+02
  1.013925E-03     4.867908E+02
  1.028045E-03     4.901065E+02
  1.042361E-03     4.934634E+02
  1.056876E-03     4.968594E+02
  1.071593E-03     5.002922E+02
  1.086516E-03     5.037591E+02
  1.101646E-03     5.072573E+02
  1.116987E-03     5.107837E+02
  1.132541E-03     5.143349E+02
  1.148312E-03     5.179074E+02
  1.164303E-03     5.214977E+02
  1.180517E-03     5.251056E+02
  1.196956E-03     5.287318E+02
  1.213624E-03     5.323771E+02
  1.230524E-03     5.360426E+02
  1.247660E-03     5.397292E+02
  1.265034E-03     5.434382E+02
  1.282650E-03     5.471707E+02
  1.300511E-03     5.509282E+02
  1.318621E-03     5.547122E+02
  1.336984E-03     5.585241E+02
  1.355602E-03     5.623643E+02
  1.374479E-03     5.662328E+02
  1.393619E-03     5.701293E+02
  1.413026E-03     5.740538E+02
  1.432703E-03     5.780061E+02
  1.452654E-03     5.819860E+02
  1.472883E-03     5.859935E+02
  1.493393E-03     5.900282E+02
  1.514189E-03     5.940901E+02
  1.535275E-03     5.981790E+02
  1.556654E-03     6.022948E+02
  1.578331E-03     6.064380E+02
  1.600310E-03     6.106085E+02
  1.622595E-03     6.148068E+02
  1.645191E-03     6.190330E+02
  1.668101E-03     6.232874E+02
  1.691330E-03     6.275705E+02
  1.714882E-03     6.318826E+02
  1.738762E-03     6.362240E+02
  1.762975E-03     6.405953E+02
  1.787526E-03     6.449967E+02
  1.812418E-03     6.494283E+02
  1.837656E-03     6.538902E+02
  1.863246E-03     6.583825E+02
  1.889193E-03     6.629053E+02
  1.915501E-03     6.674588E+02
  1.942175E-03     6.720432E+02
  1.969220E-03     6.766586E+02
  1.996642E-03     6.813054E+02
  2.024447E-03     6.859836E+02
  2.052638E-03     6.906937E+02
  2.081222E-03     6.954356E+02
  2.110203E-03     7.002096E+02
  2.139589E-03     7.050159E+02
  2.169384E-03     7.098547E+02
  2.199593E-03     7.147263E+02
  2.230223E-03     7.196309E+02
  2.261280E-03     7.245688E+02
  2.292769E-03     7.295404E+02
  2.324697E-03     7.345462E+02
  2.357069E-03     7.395863E+02
  2.389893E-03     7.446609E+02
  2.423173E-03     7.497701E+02
  2.456916E-03     7.549142E+02
  2.491130E-03     7.600933E+02
  2.525820E-03     7.653076E+02
  2.560993E-03     7.705574E+02
  2.596656E-03     7.758430E+02
  2.632815E-03     7.811647E+02
  2.669478E-03     7.865228E+02
  2.706652E-03     7.919176E+02
  2.744343E-03     7.973493E+02
  2.782559E-03     8.028181E+02
  2.821308E-03     8.083243E+02
  2.860596E-03     8.138680E+02
  2.900430E-03     8.194496E+02
  2.940820E-03     8.250695E+02
  2.981772E-03     8.307278E+02
  3.023295E-03     8.364252E+02
  3.065395E-03     8.421619E+02
  3.108082E-03     8.479384E+02
  3.151363E-03     8.537548E+02
  3.195248E-03     8.596114E+02
  3.239743E-03     8.655084E+02
  3.284857E-03     8.714461E+02
  3.330600E-03     8.774247E+02
  3.376980E-03     8.834446E+02
  3.424006E-03     8.895062E+02
  3.471687E-03     8.956097E+02
  3.520031E-03     9.017558E+02
  3.569049E-03     9.079447E+02
  3.618750E-03     9.141767E+02
  3.669142E-03     9.204521E+02
  3.720237E-03     9.267711E+02
  3.772042E-03     9.331340E+02
  3.824570E-03     9.395411E+02
  3.877828E-03     9.459929E+02
  3.931829E-03     9.524896E+02
  3.986581E-03     9.590318E+02
  4.042096E-03     9.656200E+02
  4.098384E-03     9.722545E+02
  4.155455E-03     9.789358E+02
  4.213322E-03     9.856640E+02
  4.271994E-03     9.924394E+02
  4.331483E-03     9.992623E+02
  4.391801E-03     1.006133E+03
  4.452959E-03     1.013052E+03
  4.514968E-03     1.020020E+03
  4.577841E-03     1.027037E+03
  4.641589E-03     1.034104E+03
  4.706225E-03     1.041221E+03
  4.771761E-03     1.048388E+03
  4.838210E-03     1.055607E+03
  4.905584E-03     1.062876E+03
  4.973896E-03     1.070197E+03
  5.043159E-03     1.077570E+03
  5.113388E-03     1.084995E+03
  5.184594E-03     1.092473E+03
  5.256791E-03     1.100005E+03
  5.329994E-03     1.107590E+03
  5.404216E-03     1.115230E+03
  5.479472E-03     1.122924E+03
  5.555776E-03     1.130674E+03
  5.633143E-03     1.138479E+03
  5.711586E-03     1.146340E+03
  5.791123E-03     1.154258E+03
  5.871766E-03     1.162232E+03
  5.953533E-03     1.170264E+03
  6.036439E-03     1.178354E+03
  6.120498E-03     1.186502E+03
  6.205729E-03     1.194709E+03
  6.292146E-03     1.202976E+03
  6.379767E-03     1.211303E+03
  6.468608E-03     1.219690E+03
  6.558686E-03     1.228138E+03
  6.650018E-03     1.236647E+03
  6.742622E-03     1.245218E+03
  6.836516E-03     1.253851E+03
  6.931717E-03     1.262546E+03
  7.028244E-03     1.271306E+03
  7.126115E-03     1.280129E+03
  7.225349E-03     1.289017E+03
  7.325965E-03     1.297970E+03
  7.427982E-03     1.306988E+03
  7.531420E-03     1.316072E+03
  7.636298E-03     1.325222E+03
  7.742637E-03     1.334440E+03
  7.850456E-03     1.343724E+03
  7.959777E-03     1.353077E+03
  8.070620E-03     1.362499E+03
  8.183007E-03     1.371990E+03
  8.296959E-03     1.381551E+03
  8.412497E-03     1.391183E+03
  8.529644E-03     1.400886E+03
  8.648423E-03     1.410660E+03
  8.768856E-03     1.420506E+03
  8.890966E-03     1.430424E+03
  9.014776E-03     1.440416E+03
  9.140311E-03     1.450481E+03
  9.267593E-03     1.460621E+03
  9.396648E-03     1.470836E+03
  9.527500E-03     1.481128E+03
  9.660175E-03     1.491495E+03
  9.794697E-03     1.501940E+03
  9.931092E-03     1.512461E+03
  1.006939E-02     1.523061E+03
  1.020961E-02     1.533739E+03
  1.035178E-02     1.544496E+03
  1.049593E-02     1.555333E+03
  1.064209E-02     1.566251E+03
  1.079029E-02     1.577251E+03
  1.094055E-02     1.588332E+03
  1.109290E-02     1.599496E+03
  1.124737E-02     1.610743E+03
  1.140400E-02     1.622074E+03
  1.156280E-02     1.633489E+03
  1.172382E-02     1.644989E+03
  1.188708E-02     1.656575E+03
  1.205261E-02     1.668246E+03
  1.222045E-02     1.680004E+03
  1.239062E-02     1.691851E+03
  1.256317E-02     1.703786E+03
  1.273811E-02     1.715809E+03
  1.291550E-02     1.727923E+03
  1.309535E-02     1.740126E+03
  1.327771E-02     1.752420E+03
  1.346261E-02     1.764806E+03
  1.365008E-02     1.777283E+03
  1.384016E-02     1.789853E+03
  1.403289E-02     1.802517E+03
  1.422830E-02     1.815275E+03
  1.442644E-02     1.828129E+03
  1.462733E-02     1.841079E+03
  1.483103E-02     1.854125E+03
  1.503755E-02     1.867267E+03
  1.524696E-02     1.880507E+03
  1.545928E-02     1.893846E+03
  1.567455E-02     1.907282E+03
  1.589283E-02     1.920818E+03
  1.611414E-02     1.934455E+03
  1.633854E-02     1.948192E+03
  1.656606E-02     1.962031E+03
  1.679675E-02     1.975973E+03
  1.703065E-02     1.990017E+03
  1.726781E-02     2.004165E+03
  1.750827E-02     2.018416E+03
  1.775208E-02     2.032772E+03
  1.799929E-02     2.047234E+03
  1.824993E-02     2.061801E+03
  1.850407E-02     2.076475E+03
  1.876175E-02     2.091256E+03
  1.902301E-02     2.106146E+03
  1.928792E-02     2.121144E+03
  1.955651E-02     2.136252E+03
  1.982884E-02     2.151470E+03
  2.010496E-02     2.166798E+03
  2.038493E-02     2.182237E+03
  2.066880E-02     2.197787E+03
  2.095662E-02     2.213450E+03
  2.124845E-02     2.229225E+03
  2.154435E-02     2.245114E+03
  2.184436E-02     2.261118E+03
  2.214855E-02     2.277237E+03
  2.245698E-02     2.293471E+03
  2.276970E-02     2.309820E+03
  2.308678E-02     2.326286E+03
  2.340827E-02     2.342869E+03
  2.373424E-02     2.359569E+03
  2.406475E-02     2.376386E+03
  2.439986E-02     2.393322E+03
  2.473964E-02     2.410377E+03
  2.508415E-02     2.427552E+03
  2.543346E-02     2.444848E+03
  2.578763E-02     2.462264E+03
  2.614673E-02     2.479801E+03
  2.651084E-02     2.497459E+03
  2.688001E-02     2.515238E+03
  2.725433E-02     2.533140E+03
  2.763385E-02     2.551164E+03
  2.801867E-02     2.569311E+03
  2.840884E-02     2.587581E+03
  2.880444E-02     2.605976E+03
  2.920556E-02     2.624496E+03
  2.961225E-02     2.643140E+03
  3.002462E-02     2.661910E+03
  3.044272E-02     2.680804E+03
  3.086665E-02     2.699823E+03
  3.129648E-02     2.718967E+03
  3.173230E-02     2.738237E+03
  3.217418E-02     2.757634E+03
  3.262222E-02     2.777156E+03
  3.307650E-02     2.796806E+03
  3.353710E-02     2.816583E+03
  3.400412E-02     2.836486E+03
  3.447764E-02     2.856517E+03
  3.495776E-02     2.876674E+03
  3.544456E-02     2.896958E+03
  3.593814E-02     2.917368E+03
  3.643859E-02     2.937906E+03
  3.694601E-02     2.958571E+03
  3.746050E-02     2.979363E+03
  3.798215E-02     3.000282E+03
  3.851107E-02     3.021330E+03
  3.904735E-02     3.042504E+03
  3.959110E-02     3.063805E+03
  4.014242E-02     3.085233E+03
  4.070142E-02     3.106787E+03
  4.126821E-02     3.128467E+03
  4.184289E-02     3.150272E+03
  4.242556E-02     3.172203E+03
  4.301636E-02     3.194260E+03
  4.361538E-02     3.216443E+03
  4.422274E-02     3.238751E+03
  4.483856E-02     3.261183E+03
  4.546295E-02     3.283740E+03
  4.609604E-02     3.306420E+03
  4.673795E-02     3.329222E+03
  4.738880E-02     3.352147E+03
  4.804870E-02     3.375194E+03
  4.871780E-02     3.398362E+03
  4.939622E-02     3.421651E+03
  5.008408E-02     3.445061E+03
  5.078152E-02     3.468591E+03
  5.148867E-02     3.492241E+03
  5.220568E-02     3.516008E+03
  5.293266E-02     3.539893E+03
  5.366977E-02     3.563894E+03
  5.441714E-02     3.588011E+03
  5.517492E-02     3.612242E+03
  5.594326E-02     3.636586E+03
  5.672229E-02     3.661044E+03
  5.751217E-02     3.685614E+03
  5.831305E-02     3.710296E+03
  5.912508E-02     3.735088E+03
  5.994843E-02     3.759989E+03
  6.078323E-02     3.784998E+03
  6.162966E-02     3.810112E+03
  6.248788E-02     3.835331E+03
  6.335805E-02     3.860655E+03
  6.424034E-02     3.886080E+03
  6.513491E-02     3.911608E+03
  6.604194E-02     3.937236E+03
  6.696160E-02     3.962964E+03
  6.789407E-02     3.988790E+03
  6.883952E-02     4.014712E+03
  6.979814E-02     4.040728E+03
  7.077011E-02     4.066837E+03
  7.175561E-02     4.093036E+03
  7.275484E-02     4.119324E+03
  7.376798E-02     4.145700E+03
  7.479523E-02     4.172162E+03
  7.583678E-02     4.198709E+03
  7.689284E-02     4.225340E+03
  7.796360E-02     4.252052E+03
  7.904928E-02     4.278843E+03
  8.015007E-02     4.305711E+03
  8.126619E-02     4.332653E+03
  8.239786E-02     4.359668E+03
  8.354528E-02     4.386754E+03
  8.470868E-02     4.413908E+03
  8.588829E-02     4.441129E+03
  8.708431E-02     4.468415E+03
  8.829700E-02     4.495765E+03
  8.952657E-02     4.523175E+03
  9.077327E-02     4.550641E+03
  9.203732E-02     4.578160E+03
  9.331898E-02     4.605726E+03
  9.461848E-02     4.633338E+03
  9.593608E-02     4.660990E+03
  9.727203E-02     4.688679E+03
  9.862658E-02     4.716402E+03
  1.000000E-01     4.744155E+03
  1.013925E-01     4.771933E+03
  1.028045E-01     4.799735E+03
  1.042361E-01     4.827555E+03
  1.056876E-01     4.855391E+03
  1.071593E-01     4.883240E+03
  1.086516E-01     4.911099E+03
  1.101646E-01     4.938964E+03
  1.116987E-01     4.966834E+03
  1.132541E-01     4.994705E+03
  1.148312E-01     5.022575E+03
  1.164303E-01     5.050443E+03
  1.180517E-01     5.078304E+03
  1.196956E-01     5.106157E+03
  1.213624E-01     5.133998E+03
  1.230524E-01     5.161823E+03
  1.247660E-01     5.189631E+03
  1.265034E-01     5.217419E+03
  1.282650E-01     5.245184E+03
  1.300511E-01     5.272926E+03
  1.318621E-01     5.300642E+03
  1.336984E-01     5.328332E+03
  1.355602E-01     5.355993E+03
  1.374479E-01     5.383620E+03
  1.393619E-01     5.411210E+03
  1.413026E-01     5.438759E+03
  1.432703E-01     5.466266E+03
  1.452654E-01     5.493726E+03
  1.472883E-01     5.521137E+03
  1.493393E-01     5.548497E+03
  1.514189E-01     5.575804E+03
  1.535275E-01     5.603056E+03
  1.556654E-01     5.630251E+03
  1.578331E-01     5.657384E+03
  1.600310E-01     5.684451E+03
  1.622595E-01     5.711448E+03
  1.645191E-01     5.738371E+03
  1.668101E-01     5.765218E+03
  1.691330E-01     5.791986E+03
  1.714882E-01     5.818672E+03
  1.738762E-01     5.845274E+03
  1.762975E-01     5.871790E+03
  1.787526E-01     5.898217E+03
  1.812418E-01     5.924549E+03
  1.837656E-01     5.950781E+03
  1.863246E-01     5.976910E+03
  1.889193E-01     6.002930E+03
  1.915501E-01     6.028836E+03
  1.942175E-01     6.054627E+03
  1.969220E-01     6.080297E+03
  1.996642E-01     6.105843E+03
  2.024447E-01     6.131264E+03
  2.052638E-01     6.156554E+03
  2.081222E-01     6.181709E+03
  2.110203E-01     6.206721E+03
  2.139589E-01     6.231587E+03
  2.169384E-01     6.256302E+03
  2.199593E-01     6.280860E+03
  2.230223E-01     6.305257E+03
  2.261280E-01     6.329490E+03
  2.292769E-01     6.353555E+03
  2.324697E-01     6.377448E+03
  2.357069E-01     6.401166E+03
  2.389893E-01     6.424703E+03
  2.423173E-01     6.448052E+03
  2.456916E-01     6.471208E+03
  2.491130E-01     6.494167E+03
  2.525820E-01     6.516923E+03
  2.560993E-01     6.539472E+03
  2.596656E-01     6.561810E+03
  2.632815E-01     6.583934E+03
  2.669478E-01     6.605841E+03
  2.706652E-01     6.627526E+03
  2.744343E-01     6.648985E+03
  2.782559E-01     6.670212E+03
  2.821308E-01     6.691202E+03
  2.860596E-01     6.711952E+03
  2.900430E-01     6.732457E+03
  2.940820E-01     6.752713E+03
  2.981772E-01     6.772719E+03
  3.023295E-01     6.792471E+03
  3.065395E-01     6.811970E+03
  3.108082E-01     6.831211E+03
  3.151363E-01     6.850188E+03
  3.195248E-01     6.868896E+03
  3.239743E-01     6.887328E+03
  3.284857E-01     6.905479E+03
  3.330600E-01     6.923343E+03
  3.376980E-01     6.940917E+03
  3.424006E-01     6.958196E+03
  3.471687E-01     6.975176E+03
  3.520031E-01     6.991856E+03
  3.569049E-01     7.008231E+03
  3.618750E-01     7.024297E+03
  3.669142E-01     7.040048E+03
  3.720237E-01     7.055481E+03
  3.772042E-01     7.070593E+03
  3.824570E-01     7.085379E+03
  3.877828E-01     7.099838E+03
  3.931829E-01     7.113968E+03
  3.986581E-01     7.127769E+03
  4.042096E-01     7.141240E+03
  4.098384E-01     7.154383E+03
  4.155455E-01     7.167198E+03
  4.213322E-01     7.179687E+03
  4.271994E-01     7.191852E+03
  4.331483E-01     7.203698E+03
  4.391801E-01     7.215229E+03
  4.452959E-01     7.226451E+03
  4.514968E-01     7.237374E+03
  4.577841E-01     7.248005E+03
  4.641589E-01     7.258355E+03
  4.706225E-01     7.268436E+03
  4.771761E-01     7.278244E+03
  4.838210E-01     7.287777E+03
  4.905584E-01     7.297032E+03
  4.973896E-01     7.306005E+03
  5.043159E-01     7.314696E+03
  5.113388E-01     7.323102E+03
  5.184594E-01     7.331222E+03
  5.256791E-01     7.339057E+03
  5.329994E-01     7.346607E+03
  5.404216E-01     7.353872E+03
  5.479472E-01     7.360847E+03
  5.555776E-01     7.367529E+03
  5.633143E-01     7.373910E+03
  5.711586E-01     7.379986E+03
  5.791123E-01     7.385752E+03
  5.871766E-01     7.391204E+03
  5.953533E-01     7.396337E+03
  6.036439E-01     7.401149E+03
  6.120498E-01     7.405635E+03
  6.205729E-01     7.409794E+03
  6.292146E-01     7.413623E+03
  6.379767E-01     7.417120E+03
  6.468608E-01     7.420283E+03
  6.558686E-01     7.423112E+03
  6.650018E-01     7.425607E+03
  6.742622E-01     7.427768E+03
  6.836516E-01     7.429598E+03
  6.931717E-01     7.431098E+03
  7.028244E-01     7.432272E+03
  7.126115E-01     7.433124E+03
  7.225349E-01     7.433653E+03
  7.325965E-01     7.433856E+03
  7.427982E-01     7.433731E+03
  7.531420E-01     7.433275E+03
  7.636298E-01     7.432486E+03
  7.742637E-01     7.431364E+03
  7.850456E-01     7.429908E+03
  7.959777E-01     7.428117E+03
  8.070620E-01     7.425994E+03
  8.183007E-01     7.423539E+03
  8.296959E-01     7.420752E+03
  8.412497E-01     7.417630E+03
  8.529644E-01     7.414174E+03
  8.648423E-01     7.410381E+03
  8.768856E-01     7.406252E+03
  8.890966E-01     7.401787E+03
  9.014776E-01     7.396988E+03
  9.140311E-01     7.391856E+03
  9.267593E-01     7.386395E+03
  9.396648E-01     7.380607E+03
  9.527500E-01     7.374494E+03
  9.660175E-01     7.368054E+03
  9.794697E-01     7.361286E+03
  9.931092E-01     7.354189E+03
  1.006939E+00     7.346764E+03
  1.020961E+00     7.339011E+03
  1.035178E+00     7.330931E+03
  1.049593E+00     7.322525E+03
  1.064209E+00     7.313797E+03
  1.079029E+00     7.304751E+03
  1.094055E+00     7.295386E+03
  1.109290E+00     7.285703E+03
  1.124737E+00     7.275702E+03
  1.140400E+00     7.265382E+03
  1.156280E+00     7.254744E+03
  1.172382E+00     7.243789E+03
  1.188708E+00     7.232519E+03
  1.205261E+00     7.220937E+03
  1.222045E+00     7.209046E+03
  1.239062E+00     7.196849E+03
  1.256317E+00     7.184350E+03
  1.273811E+00     7.171548E+03
  1.291550E+00     7.158444E+03
  1.309535E+00     7.145037E+03
  1.327771E+00     7.131330E+03
  1.346261E+00     7.117323E+03
  1.365008E+00     7.103020E+03
  1.384016E+00     7.088422E+03
  1.403289E+00     7.073534E+03
  1.422830E+00     7.058360E+03
  1.442644E+00     7.042902E+03
  1.462733E+00     7.027161E+03
  1.483103E+00     7.011138E+03
  1.503755E+00     6.994832E+03
  1.524696E+00     6.978246E+03
  1.545928E+00     6.961380E+03
  1.567455E+00     6.944237E+03
  1.589283E+00     6.926819E+03
  1.611414E+00     6.909130E+03
  1.633854E+00     6.891172E+03
  1.656606E+00     6.872950E+03
  1.679675E+00     6.854464E+03
  1.703065E+00     6.835717E+03
  1.726781E+00     6.816710E+03
  1.750827E+00     6.797445E+03
  1.775208E+00     6.777927E+03
  1.799929E+00     6.758157E+03
  1.824993E+00     6.738140E+03
  1.850407E+00     6.717881E+03
  1.876175E+00     6.697383E+03
  1.902301E+00     6.676653E+03
  1.928792E+00     6.655690E+03
  1.955651E+00     6.634496E+03
  1.982884E+00     6.613071E+03
  2.010496E+00     6.591417E+03
  2.038493E+00     6.569534E+03
  2.066880E+00     6.547424E+03
  2.095662E+00     6.525090E+03
  2.124845E+00     6.502533E+03
  2.154435E+00     6.479756E+03
  2.184436E+00     6.456760E+03
  2.214855E+00     6.433550E+03
  2.245698E+00     6.410125E+03
  2.276970E+00     6.386489E+03
  2.308678E+00     6.362644E+03
  2.340827E+00     6.338592E+03
  2.373424E+00     6.314338E+03
  2.406475E+00     6.289884E+03
  2.439986E+00     6.265235E+03
  2.473964E+00     6.240394E+03
  2.508415E+00     6.215365E+03
  2.543346E+00     6.190152E+03
  2.578763E+00     6.164755E+03
  2.614673E+00     6.139178E+03
  2.651084E+00     6.113423E+03
  2.688001E+00     6.087492E+03
  2.725433E+00     6.061388E+03
  2.763385E+00     6.035115E+03
  2.801867E+00     6.008674E+03
  2.840884E+00     5.982070E+03
  2.880444E+00     5.955307E+03
  2.920556E+00     5.928385E+03
  2.961225E+00     5.901309E+03
  3.002462E+00     5.874080E+03
  3.044272E+00     5.846700E+03
  3.086665E+00     5.819172E+03
  3.129648E+00     5.791499E+03
  3.173230E+00     5.763684E+03
  3.217418E+00     5.735728E+03
  3.262222E+00     5.707635E+03
  3.307650E+00     5.679409E+03
  3.353710E+00     5.651051E+03
  3.400412E+00     5.622565E+03
  3.447764E+00     5.593954E+03
  3.495776E+00     5.565221E+03
  3.544456E+00     5.536369E+03
  3.593814E+00     5.507402E+03
  3.643859E+00     5.478323E+03
  3.694601E+00     5.449135E+03
  3.746050E+00     5.419842E+03
  3.798215E+00     5.390447E+03
  3.851107E+00     5.360954E+03
  3.904735E+00     5.331365E+03
  3.959110E+00     5.301685E+03
  4.014242E+00     5.271915E+03
  4.070142E+00     5.242060E+03
  4.126821E+00     5.212122E+03
  4.184289E+00     5.182105E+03
  4.242556E+00     5.152011E+03
  4.301636E+00     5.121844E+03
  4.361538E+00     5.091606E+03
  4.422274E+00     5.061301E+03
  4.483856E+00     5.030932E+03
  4.546295E+00     5.000502E+03
  4.609604E+00     4.970016E+03
  4.673795E+00     4.939476E+03
  4.738880E+00     4.908886E+03
  4.804870E+00     4.878248E+03
  4.871780E+00     4.847566E+03
  4.939622E+00     4.816843E+03
  5.008408E+00     4.786081E+03
  5.078152E+00     4.755284E+03
  5.148867E+00     4.724456E+03
  5.220568E+00     4.693600E+03
  5.293266E+00     4.662721E+03
  5.366977E+00     4.631822E+03
  5.441714E+00     4.600907E+03
  5.517492E+00     4.569980E+03
  5.594326E+00     4.539043E+03
  5.672229E+00     4.508100E+03
  5.751217E+00     4.477154E+03
  5.831305E+00     4.446207E+03
  5.912508E+00     4.415265E+03
  5.994843E+00     4.384330E+03
  6.078323E+00     4.353407E+03
  6.162966E+00     4.322499E+03
  6.248788E+00     4.291609E+03
  6.335805E+00     4.260741E+03
  6.424034E+00     4.229897E+03
  6.513491E+00     4.199079E+03
  6.604194E+00     4.168290E+03
  6.696160E+00     4.137531E+03
  6.789407E+00     4.106809E+03
  6.883952E+00     4.076125E+03
  6.979814E+00     4.045486E+03
  7.077011E+00     4.014894E+03
  7.175561E+00     3.984354E+03
  7.275484E+00     3.953868E+03
  7.376798E+00     3.923438E+03
  7.479523E+00     3.893069E+03
  7.583678E+00     3.862762E+03
  7.689284E+00     3.832519E+03
  7.796360E+00     3.802344E+03
  7.904928E+00     3.772241E+03
  8.015007E+00     3.742215E+03
  8.126619E+00     3.712268E+03
  8.239786E+00     3.682404E+03
  8.354528E+00     3.652625E+03
  8.470868E+00     3.622934E+03
  8.588829E+00     3.593331E+03
  8.708431E+00     3.563818E+03
  8.829700E+00     3.534397E+03
  8.952657E+00     3.505072E+03
  9.077327E+00     3.475845E+03
  9.203732E+00     3.446722E+03
  9.331898E+00     3.417706E+03
  9.461848E+00     3.388798E+03
  9.593608E+00     3.360003E+03
  9.727203E+00     3.331321E+03
  9.862658E+00     3.302754E+03
  1.000000E+01     3.274302E+03
  1.013925E+01     3.245967E+03
  1.028045E+01     3.217752E+03
  1.042361E+01     3.189662E+03
  1.056876E+01     3.161698E+03
  1.071593E+01     3.133866E+03
  1.086516E+01     3.106168E+03
  1.101646E+01     3.078605E+03
  1.116987E+01     3.051180E+03
  1.132541E+01     3.023894E+03
  1.148312E+01     2.996746E+03
  1.164303E+01     2.969738E+03
  1.180517E+01     2.942872E+03
  1.196956E+01     2.916151E+03
  1.213624E+01     2.889578E+03
  1.230524E+01     2.863157E+03
  1.247660E+01     2.836889E+03
  1.265034E+01     2.810774E+03
  1.282650E+01     2.784815E+03
  1.300511E+01     2.759010E+03
  1.318621E+01     2.733360E+03
  1.336984E+01     2.707862E+03
  1.355602E+01     2.682520E+03
  1.374479E+01     2.657335E+03
  1.393619E+01     2.632313E+03
  1.413026E+01     2.607454E+03
  1.432703E+01     2.582761E+03
  1.452654E+01     2.558235E+03
  1.472883E+01     2.533876E+03
  1.493393E+01     2.509685E+03
  1.514189E+01     2.485660E+03
  1.535275E+01     2.461800E+03
  1.556654E+01     2.438107E+03
  1.578331E+01     2.414583E+03
  1.600310E+01     2.391231E+03
  1.622595E+01     2.368052E+03
  1.645191E+01     2.345047E+03
  1.668101E+01     2.322218E+03
  1.691330E+01     2.299563E+03
  1.714882E+01     2.277083E+03
  1.738762E+01     2.254774E+03
  1.762975E+01     2.232635E+03
  1.787526E+01     2.210666E+03
  1.812418E+01     2.188870E+03
  1.837656E+01     2.167248E+03
  1.863246E+01     2.145802E+03
  1.889193E+01     2.124533E+03
  1.915501E+01     2.103441E+03
  1.942175E+01     2.082526E+03
  1.969220E+01     2.061786E+03
  1.996642E+01     2.041218E+03
  2.024447E+01     2.020821E+03
  2.052638E+01     2.000594E+03
  2.081222E+01     1.980539E+03
  2.110203E+01     1.960657E+03
  2.139589E+01     1.940951E+03
  2.169384E+01     1.921420E+03
  2.199593E+01     1.902065E+03
  2.230223E+01     1.882884E+03
  2.261280E+01     1.863877E+03
  2.292769E+01     1.845041E+03
  2.324697E+01     1.826372E+03
  2.357069E+01     1.807871E+03
  2.389893E+01     1.789538E+03
  2.423173E+01     1.771374E+03
  2.456916E+01     1.753381E+03
  2.491130E+01     1.735559E+03
  2.525820E+01     1.717906E+03
  2.560993E+01     1.700422E+03
  2.596656E+01     1.683105E+03
  2.632815E+01     1.665951E+03
  2.669478E+01     1.648958E+03
  2.706652E+01     1.632122E+03
  2.744343E+01     1.615447E+03
  2.782559E+01     1.598932E+03
  2.821308E+01     1.582579E+03
  2.860596E+01     1.566388E+03
  2.900430E+01     1.550358E+03
  2.940820E+01     1.534488E+03
  2.981772E+01     1.518777E+03
  3.023295E+01     1.503222E+03
  3.065395E+01     1.487819E+03
  3.108082E+01     1.472566E+03
  3.151363E+01     1.457464E+03
  3.195248E+01     1.442515E+03
  3.239743E+01     1.427718E+03
  3.284857E+01     1.413073E+03
  3.330600E+01     1.398580E+03
  3.376980E+01     1.384236E+03
  3.424006E+01     1.370040E+03
  3.471687E+01     1.355989E+03
  3.520031E+01     1.342079E+03
  3.569049E+01     1.328308E+03
  3.618750E+01     1.314675E+03
  3.669142E+01     1.301183E+03
  3.720237E+01     1.287831E+03
  3.772042E+01     1.274619E+03
  3.824570E+01     1.261548E+03
  3.877828E+01     1.248615E+03
  3.931829E+01     1.235818E+03
  3.986581E+01     1.223157E+03
  4.042096E+01     1.210626E+03
  4.098384E+01     1.198224E+03
  4.155455E+01     1.185951E+03
  4.213322E+01     1.173808E+03
  4.271994E+01     1.161794E+03
  4.331483E+01     1.149909E+03
  4.391801E+01     1.138153E+03
  4.452959E+01     1.126524E+03
  4.514968E+01     1.115020E+03
  4.577841E+01     1.103639E+03
  4.641589E+01     1.092378E+03
  4.706225E+01     1.081232E+03
  4.771761E+01     1.070204E+03
  4.838210E+01     1.059292E+03
  4.905584E+01     1.048498E+03
  4.973896E+01     1.037821E+03
  5.043159E+01     1.027261E+03
  5.113388E+01     1.016816E+03
  5.184594E+01     1.006486E+03
  5.256791E+01     9.962681E+02
  5.329994E+01     9.861594E+02
  5.404216E+01     9.761572E+02
  5.479472E+01     9.662616E+02
  5.555776E+01     9.564728E+02
  5.633143E+01     9.467912E+02
  5.711586E+01     9.372163E+02
  5.791123E+01     9.277476E+02
  5.871766E+01     9.183840E+02
  5.953533E+01     9.091239E+02
  6.036439E+01     8.999650E+02
  6.120498E+01     8.909049E+02
  6.205729E+01     8.819406E+02
  6.292146E+01     8.730718E+02
  6.379767E+01     8.642991E+02
  6.468608E+01     8.556227E+02
  6.558686E+01     8.470425E+02
  6.650018E+01     8.385583E+02
  6.742622E+01     8.301690E+02
  6.836516E+01     8.218736E+02
  6.931717E+01     8.136703E+02
  7.028244E+01     8.055571E+02
  7.126115E+01     7.975314E+02
  7.225349E+01     7.895927E+02
  7.325965E+01     7.817414E+02
  7.427982E+01     7.739778E+02
  7.531420E+01     7.663015E+02
  7.636298E+01     7.587121E+02
  7.742637E+01     7.512088E+02
  7.850456E+01     7.437903E+02
  7.959777E+01     7.364550E+02
  8.070620E+01     7.292007E+02
  8.183007E+01     7.220249E+02
  8.296959E+01     7.149271E+02
  8.412497E+01     7.079075E+02
  8.529644E+01     7.009665E+02
  8.648423E+01     6.941040E+02
  8.768856E+01     6.873196E+02
  8.890966E+01     6.806129E+02
  9.014776E+01     6.739827E+02
  9.140311E+01     6.674279E+02
  9.267593E+01     6.609465E+02
  9.396648E+01     6.545367E+02
  9.527500E+01     6.481976E+02
  9.660175E+01     6.419295E+02
  9.794697E+01     6.357326E+02
  9.931092E+01     6.296068E+02
  1.006939E+02     6.235519E+02
  1.020961E+02     6.175671E+02
  1.035178E+02     6.116517E+02
  1.049593E+02     6.058043E+02
  1.064209E+02     6.000232E+02
  1.079029E+02     5.943067E+02
  1.094055E+02     5.886537E+02
  1.109290E+02     5.830645E+02
  1.124737E+02     5.775394E+02
  1.140400E+02     5.720784E+02
  1.156280E+02     5.666812E+02
  1.172382E+02     5.613474E+02
  1.188708E+02     5.560762E+02
  1.205261E+02     5.508666E+02
  1.222045E+02     5.457172E+02
  1.239062E+02     5.406264E+02
  1.256317E+02     5.355932E+02
  1.273811E+02     5.306177E+02
  1.291550E+02     5.257003E+02
  1.309535E+02     5.208409E+02
  1.327771E+02     5.160393E+02
  1.346261E+02     5.112950E+02
  1.365008E+02     5.066072E+02
  1.384016E+02     5.019752E+02
  1.403289E+02     4.973976E+02
  1.422830E+02     4.928728E+02
  1.442644E+02     4.884000E+02
  1.462733E+02     4.839791E+02
  1.483103E+02     4.796105E+02
  1.503755E+02     4.752941E+02
  1.524696E+02     4.710298E+02
  1.545928E+02     4.668172E+02
  1.567455E+02     4.626557E+02
  1.589283E+02     4.585446E+02
  1.611414E+02     4.544826E+02
  1.633854E+02     4.504686E+02
  1.656606E+02     4.465014E+02
  1.679675E+02     4.425813E+02
  1.703065E+02     4.387083E+02
  1.726781E+02     4.348825E+02
  1.750827E+02     4.311037E+02
  1.775208E+02     4.273717E+02
  1.799929E+02     4.236858E+02
  1.824993E+02     4.200455E+02
  1.850407E+02     4.164496E+02
  1.876175E+02     4.128971E+02
  1.902301E+02     4.093869E+02
  1.928792E+02     4.059191E+02
  1.955651E+02     4.024938E+02
  1.982884E+02     3.991110E+02
  2.010496E+02     3.957707E+02
  2.038493E+02     3.924726E+02
  2.066880E+02     3.892163E+02
  2.095662E+02     3.860010E+02
  2.124845E+02     3.828260E+02
  2.154435E+02     3.796902E+02
  2.184436E+02     3.765927E+02
  2.214855E+02     3.735334E+02
  2.245698E+02     3.705125E+02
  2.276970E+02     3.675300E+02
  2.308678E+02     3.645858E+02
  2.340827E+02     3.616797E+02
  2.373424E+02     3.588113E+02
  2.406475E+02     3.559800E+02
  2.439986E+02     3.531851E+02
  2.473964E+02     3.504256E+02
  2.508415E+02     3.477006E+02
  2.543346E+02     3.450101E+02
  2.578763E+02     3.423541E+02
  2.614673E+02     3.397328E+02
  2.651084E+02     3.371460E+02
  2.688001E+02     3.345935E+02
  2.725433E+02     3.320751E+02
  2.763385E+02     3.295902E+02
  2.801867E+02     3.271382E+02
  2.840884E+02     3.247182E+02
  2.880444E+02     3.223296E+02
  2.920556E+02     3.199720E+02
  2.961225E+02     3.176456E+02
  3.002462E+02     3.153505E+02
  3.044272E+02     3.130866E+02
  3.086665E+02     3.108537E+02
  3.129648E+02     3.086516E+02
  3.173230E+02     3.064797E+02
  3.217418E+02     3.043376E+02
  3.262222E+02     3.022244E+02
  3.307650E+02     3.001395E+02
  3.353710E+02     2.980826E+02
  3.400412E+02     2.960539E+02
  3.447764E+02     2.940533E+02
  3.495776E+02     2.920808E+02
  3.544456E+02     2.901363E+02
  3.593814E+02     2.882195E+02
  3.643859E+02     2.863301E+02
  3.694601E+02     2.844675E+02
  3.746050E+02     2.826312E+02
  3.798215E+02     2.808204E+02
  3.851107E+02     2.790348E+02
  3.904735E+02     2.772746E+02
  3.959110E+02     2.755398E+02
  4.014242E+02     2.738304E+02
  4.070142E+02     2.721462E+02
  4.126821E+02     2.704870E+02
  4.184289E+02     2.688526E+02
  4.242556E+02     2.672424E+02
  4.301636E+02     2.656559E+02
  4.361538E+02     2.640925E+02
  4.422274E+02     2.625519E+02
  4.483856E+02     2.610342E+02
  4.546295E+02     2.595394E+02
  4.609604E+02     2.580675E+02
  4.673795E+02     2.566183E+02
  4.738880E+02     2.551918E+02
  4.804870E+02     2.537875E+02
  4.871780E+02     2.524052E+02
  4.939622E+02     2.510442E+02
  5.008408E+02     2.497042E+02
  5.078152E+02     2.483846E+02
  5.148867E+02     2.470857E+02
  5.220568E+02     2.458074E+02
  5.293266E+02     2.445497E+02
  5.366977E+02     2.433124E+02
  5.441714E+02     2.420956E+02
  5.517492E+02     2.408987E+02
  5.594326E+02     2.397216E+02
  5.672229E+02     2.385637E+02
  5.751217E+02     2.374246E+02
  5.831305E+02     2.363040E+02
  5.912508E+02     2.352018E+02
  5.994843E+02     2.341181E+02
  6.078323E+02     2.330528E+02
  6.162966E+02     2.320060E+02
  6.248788E+02     2.309774E+02
  6.335805E+02     2.299668E+02
  6.424034E+02     2.289740E+02
  6.513491E+02     2.279985E+02
  6.604194E+02     2.270398E+02
  6.696160E+02     2.260977E+02
  6.789407E+02     2.251721E+02
  6.883952E+02     2.242630E+02
  6.979814E+02     2.233702E+02
  7.077011E+02     2.224935E+02
  7.175561E+02     2.216329E+02
  7.275484E+02     2.207878E+02
  7.376798E+02     2.199580E+02
  7.479523E+02     2.191431E+02
  7.583678E+02     2.183424E+02
  7.689284E+02     2.175557E+02
  7.796360E+02     2.167830E+02
  7.904928E+02     2.160248E+02
  8.015007E+02     2.152812E+02
  8.126619E+02     2.145524E+02
  8.239786E+02     2.138387E+02
  8.354528E+02     2.131402E+02
  8.470868E+02     2.124570E+02
  8.588829E+02     2.117894E+02
  8.708431E+02     2.111372E+02
  8.829700E+02     2.105003E+02
  8.952657E+02     2.098774E+02
  9.077327E+02     2.092668E+02
  9.203732E+02     2.086668E+02
  9.331898E+02     2.080752E+02
  9.461848E+02     2.074900E+02
  9.593608E+02     2.069086E+02
  9.727203E+02     2.063286E+02
  9.862658E+02     2.057469E+02
  1.000000E+03     2.051604E+02
