FILE CREATED BY  : PROGRAM DPASS - VERSION 2.00
DATABASE VERSION : 21.06
DATE AND TIME    : 09/08/2022 20:34:48
PROJECTILE       : Al
TARGET           : Ce
TARGET AT. MASS  : 1.401200E+02
TARGET DENSITY   : 6.770000E+00 g/cm^3
TABULATED OUTPUT : STOPPING FORCE VERSUS ENERGY
DATA TYPE        : SPLINE INTERPOLATED
ABSCISSA UNITS   : MeV/u
ORDINATE UNITS   : eV/nm


      E/n             S(E/n)

  1.000000E-03     2.396326E+02
  1.013925E-03     2.412688E+02
  1.028045E-03     2.429267E+02
  1.042361E-03     2.446053E+02
  1.056876E-03     2.463036E+02
  1.071593E-03     2.480205E+02
  1.086516E-03     2.497548E+02
  1.101646E-03     2.515051E+02
  1.116987E-03     2.532699E+02
  1.132541E-03     2.550477E+02
  1.148312E-03     2.568368E+02
  1.164303E-03     2.586355E+02
  1.180517E-03     2.604437E+02
  1.196956E-03     2.622617E+02
  1.213624E-03     2.640900E+02
  1.230524E-03     2.659291E+02
  1.247660E-03     2.677794E+02
  1.265034E-03     2.696416E+02
  1.282650E-03     2.715161E+02
  1.300511E-03     2.734037E+02
  1.318621E-03     2.753051E+02
  1.336984E-03     2.772209E+02
  1.355602E-03     2.791515E+02
  1.374479E-03     2.810967E+02
  1.393619E-03     2.830566E+02
  1.413026E-03     2.850310E+02
  1.432703E-03     2.870199E+02
  1.452654E-03     2.890234E+02
  1.472883E-03     2.910413E+02
  1.493393E-03     2.930736E+02
  1.514189E-03     2.951202E+02
  1.535275E-03     2.971812E+02
  1.556654E-03     2.992565E+02
  1.578331E-03     3.013462E+02
  1.600310E-03     3.034505E+02
  1.622595E-03     3.055695E+02
  1.645191E-03     3.077033E+02
  1.668101E-03     3.098522E+02
  1.691330E-03     3.120162E+02
  1.714882E-03     3.141956E+02
  1.738762E-03     3.163906E+02
  1.762975E-03     3.186014E+02
  1.787526E-03     3.208282E+02
  1.812418E-03     3.230710E+02
  1.837656E-03     3.253299E+02
  1.863246E-03     3.276050E+02
  1.889193E-03     3.298963E+02
  1.915501E-03     3.322041E+02
  1.942175E-03     3.345284E+02
  1.969220E-03     3.368692E+02
  1.996642E-03     3.392269E+02
  2.024447E-03     3.416015E+02
  2.052638E-03     3.439932E+02
  2.081222E-03     3.464021E+02
  2.110203E-03     3.488282E+02
  2.139589E-03     3.512718E+02
  2.169384E-03     3.537329E+02
  2.199593E-03     3.562117E+02
  2.230223E-03     3.587084E+02
  2.261280E-03     3.612232E+02
  2.292769E-03     3.637562E+02
  2.324697E-03     3.663078E+02
  2.357069E-03     3.688780E+02
  2.389893E-03     3.714670E+02
  2.423173E-03     3.740749E+02
  2.456916E-03     3.767018E+02
  2.491130E-03     3.793478E+02
  2.525820E-03     3.820131E+02
  2.560993E-03     3.846978E+02
  2.596656E-03     3.874021E+02
  2.632815E-03     3.901262E+02
  2.669478E-03     3.928702E+02
  2.706652E-03     3.956344E+02
  2.744343E-03     3.984189E+02
  2.782559E-03     4.012238E+02
  2.821308E-03     4.040492E+02
  2.860596E-03     4.068952E+02
  2.900430E-03     4.097620E+02
  2.940820E-03     4.126498E+02
  2.981772E-03     4.155588E+02
  3.023295E-03     4.184890E+02
  3.065395E-03     4.214409E+02
  3.108082E-03     4.244145E+02
  3.151363E-03     4.274100E+02
  3.195248E-03     4.304275E+02
  3.239743E-03     4.334670E+02
  3.284857E-03     4.365288E+02
  3.330600E-03     4.396130E+02
  3.376980E-03     4.427197E+02
  3.424006E-03     4.458492E+02
  3.471687E-03     4.490015E+02
  3.520031E-03     4.521770E+02
  3.569049E-03     4.553758E+02
  3.618750E-03     4.585980E+02
  3.669142E-03     4.618438E+02
  3.720237E-03     4.651132E+02
  3.772042E-03     4.684065E+02
  3.824570E-03     4.717236E+02
  3.877828E-03     4.750649E+02
  3.931829E-03     4.784305E+02
  3.986581E-03     4.818206E+02
  4.042096E-03     4.852353E+02
  4.098384E-03     4.886750E+02
  4.155455E-03     4.921397E+02
  4.213322E-03     4.956296E+02
  4.271994E-03     4.991449E+02
  4.331483E-03     5.026856E+02
  4.391801E-03     5.062520E+02
  4.452959E-03     5.098442E+02
  4.514968E-03     5.134625E+02
  4.577841E-03     5.171071E+02
  4.641589E-03     5.207782E+02
  4.706225E-03     5.244762E+02
  4.771761E-03     5.282010E+02
  4.838210E-03     5.319530E+02
  4.905584E-03     5.357322E+02
  4.973896E-03     5.395387E+02
  5.043159E-03     5.433727E+02
  5.113388E-03     5.472344E+02
  5.184594E-03     5.511240E+02
  5.256791E-03     5.550416E+02
  5.329994E-03     5.589877E+02
  5.404216E-03     5.629623E+02
  5.479472E-03     5.669657E+02
  5.555776E-03     5.709980E+02
  5.633143E-03     5.750595E+02
  5.711586E-03     5.791503E+02
  5.791123E-03     5.832706E+02
  5.871766E-03     5.874208E+02
  5.953533E-03     5.916011E+02
  6.036439E-03     5.958117E+02
  6.120498E-03     6.000531E+02
  6.205729E-03     6.043255E+02
  6.292146E-03     6.086292E+02
  6.379767E-03     6.129643E+02
  6.468608E-03     6.173311E+02
  6.558686E-03     6.217297E+02
  6.650018E-03     6.261603E+02
  6.742622E-03     6.306232E+02
  6.836516E-03     6.351187E+02
  6.931717E-03     6.396471E+02
  7.028244E-03     6.442086E+02
  7.126115E-03     6.488036E+02
  7.225349E-03     6.534324E+02
  7.325965E-03     6.580953E+02
  7.427982E-03     6.627923E+02
  7.531420E-03     6.675238E+02
  7.636298E-03     6.722901E+02
  7.742637E-03     6.770914E+02
  7.850456E-03     6.819282E+02
  7.959777E-03     6.868007E+02
  8.070620E-03     6.917094E+02
  8.183007E-03     6.966547E+02
  8.296959E-03     7.016369E+02
  8.412497E-03     7.066563E+02
  8.529644E-03     7.117131E+02
  8.648423E-03     7.168076E+02
  8.768856E-03     7.219401E+02
  8.890966E-03     7.271110E+02
  9.014776E-03     7.323206E+02
  9.140311E-03     7.375694E+02
  9.267593E-03     7.428577E+02
  9.396648E-03     7.481861E+02
  9.527500E-03     7.535549E+02
  9.660175E-03     7.589644E+02
  9.794697E-03     7.644150E+02
  9.931092E-03     7.699069E+02
  1.006939E-02     7.754406E+02
  1.020961E-02     7.810163E+02
  1.035178E-02     7.866346E+02
  1.049593E-02     7.922960E+02
  1.064209E-02     7.980009E+02
  1.079029E-02     8.037498E+02
  1.094055E-02     8.095433E+02
  1.109290E-02     8.153815E+02
  1.124737E-02     8.212649E+02
  1.140400E-02     8.271938E+02
  1.156280E-02     8.331686E+02
  1.172382E-02     8.391896E+02
  1.188708E-02     8.452573E+02
  1.205261E-02     8.513722E+02
  1.222045E-02     8.575348E+02
  1.239062E-02     8.637456E+02
  1.256317E-02     8.700051E+02
  1.273811E-02     8.763137E+02
  1.291550E-02     8.826717E+02
  1.309535E-02     8.890796E+02
  1.327771E-02     8.955377E+02
  1.346261E-02     9.020466E+02
  1.365008E-02     9.086066E+02
  1.384016E-02     9.152184E+02
  1.403289E-02     9.218826E+02
  1.422830E-02     9.285997E+02
  1.442644E-02     9.353703E+02
  1.462733E-02     9.421948E+02
  1.483103E-02     9.490735E+02
  1.503755E-02     9.560069E+02
  1.524696E-02     9.629954E+02
  1.545928E-02     9.700394E+02
  1.567455E-02     9.771395E+02
  1.589283E-02     9.842961E+02
  1.611414E-02     9.915099E+02
  1.633854E-02     9.987815E+02
  1.656606E-02     1.006111E+03
  1.679675E-02     1.013500E+03
  1.703065E-02     1.020948E+03
  1.726781E-02     1.028455E+03
  1.750827E-02     1.036023E+03
  1.775208E-02     1.043651E+03
  1.799929E-02     1.051340E+03
  1.824993E-02     1.059090E+03
  1.850407E-02     1.066903E+03
  1.876175E-02     1.074779E+03
  1.902301E-02     1.082718E+03
  1.928792E-02     1.090722E+03
  1.955651E-02     1.098789E+03
  1.982884E-02     1.106921E+03
  2.010496E-02     1.115119E+03
  2.038493E-02     1.123381E+03
  2.066880E-02     1.131710E+03
  2.095662E-02     1.140106E+03
  2.124845E-02     1.148568E+03
  2.154435E-02     1.157098E+03
  2.184436E-02     1.165696E+03
  2.214855E-02     1.174363E+03
  2.245698E-02     1.183099E+03
  2.276970E-02     1.191905E+03
  2.308678E-02     1.200780E+03
  2.340827E-02     1.209725E+03
  2.373424E-02     1.218742E+03
  2.406475E-02     1.227829E+03
  2.439986E-02     1.236989E+03
  2.473964E-02     1.246221E+03
  2.508415E-02     1.255526E+03
  2.543346E-02     1.264905E+03
  2.578763E-02     1.274358E+03
  2.614673E-02     1.283884E+03
  2.651084E-02     1.293486E+03
  2.688001E-02     1.303162E+03
  2.725433E-02     1.312913E+03
  2.763385E-02     1.322740E+03
  2.801867E-02     1.332644E+03
  2.840884E-02     1.342624E+03
  2.880444E-02     1.352681E+03
  2.920556E-02     1.362816E+03
  2.961225E-02     1.373029E+03
  3.002462E-02     1.383320E+03
  3.044272E-02     1.393689E+03
  3.086665E-02     1.404137E+03
  3.129648E-02     1.414664E+03
  3.173230E-02     1.425270E+03
  3.217418E-02     1.435957E+03
  3.262222E-02     1.446723E+03
  3.307650E-02     1.457570E+03
  3.353710E-02     1.468499E+03
  3.400412E-02     1.479508E+03
  3.447764E-02     1.490599E+03
  3.495776E-02     1.501772E+03
  3.544456E-02     1.513027E+03
  3.593814E-02     1.524364E+03
  3.643859E-02     1.535785E+03
  3.694601E-02     1.547288E+03
  3.746050E-02     1.558875E+03
  3.798215E-02     1.570546E+03
  3.851107E-02     1.582301E+03
  3.904735E-02     1.594141E+03
  3.959110E-02     1.606064E+03
  4.014242E-02     1.618071E+03
  4.070142E-02     1.630161E+03
  4.126821E-02     1.642336E+03
  4.184289E-02     1.654593E+03
  4.242556E-02     1.666934E+03
  4.301636E-02     1.679357E+03
  4.361538E-02     1.691864E+03
  4.422274E-02     1.704453E+03
  4.483856E-02     1.717125E+03
  4.546295E-02     1.729880E+03
  4.609604E-02     1.742718E+03
  4.673795E-02     1.755638E+03
  4.738880E-02     1.768641E+03
  4.804870E-02     1.781726E+03
  4.871780E-02     1.794895E+03
  4.939622E-02     1.808147E+03
  5.008408E-02     1.821482E+03
  5.078152E-02     1.834900E+03
  5.148867E-02     1.848401E+03
  5.220568E-02     1.861986E+03
  5.293266E-02     1.875654E+03
  5.366977E-02     1.889405E+03
  5.441714E-02     1.903240E+03
  5.517492E-02     1.917158E+03
  5.594326E-02     1.931160E+03
  5.672229E-02     1.945246E+03
  5.751217E-02     1.959416E+03
  5.831305E-02     1.973671E+03
  5.912508E-02     1.988009E+03
  5.994843E-02     2.002431E+03
  6.078323E-02     2.016935E+03
  6.162966E-02     2.031522E+03
  6.248788E-02     2.046190E+03
  6.335805E-02     2.060940E+03
  6.424034E-02     2.075771E+03
  6.513491E-02     2.090681E+03
  6.604194E-02     2.105672E+03
  6.696160E-02     2.120742E+03
  6.789407E-02     2.135889E+03
  6.883952E-02     2.151113E+03
  6.979814E-02     2.166410E+03
  7.077011E-02     2.181780E+03
  7.175561E-02     2.197221E+03
  7.275484E-02     2.212730E+03
  7.376798E-02     2.228306E+03
  7.479523E-02     2.243947E+03
  7.583678E-02     2.259650E+03
  7.689284E-02     2.275414E+03
  7.796360E-02     2.291237E+03
  7.904928E-02     2.307118E+03
  8.015007E-02     2.323053E+03
  8.126619E-02     2.339043E+03
  8.239786E-02     2.355086E+03
  8.354528E-02     2.371179E+03
  8.470868E-02     2.387321E+03
  8.588829E-02     2.403511E+03
  8.708431E-02     2.419746E+03
  8.829700E-02     2.436026E+03
  8.952657E-02     2.452349E+03
  9.077327E-02     2.468713E+03
  9.203732E-02     2.485116E+03
  9.331898E-02     2.501557E+03
  9.461848E-02     2.518035E+03
  9.593608E-02     2.534547E+03
  9.727203E-02     2.551093E+03
  9.862658E-02     2.567671E+03
  1.000000E-01     2.584280E+03
  1.013925E-01     2.600918E+03
  1.028045E-01     2.617585E+03
  1.042361E-01     2.634278E+03
  1.056876E-01     2.650994E+03
  1.071593E-01     2.667733E+03
  1.086516E-01     2.684493E+03
  1.101646E-01     2.701271E+03
  1.116987E-01     2.718067E+03
  1.132541E-01     2.734879E+03
  1.148312E-01     2.751706E+03
  1.164303E-01     2.768545E+03
  1.180517E-01     2.785396E+03
  1.196956E-01     2.802256E+03
  1.213624E-01     2.819123E+03
  1.230524E-01     2.835994E+03
  1.247660E-01     2.852867E+03
  1.265034E-01     2.869741E+03
  1.282650E-01     2.886613E+03
  1.300511E-01     2.903481E+03
  1.318621E-01     2.920344E+03
  1.336984E-01     2.937201E+03
  1.355602E-01     2.954049E+03
  1.374479E-01     2.970884E+03
  1.393619E-01     2.987705E+03
  1.413026E-01     3.004509E+03
  1.432703E-01     3.021292E+03
  1.452654E-01     3.038054E+03
  1.472883E-01     3.054791E+03
  1.493393E-01     3.071502E+03
  1.514189E-01     3.088183E+03
  1.535275E-01     3.104835E+03
  1.556654E-01     3.121452E+03
  1.578331E-01     3.138034E+03
  1.600310E-01     3.154576E+03
  1.622595E-01     3.171076E+03
  1.645191E-01     3.187530E+03
  1.668101E-01     3.203937E+03
  1.691330E-01     3.220294E+03
  1.714882E-01     3.236599E+03
  1.738762E-01     3.252849E+03
  1.762975E-01     3.269042E+03
  1.787526E-01     3.285176E+03
  1.812418E-01     3.301247E+03
  1.837656E-01     3.317254E+03
  1.863246E-01     3.333192E+03
  1.889193E-01     3.349059E+03
  1.915501E-01     3.364852E+03
  1.942175E-01     3.380570E+03
  1.969220E-01     3.396211E+03
  1.996642E-01     3.411771E+03
  2.024447E-01     3.427251E+03
  2.052638E-01     3.442647E+03
  2.081222E-01     3.457957E+03
  2.110203E-01     3.473178E+03
  2.139589E-01     3.488308E+03
  2.169384E-01     3.503344E+03
  2.199593E-01     3.518285E+03
  2.230223E-01     3.533128E+03
  2.261280E-01     3.547872E+03
  2.292769E-01     3.562517E+03
  2.324697E-01     3.577061E+03
  2.357069E-01     3.591503E+03
  2.389893E-01     3.605841E+03
  2.423173E-01     3.620073E+03
  2.456916E-01     3.634196E+03
  2.491130E-01     3.648208E+03
  2.525820E-01     3.662110E+03
  2.560993E-01     3.675898E+03
  2.596656E-01     3.689574E+03
  2.632815E-01     3.703137E+03
  2.669478E-01     3.716587E+03
  2.706652E-01     3.729924E+03
  2.744343E-01     3.743145E+03
  2.782559E-01     3.756250E+03
  2.821308E-01     3.769236E+03
  2.860596E-01     3.782103E+03
  2.900430E-01     3.794850E+03
  2.940820E-01     3.807477E+03
  2.981772E-01     3.819983E+03
  3.023295E-01     3.832371E+03
  3.065395E-01     3.844640E+03
  3.108082E-01     3.856791E+03
  3.151363E-01     3.868824E+03
  3.195248E-01     3.880736E+03
  3.239743E-01     3.892526E+03
  3.284857E-01     3.904195E+03
  3.330600E-01     3.915741E+03
  3.376980E-01     3.927165E+03
  3.424006E-01     3.938468E+03
  3.471687E-01     3.949652E+03
  3.520031E-01     3.960716E+03
  3.569049E-01     3.971664E+03
  3.618750E-01     3.982494E+03
  3.669142E-01     3.993205E+03
  3.720237E-01     4.003797E+03
  3.772042E-01     4.014268E+03
  3.824570E-01     4.024620E+03
  3.877828E-01     4.034853E+03
  3.931829E-01     4.044968E+03
  3.986581E-01     4.054966E+03
  4.042096E-01     4.064850E+03
  4.098384E-01     4.074622E+03
  4.155455E-01     4.084280E+03
  4.213322E-01     4.093823E+03
  4.271994E-01     4.103249E+03
  4.331483E-01     4.112558E+03
  4.391801E-01     4.121749E+03
  4.452959E-01     4.130822E+03
  4.514968E-01     4.139777E+03
  4.577841E-01     4.148615E+03
  4.641589E-01     4.157337E+03
  4.706225E-01     4.165943E+03
  4.771761E-01     4.174431E+03
  4.838210E-01     4.182798E+03
  4.905584E-01     4.191040E+03
  4.973896E-01     4.199155E+03
  5.043159E-01     4.207140E+03
  5.113388E-01     4.214991E+03
  5.184594E-01     4.222707E+03
  5.256791E-01     4.230285E+03
  5.329994E-01     4.237723E+03
  5.404216E-01     4.245020E+03
  5.479472E-01     4.252172E+03
  5.555776E-01     4.259177E+03
  5.633143E-01     4.266034E+03
  5.711586E-01     4.272740E+03
  5.791123E-01     4.279293E+03
  5.871766E-01     4.285693E+03
  5.953533E-01     4.291938E+03
  6.036439E-01     4.298027E+03
  6.120498E-01     4.303960E+03
  6.205729E-01     4.309738E+03
  6.292146E-01     4.315359E+03
  6.379767E-01     4.320826E+03
  6.468608E-01     4.326139E+03
  6.558686E-01     4.331299E+03
  6.650018E-01     4.336310E+03
  6.742622E-01     4.341172E+03
  6.836516E-01     4.345890E+03
  6.931717E-01     4.350469E+03
  7.028244E-01     4.354911E+03
  7.126115E-01     4.359223E+03
  7.225349E-01     4.363405E+03
  7.325965E-01     4.367455E+03
  7.427982E-01     4.371370E+03
  7.531420E-01     4.375147E+03
  7.636298E-01     4.378786E+03
  7.742637E-01     4.382283E+03
  7.850456E-01     4.385639E+03
  7.959777E-01     4.388850E+03
  8.070620E-01     4.391917E+03
  8.183007E-01     4.394839E+03
  8.296959E-01     4.397610E+03
  8.412497E-01     4.400227E+03
  8.529644E-01     4.402682E+03
  8.648423E-01     4.404969E+03
  8.768856E-01     4.407082E+03
  8.890966E-01     4.409015E+03
  9.014776E-01     4.410762E+03
  9.140311E-01     4.412314E+03
  9.267593E-01     4.413667E+03
  9.396648E-01     4.414812E+03
  9.527500E-01     4.415745E+03
  9.660175E-01     4.416464E+03
  9.794697E-01     4.416966E+03
  9.931092E-01     4.417249E+03
  1.006939E+00     4.417311E+03
  1.020961E+00     4.417150E+03
  1.035178E+00     4.416766E+03
  1.049593E+00     4.416157E+03
  1.064209E+00     4.415324E+03
  1.079029E+00     4.414266E+03
  1.094055E+00     4.412983E+03
  1.109290E+00     4.411473E+03
  1.124737E+00     4.409733E+03
  1.140400E+00     4.407762E+03
  1.156280E+00     4.405559E+03
  1.172382E+00     4.403123E+03
  1.188708E+00     4.400454E+03
  1.205261E+00     4.397552E+03
  1.222045E+00     4.394417E+03
  1.239062E+00     4.391050E+03
  1.256317E+00     4.387452E+03
  1.273811E+00     4.383621E+03
  1.291550E+00     4.379556E+03
  1.309535E+00     4.375258E+03
  1.327771E+00     4.370727E+03
  1.346261E+00     4.365962E+03
  1.365008E+00     4.360966E+03
  1.384016E+00     4.355738E+03
  1.403289E+00     4.350282E+03
  1.422830E+00     4.344601E+03
  1.442644E+00     4.338695E+03
  1.462733E+00     4.332564E+03
  1.483103E+00     4.326210E+03
  1.503755E+00     4.319630E+03
  1.524696E+00     4.312827E+03
  1.545928E+00     4.305801E+03
  1.567455E+00     4.298554E+03
  1.589283E+00     4.291088E+03
  1.611414E+00     4.283405E+03
  1.633854E+00     4.275508E+03
  1.656606E+00     4.267399E+03
  1.679675E+00     4.259081E+03
  1.703065E+00     4.250553E+03
  1.726781E+00     4.241816E+03
  1.750827E+00     4.232872E+03
  1.775208E+00     4.223723E+03
  1.799929E+00     4.214371E+03
  1.824993E+00     4.204820E+03
  1.850407E+00     4.195072E+03
  1.876175E+00     4.185131E+03
  1.902301E+00     4.175002E+03
  1.928792E+00     4.164686E+03
  1.955651E+00     4.154183E+03
  1.982884E+00     4.143497E+03
  2.010496E+00     4.132628E+03
  2.038493E+00     4.121579E+03
  2.066880E+00     4.110353E+03
  2.095662E+00     4.098953E+03
  2.124845E+00     4.087383E+03
  2.154435E+00     4.075647E+03
  2.184436E+00     4.063749E+03
  2.214855E+00     4.051692E+03
  2.245698E+00     4.039474E+03
  2.276970E+00     4.027100E+03
  2.308678E+00     4.014569E+03
  2.340827E+00     4.001884E+03
  2.373424E+00     3.989047E+03
  2.406475E+00     3.976060E+03
  2.439986E+00     3.962927E+03
  2.473964E+00     3.949650E+03
  2.508415E+00     3.936234E+03
  2.543346E+00     3.922679E+03
  2.578763E+00     3.908988E+03
  2.614673E+00     3.895161E+03
  2.651084E+00     3.881202E+03
  2.688001E+00     3.867113E+03
  2.725433E+00     3.852895E+03
  2.763385E+00     3.838553E+03
  2.801867E+00     3.824088E+03
  2.840884E+00     3.809505E+03
  2.880444E+00     3.794807E+03
  2.920556E+00     3.779995E+03
  2.961225E+00     3.765072E+03
  3.002462E+00     3.750038E+03
  3.044272E+00     3.734895E+03
  3.086665E+00     3.719645E+03
  3.129648E+00     3.704290E+03
  3.173230E+00     3.688832E+03
  3.217418E+00     3.673273E+03
  3.262222E+00     3.657615E+03
  3.307650E+00     3.641861E+03
  3.353710E+00     3.626013E+03
  3.400412E+00     3.610072E+03
  3.447764E+00     3.594039E+03
  3.495776E+00     3.577918E+03
  3.544456E+00     3.561710E+03
  3.593814E+00     3.545416E+03
  3.643859E+00     3.529039E+03
  3.694601E+00     3.512581E+03
  3.746050E+00     3.496045E+03
  3.798215E+00     3.479432E+03
  3.851107E+00     3.462745E+03
  3.904735E+00     3.445985E+03
  3.959110E+00     3.429153E+03
  4.014242E+00     3.412252E+03
  4.070142E+00     3.395283E+03
  4.126821E+00     3.378248E+03
  4.184289E+00     3.361148E+03
  4.242556E+00     3.343985E+03
  4.301636E+00     3.326760E+03
  4.361538E+00     3.309476E+03
  4.422274E+00     3.292133E+03
  4.483856E+00     3.274735E+03
  4.546295E+00     3.257282E+03
  4.609604E+00     3.239778E+03
  4.673795E+00     3.222222E+03
  4.738880E+00     3.204619E+03
  4.804870E+00     3.186968E+03
  4.871780E+00     3.169273E+03
  4.939622E+00     3.151535E+03
  5.008408E+00     3.133755E+03
  5.078152E+00     3.115936E+03
  5.148867E+00     3.098080E+03
  5.220568E+00     3.080188E+03
  5.293266E+00     3.062261E+03
  5.366977E+00     3.044303E+03
  5.441714E+00     3.026314E+03
  5.517492E+00     3.008297E+03
  5.594326E+00     2.990251E+03
  5.672229E+00     2.972180E+03
  5.751217E+00     2.954084E+03
  5.831305E+00     2.935964E+03
  5.912508E+00     2.917824E+03
  5.994843E+00     2.899664E+03
  6.078323E+00     2.881486E+03
  6.162966E+00     2.863294E+03
  6.248788E+00     2.845088E+03
  6.335805E+00     2.826869E+03
  6.424034E+00     2.808641E+03
  6.513491E+00     2.790403E+03
  6.604194E+00     2.772158E+03
  6.696160E+00     2.753906E+03
  6.789407E+00     2.735650E+03
  6.883952E+00     2.717393E+03
  6.979814E+00     2.699137E+03
  7.077011E+00     2.680883E+03
  7.175561E+00     2.662636E+03
  7.275484E+00     2.644395E+03
  7.376798E+00     2.626163E+03
  7.479523E+00     2.607943E+03
  7.583678E+00     2.589734E+03
  7.689284E+00     2.571540E+03
  7.796360E+00     2.553362E+03
  7.904928E+00     2.535202E+03
  8.015007E+00     2.517062E+03
  8.126619E+00     2.498945E+03
  8.239786E+00     2.480852E+03
  8.354528E+00     2.462784E+03
  8.470868E+00     2.444742E+03
  8.588829E+00     2.426728E+03
  8.708431E+00     2.408743E+03
  8.829700E+00     2.390786E+03
  8.952657E+00     2.372861E+03
  9.077327E+00     2.354970E+03
  9.203732E+00     2.337116E+03
  9.331898E+00     2.319300E+03
  9.461848E+00     2.301524E+03
  9.593608E+00     2.283790E+03
  9.727203E+00     2.266100E+03
  9.862658E+00     2.248454E+03
  1.000000E+01     2.230854E+03
  1.013925E+01     2.213301E+03
  1.028045E+01     2.195797E+03
  1.042361E+01     2.178344E+03
  1.056876E+01     2.160944E+03
  1.071593E+01     2.143600E+03
  1.086516E+01     2.126313E+03
  1.101646E+01     2.109085E+03
  1.116987E+01     2.091916E+03
  1.132541E+01     2.074808E+03
  1.148312E+01     2.057760E+03
  1.164303E+01     2.040775E+03
  1.180517E+01     2.023852E+03
  1.196956E+01     2.006996E+03
  1.213624E+01     1.990207E+03
  1.230524E+01     1.973487E+03
  1.247660E+01     1.956838E+03
  1.265034E+01     1.940261E+03
  1.282650E+01     1.923757E+03
  1.300511E+01     1.907326E+03
  1.318621E+01     1.890968E+03
  1.336984E+01     1.874683E+03
  1.355602E+01     1.858473E+03
  1.374479E+01     1.842340E+03
  1.393619E+01     1.826286E+03
  1.413026E+01     1.810313E+03
  1.432703E+01     1.794421E+03
  1.452654E+01     1.778614E+03
  1.472883E+01     1.762890E+03
  1.493393E+01     1.747250E+03
  1.514189E+01     1.731695E+03
  1.535275E+01     1.716224E+03
  1.556654E+01     1.700838E+03
  1.578331E+01     1.685540E+03
  1.600310E+01     1.670330E+03
  1.622595E+01     1.655211E+03
  1.645191E+01     1.640184E+03
  1.668101E+01     1.625249E+03
  1.691330E+01     1.610406E+03
  1.714882E+01     1.595656E+03
  1.738762E+01     1.580999E+03
  1.762975E+01     1.566432E+03
  1.787526E+01     1.551957E+03
  1.812418E+01     1.537577E+03
  1.837656E+01     1.523291E+03
  1.863246E+01     1.509102E+03
  1.889193E+01     1.495010E+03
  1.915501E+01     1.481016E+03
  1.942175E+01     1.467120E+03
  1.969220E+01     1.453321E+03
  1.996642E+01     1.439620E+03
  2.024447E+01     1.426014E+03
  2.052638E+01     1.412504E+03
  2.081222E+01     1.399091E+03
  2.110203E+01     1.385777E+03
  2.139589E+01     1.372564E+03
  2.169384E+01     1.359451E+03
  2.199593E+01     1.346439E+03
  2.230223E+01     1.333528E+03
  2.261280E+01     1.320718E+03
  2.292769E+01     1.308007E+03
  2.324697E+01     1.295395E+03
  2.357069E+01     1.282880E+03
  2.389893E+01     1.270465E+03
  2.423173E+01     1.258151E+03
  2.456916E+01     1.245938E+03
  2.491130E+01     1.233826E+03
  2.525820E+01     1.221816E+03
  2.560993E+01     1.209906E+03
  2.596656E+01     1.198098E+03
  2.632815E+01     1.186388E+03
  2.669478E+01     1.174775E+03
  2.706652E+01     1.163259E+03
  2.744343E+01     1.151840E+03
  2.782559E+01     1.140519E+03
  2.821308E+01     1.129298E+03
  2.860596E+01     1.118177E+03
  2.900430E+01     1.107155E+03
  2.940820E+01     1.096233E+03
  2.981772E+01     1.085410E+03
  3.023295E+01     1.074684E+03
  3.065395E+01     1.064054E+03
  3.108082E+01     1.053518E+03
  3.151363E+01     1.043078E+03
  3.195248E+01     1.032735E+03
  3.239743E+01     1.022487E+03
  3.284857E+01     1.012337E+03
  3.330600E+01     1.002283E+03
  3.376980E+01     9.923245E+02
  3.424006E+01     9.824606E+02
  3.471687E+01     9.726896E+02
  3.520031E+01     9.630092E+02
  3.569049E+01     9.534181E+02
  3.618750E+01     9.439169E+02
  3.669142E+01     9.345062E+02
  3.720237E+01     9.251867E+02
  3.772042E+01     9.159584E+02
  3.824570E+01     9.068212E+02
  3.877828E+01     8.977746E+02
  3.931829E+01     8.888176E+02
  3.986581E+01     8.799488E+02
  4.042096E+01     8.711664E+02
  4.098384E+01     8.624690E+02
  4.155455E+01     8.538568E+02
  4.213322E+01     8.453304E+02
  4.271994E+01     8.368901E+02
  4.331483E+01     8.285358E+02
  4.391801E+01     8.202671E+02
  4.452959E+01     8.120834E+02
  4.514968E+01     8.039835E+02
  4.577841E+01     7.959659E+02
  4.641589E+01     7.880286E+02
  4.706225E+01     7.801697E+02
  4.771761E+01     7.723895E+02
  4.838210E+01     7.646884E+02
  4.905584E+01     7.570668E+02
  4.973896E+01     7.495245E+02
  5.043159E+01     7.420612E+02
  5.113388E+01     7.346764E+02
  5.184594E+01     7.273691E+02
  5.256791E+01     7.201378E+02
  5.329994E+01     7.129807E+02
  5.404216E+01     7.058962E+02
  5.479472E+01     6.988841E+02
  5.555776E+01     6.919449E+02
  5.633143E+01     6.850788E+02
  5.711586E+01     6.782857E+02
  5.791123E+01     6.715655E+02
  5.871766E+01     6.649173E+02
  5.953533E+01     6.583402E+02
  6.036439E+01     6.518331E+02
  6.120498E+01     6.453941E+02
  6.205729E+01     6.390215E+02
  6.292146E+01     6.327152E+02
  6.379767E+01     6.264755E+02
  6.468608E+01     6.203025E+02
  6.558686E+01     6.141964E+02
  6.650018E+01     6.081568E+02
  6.742622E+01     6.021831E+02
  6.836516E+01     5.962745E+02
  6.931717E+01     5.904299E+02
  7.028244E+01     5.846477E+02
  7.126115E+01     5.789263E+02
  7.225349E+01     5.732652E+02
  7.325965E+01     5.676649E+02
  7.427982E+01     5.621255E+02
  7.531420E+01     5.566470E+02
  7.636298E+01     5.512289E+02
  7.742637E+01     5.458709E+02
  7.850456E+01     5.405721E+02
  7.959777E+01     5.353313E+02
  8.070620E+01     5.301473E+02
  8.183007E+01     5.250184E+02
  8.296959E+01     5.199440E+02
  8.412497E+01     5.149246E+02
  8.529644E+01     5.099603E+02
  8.648423E+01     5.050511E+02
  8.768856E+01     5.001968E+02
  8.890966E+01     4.953969E+02
  9.014776E+01     4.906508E+02
  9.140311E+01     4.859577E+02
  9.267593E+01     4.813162E+02
  9.396648E+01     4.767249E+02
  9.527500E+01     4.721833E+02
  9.660175E+01     4.676917E+02
  9.794697E+01     4.632502E+02
  9.931092E+01     4.588588E+02
  1.006939E+02     4.545172E+02
  1.020961E+02     4.502251E+02
  1.035178E+02     4.459818E+02
  1.049593E+02     4.417865E+02
  1.064209E+02     4.376381E+02
  1.079029E+02     4.335352E+02
  1.094055E+02     4.294773E+02
  1.109290E+02     4.254644E+02
  1.124737E+02     4.214968E+02
  1.140400E+02     4.175745E+02
  1.156280E+02     4.136973E+02
  1.172382E+02     4.098649E+02
  1.188708E+02     4.060767E+02
  1.205261E+02     4.023320E+02
  1.222045E+02     3.986299E+02
  1.239062E+02     3.949691E+02
  1.256317E+02     3.913491E+02
  1.273811E+02     3.877699E+02
  1.291550E+02     3.842317E+02
  1.309535E+02     3.807345E+02
  1.327771E+02     3.772783E+02
  1.346261E+02     3.738626E+02
  1.365008E+02     3.704871E+02
  1.384016E+02     3.671511E+02
  1.403289E+02     3.638537E+02
  1.422830E+02     3.605939E+02
  1.442644E+02     3.573710E+02
  1.462733E+02     3.541851E+02
  1.483103E+02     3.510364E+02
  1.503755E+02     3.479248E+02
  1.524696E+02     3.448503E+02
  1.545928E+02     3.418125E+02
  1.567455E+02     3.388112E+02
  1.589283E+02     3.358456E+02
  1.611414E+02     3.329151E+02
  1.633854E+02     3.300187E+02
  1.656606E+02     3.271556E+02
  1.679675E+02     3.243261E+02
  1.703065E+02     3.215301E+02
  1.726781E+02     3.187678E+02
  1.750827E+02     3.160390E+02
  1.775208E+02     3.133434E+02
  1.799929E+02     3.106809E+02
  1.824993E+02     3.080508E+02
  1.850407E+02     3.054524E+02
  1.876175E+02     3.028850E+02
  1.902301E+02     3.003479E+02
  1.928792E+02     2.978410E+02
  1.955651E+02     2.953645E+02
  1.982884E+02     2.929184E+02
  2.010496E+02     2.905027E+02
  2.038493E+02     2.881171E+02
  2.066880E+02     2.857615E+02
  2.095662E+02     2.834352E+02
  2.124845E+02     2.811378E+02
  2.154435E+02     2.788685E+02
  2.184436E+02     2.766266E+02
  2.214855E+02     2.744121E+02
  2.245698E+02     2.722251E+02
  2.276970E+02     2.700657E+02
  2.308678E+02     2.679337E+02
  2.340827E+02     2.658291E+02
  2.373424E+02     2.637516E+02
  2.406475E+02     2.617007E+02
  2.439986E+02     2.596759E+02
  2.473964E+02     2.576766E+02
  2.508415E+02     2.557021E+02
  2.543346E+02     2.537524E+02
  2.578763E+02     2.518276E+02
  2.614673E+02     2.499276E+02
  2.651084E+02     2.480525E+02
  2.688001E+02     2.462022E+02
  2.725433E+02     2.443762E+02
  2.763385E+02     2.425744E+02
  2.801867E+02     2.407963E+02
  2.840884E+02     2.390412E+02
  2.880444E+02     2.373086E+02
  2.920556E+02     2.355984E+02
  2.961225E+02     2.339106E+02
  3.002462E+02     2.322454E+02
  3.044272E+02     2.306026E+02
  3.086665E+02     2.289822E+02
  3.129648E+02     2.273839E+02
  3.173230E+02     2.258076E+02
  3.217418E+02     2.242526E+02
  3.262222E+02     2.227187E+02
  3.307650E+02     2.212051E+02
  3.353710E+02     2.197119E+02
  3.400412E+02     2.182390E+02
  3.447764E+02     2.167864E+02
  3.495776E+02     2.153543E+02
  3.544456E+02     2.139424E+02
  3.593814E+02     2.125505E+02
  3.643859E+02     2.111785E+02
  3.694601E+02     2.098259E+02
  3.746050E+02     2.084922E+02
  3.798215E+02     2.071771E+02
  3.851107E+02     2.058802E+02
  3.904735E+02     2.046018E+02
  3.959110E+02     2.033417E+02
  4.014242E+02     2.021000E+02
  4.070142E+02     2.008766E+02
  4.126821E+02     1.996714E+02
  4.184289E+02     1.984841E+02
  4.242556E+02     1.973143E+02
  4.301636E+02     1.961618E+02
  4.361538E+02     1.950259E+02
  4.422274E+02     1.939067E+02
  4.483856E+02     1.928040E+02
  4.546295E+02     1.917179E+02
  4.609604E+02     1.906485E+02
  4.673795E+02     1.895955E+02
  4.738880E+02     1.885590E+02
  4.804870E+02     1.875386E+02
  4.871780E+02     1.865341E+02
  4.939622E+02     1.855452E+02
  5.008408E+02     1.845714E+02
  5.078152E+02     1.836125E+02
  5.148867E+02     1.826686E+02
  5.220568E+02     1.817396E+02
  5.293266E+02     1.808256E+02
  5.366977E+02     1.799265E+02
  5.441714E+02     1.790421E+02
  5.517492E+02     1.781722E+02
  5.594326E+02     1.773167E+02
  5.672229E+02     1.764751E+02
  5.751217E+02     1.756471E+02
  5.831305E+02     1.748326E+02
  5.912508E+02     1.740314E+02
  5.994843E+02     1.732436E+02
  6.078323E+02     1.724692E+02
  6.162966E+02     1.717082E+02
  6.248788E+02     1.709604E+02
  6.335805E+02     1.702256E+02
  6.424034E+02     1.695037E+02
  6.513491E+02     1.687944E+02
  6.604194E+02     1.680973E+02
  6.696160E+02     1.674121E+02
  6.789407E+02     1.667389E+02
  6.883952E+02     1.660777E+02
  6.979814E+02     1.654282E+02
  7.077011E+02     1.647905E+02
  7.175561E+02     1.641642E+02
  7.275484E+02     1.635493E+02
  7.376798E+02     1.629455E+02
  7.479523E+02     1.623524E+02
  7.583678E+02     1.617695E+02
  7.689284E+02     1.611968E+02
  7.796360E+02     1.606342E+02
  7.904928E+02     1.600820E+02
  8.015007E+02     1.595405E+02
  8.126619E+02     1.590096E+02
  8.239786E+02     1.584897E+02
  8.354528E+02     1.579807E+02
  8.470868E+02     1.574829E+02
  8.588829E+02     1.569963E+02
  8.708431E+02     1.565209E+02
  8.829700E+02     1.560566E+02
  8.952657E+02     1.556024E+02
  9.077327E+02     1.551572E+02
  9.203732E+02     1.547196E+02
  9.331898E+02     1.542881E+02
  9.461848E+02     1.538612E+02
  9.593608E+02     1.534371E+02
  9.727203E+02     1.530139E+02
  9.862658E+02     1.525895E+02
  1.000000E+03     1.521616E+02
