FILE CREATED BY  : PROGRAM DPASS - VERSION 2.00
DATABASE VERSION : 21.06
DATE AND TIME    : 09/08/2022 20:36:15
PROJECTILE       : Si
TARGET           : H 
TARGET AT. MASS  : 1.007900E+00
TARGET DENSITY   : 8.990000E-05 g/cm^3
TABULATED OUTPUT : STOPPING FORCE VERSUS ENERGY
DATA TYPE        : SPLINE INTERPOLATED
ABSCISSA UNITS   : MeV/u
ORDINATE UNITS   : eV/nm


      E/n             S(E/n)

  1.000000E-03     4.648187E-02
  1.013925E-03     4.679253E-02
  1.028045E-03     4.710728E-02
  1.042361E-03     4.742594E-02
  1.056876E-03     4.774830E-02
  1.071593E-03     4.807412E-02
  1.086516E-03     4.840317E-02
  1.101646E-03     4.873517E-02
  1.116987E-03     4.906980E-02
  1.132541E-03     4.940677E-02
  1.148312E-03     4.974570E-02
  1.164303E-03     5.008627E-02
  1.180517E-03     5.042846E-02
  1.196956E-03     5.077233E-02
  1.213624E-03     5.111797E-02
  1.230524E-03     5.146545E-02
  1.247660E-03     5.181489E-02
  1.265034E-03     5.216639E-02
  1.282650E-03     5.252006E-02
  1.300511E-03     5.287604E-02
  1.318621E-03     5.323447E-02
  1.336984E-03     5.359549E-02
  1.355602E-03     5.395913E-02
  1.374479E-03     5.432538E-02
  1.393619E-03     5.469423E-02
  1.413026E-03     5.506567E-02
  1.432703E-03     5.543967E-02
  1.452654E-03     5.581623E-02
  1.472883E-03     5.619533E-02
  1.493393E-03     5.657696E-02
  1.514189E-03     5.696109E-02
  1.535275E-03     5.734772E-02
  1.556654E-03     5.773683E-02
  1.578331E-03     5.812846E-02
  1.600310E-03     5.852262E-02
  1.622595E-03     5.891932E-02
  1.645191E-03     5.931859E-02
  1.668101E-03     5.972045E-02
  1.691330E-03     6.012494E-02
  1.714882E-03     6.053208E-02
  1.738762E-03     6.094191E-02
  1.762975E-03     6.135446E-02
  1.787526E-03     6.176977E-02
  1.812418E-03     6.218783E-02
  1.837656E-03     6.260865E-02
  1.863246E-03     6.303224E-02
  1.889193E-03     6.345862E-02
  1.915501E-03     6.388779E-02
  1.942175E-03     6.431978E-02
  1.969220E-03     6.475459E-02
  1.996642E-03     6.519226E-02
  2.024447E-03     6.563280E-02
  2.052638E-03     6.607623E-02
  2.081222E-03     6.652256E-02
  2.110203E-03     6.697179E-02
  2.139589E-03     6.742395E-02
  2.169384E-03     6.787905E-02
  2.199593E-03     6.833711E-02
  2.230223E-03     6.879814E-02
  2.261280E-03     6.926217E-02
  2.292769E-03     6.972922E-02
  2.324697E-03     7.019933E-02
  2.357069E-03     7.067252E-02
  2.389893E-03     7.114879E-02
  2.423173E-03     7.162816E-02
  2.456916E-03     7.211064E-02
  2.491130E-03     7.259624E-02
  2.525820E-03     7.308497E-02
  2.560993E-03     7.357687E-02
  2.596656E-03     7.407195E-02
  2.632815E-03     7.457024E-02
  2.669478E-03     7.507177E-02
  2.706652E-03     7.557656E-02
  2.744343E-03     7.608462E-02
  2.782559E-03     7.659595E-02
  2.821308E-03     7.711058E-02
  2.860596E-03     7.762852E-02
  2.900430E-03     7.814978E-02
  2.940820E-03     7.867439E-02
  2.981772E-03     7.920237E-02
  3.023295E-03     7.973375E-02
  3.065395E-03     8.026855E-02
  3.108082E-03     8.080681E-02
  3.151363E-03     8.134853E-02
  3.195248E-03     8.189372E-02
  3.239743E-03     8.244239E-02
  3.284857E-03     8.299457E-02
  3.330600E-03     8.355026E-02
  3.376980E-03     8.410950E-02
  3.424006E-03     8.467229E-02
  3.471687E-03     8.523868E-02
  3.520031E-03     8.580870E-02
  3.569049E-03     8.638236E-02
  3.618750E-03     8.695969E-02
  3.669142E-03     8.754068E-02
  3.720237E-03     8.812536E-02
  3.772042E-03     8.871374E-02
  3.824570E-03     8.930584E-02
  3.877828E-03     8.990167E-02
  3.931829E-03     9.050127E-02
  3.986581E-03     9.110465E-02
  4.042096E-03     9.171186E-02
  4.098384E-03     9.232292E-02
  4.155455E-03     9.293785E-02
  4.213322E-03     9.355665E-02
  4.271994E-03     9.417934E-02
  4.331483E-03     9.480594E-02
  4.391801E-03     9.543647E-02
  4.452959E-03     9.607095E-02
  4.514968E-03     9.670941E-02
  4.577841E-03     9.735187E-02
  4.641589E-03     9.799838E-02
  4.706225E-03     9.864897E-02
  4.771761E-03     9.930366E-02
  4.838210E-03     9.996244E-02
  4.905584E-03     1.006253E-01
  4.973896E-03     1.012923E-01
  5.043159E-03     1.019635E-01
  5.113388E-03     1.026388E-01
  5.184594E-03     1.033183E-01
  5.256791E-03     1.040020E-01
  5.329994E-03     1.046899E-01
  5.404216E-03     1.053821E-01
  5.479472E-03     1.060786E-01
  5.555776E-03     1.067794E-01
  5.633143E-03     1.074845E-01
  5.711586E-03     1.081940E-01
  5.791123E-03     1.089078E-01
  5.871766E-03     1.096259E-01
  5.953533E-03     1.103485E-01
  6.036439E-03     1.110755E-01
  6.120498E-03     1.118069E-01
  6.205729E-03     1.125429E-01
  6.292146E-03     1.132834E-01
  6.379767E-03     1.140285E-01
  6.468608E-03     1.147781E-01
  6.558686E-03     1.155323E-01
  6.650018E-03     1.162910E-01
  6.742622E-03     1.170544E-01
  6.836516E-03     1.178224E-01
  6.931717E-03     1.185950E-01
  7.028244E-03     1.193724E-01
  7.126115E-03     1.201544E-01
  7.225349E-03     1.209412E-01
  7.325965E-03     1.217328E-01
  7.427982E-03     1.225292E-01
  7.531420E-03     1.233303E-01
  7.636298E-03     1.241363E-01
  7.742637E-03     1.249470E-01
  7.850456E-03     1.257626E-01
  7.959777E-03     1.265832E-01
  8.070620E-03     1.274086E-01
  8.183007E-03     1.282390E-01
  8.296959E-03     1.290744E-01
  8.412497E-03     1.299148E-01
  8.529644E-03     1.307602E-01
  8.648423E-03     1.316106E-01
  8.768856E-03     1.324661E-01
  8.890966E-03     1.333266E-01
  9.014776E-03     1.341922E-01
  9.140311E-03     1.350629E-01
  9.267593E-03     1.359388E-01
  9.396648E-03     1.368199E-01
  9.527500E-03     1.377062E-01
  9.660175E-03     1.385978E-01
  9.794697E-03     1.394946E-01
  9.931092E-03     1.403966E-01
  1.006939E-02     1.413040E-01
  1.020961E-02     1.422166E-01
  1.035178E-02     1.431345E-01
  1.049593E-02     1.440579E-01
  1.064209E-02     1.449866E-01
  1.079029E-02     1.459208E-01
  1.094055E-02     1.468604E-01
  1.109290E-02     1.478056E-01
  1.124737E-02     1.487562E-01
  1.140400E-02     1.497123E-01
  1.156280E-02     1.506740E-01
  1.172382E-02     1.516412E-01
  1.188708E-02     1.526139E-01
  1.205261E-02     1.535923E-01
  1.222045E-02     1.545763E-01
  1.239062E-02     1.555659E-01
  1.256317E-02     1.565613E-01
  1.273811E-02     1.575624E-01
  1.291550E-02     1.585692E-01
  1.309535E-02     1.595818E-01
  1.327771E-02     1.606002E-01
  1.346261E-02     1.616243E-01
  1.365008E-02     1.626542E-01
  1.384016E-02     1.636901E-01
  1.403289E-02     1.647318E-01
  1.422830E-02     1.657794E-01
  1.442644E-02     1.668331E-01
  1.462733E-02     1.678928E-01
  1.483103E-02     1.689585E-01
  1.503755E-02     1.700303E-01
  1.524696E-02     1.711081E-01
  1.545928E-02     1.721920E-01
  1.567455E-02     1.732820E-01
  1.589283E-02     1.743782E-01
  1.611414E-02     1.754806E-01
  1.633854E-02     1.765893E-01
  1.656606E-02     1.777043E-01
  1.679675E-02     1.788257E-01
  1.703065E-02     1.799534E-01
  1.726781E-02     1.810875E-01
  1.750827E-02     1.822280E-01
  1.775208E-02     1.833750E-01
  1.799929E-02     1.845284E-01
  1.824993E-02     1.856884E-01
  1.850407E-02     1.868549E-01
  1.876175E-02     1.880282E-01
  1.902301E-02     1.892081E-01
  1.928792E-02     1.903948E-01
  1.955651E-02     1.915883E-01
  1.982884E-02     1.927886E-01
  2.010496E-02     1.939957E-01
  2.038493E-02     1.952098E-01
  2.066880E-02     1.964308E-01
  2.095662E-02     1.976589E-01
  2.124845E-02     1.988941E-01
  2.154435E-02     2.001365E-01
  2.184436E-02     2.013863E-01
  2.214855E-02     2.026433E-01
  2.245698E-02     2.039078E-01
  2.276970E-02     2.051797E-01
  2.308678E-02     2.064592E-01
  2.340827E-02     2.077462E-01
  2.373424E-02     2.090409E-01
  2.406475E-02     2.103434E-01
  2.439986E-02     2.116537E-01
  2.473964E-02     2.129720E-01
  2.508415E-02     2.142984E-01
  2.543346E-02     2.156330E-01
  2.578763E-02     2.169759E-01
  2.614673E-02     2.183271E-01
  2.651084E-02     2.196867E-01
  2.688001E-02     2.210549E-01
  2.725433E-02     2.224317E-01
  2.763385E-02     2.238173E-01
  2.801867E-02     2.252119E-01
  2.840884E-02     2.266155E-01
  2.880444E-02     2.280284E-01
  2.920556E-02     2.294506E-01
  2.961225E-02     2.308824E-01
  3.002462E-02     2.323237E-01
  3.044272E-02     2.337747E-01
  3.086665E-02     2.352355E-01
  3.129648E-02     2.367063E-01
  3.173230E-02     2.381873E-01
  3.217418E-02     2.396786E-01
  3.262222E-02     2.411805E-01
  3.307650E-02     2.426931E-01
  3.353710E-02     2.442166E-01
  3.400412E-02     2.457511E-01
  3.447764E-02     2.472968E-01
  3.495776E-02     2.488537E-01
  3.544456E-02     2.504222E-01
  3.593814E-02     2.520023E-01
  3.643859E-02     2.535942E-01
  3.694601E-02     2.551982E-01
  3.746050E-02     2.568145E-01
  3.798215E-02     2.584432E-01
  3.851107E-02     2.600847E-01
  3.904735E-02     2.617390E-01
  3.959110E-02     2.634063E-01
  4.014242E-02     2.650867E-01
  4.070142E-02     2.667803E-01
  4.126821E-02     2.684875E-01
  4.184289E-02     2.702082E-01
  4.242556E-02     2.719429E-01
  4.301636E-02     2.736916E-01
  4.361538E-02     2.754545E-01
  4.422274E-02     2.772320E-01
  4.483856E-02     2.790240E-01
  4.546295E-02     2.808308E-01
  4.609604E-02     2.826523E-01
  4.673795E-02     2.844887E-01
  4.738880E-02     2.863401E-01
  4.804870E-02     2.882067E-01
  4.871780E-02     2.900887E-01
  4.939622E-02     2.919861E-01
  5.008408E-02     2.938991E-01
  5.078152E-02     2.958279E-01
  5.148867E-02     2.977724E-01
  5.220568E-02     2.997327E-01
  5.293266E-02     3.017088E-01
  5.366977E-02     3.037006E-01
  5.441714E-02     3.057082E-01
  5.517492E-02     3.077316E-01
  5.594326E-02     3.097708E-01
  5.672229E-02     3.118257E-01
  5.751217E-02     3.138965E-01
  5.831305E-02     3.159830E-01
  5.912508E-02     3.180851E-01
  5.994843E-02     3.202027E-01
  6.078323E-02     3.223357E-01
  6.162966E-02     3.244838E-01
  6.248788E-02     3.266469E-01
  6.335805E-02     3.288248E-01
  6.424034E-02     3.310173E-01
  6.513491E-02     3.332242E-01
  6.604194E-02     3.354453E-01
  6.696160E-02     3.376803E-01
  6.789407E-02     3.399289E-01
  6.883952E-02     3.421907E-01
  6.979814E-02     3.444655E-01
  7.077011E-02     3.467527E-01
  7.175561E-02     3.490521E-01
  7.275484E-02     3.513630E-01
  7.376798E-02     3.536852E-01
  7.479523E-02     3.560181E-01
  7.583678E-02     3.583613E-01
  7.689284E-02     3.607141E-01
  7.796360E-02     3.630760E-01
  7.904928E-02     3.654467E-01
  8.015007E-02     3.678254E-01
  8.126619E-02     3.702117E-01
  8.239786E-02     3.726049E-01
  8.354528E-02     3.750045E-01
  8.470868E-02     3.774096E-01
  8.588829E-02     3.798197E-01
  8.708431E-02     3.822341E-01
  8.829700E-02     3.846520E-01
  8.952657E-02     3.870728E-01
  9.077327E-02     3.894958E-01
  9.203732E-02     3.919204E-01
  9.331898E-02     3.943458E-01
  9.461848E-02     3.967715E-01
  9.593608E-02     3.991966E-01
  9.727203E-02     4.016203E-01
  9.862658E-02     4.040420E-01
  1.000000E-01     4.064608E-01
  1.013925E-01     4.088759E-01
  1.028045E-01     4.112864E-01
  1.042361E-01     4.136917E-01
  1.056876E-01     4.160909E-01
  1.071593E-01     4.184830E-01
  1.086516E-01     4.208672E-01
  1.101646E-01     4.232427E-01
  1.116987E-01     4.256086E-01
  1.132541E-01     4.279638E-01
  1.148312E-01     4.303075E-01
  1.164303E-01     4.326388E-01
  1.180517E-01     4.349570E-01
  1.196956E-01     4.372616E-01
  1.213624E-01     4.395520E-01
  1.230524E-01     4.418279E-01
  1.247660E-01     4.440886E-01
  1.265034E-01     4.463339E-01
  1.282650E-01     4.485632E-01
  1.300511E-01     4.507763E-01
  1.318621E-01     4.529728E-01
  1.336984E-01     4.551524E-01
  1.355602E-01     4.573144E-01
  1.374479E-01     4.594581E-01
  1.393619E-01     4.615824E-01
  1.413026E-01     4.636867E-01
  1.432703E-01     4.657701E-01
  1.452654E-01     4.678319E-01
  1.472883E-01     4.698711E-01
  1.493393E-01     4.718871E-01
  1.514189E-01     4.738790E-01
  1.535275E-01     4.758462E-01
  1.556654E-01     4.777880E-01
  1.578331E-01     4.797040E-01
  1.600310E-01     4.815939E-01
  1.622595E-01     4.834572E-01
  1.645191E-01     4.852936E-01
  1.668101E-01     4.871030E-01
  1.691330E-01     4.888851E-01
  1.714882E-01     4.906399E-01
  1.738762E-01     4.923674E-01
  1.762975E-01     4.940677E-01
  1.787526E-01     4.957404E-01
  1.812418E-01     4.973851E-01
  1.837656E-01     4.990014E-01
  1.863246E-01     5.005890E-01
  1.889193E-01     5.021475E-01
  1.915501E-01     5.036766E-01
  1.942175E-01     5.051763E-01
  1.969220E-01     5.066463E-01
  1.996642E-01     5.080867E-01
  2.024447E-01     5.094975E-01
  2.052638E-01     5.108785E-01
  2.081222E-01     5.122295E-01
  2.110203E-01     5.135501E-01
  2.139589E-01     5.148401E-01
  2.169384E-01     5.160994E-01
  2.199593E-01     5.173278E-01
  2.230223E-01     5.185254E-01
  2.261280E-01     5.196923E-01
  2.292769E-01     5.208286E-01
  2.324697E-01     5.219346E-01
  2.357069E-01     5.230103E-01
  2.389893E-01     5.240556E-01
  2.423173E-01     5.250701E-01
  2.456916E-01     5.260538E-01
  2.491130E-01     5.270065E-01
  2.525820E-01     5.279283E-01
  2.560993E-01     5.288193E-01
  2.596656E-01     5.296796E-01
  2.632815E-01     5.305095E-01
  2.669478E-01     5.313094E-01
  2.706652E-01     5.320795E-01
  2.744343E-01     5.328195E-01
  2.782559E-01     5.335293E-01
  2.821308E-01     5.342088E-01
  2.860596E-01     5.348581E-01
  2.900430E-01     5.354771E-01
  2.940820E-01     5.360659E-01
  2.981772E-01     5.366249E-01
  3.023295E-01     5.371542E-01
  3.065395E-01     5.376544E-01
  3.108082E-01     5.381257E-01
  3.151363E-01     5.385680E-01
  3.195248E-01     5.389811E-01
  3.239743E-01     5.393651E-01
  3.284857E-01     5.397199E-01
  3.330600E-01     5.400457E-01
  3.376980E-01     5.403427E-01
  3.424006E-01     5.406110E-01
  3.471687E-01     5.408511E-01
  3.520031E-01     5.410633E-01
  3.569049E-01     5.412481E-01
  3.618750E-01     5.414054E-01
  3.669142E-01     5.415351E-01
  3.720237E-01     5.416371E-01
  3.772042E-01     5.417116E-01
  3.824570E-01     5.417586E-01
  3.877828E-01     5.417783E-01
  3.931829E-01     5.417710E-01
  3.986581E-01     5.417369E-01
  4.042096E-01     5.416766E-01
  4.098384E-01     5.415904E-01
  4.155455E-01     5.414782E-01
  4.213322E-01     5.413400E-01
  4.271994E-01     5.411759E-01
  4.331483E-01     5.409858E-01
  4.391801E-01     5.407699E-01
  4.452959E-01     5.405284E-01
  4.514968E-01     5.402615E-01
  4.577841E-01     5.399695E-01
  4.641589E-01     5.396528E-01
  4.706225E-01     5.393118E-01
  4.771761E-01     5.389465E-01
  4.838210E-01     5.385569E-01
  4.905584E-01     5.381429E-01
  4.973896E-01     5.377046E-01
  5.043159E-01     5.372421E-01
  5.113388E-01     5.367554E-01
  5.184594E-01     5.362449E-01
  5.256791E-01     5.357107E-01
  5.329994E-01     5.351533E-01
  5.404216E-01     5.345728E-01
  5.479472E-01     5.339694E-01
  5.555776E-01     5.333430E-01
  5.633143E-01     5.326937E-01
  5.711586E-01     5.320214E-01
  5.791123E-01     5.313263E-01
  5.871766E-01     5.306085E-01
  5.953533E-01     5.298682E-01
  6.036439E-01     5.291056E-01
  6.120498E-01     5.283210E-01
  6.205729E-01     5.275147E-01
  6.292146E-01     5.266869E-01
  6.379767E-01     5.258374E-01
  6.468608E-01     5.249664E-01
  6.558686E-01     5.240739E-01
  6.650018E-01     5.231600E-01
  6.742622E-01     5.222249E-01
  6.836516E-01     5.212687E-01
  6.931717E-01     5.202916E-01
  7.028244E-01     5.192941E-01
  7.126115E-01     5.182763E-01
  7.225349E-01     5.172384E-01
  7.325965E-01     5.161805E-01
  7.427982E-01     5.151025E-01
  7.531420E-01     5.140046E-01
  7.636298E-01     5.128869E-01
  7.742637E-01     5.117496E-01
  7.850456E-01     5.105927E-01
  7.959777E-01     5.094166E-01
  8.070620E-01     5.082216E-01
  8.183007E-01     5.070079E-01
  8.296959E-01     5.057756E-01
  8.412497E-01     5.045250E-01
  8.529644E-01     5.032559E-01
  8.648423E-01     5.019685E-01
  8.768856E-01     5.006630E-01
  8.890966E-01     4.993395E-01
  9.014776E-01     4.979982E-01
  9.140311E-01     4.966392E-01
  9.267593E-01     4.952629E-01
  9.396648E-01     4.938696E-01
  9.527500E-01     4.924593E-01
  9.660175E-01     4.910323E-01
  9.794697E-01     4.895885E-01
  9.931092E-01     4.881282E-01
  1.006939E+00     4.866514E-01
  1.020961E+00     4.851583E-01
  1.035178E+00     4.836492E-01
  1.049593E+00     4.821242E-01
  1.064209E+00     4.805835E-01
  1.079029E+00     4.790275E-01
  1.094055E+00     4.774564E-01
  1.109290E+00     4.758702E-01
  1.124737E+00     4.742692E-01
  1.140400E+00     4.726533E-01
  1.156280E+00     4.710228E-01
  1.172382E+00     4.693779E-01
  1.188708E+00     4.677187E-01
  1.205261E+00     4.660454E-01
  1.222045E+00     4.643584E-01
  1.239062E+00     4.626578E-01
  1.256317E+00     4.609438E-01
  1.273811E+00     4.592167E-01
  1.291550E+00     4.574764E-01
  1.309535E+00     4.557233E-01
  1.327771E+00     4.539573E-01
  1.346261E+00     4.521788E-01
  1.365008E+00     4.503879E-01
  1.384016E+00     4.485847E-01
  1.403289E+00     4.467696E-01
  1.422830E+00     4.449427E-01
  1.442644E+00     4.431042E-01
  1.462733E+00     4.412543E-01
  1.483103E+00     4.393933E-01
  1.503755E+00     4.375211E-01
  1.524696E+00     4.356382E-01
  1.545928E+00     4.337445E-01
  1.567455E+00     4.318404E-01
  1.589283E+00     4.299261E-01
  1.611414E+00     4.280018E-01
  1.633854E+00     4.260677E-01
  1.656606E+00     4.241240E-01
  1.679675E+00     4.221709E-01
  1.703065E+00     4.202087E-01
  1.726781E+00     4.182374E-01
  1.750827E+00     4.162573E-01
  1.775208E+00     4.142685E-01
  1.799929E+00     4.122713E-01
  1.824993E+00     4.102658E-01
  1.850407E+00     4.082522E-01
  1.876175E+00     4.062307E-01
  1.902301E+00     4.042014E-01
  1.928792E+00     4.021647E-01
  1.955651E+00     4.001207E-01
  1.982884E+00     3.980696E-01
  2.010496E+00     3.960116E-01
  2.038493E+00     3.939469E-01
  2.066880E+00     3.918758E-01
  2.095662E+00     3.897983E-01
  2.124845E+00     3.877148E-01
  2.154435E+00     3.856254E-01
  2.184436E+00     3.835303E-01
  2.214855E+00     3.814297E-01
  2.245698E+00     3.793239E-01
  2.276970E+00     3.772130E-01
  2.308678E+00     3.750973E-01
  2.340827E+00     3.729771E-01
  2.373424E+00     3.708524E-01
  2.406475E+00     3.687236E-01
  2.439986E+00     3.665908E-01
  2.473964E+00     3.644542E-01
  2.508415E+00     3.623140E-01
  2.543346E+00     3.601704E-01
  2.578763E+00     3.580237E-01
  2.614673E+00     3.558740E-01
  2.651084E+00     3.537217E-01
  2.688001E+00     3.515670E-01
  2.725433E+00     3.494100E-01
  2.763385E+00     3.472510E-01
  2.801867E+00     3.450901E-01
  2.840884E+00     3.429275E-01
  2.880444E+00     3.407634E-01
  2.920556E+00     3.385981E-01
  2.961225E+00     3.364316E-01
  3.002462E+00     3.342644E-01
  3.044272E+00     3.320965E-01
  3.086665E+00     3.299283E-01
  3.129648E+00     3.277598E-01
  3.173230E+00     3.255914E-01
  3.217418E+00     3.234230E-01
  3.262222E+00     3.212549E-01
  3.307650E+00     3.190871E-01
  3.353710E+00     3.169199E-01
  3.400412E+00     3.147535E-01
  3.447764E+00     3.125882E-01
  3.495776E+00     3.104243E-01
  3.544456E+00     3.082618E-01
  3.593814E+00     3.061011E-01
  3.643859E+00     3.039424E-01
  3.694601E+00     3.017856E-01
  3.746050E+00     2.996311E-01
  3.798215E+00     2.974789E-01
  3.851107E+00     2.953291E-01
  3.904735E+00     2.931821E-01
  3.959110E+00     2.910382E-01
  4.014242E+00     2.888975E-01
  4.070142E+00     2.867603E-01
  4.126821E+00     2.846267E-01
  4.184289E+00     2.824970E-01
  4.242556E+00     2.803712E-01
  4.301636E+00     2.782495E-01
  4.361538E+00     2.761319E-01
  4.422274E+00     2.740186E-01
  4.483856E+00     2.719099E-01
  4.546295E+00     2.698061E-01
  4.609604E+00     2.677073E-01
  4.673795E+00     2.656138E-01
  4.738880E+00     2.635257E-01
  4.804870E+00     2.614433E-01
  4.871780E+00     2.593665E-01
  4.939622E+00     2.572955E-01
  5.008408E+00     2.552303E-01
  5.078152E+00     2.531711E-01
  5.148867E+00     2.511181E-01
  5.220568E+00     2.490715E-01
  5.293266E+00     2.470317E-01
  5.366977E+00     2.449986E-01
  5.441714E+00     2.429726E-01
  5.517492E+00     2.409536E-01
  5.594326E+00     2.389419E-01
  5.672229E+00     2.369373E-01
  5.751217E+00     2.349400E-01
  5.831305E+00     2.329500E-01
  5.912508E+00     2.309675E-01
  5.994843E+00     2.289928E-01
  6.078323E+00     2.270262E-01
  6.162966E+00     2.250677E-01
  6.248788E+00     2.231176E-01
  6.335805E+00     2.211759E-01
  6.424034E+00     2.192428E-01
  6.513491E+00     2.173183E-01
  6.604194E+00     2.154023E-01
  6.696160E+00     2.134949E-01
  6.789407E+00     2.115964E-01
  6.883952E+00     2.097069E-01
  6.979814E+00     2.078267E-01
  7.077011E+00     2.059559E-01
  7.175561E+00     2.040946E-01
  7.275484E+00     2.022429E-01
  7.376798E+00     2.004009E-01
  7.479523E+00     1.985686E-01
  7.583678E+00     1.967458E-01
  7.689284E+00     1.949326E-01
  7.796360E+00     1.931292E-01
  7.904928E+00     1.913357E-01
  8.015007E+00     1.895524E-01
  8.126619E+00     1.877794E-01
  8.239786E+00     1.860168E-01
  8.354528E+00     1.842646E-01
  8.470868E+00     1.825228E-01
  8.588829E+00     1.807914E-01
  8.708431E+00     1.790704E-01
  8.829700E+00     1.773595E-01
  8.952657E+00     1.756591E-01
  9.077327E+00     1.739692E-01
  9.203732E+00     1.722902E-01
  9.331898E+00     1.706221E-01
  9.461848E+00     1.689650E-01
  9.593608E+00     1.673190E-01
  9.727203E+00     1.656841E-01
  9.862658E+00     1.640602E-01
  1.000000E+01     1.624473E-01
  1.013925E+01     1.608452E-01
  1.028045E+01     1.592541E-01
  1.042361E+01     1.576742E-01
  1.056876E+01     1.561056E-01
  1.071593E+01     1.545483E-01
  1.086516E+01     1.530025E-01
  1.101646E+01     1.514681E-01
  1.116987E+01     1.499452E-01
  1.132541E+01     1.484335E-01
  1.148312E+01     1.469330E-01
  1.164303E+01     1.454434E-01
  1.180517E+01     1.439649E-01
  1.196956E+01     1.424977E-01
  1.213624E+01     1.410419E-01
  1.230524E+01     1.395976E-01
  1.247660E+01     1.381647E-01
  1.265034E+01     1.367435E-01
  1.282650E+01     1.353337E-01
  1.300511E+01     1.339354E-01
  1.318621E+01     1.325483E-01
  1.336984E+01     1.311724E-01
  1.355602E+01     1.298076E-01
  1.374479E+01     1.284542E-01
  1.393619E+01     1.271121E-01
  1.413026E+01     1.257815E-01
  1.432703E+01     1.244624E-01
  1.452654E+01     1.231548E-01
  1.472883E+01     1.218586E-01
  1.493393E+01     1.205736E-01
  1.514189E+01     1.192997E-01
  1.535275E+01     1.180367E-01
  1.556654E+01     1.167846E-01
  1.578331E+01     1.155435E-01
  1.600310E+01     1.143135E-01
  1.622595E+01     1.130947E-01
  1.645191E+01     1.118870E-01
  1.668101E+01     1.106906E-01
  1.691330E+01     1.095052E-01
  1.714882E+01     1.083308E-01
  1.738762E+01     1.071673E-01
  1.762975E+01     1.060143E-01
  1.787526E+01     1.048719E-01
  1.812418E+01     1.037402E-01
  1.837656E+01     1.026192E-01
  1.863246E+01     1.015091E-01
  1.889193E+01     1.004097E-01
  1.915501E+01     9.932109E-02
  1.942175E+01     9.824315E-02
  1.969220E+01     9.717575E-02
  1.996642E+01     9.611870E-02
  2.024447E+01     9.507177E-02
  2.052638E+01     9.403489E-02
  2.081222E+01     9.300815E-02
  2.110203E+01     9.199162E-02
  2.139589E+01     9.098533E-02
  2.169384E+01     8.998928E-02
  2.199593E+01     8.900341E-02
  2.230223E+01     8.802765E-02
  2.261280E+01     8.706186E-02
  2.292769E+01     8.610586E-02
  2.324697E+01     8.515943E-02
  2.357069E+01     8.422245E-02
  2.389893E+01     8.329501E-02
  2.423173E+01     8.237717E-02
  2.456916E+01     8.146894E-02
  2.491130E+01     8.057031E-02
  2.525820E+01     7.968123E-02
  2.560993E+01     7.880163E-02
  2.596656E+01     7.793135E-02
  2.632815E+01     7.707024E-02
  2.669478E+01     7.621806E-02
  2.706652E+01     7.537469E-02
  2.744343E+01     7.454019E-02
  2.782559E+01     7.371459E-02
  2.821308E+01     7.289793E-02
  2.860596E+01     7.209018E-02
  2.900430E+01     7.129129E-02
  2.940820E+01     7.050118E-02
  2.981772E+01     6.971971E-02
  3.023295E+01     6.894673E-02
  3.065395E+01     6.818201E-02
  3.108082E+01     6.742541E-02
  3.151363E+01     6.667698E-02
  3.195248E+01     6.593675E-02
  3.239743E+01     6.520473E-02
  3.284857E+01     6.448091E-02
  3.330600E+01     6.376523E-02
  3.376980E+01     6.305763E-02
  3.424006E+01     6.235797E-02
  3.471687E+01     6.166610E-02
  3.520031E+01     6.098182E-02
  3.569049E+01     6.030497E-02
  3.618750E+01     5.963558E-02
  3.669142E+01     5.897369E-02
  3.720237E+01     5.831930E-02
  3.772042E+01     5.767240E-02
  3.824570E+01     5.703294E-02
  3.877828E+01     5.640083E-02
  3.931829E+01     5.577598E-02
  3.986581E+01     5.515823E-02
  4.042096E+01     5.454739E-02
  4.098384E+01     5.394332E-02
  4.155455E+01     5.334602E-02
  4.213322E+01     5.275552E-02
  4.271994E+01     5.217182E-02
  4.331483E+01     5.159491E-02
  4.391801E+01     5.102475E-02
  4.452959E+01     5.046126E-02
  4.514968E+01     4.990434E-02
  4.577841E+01     4.935387E-02
  4.641589E+01     4.880966E-02
  4.706225E+01     4.827156E-02
  4.771761E+01     4.773957E-02
  4.838210E+01     4.721372E-02
  4.905584E+01     4.669401E-02
  4.973896E+01     4.618043E-02
  5.043159E+01     4.567293E-02
  5.113388E+01     4.517146E-02
  5.184594E+01     4.467592E-02
  5.256791E+01     4.418620E-02
  5.329994E+01     4.370214E-02
  5.404216E+01     4.322359E-02
  5.479472E+01     4.275053E-02
  5.555776E+01     4.228300E-02
  5.633143E+01     4.182099E-02
  5.711586E+01     4.136448E-02
  5.791123E+01     4.091345E-02
  5.871766E+01     4.046784E-02
  5.953533E+01     4.002756E-02
  6.036439E+01     3.959251E-02
  6.120498E+01     3.916254E-02
  6.205729E+01     3.873752E-02
  6.292146E+01     3.831741E-02
  6.379767E+01     3.790224E-02
  6.468608E+01     3.749202E-02
  6.558686E+01     3.708674E-02
  6.650018E+01     3.668636E-02
  6.742622E+01     3.629083E-02
  6.836516E+01     3.590009E-02
  6.931717E+01     3.551404E-02
  7.028244E+01     3.513256E-02
  7.126115E+01     3.475552E-02
  7.225349E+01     3.438289E-02
  7.325965E+01     3.401468E-02
  7.427982E+01     3.365089E-02
  7.531420E+01     3.329152E-02
  7.636298E+01     3.293655E-02
  7.742637E+01     3.258591E-02
  7.850456E+01     3.223956E-02
  7.959777E+01     3.189741E-02
  8.070620E+01     3.155934E-02
  8.183007E+01     3.122523E-02
  8.296959E+01     3.089505E-02
  8.412497E+01     3.056881E-02
  8.529644E+01     3.024652E-02
  8.648423E+01     2.992817E-02
  8.768856E+01     2.961373E-02
  8.890966E+01     2.930318E-02
  9.014776E+01     2.899645E-02
  9.140311E+01     2.869348E-02
  9.267593E+01     2.839417E-02
  9.396648E+01     2.809841E-02
  9.527500E+01     2.780616E-02
  9.660175E+01     2.751743E-02
  9.794697E+01     2.723223E-02
  9.931092E+01     2.695055E-02
  1.006939E+02     2.667236E-02
  1.020961E+02     2.639765E-02
  1.035178E+02     2.612635E-02
  1.049593E+02     2.585840E-02
  1.064209E+02     2.559372E-02
  1.079029E+02     2.533221E-02
  1.094055E+02     2.507382E-02
  1.109290E+02     2.481856E-02
  1.124737E+02     2.456643E-02
  1.140400E+02     2.431744E-02
  1.156280E+02     2.407157E-02
  1.172382E+02     2.382878E-02
  1.188708E+02     2.358904E-02
  1.205261E+02     2.335229E-02
  1.222045E+02     2.311846E-02
  1.239062E+02     2.288746E-02
  1.256317E+02     2.265924E-02
  1.273811E+02     2.243382E-02
  1.291550E+02     2.221118E-02
  1.309535E+02     2.199135E-02
  1.327771E+02     2.177429E-02
  1.346261E+02     2.155998E-02
  1.365008E+02     2.134840E-02
  1.384016E+02     2.113949E-02
  1.403289E+02     2.093318E-02
  1.422830E+02     2.072942E-02
  1.442644E+02     2.052813E-02
  1.462733E+02     2.032932E-02
  1.483103E+02     2.013301E-02
  1.503755E+02     1.993919E-02
  1.524696E+02     1.974785E-02
  1.545928E+02     1.955896E-02
  1.567455E+02     1.937249E-02
  1.589283E+02     1.918841E-02
  1.611414E+02     1.900665E-02
  1.633854E+02     1.882715E-02
  1.656606E+02     1.864986E-02
  1.679675E+02     1.847478E-02
  1.703065E+02     1.830191E-02
  1.726781E+02     1.813125E-02
  1.750827E+02     1.796280E-02
  1.775208E+02     1.779654E-02
  1.799929E+02     1.763243E-02
  1.824993E+02     1.747045E-02
  1.850407E+02     1.731054E-02
  1.876175E+02     1.715265E-02
  1.902301E+02     1.699673E-02
  1.928792E+02     1.684278E-02
  1.955651E+02     1.669079E-02
  1.982884E+02     1.654078E-02
  2.010496E+02     1.639273E-02
  2.038493E+02     1.624663E-02
  2.066880E+02     1.610246E-02
  2.095662E+02     1.596018E-02
  2.124845E+02     1.581976E-02
  2.154435E+02     1.568114E-02
  2.184436E+02     1.554427E-02
  2.214855E+02     1.540915E-02
  2.245698E+02     1.527579E-02
  2.276970E+02     1.514418E-02
  2.308678E+02     1.501433E-02
  2.340827E+02     1.488621E-02
  2.373424E+02     1.475981E-02
  2.406475E+02     1.463510E-02
  2.439986E+02     1.451204E-02
  2.473964E+02     1.439060E-02
  2.508415E+02     1.427072E-02
  2.543346E+02     1.415239E-02
  2.578763E+02     1.403564E-02
  2.614673E+02     1.392044E-02
  2.651084E+02     1.380681E-02
  2.688001E+02     1.369473E-02
  2.725433E+02     1.358417E-02
  2.763385E+02     1.347513E-02
  2.801867E+02     1.336756E-02
  2.840884E+02     1.326142E-02
  2.880444E+02     1.315669E-02
  2.920556E+02     1.305334E-02
  2.961225E+02     1.295139E-02
  3.002462E+02     1.285083E-02
  3.044272E+02     1.275166E-02
  3.086665E+02     1.265387E-02
  3.129648E+02     1.255745E-02
  3.173230E+02     1.246237E-02
  3.217418E+02     1.236860E-02
  3.262222E+02     1.227613E-02
  3.307650E+02     1.218490E-02
  3.353710E+02     1.209490E-02
  3.400412E+02     1.200615E-02
  3.447764E+02     1.191864E-02
  3.495776E+02     1.183237E-02
  3.544456E+02     1.174733E-02
  3.593814E+02     1.166351E-02
  3.643859E+02     1.158089E-02
  3.694601E+02     1.149945E-02
  3.746050E+02     1.141915E-02
  3.798215E+02     1.133998E-02
  3.851107E+02     1.126191E-02
  3.904735E+02     1.118495E-02
  3.959110E+02     1.110909E-02
  4.014242E+02     1.103434E-02
  4.070142E+02     1.096069E-02
  4.126821E+02     1.088813E-02
  4.184289E+02     1.081665E-02
  4.242556E+02     1.074621E-02
  4.301636E+02     1.067680E-02
  4.361538E+02     1.060838E-02
  4.422274E+02     1.054095E-02
  4.483856E+02     1.047451E-02
  4.546295E+02     1.040905E-02
  4.609604E+02     1.034457E-02
  4.673795E+02     1.028108E-02
  4.738880E+02     1.021856E-02
  4.804870E+02     1.015700E-02
  4.871780E+02     1.009638E-02
  4.939622E+02     1.003668E-02
  5.008408E+02     9.977873E-03
  5.078152E+02     9.919948E-03
  5.148867E+02     9.862905E-03
  5.220568E+02     9.806748E-03
  5.293266E+02     9.751473E-03
  5.366977E+02     9.697077E-03
  5.441714E+02     9.643551E-03
  5.517492E+02     9.590885E-03
  5.594326E+02     9.539063E-03
  5.672229E+02     9.488066E-03
  5.751217E+02     9.437871E-03
  5.831305E+02     9.388464E-03
  5.912508E+02     9.339847E-03
  5.994843E+02     9.292019E-03
  6.078323E+02     9.244979E-03
  6.162966E+02     9.198722E-03
  6.248788E+02     9.153241E-03
  6.335805E+02     9.108524E-03
  6.424034E+02     9.064559E-03
  6.513491E+02     9.021326E-03
  6.604194E+02     8.978806E-03
  6.696160E+02     8.936982E-03
  6.789407E+02     8.895857E-03
  6.883952E+02     8.855430E-03
  6.979814E+02     8.815700E-03
  7.077011E+02     8.776665E-03
  7.175561E+02     8.738319E-03
  7.275484E+02     8.700652E-03
  7.376798E+02     8.663653E-03
  7.479523E+02     8.627308E-03
  7.583678E+02     8.591599E-03
  7.689284E+02     8.556514E-03
  7.796360E+02     8.522064E-03
  7.904928E+02     8.488261E-03
  8.015007E+02     8.455117E-03
  8.126619E+02     8.422641E-03
  8.239786E+02     8.390844E-03
  8.354528E+02     8.359732E-03
  8.470868E+02     8.329313E-03
  8.588829E+02     8.299593E-03
  8.708431E+02     8.270575E-03
  8.829700E+02     8.242246E-03
  8.952657E+02     8.214550E-03
  9.077327E+02     8.187413E-03
  9.203732E+02     8.160752E-03
  9.331898E+02     8.134480E-03
  9.461848E+02     8.108495E-03
  9.593608E+02     8.082691E-03
  9.727203E+02     8.056948E-03
  9.862658E+02     8.031136E-03
  1.000000E+03     8.005114E-03
