FILE CREATED BY  : PROGRAM DPASS - VERSION 2.00
DATABASE VERSION : 21.06
DATE AND TIME    : 09/08/2022 20:38:35
PROJECTILE       : Si
TARGET           : La
TARGET AT. MASS  : 1.389055E+02
TARGET DENSITY   : 6.150000E+00 g/cm^3
TABULATED OUTPUT : STOPPING FORCE VERSUS ENERGY
DATA TYPE        : SPLINE INTERPOLATED
ABSCISSA UNITS   : MeV/u
ORDINATE UNITS   : eV/nm


      E/n             S(E/n)

  1.000000E-03     2.457030E+02
  1.013925E-03     2.473817E+02
  1.028045E-03     2.490826E+02
  1.042361E-03     2.508048E+02
  1.056876E-03     2.525471E+02
  1.071593E-03     2.543086E+02
  1.086516E-03     2.560877E+02
  1.101646E-03     2.578833E+02
  1.116987E-03     2.596938E+02
  1.132541E-03     2.615175E+02
  1.148312E-03     2.633526E+02
  1.164303E-03     2.651976E+02
  1.180517E-03     2.670522E+02
  1.196956E-03     2.689169E+02
  1.213624E-03     2.707921E+02
  1.230524E-03     2.726783E+02
  1.247660E-03     2.745761E+02
  1.265034E-03     2.764859E+02
  1.282650E-03     2.784085E+02
  1.300511E-03     2.803446E+02
  1.318621E-03     2.822949E+02
  1.336984E-03     2.842601E+02
  1.355602E-03     2.862406E+02
  1.374479E-03     2.882362E+02
  1.393619E-03     2.902469E+02
  1.413026E-03     2.922726E+02
  1.432703E-03     2.943134E+02
  1.452654E-03     2.963691E+02
  1.472883E-03     2.984397E+02
  1.493393E-03     3.005251E+02
  1.514189E-03     3.026253E+02
  1.535275E-03     3.047401E+02
  1.556654E-03     3.068698E+02
  1.578331E-03     3.090143E+02
  1.600310E-03     3.111738E+02
  1.622595E-03     3.133484E+02
  1.645191E-03     3.155384E+02
  1.668101E-03     3.177438E+02
  1.691330E-03     3.199649E+02
  1.714882E-03     3.222019E+02
  1.738762E-03     3.244551E+02
  1.762975E-03     3.267246E+02
  1.787526E-03     3.290106E+02
  1.812418E-03     3.313132E+02
  1.837656E-03     3.336324E+02
  1.863246E-03     3.359683E+02
  1.889193E-03     3.383210E+02
  1.915501E-03     3.406906E+02
  1.942175E-03     3.430771E+02
  1.969220E-03     3.454808E+02
  1.996642E-03     3.479016E+02
  2.024447E-03     3.503398E+02
  2.052638E-03     3.527954E+02
  2.081222E-03     3.552685E+02
  2.110203E-03     3.577594E+02
  2.139589E-03     3.602681E+02
  2.169384E-03     3.627947E+02
  2.199593E-03     3.653395E+02
  2.230223E-03     3.679025E+02
  2.261280E-03     3.704840E+02
  2.292769E-03     3.730843E+02
  2.324697E-03     3.757034E+02
  2.357069E-03     3.783417E+02
  2.389893E-03     3.809992E+02
  2.423173E-03     3.836760E+02
  2.456916E-03     3.863722E+02
  2.491130E-03     3.890879E+02
  2.525820E-03     3.918233E+02
  2.560993E-03     3.945786E+02
  2.596656E-03     3.973538E+02
  2.632815E-03     4.001492E+02
  2.669478E-03     4.029650E+02
  2.706652E-03     4.058013E+02
  2.744343E-03     4.086583E+02
  2.782559E-03     4.115361E+02
  2.821308E-03     4.144349E+02
  2.860596E-03     4.173547E+02
  2.900430E-03     4.202959E+02
  2.940820E-03     4.232585E+02
  2.981772E-03     4.262429E+02
  3.023295E-03     4.292492E+02
  3.065395E-03     4.322776E+02
  3.108082E-03     4.353285E+02
  3.151363E-03     4.384020E+02
  3.195248E-03     4.414981E+02
  3.239743E-03     4.446170E+02
  3.284857E-03     4.477589E+02
  3.330600E-03     4.509240E+02
  3.376980E-03     4.541125E+02
  3.424006E-03     4.573245E+02
  3.471687E-03     4.605604E+02
  3.520031E-03     4.638203E+02
  3.569049E-03     4.671045E+02
  3.618750E-03     4.704131E+02
  3.669142E-03     4.737463E+02
  3.720237E-03     4.771042E+02
  3.772042E-03     4.804869E+02
  3.824570E-03     4.838948E+02
  3.877828E-03     4.873279E+02
  3.931829E-03     4.907865E+02
  3.986581E-03     4.942708E+02
  4.042096E-03     4.977811E+02
  4.098384E-03     5.013176E+02
  4.155455E-03     5.048804E+02
  4.213322E-03     5.084698E+02
  4.271994E-03     5.120857E+02
  4.331483E-03     5.157284E+02
  4.391801E-03     5.193981E+02
  4.452959E-03     5.230949E+02
  4.514968E-03     5.268189E+02
  4.577841E-03     5.305706E+02
  4.641589E-03     5.343499E+02
  4.706225E-03     5.381573E+02
  4.771761E-03     5.419929E+02
  4.838210E-03     5.458567E+02
  4.905584E-03     5.497490E+02
  4.973896E-03     5.536699E+02
  5.043159E-03     5.576197E+02
  5.113388E-03     5.615984E+02
  5.184594E-03     5.656064E+02
  5.256791E-03     5.696439E+02
  5.329994E-03     5.737111E+02
  5.404216E-03     5.778083E+02
  5.479472E-03     5.819358E+02
  5.555776E-03     5.860935E+02
  5.633143E-03     5.902818E+02
  5.711586E-03     5.945008E+02
  5.791123E-03     5.987508E+02
  5.871766E-03     6.030318E+02
  5.953533E-03     6.073442E+02
  6.036439E-03     6.116882E+02
  6.120498E-03     6.160642E+02
  6.205729E-03     6.204723E+02
  6.292146E-03     6.249129E+02
  6.379767E-03     6.293860E+02
  6.468608E-03     6.338919E+02
  6.558686E-03     6.384306E+02
  6.650018E-03     6.430024E+02
  6.742622E-03     6.476074E+02
  6.836516E-03     6.522460E+02
  6.931717E-03     6.569184E+02
  7.028244E-03     6.616248E+02
  7.126115E-03     6.663656E+02
  7.225349E-03     6.711409E+02
  7.325965E-03     6.759511E+02
  7.427982E-03     6.807964E+02
  7.531420E-03     6.856770E+02
  7.636298E-03     6.905933E+02
  7.742637E-03     6.955455E+02
  7.850456E-03     7.005341E+02
  7.959777E-03     7.055595E+02
  8.070620E-03     7.106221E+02
  8.183007E-03     7.157222E+02
  8.296959E-03     7.208604E+02
  8.412497E-03     7.260366E+02
  8.529644E-03     7.312512E+02
  8.648423E-03     7.365043E+02
  8.768856E-03     7.417962E+02
  8.890966E-03     7.471272E+02
  9.014776E-03     7.524975E+02
  9.140311E-03     7.579074E+02
  9.267593E-03     7.633573E+02
  9.396648E-03     7.688475E+02
  9.527500E-03     7.743784E+02
  9.660175E-03     7.799503E+02
  9.794697E-03     7.855635E+02
  9.931092E-03     7.912183E+02
  1.006939E-02     7.969151E+02
  1.020961E-02     8.026542E+02
  1.035178E-02     8.084362E+02
  1.049593E-02     8.142614E+02
  1.064209E-02     8.201305E+02
  1.079029E-02     8.260439E+02
  1.094055E-02     8.320022E+02
  1.109290E-02     8.380056E+02
  1.124737E-02     8.440544E+02
  1.140400E-02     8.501488E+02
  1.156280E-02     8.562894E+02
  1.172382E-02     8.624764E+02
  1.188708E-02     8.687103E+02
  1.205261E-02     8.749915E+02
  1.222045E-02     8.813205E+02
  1.239062E-02     8.876979E+02
  1.256317E-02     8.941240E+02
  1.273811E-02     9.005993E+02
  1.291550E-02     9.071241E+02
  1.309535E-02     9.136987E+02
  1.327771E-02     9.203236E+02
  1.346261E-02     9.269992E+02
  1.365008E-02     9.337261E+02
  1.384016E-02     9.405046E+02
  1.403289E-02     9.473355E+02
  1.422830E-02     9.542193E+02
  1.442644E-02     9.611565E+02
  1.462733E-02     9.681476E+02
  1.483103E-02     9.751928E+02
  1.503755E-02     9.822927E+02
  1.524696E-02     9.894475E+02
  1.545928E-02     9.966578E+02
  1.567455E-02     1.003924E+03
  1.589283E-02     1.011247E+03
  1.611414E-02     1.018627E+03
  1.633854E-02     1.026065E+03
  1.656606E-02     1.033560E+03
  1.679675E-02     1.041115E+03
  1.703065E-02     1.048729E+03
  1.726781E-02     1.056402E+03
  1.750827E-02     1.064135E+03
  1.775208E-02     1.071929E+03
  1.799929E-02     1.079783E+03
  1.824993E-02     1.087699E+03
  1.850407E-02     1.095677E+03
  1.876175E-02     1.103717E+03
  1.902301E-02     1.111821E+03
  1.928792E-02     1.119989E+03
  1.955651E-02     1.128220E+03
  1.982884E-02     1.136516E+03
  2.010496E-02     1.144877E+03
  2.038493E-02     1.153303E+03
  2.066880E-02     1.161795E+03
  2.095662E-02     1.170354E+03
  2.124845E-02     1.178979E+03
  2.154435E-02     1.187673E+03
  2.184436E-02     1.196434E+03
  2.214855E-02     1.205264E+03
  2.245698E-02     1.214163E+03
  2.276970E-02     1.223132E+03
  2.308678E-02     1.232170E+03
  2.340827E-02     1.241278E+03
  2.373424E-02     1.250458E+03
  2.406475E-02     1.259708E+03
  2.439986E-02     1.269031E+03
  2.473964E-02     1.278426E+03
  2.508415E-02     1.287894E+03
  2.543346E-02     1.297435E+03
  2.578763E-02     1.307050E+03
  2.614673E-02     1.316739E+03
  2.651084E-02     1.326503E+03
  2.688001E-02     1.336342E+03
  2.725433E-02     1.346256E+03
  2.763385E-02     1.356246E+03
  2.801867E-02     1.366312E+03
  2.840884E-02     1.376455E+03
  2.880444E-02     1.386676E+03
  2.920556E-02     1.396974E+03
  2.961225E-02     1.407351E+03
  3.002462E-02     1.417806E+03
  3.044272E-02     1.428339E+03
  3.086665E-02     1.438952E+03
  3.129648E-02     1.449643E+03
  3.173230E-02     1.460415E+03
  3.217418E-02     1.471267E+03
  3.262222E-02     1.482199E+03
  3.307650E-02     1.493213E+03
  3.353710E-02     1.504308E+03
  3.400412E-02     1.515484E+03
  3.447764E-02     1.526743E+03
  3.495776E-02     1.538083E+03
  3.544456E-02     1.549507E+03
  3.593814E-02     1.561012E+03
  3.643859E-02     1.572601E+03
  3.694601E-02     1.584273E+03
  3.746050E-02     1.596029E+03
  3.798215E-02     1.607870E+03
  3.851107E-02     1.619795E+03
  3.904735E-02     1.631804E+03
  3.959110E-02     1.643898E+03
  4.014242E-02     1.656077E+03
  4.070142E-02     1.668341E+03
  4.126821E-02     1.680690E+03
  4.184289E-02     1.693123E+03
  4.242556E-02     1.705643E+03
  4.301636E-02     1.718247E+03
  4.361538E-02     1.730938E+03
  4.422274E-02     1.743714E+03
  4.483856E-02     1.756577E+03
  4.546295E-02     1.769525E+03
  4.609604E-02     1.782558E+03
  4.673795E-02     1.795678E+03
  4.738880E-02     1.808883E+03
  4.804870E-02     1.822174E+03
  4.871780E-02     1.835551E+03
  4.939622E-02     1.849013E+03
  5.008408E-02     1.862562E+03
  5.078152E-02     1.876197E+03
  5.148867E-02     1.889917E+03
  5.220568E-02     1.903723E+03
  5.293266E-02     1.917614E+03
  5.366977E-02     1.931590E+03
  5.441714E-02     1.945651E+03
  5.517492E-02     1.959796E+03
  5.594326E-02     1.974025E+03
  5.672229E-02     1.988338E+03
  5.751217E-02     2.002735E+03
  5.831305E-02     2.017216E+03
  5.912508E-02     2.031780E+03
  5.994843E-02     2.046427E+03
  6.078323E-02     2.061157E+03
  6.162966E-02     2.075968E+03
  6.248788E-02     2.090861E+03
  6.335805E-02     2.105835E+03
  6.424034E-02     2.120890E+03
  6.513491E-02     2.136026E+03
  6.604194E-02     2.151242E+03
  6.696160E-02     2.166538E+03
  6.789407E-02     2.181913E+03
  6.883952E-02     2.197365E+03
  6.979814E-02     2.212892E+03
  7.077011E-02     2.228494E+03
  7.175561E-02     2.244168E+03
  7.275484E-02     2.259914E+03
  7.376798E-02     2.275729E+03
  7.479523E-02     2.291612E+03
  7.583678E-02     2.307561E+03
  7.689284E-02     2.323574E+03
  7.796360E-02     2.339650E+03
  7.904928E-02     2.355787E+03
  8.015007E-02     2.371984E+03
  8.126619E-02     2.388238E+03
  8.239786E-02     2.404547E+03
  8.354528E-02     2.420911E+03
  8.470868E-02     2.437327E+03
  8.588829E-02     2.453793E+03
  8.708431E-02     2.470309E+03
  8.829700E-02     2.486871E+03
  8.952657E-02     2.503478E+03
  9.077327E-02     2.520128E+03
  9.203732E-02     2.536820E+03
  9.331898E-02     2.553552E+03
  9.461848E-02     2.570322E+03
  9.593608E-02     2.587128E+03
  9.727203E-02     2.603970E+03
  9.862658E-02     2.620844E+03
  1.000000E-01     2.637751E+03
  1.013925E-01     2.654688E+03
  1.028045E-01     2.671654E+03
  1.042361E-01     2.688646E+03
  1.056876E-01     2.705663E+03
  1.071593E-01     2.722702E+03
  1.086516E-01     2.739761E+03
  1.101646E-01     2.756839E+03
  1.116987E-01     2.773934E+03
  1.132541E-01     2.791045E+03
  1.148312E-01     2.808169E+03
  1.164303E-01     2.825305E+03
  1.180517E-01     2.842452E+03
  1.196956E-01     2.859606E+03
  1.213624E-01     2.876765E+03
  1.230524E-01     2.893926E+03
  1.247660E-01     2.911089E+03
  1.265034E-01     2.928249E+03
  1.282650E-01     2.945406E+03
  1.300511E-01     2.962557E+03
  1.318621E-01     2.979700E+03
  1.336984E-01     2.996834E+03
  1.355602E-01     3.013957E+03
  1.374479E-01     3.031064E+03
  1.393619E-01     3.048154E+03
  1.413026E-01     3.065223E+03
  1.432703E-01     3.082270E+03
  1.452654E-01     3.099291E+03
  1.472883E-01     3.116284E+03
  1.493393E-01     3.133247E+03
  1.514189E-01     3.150177E+03
  1.535275E-01     3.167074E+03
  1.556654E-01     3.183932E+03
  1.578331E-01     3.200751E+03
  1.600310E-01     3.217526E+03
  1.622595E-01     3.234254E+03
  1.645191E-01     3.250933E+03
  1.668101E-01     3.267560E+03
  1.691330E-01     3.284132E+03
  1.714882E-01     3.300647E+03
  1.738762E-01     3.317103E+03
  1.762975E-01     3.333497E+03
  1.787526E-01     3.349827E+03
  1.812418E-01     3.366089E+03
  1.837656E-01     3.382281E+03
  1.863246E-01     3.398399E+03
  1.889193E-01     3.414441E+03
  1.915501E-01     3.430403E+03
  1.942175E-01     3.446284E+03
  1.969220E-01     3.462082E+03
  1.996642E-01     3.477794E+03
  2.024447E-01     3.493419E+03
  2.052638E-01     3.508954E+03
  2.081222E-01     3.524397E+03
  2.110203E-01     3.539745E+03
  2.139589E-01     3.554994E+03
  2.169384E-01     3.570144E+03
  2.199593E-01     3.585192E+03
  2.230223E-01     3.600135E+03
  2.261280E-01     3.614974E+03
  2.292769E-01     3.629705E+03
  2.324697E-01     3.644330E+03
  2.357069E-01     3.658846E+03
  2.389893E-01     3.673252E+03
  2.423173E-01     3.687543E+03
  2.456916E-01     3.701720E+03
  2.491130E-01     3.715779E+03
  2.525820E-01     3.729720E+03
  2.560993E-01     3.743542E+03
  2.596656E-01     3.757244E+03
  2.632815E-01     3.770826E+03
  2.669478E-01     3.784288E+03
  2.706652E-01     3.797631E+03
  2.744343E-01     3.810851E+03
  2.782559E-01     3.823948E+03
  2.821308E-01     3.836920E+03
  2.860596E-01     3.849767E+03
  2.900430E-01     3.862486E+03
  2.940820E-01     3.875080E+03
  2.981772E-01     3.887547E+03
  3.023295E-01     3.899888E+03
  3.065395E-01     3.912106E+03
  3.108082E-01     3.924200E+03
  3.151363E-01     3.936170E+03
  3.195248E-01     3.948014E+03
  3.239743E-01     3.959731E+03
  3.284857E-01     3.971321E+03
  3.330600E-01     3.982784E+03
  3.376980E-01     3.994119E+03
  3.424006E-01     4.005329E+03
  3.471687E-01     4.016414E+03
  3.520031E-01     4.027376E+03
  3.569049E-01     4.038217E+03
  3.618750E-01     4.048936E+03
  3.669142E-01     4.059531E+03
  3.720237E-01     4.070003E+03
  3.772042E-01     4.080350E+03
  3.824570E-01     4.090573E+03
  3.877828E-01     4.100672E+03
  3.931829E-01     4.110649E+03
  3.986581E-01     4.120504E+03
  4.042096E-01     4.130239E+03
  4.098384E-01     4.139858E+03
  4.155455E-01     4.149357E+03
  4.213322E-01     4.158735E+03
  4.271994E-01     4.167991E+03
  4.331483E-01     4.177124E+03
  4.391801E-01     4.186132E+03
  4.452959E-01     4.195014E+03
  4.514968E-01     4.203772E+03
  4.577841E-01     4.212405E+03
  4.641589E-01     4.220913E+03
  4.706225E-01     4.229297E+03
  4.771761E-01     4.237555E+03
  4.838210E-01     4.245685E+03
  4.905584E-01     4.253683E+03
  4.973896E-01     4.261550E+03
  5.043159E-01     4.269281E+03
  5.113388E-01     4.276877E+03
  5.184594E-01     4.284335E+03
  5.256791E-01     4.291655E+03
  5.329994E-01     4.298836E+03
  5.404216E-01     4.305877E+03
  5.479472E-01     4.312778E+03
  5.555776E-01     4.319537E+03
  5.633143E-01     4.326153E+03
  5.711586E-01     4.332624E+03
  5.791123E-01     4.338951E+03
  5.871766E-01     4.345132E+03
  5.953533E-01     4.351169E+03
  6.036439E-01     4.357062E+03
  6.120498E-01     4.362812E+03
  6.205729E-01     4.368420E+03
  6.292146E-01     4.373887E+03
  6.379767E-01     4.379214E+03
  6.468608E-01     4.384399E+03
  6.558686E-01     4.389444E+03
  6.650018E-01     4.394351E+03
  6.742622E-01     4.399120E+03
  6.836516E-01     4.403755E+03
  6.931717E-01     4.408258E+03
  7.028244E-01     4.412633E+03
  7.126115E-01     4.416883E+03
  7.225349E-01     4.421009E+03
  7.325965E-01     4.425006E+03
  7.427982E-01     4.428873E+03
  7.531420E-01     4.432607E+03
  7.636298E-01     4.436206E+03
  7.742637E-01     4.439667E+03
  7.850456E-01     4.442988E+03
  7.959777E-01     4.446168E+03
  8.070620E-01     4.449205E+03
  8.183007E-01     4.452097E+03
  8.296959E-01     4.454840E+03
  8.412497E-01     4.457429E+03
  8.529644E-01     4.459859E+03
  8.648423E-01     4.462124E+03
  8.768856E-01     4.464219E+03
  8.890966E-01     4.466137E+03
  9.014776E-01     4.467873E+03
  9.140311E-01     4.469422E+03
  9.267593E-01     4.470776E+03
  9.396648E-01     4.471931E+03
  9.527500E-01     4.472882E+03
  9.660175E-01     4.473625E+03
  9.794697E-01     4.474157E+03
  9.931092E-01     4.474476E+03
  1.006939E+00     4.474579E+03
  1.020961E+00     4.474463E+03
  1.035178E+00     4.474126E+03
  1.049593E+00     4.473566E+03
  1.064209E+00     4.472782E+03
  1.079029E+00     4.471772E+03
  1.094055E+00     4.470536E+03
  1.109290E+00     4.469070E+03
  1.124737E+00     4.467375E+03
  1.140400E+00     4.465448E+03
  1.156280E+00     4.463288E+03
  1.172382E+00     4.460897E+03
  1.188708E+00     4.458272E+03
  1.205261E+00     4.455416E+03
  1.222045E+00     4.452328E+03
  1.239062E+00     4.449012E+03
  1.256317E+00     4.445466E+03
  1.273811E+00     4.441691E+03
  1.291550E+00     4.437686E+03
  1.309535E+00     4.433450E+03
  1.327771E+00     4.428984E+03
  1.346261E+00     4.424287E+03
  1.365008E+00     4.419361E+03
  1.384016E+00     4.414207E+03
  1.403289E+00     4.408827E+03
  1.422830E+00     4.403224E+03
  1.442644E+00     4.397400E+03
  1.462733E+00     4.391354E+03
  1.483103E+00     4.385087E+03
  1.503755E+00     4.378599E+03
  1.524696E+00     4.371892E+03
  1.545928E+00     4.364966E+03
  1.567455E+00     4.357824E+03
  1.589283E+00     4.350468E+03
  1.611414E+00     4.342901E+03
  1.633854E+00     4.335127E+03
  1.656606E+00     4.327148E+03
  1.679675E+00     4.318965E+03
  1.703065E+00     4.310579E+03
  1.726781E+00     4.301991E+03
  1.750827E+00     4.293201E+03
  1.775208E+00     4.284212E+03
  1.799929E+00     4.275025E+03
  1.824993E+00     4.265644E+03
  1.850407E+00     4.256071E+03
  1.876175E+00     4.246309E+03
  1.902301E+00     4.236363E+03
  1.928792E+00     4.226234E+03
  1.955651E+00     4.215923E+03
  1.982884E+00     4.205432E+03
  2.010496E+00     4.194763E+03
  2.038493E+00     4.183920E+03
  2.066880E+00     4.172905E+03
  2.095662E+00     4.161722E+03
  2.124845E+00     4.150374E+03
  2.154435E+00     4.138867E+03
  2.184436E+00     4.127205E+03
  2.214855E+00     4.115389E+03
  2.245698E+00     4.103420E+03
  2.276970E+00     4.091300E+03
  2.308678E+00     4.079029E+03
  2.340827E+00     4.066610E+03
  2.373424E+00     4.054043E+03
  2.406475E+00     4.041332E+03
  2.439986E+00     4.028479E+03
  2.473964E+00     4.015485E+03
  2.508415E+00     4.002355E+03
  2.543346E+00     3.989090E+03
  2.578763E+00     3.975691E+03
  2.614673E+00     3.962161E+03
  2.651084E+00     3.948500E+03
  2.688001E+00     3.934711E+03
  2.725433E+00     3.920796E+03
  2.763385E+00     3.906758E+03
  2.801867E+00     3.892600E+03
  2.840884E+00     3.878325E+03
  2.880444E+00     3.863935E+03
  2.920556E+00     3.849434E+03
  2.961225E+00     3.834821E+03
  3.002462E+00     3.820099E+03
  3.044272E+00     3.805268E+03
  3.086665E+00     3.790331E+03
  3.129648E+00     3.775288E+03
  3.173230E+00     3.760142E+03
  3.217418E+00     3.744894E+03
  3.262222E+00     3.729546E+03
  3.307650E+00     3.714101E+03
  3.353710E+00     3.698561E+03
  3.400412E+00     3.682926E+03
  3.447764E+00     3.667199E+03
  3.495776E+00     3.651382E+03
  3.544456E+00     3.635477E+03
  3.593814E+00     3.619485E+03
  3.643859E+00     3.603409E+03
  3.694601E+00     3.587252E+03
  3.746050E+00     3.571015E+03
  3.798215E+00     3.554701E+03
  3.851107E+00     3.538313E+03
  3.904735E+00     3.521850E+03
  3.959110E+00     3.505315E+03
  4.014242E+00     3.488709E+03
  4.070142E+00     3.472033E+03
  4.126821E+00     3.455288E+03
  4.184289E+00     3.438477E+03
  4.242556E+00     3.421599E+03
  4.301636E+00     3.404656E+03
  4.361538E+00     3.387651E+03
  4.422274E+00     3.370583E+03
  4.483856E+00     3.353454E+03
  4.546295E+00     3.336268E+03
  4.609604E+00     3.319024E+03
  4.673795E+00     3.301725E+03
  4.738880E+00     3.284373E+03
  4.804870E+00     3.266969E+03
  4.871780E+00     3.249515E+03
  4.939622E+00     3.232012E+03
  5.008408E+00     3.214462E+03
  5.078152E+00     3.196867E+03
  5.148867E+00     3.179228E+03
  5.220568E+00     3.161547E+03
  5.293266E+00     3.143826E+03
  5.366977E+00     3.126066E+03
  5.441714E+00     3.108270E+03
  5.517492E+00     3.090438E+03
  5.594326E+00     3.072571E+03
  5.672229E+00     3.054672E+03
  5.751217E+00     3.036742E+03
  5.831305E+00     3.018781E+03
  5.912508E+00     3.000791E+03
  5.994843E+00     2.982776E+03
  6.078323E+00     2.964737E+03
  6.162966E+00     2.946675E+03
  6.248788E+00     2.928592E+03
  6.335805E+00     2.910491E+03
  6.424034E+00     2.892372E+03
  6.513491E+00     2.874237E+03
  6.604194E+00     2.856087E+03
  6.696160E+00     2.837924E+03
  6.789407E+00     2.819750E+03
  6.883952E+00     2.801567E+03
  6.979814E+00     2.783377E+03
  7.077011E+00     2.765182E+03
  7.175561E+00     2.746984E+03
  7.275484E+00     2.728785E+03
  7.376798E+00     2.710585E+03
  7.479523E+00     2.692387E+03
  7.583678E+00     2.674191E+03
  7.689284E+00     2.656000E+03
  7.796360E+00     2.637814E+03
  7.904928E+00     2.619637E+03
  8.015007E+00     2.601471E+03
  8.126619E+00     2.583317E+03
  8.239786E+00     2.565178E+03
  8.354528E+00     2.547055E+03
  8.470868E+00     2.528949E+03
  8.588829E+00     2.510862E+03
  8.708431E+00     2.492796E+03
  8.829700E+00     2.474750E+03
  8.952657E+00     2.456728E+03
  9.077327E+00     2.438731E+03
  9.203732E+00     2.420762E+03
  9.331898E+00     2.402823E+03
  9.461848E+00     2.384915E+03
  9.593608E+00     2.367041E+03
  9.727203E+00     2.349200E+03
  9.862658E+00     2.331396E+03
  1.000000E+01     2.313627E+03
  1.013925E+01     2.295895E+03
  1.028045E+01     2.278203E+03
  1.042361E+01     2.260553E+03
  1.056876E+01     2.242946E+03
  1.071593E+01     2.225386E+03
  1.086516E+01     2.207874E+03
  1.101646E+01     2.190412E+03
  1.116987E+01     2.173000E+03
  1.132541E+01     2.155641E+03
  1.148312E+01     2.138336E+03
  1.164303E+01     2.121084E+03
  1.180517E+01     2.103888E+03
  1.196956E+01     2.086750E+03
  1.213624E+01     2.069672E+03
  1.230524E+01     2.052656E+03
  1.247660E+01     2.035703E+03
  1.265034E+01     2.018815E+03
  1.282650E+01     2.001992E+03
  1.300511E+01     1.985235E+03
  1.318621E+01     1.968544E+03
  1.336984E+01     1.951920E+03
  1.355602E+01     1.935363E+03
  1.374479E+01     1.918877E+03
  1.393619E+01     1.902463E+03
  1.413026E+01     1.886124E+03
  1.432703E+01     1.869860E+03
  1.452654E+01     1.853673E+03
  1.472883E+01     1.837564E+03
  1.493393E+01     1.821534E+03
  1.514189E+01     1.805583E+03
  1.535275E+01     1.789710E+03
  1.556654E+01     1.773918E+03
  1.578331E+01     1.758208E+03
  1.600310E+01     1.742582E+03
  1.622595E+01     1.727042E+03
  1.645191E+01     1.711589E+03
  1.668101E+01     1.696224E+03
  1.691330E+01     1.680947E+03
  1.714882E+01     1.665758E+03
  1.738762E+01     1.650658E+03
  1.762975E+01     1.635645E+03
  1.787526E+01     1.620720E+03
  1.812418E+01     1.605886E+03
  1.837656E+01     1.591143E+03
  1.863246E+01     1.576494E+03
  1.889193E+01     1.561939E+03
  1.915501E+01     1.547479E+03
  1.942175E+01     1.533115E+03
  1.969220E+01     1.518845E+03
  1.996642E+01     1.504671E+03
  2.024447E+01     1.490589E+03
  2.052638E+01     1.476602E+03
  2.081222E+01     1.462711E+03
  2.110203E+01     1.448916E+03
  2.139589E+01     1.435221E+03
  2.169384E+01     1.421624E+03
  2.199593E+01     1.408128E+03
  2.230223E+01     1.394732E+03
  2.261280E+01     1.381435E+03
  2.292769E+01     1.368237E+03
  2.324697E+01     1.355137E+03
  2.357069E+01     1.342134E+03
  2.389893E+01     1.329231E+03
  2.423173E+01     1.316427E+03
  2.456916E+01     1.303725E+03
  2.491130E+01     1.291125E+03
  2.525820E+01     1.278626E+03
  2.560993E+01     1.266229E+03
  2.596656E+01     1.253933E+03
  2.632815E+01     1.241737E+03
  2.669478E+01     1.229639E+03
  2.706652E+01     1.217639E+03
  2.744343E+01     1.205737E+03
  2.782559E+01     1.193935E+03
  2.821308E+01     1.182233E+03
  2.860596E+01     1.170633E+03
  2.900430E+01     1.159134E+03
  2.940820E+01     1.147736E+03
  2.981772E+01     1.136438E+03
  3.023295E+01     1.125240E+03
  3.065395E+01     1.114138E+03
  3.108082E+01     1.103133E+03
  3.151363E+01     1.092225E+03
  3.195248E+01     1.081415E+03
  3.239743E+01     1.070704E+03
  3.284857E+01     1.060092E+03
  3.330600E+01     1.049579E+03
  3.376980E+01     1.039164E+03
  3.424006E+01     1.028846E+03
  3.471687E+01     1.018623E+03
  3.520031E+01     1.008495E+03
  3.569049E+01     9.984580E+02
  3.618750E+01     9.885146E+02
  3.669142E+01     9.786650E+02
  3.720237E+01     9.689097E+02
  3.772042E+01     9.592490E+02
  3.824570E+01     9.496828E+02
  3.877828E+01     9.402104E+02
  3.931829E+01     9.308311E+02
  3.986581E+01     9.215433E+02
  4.042096E+01     9.123454E+02
  4.098384E+01     9.032356E+02
  4.155455E+01     8.942145E+02
  4.213322E+01     8.852827E+02
  4.271994E+01     8.764403E+02
  4.331483E+01     8.676874E+02
  4.391801E+01     8.590236E+02
  4.452959E+01     8.504482E+02
  4.514968E+01     8.419600E+02
  4.577841E+01     8.335575E+02
  4.641589E+01     8.252386E+02
  4.706225E+01     8.170015E+02
  4.771761E+01     8.088463E+02
  4.838210E+01     8.007737E+02
  4.905584E+01     7.927839E+02
  4.973896E+01     7.848771E+02
  5.043159E+01     7.770531E+02
  5.113388E+01     7.693111E+02
  5.184594E+01     7.616503E+02
  5.256791E+01     7.540692E+02
  5.329994E+01     7.465663E+02
  5.404216E+01     7.391396E+02
  5.479472E+01     7.317892E+02
  5.555776E+01     7.245155E+02
  5.633143E+01     7.173187E+02
  5.711586E+01     7.101987E+02
  5.791123E+01     7.031552E+02
  5.871766E+01     6.961874E+02
  5.953533E+01     6.892943E+02
  6.036439E+01     6.824745E+02
  6.120498E+01     6.757263E+02
  6.205729E+01     6.690476E+02
  6.292146E+01     6.624384E+02
  6.379767E+01     6.558990E+02
  6.468608E+01     6.494296E+02
  6.558686E+01     6.430303E+02
  6.650018E+01     6.367008E+02
  6.742622E+01     6.304405E+02
  6.836516E+01     6.242485E+02
  6.931717E+01     6.181237E+02
  7.028244E+01     6.120645E+02
  7.126115E+01     6.060692E+02
  7.225349E+01     6.001374E+02
  7.325965E+01     5.942695E+02
  7.427982E+01     5.884656E+02
  7.531420E+01     5.827257E+02
  7.636298E+01     5.770495E+02
  7.742637E+01     5.714363E+02
  7.850456E+01     5.658854E+02
  7.959777E+01     5.603957E+02
  8.070620E+01     5.549655E+02
  8.183007E+01     5.495933E+02
  8.296959E+01     5.442785E+02
  8.412497E+01     5.390215E+02
  8.529644E+01     5.338225E+02
  8.648423E+01     5.286814E+02
  8.768856E+01     5.235980E+02
  8.890966E+01     5.185719E+02
  9.014776E+01     5.136023E+02
  9.140311E+01     5.086883E+02
  9.267593E+01     5.038287E+02
  9.396648E+01     4.990218E+02
  9.527500E+01     4.942672E+02
  9.660175E+01     4.895651E+02
  9.794697E+01     4.849155E+02
  9.931092E+01     4.803186E+02
  1.006939E+02     4.757741E+02
  1.020961E+02     4.712814E+02
  1.035178E+02     4.668400E+02
  1.049593E+02     4.624490E+02
  1.064209E+02     4.581070E+02
  1.079029E+02     4.538128E+02
  1.094055E+02     4.495656E+02
  1.109290E+02     4.453657E+02
  1.124737E+02     4.412133E+02
  1.140400E+02     4.371082E+02
  1.156280E+02     4.330505E+02
  1.172382E+02     4.290397E+02
  1.188708E+02     4.250753E+02
  1.205261E+02     4.211565E+02
  1.222045E+02     4.172824E+02
  1.239062E+02     4.134516E+02
  1.256317E+02     4.096635E+02
  1.273811E+02     4.059183E+02
  1.291550E+02     4.022162E+02
  1.309535E+02     3.985570E+02
  1.327771E+02     3.949407E+02
  1.346261E+02     3.913670E+02
  1.365008E+02     3.878354E+02
  1.384016E+02     3.843452E+02
  1.403289E+02     3.808954E+02
  1.422830E+02     3.774850E+02
  1.442644E+02     3.741132E+02
  1.462733E+02     3.707801E+02
  1.483103E+02     3.674859E+02
  1.503755E+02     3.642307E+02
  1.524696E+02     3.610142E+02
  1.545928E+02     3.578362E+02
  1.567455E+02     3.546963E+02
  1.589283E+02     3.515939E+02
  1.611414E+02     3.485281E+02
  1.633854E+02     3.454980E+02
  1.656606E+02     3.425028E+02
  1.679675E+02     3.395426E+02
  1.703065E+02     3.366176E+02
  1.726781E+02     3.337278E+02
  1.750827E+02     3.308730E+02
  1.775208E+02     3.280531E+02
  1.799929E+02     3.252676E+02
  1.824993E+02     3.225161E+02
  1.850407E+02     3.197979E+02
  1.876175E+02     3.171120E+02
  1.902301E+02     3.144577E+02
  1.928792E+02     3.118351E+02
  1.955651E+02     3.092442E+02
  1.982884E+02     3.066853E+02
  2.010496E+02     3.041580E+02
  2.038493E+02     3.016623E+02
  2.066880E+02     2.991979E+02
  2.095662E+02     2.967642E+02
  2.124845E+02     2.943606E+02
  2.154435E+02     2.919864E+02
  2.184436E+02     2.896408E+02
  2.214855E+02     2.873239E+02
  2.245698E+02     2.850358E+02
  2.276970E+02     2.827764E+02
  2.308678E+02     2.805458E+02
  2.340827E+02     2.783437E+02
  2.373424E+02     2.761699E+02
  2.406475E+02     2.740240E+02
  2.439986E+02     2.719054E+02
  2.473964E+02     2.698134E+02
  2.508415E+02     2.677475E+02
  2.543346E+02     2.657074E+02
  2.578763E+02     2.636933E+02
  2.614673E+02     2.617053E+02
  2.651084E+02     2.597432E+02
  2.688001E+02     2.578070E+02
  2.725433E+02     2.558964E+02
  2.763385E+02     2.540111E+02
  2.801867E+02     2.521505E+02
  2.840884E+02     2.503140E+02
  2.880444E+02     2.485011E+02
  2.920556E+02     2.467115E+02
  2.961225E+02     2.449455E+02
  3.002462E+02     2.432030E+02
  3.044272E+02     2.414840E+02
  3.086665E+02     2.397884E+02
  3.129648E+02     2.381160E+02
  3.173230E+02     2.364664E+02
  3.217418E+02     2.348393E+02
  3.262222E+02     2.332340E+02
  3.307650E+02     2.316501E+02
  3.353710E+02     2.300873E+02
  3.400412E+02     2.285458E+02
  3.447764E+02     2.270256E+02
  3.495776E+02     2.255266E+02
  3.544456E+02     2.240489E+02
  3.593814E+02     2.225921E+02
  3.643859E+02     2.211560E+02
  3.694601E+02     2.197402E+02
  3.746050E+02     2.183443E+02
  3.798215E+02     2.169678E+02
  3.851107E+02     2.156103E+02
  3.904735E+02     2.142722E+02
  3.959110E+02     2.129532E+02
  4.014242E+02     2.116536E+02
  4.070142E+02     2.103730E+02
  4.126821E+02     2.091114E+02
  4.184289E+02     2.078686E+02
  4.242556E+02     2.066441E+02
  4.301636E+02     2.054376E+02
  4.361538E+02     2.042487E+02
  4.422274E+02     2.030769E+02
  4.483856E+02     2.019226E+02
  4.546295E+02     2.007856E+02
  4.609604E+02     1.996660E+02
  4.673795E+02     1.985637E+02
  4.738880E+02     1.974785E+02
  4.804870E+02     1.964102E+02
  4.871780E+02     1.953586E+02
  4.939622E+02     1.943233E+02
  5.008408E+02     1.933038E+02
  5.078152E+02     1.922999E+02
  5.148867E+02     1.913117E+02
  5.220568E+02     1.903392E+02
  5.293266E+02     1.893823E+02
  5.366977E+02     1.884411E+02
  5.441714E+02     1.875152E+02
  5.517492E+02     1.866046E+02
  5.594326E+02     1.857089E+02
  5.672229E+02     1.848278E+02
  5.751217E+02     1.839610E+02
  5.831305E+02     1.831082E+02
  5.912508E+02     1.822693E+02
  5.994843E+02     1.814445E+02
  6.078323E+02     1.806337E+02
  6.162966E+02     1.798368E+02
  6.248788E+02     1.790538E+02
  6.335805E+02     1.782844E+02
  6.424034E+02     1.775284E+02
  6.513491E+02     1.767856E+02
  6.604194E+02     1.760556E+02
  6.696160E+02     1.753382E+02
  6.789407E+02     1.746332E+02
  6.883952E+02     1.739407E+02
  6.979814E+02     1.732606E+02
  7.077011E+02     1.725928E+02
  7.175561E+02     1.719370E+02
  7.275484E+02     1.712930E+02
  7.376798E+02     1.706606E+02
  7.479523E+02     1.700395E+02
  7.583678E+02     1.694291E+02
  7.689284E+02     1.688293E+02
  7.796360E+02     1.682401E+02
  7.904928E+02     1.676618E+02
  8.015007E+02     1.670946E+02
  8.126619E+02     1.665387E+02
  8.239786E+02     1.659941E+02
  8.354528E+02     1.654611E+02
  8.470868E+02     1.649398E+02
  8.588829E+02     1.644302E+02
  8.708431E+02     1.639325E+02
  8.829700E+02     1.634464E+02
  8.952657E+02     1.629708E+02
  9.077327E+02     1.625047E+02
  9.203732E+02     1.620466E+02
  9.331898E+02     1.615950E+02
  9.461848E+02     1.611481E+02
  9.593608E+02     1.607043E+02
  9.727203E+02     1.602613E+02
  9.862658E+02     1.598171E+02
  1.000000E+03     1.593693E+02
