FILE CREATED BY  : PROGRAM DPASS - VERSION 2.00
DATABASE VERSION : 21.06
DATE AND TIME    : 09/08/2022 20:36:35
PROJECTILE       : Si
TARGET           : F 
TARGET AT. MASS  : 1.899840E+01
TARGET DENSITY   : 1.696000E-03 g/cm^3
TABULATED OUTPUT : STOPPING FORCE VERSUS ENERGY
DATA TYPE        : SPLINE INTERPOLATED
ABSCISSA UNITS   : MeV/u
ORDINATE UNITS   : eV/nm


      E/n             S(E/n)

  1.000000E-03     1.773264E-01
  1.013925E-03     1.785179E-01
  1.028045E-03     1.797252E-01
  1.042361E-03     1.809475E-01
  1.056876E-03     1.821841E-01
  1.071593E-03     1.834340E-01
  1.086516E-03     1.846963E-01
  1.101646E-03     1.859700E-01
  1.116987E-03     1.872539E-01
  1.132541E-03     1.885468E-01
  1.148312E-03     1.898474E-01
  1.164303E-03     1.911545E-01
  1.180517E-03     1.924680E-01
  1.196956E-03     1.937880E-01
  1.213624E-03     1.951150E-01
  1.230524E-03     1.964492E-01
  1.247660E-03     1.977911E-01
  1.265034E-03     1.991410E-01
  1.282650E-03     2.004995E-01
  1.300511E-03     2.018670E-01
  1.318621E-03     2.032440E-01
  1.336984E-03     2.046312E-01
  1.355602E-03     2.060286E-01
  1.374479E-03     2.074362E-01
  1.393619E-03     2.088539E-01
  1.413026E-03     2.102818E-01
  1.432703E-03     2.117197E-01
  1.452654E-03     2.131676E-01
  1.472883E-03     2.146255E-01
  1.493393E-03     2.160932E-01
  1.514189E-03     2.175708E-01
  1.535275E-03     2.190582E-01
  1.556654E-03     2.205554E-01
  1.578331E-03     2.220625E-01
  1.600310E-03     2.235795E-01
  1.622595E-03     2.251066E-01
  1.645191E-03     2.266438E-01
  1.668101E-03     2.281911E-01
  1.691330E-03     2.297489E-01
  1.714882E-03     2.313170E-01
  1.738762E-03     2.328958E-01
  1.762975E-03     2.344854E-01
  1.787526E-03     2.360858E-01
  1.812418E-03     2.376970E-01
  1.837656E-03     2.393192E-01
  1.863246E-03     2.409523E-01
  1.889193E-03     2.425963E-01
  1.915501E-03     2.442514E-01
  1.942175E-03     2.459176E-01
  1.969220E-03     2.475949E-01
  1.996642E-03     2.492835E-01
  2.024447E-03     2.509833E-01
  2.052638E-03     2.526945E-01
  2.081222E-03     2.544172E-01
  2.110203E-03     2.561514E-01
  2.139589E-03     2.578973E-01
  2.169384E-03     2.596548E-01
  2.199593E-03     2.614242E-01
  2.230223E-03     2.632055E-01
  2.261280E-03     2.649990E-01
  2.292769E-03     2.668046E-01
  2.324697E-03     2.686227E-01
  2.357069E-03     2.704532E-01
  2.389893E-03     2.722963E-01
  2.423173E-03     2.741518E-01
  2.456916E-03     2.760199E-01
  2.491130E-03     2.779004E-01
  2.525820E-03     2.797934E-01
  2.560993E-03     2.816990E-01
  2.596656E-03     2.836170E-01
  2.632815E-03     2.855476E-01
  2.669478E-03     2.874908E-01
  2.706652E-03     2.894466E-01
  2.744343E-03     2.914152E-01
  2.782559E-03     2.933966E-01
  2.821308E-03     2.953909E-01
  2.860596E-03     2.973983E-01
  2.900430E-03     2.994190E-01
  2.940820E-03     3.014531E-01
  2.981772E-03     3.035008E-01
  3.023295E-03     3.055624E-01
  3.065395E-03     3.076380E-01
  3.108082E-03     3.097279E-01
  3.151363E-03     3.118321E-01
  3.195248E-03     3.139505E-01
  3.239743E-03     3.160833E-01
  3.284857E-03     3.182304E-01
  3.330600E-03     3.203920E-01
  3.376980E-03     3.225680E-01
  3.424006E-03     3.247585E-01
  3.471687E-03     3.269636E-01
  3.520031E-03     3.291834E-01
  3.569049E-03     3.314179E-01
  3.618750E-03     3.336672E-01
  3.669142E-03     3.359314E-01
  3.720237E-03     3.382106E-01
  3.772042E-03     3.405048E-01
  3.824570E-03     3.428142E-01
  3.877828E-03     3.451389E-01
  3.931829E-03     3.474790E-01
  3.986581E-03     3.498347E-01
  4.042096E-03     3.522061E-01
  4.098384E-03     3.545935E-01
  4.155455E-03     3.569968E-01
  4.213322E-03     3.594161E-01
  4.271994E-03     3.618515E-01
  4.331483E-03     3.643031E-01
  4.391801E-03     3.667709E-01
  4.452959E-03     3.692551E-01
  4.514968E-03     3.717558E-01
  4.577841E-03     3.742730E-01
  4.641589E-03     3.768070E-01
  4.706225E-03     3.793579E-01
  4.771761E-03     3.819258E-01
  4.838210E-03     3.845107E-01
  4.905584E-03     3.871127E-01
  4.973896E-03     3.897319E-01
  5.043159E-03     3.923684E-01
  5.113388E-03     3.950223E-01
  5.184594E-03     3.976938E-01
  5.256791E-03     4.003830E-01
  5.329994E-03     4.030901E-01
  5.404216E-03     4.058153E-01
  5.479472E-03     4.085585E-01
  5.555776E-03     4.113200E-01
  5.633143E-03     4.140998E-01
  5.711586E-03     4.168979E-01
  5.791123E-03     4.197145E-01
  5.871766E-03     4.225497E-01
  5.953533E-03     4.254036E-01
  6.036439E-03     4.282764E-01
  6.120498E-03     4.311683E-01
  6.205729E-03     4.340793E-01
  6.292146E-03     4.370097E-01
  6.379767E-03     4.399595E-01
  6.468608E-03     4.429287E-01
  6.558686E-03     4.459176E-01
  6.650018E-03     4.489262E-01
  6.742622E-03     4.519546E-01
  6.836516E-03     4.550030E-01
  6.931717E-03     4.580716E-01
  7.028244E-03     4.611606E-01
  7.126115E-03     4.642701E-01
  7.225349E-03     4.674003E-01
  7.325965E-03     4.705514E-01
  7.427982E-03     4.737232E-01
  7.531420E-03     4.769160E-01
  7.636298E-03     4.801299E-01
  7.742637E-03     4.833650E-01
  7.850456E-03     4.866215E-01
  7.959777E-03     4.898995E-01
  8.070620E-03     4.931991E-01
  8.183007E-03     4.965207E-01
  8.296959E-03     4.998644E-01
  8.412497E-03     5.032302E-01
  8.529644E-03     5.066182E-01
  8.648423E-03     5.100287E-01
  8.768856E-03     5.134616E-01
  8.890966E-03     5.169172E-01
  9.014776E-03     5.203956E-01
  9.140311E-03     5.238971E-01
  9.267593E-03     5.274218E-01
  9.396648E-03     5.309700E-01
  9.527500E-03     5.345418E-01
  9.660175E-03     5.381375E-01
  9.794697E-03     5.417569E-01
  9.931092E-03     5.454004E-01
  1.006939E-02     5.490679E-01
  1.020961E-02     5.527598E-01
  1.035178E-02     5.564760E-01
  1.049593E-02     5.602169E-01
  1.064209E-02     5.639827E-01
  1.079029E-02     5.677735E-01
  1.094055E-02     5.715897E-01
  1.109290E-02     5.754312E-01
  1.124737E-02     5.792983E-01
  1.140400E-02     5.831910E-01
  1.156280E-02     5.871095E-01
  1.172382E-02     5.910540E-01
  1.188708E-02     5.950248E-01
  1.205261E-02     5.990219E-01
  1.222045E-02     6.030457E-01
  1.239062E-02     6.070965E-01
  1.256317E-02     6.111745E-01
  1.273811E-02     6.152798E-01
  1.291550E-02     6.194125E-01
  1.309535E-02     6.235728E-01
  1.327771E-02     6.277609E-01
  1.346261E-02     6.319769E-01
  1.365008E-02     6.362211E-01
  1.384016E-02     6.404936E-01
  1.403289E-02     6.447949E-01
  1.422830E-02     6.491252E-01
  1.442644E-02     6.534847E-01
  1.462733E-02     6.578736E-01
  1.483103E-02     6.622920E-01
  1.503755E-02     6.667402E-01
  1.524696E-02     6.712182E-01
  1.545928E-02     6.757264E-01
  1.567455E-02     6.802649E-01
  1.589283E-02     6.848340E-01
  1.611414E-02     6.894341E-01
  1.633854E-02     6.940654E-01
  1.656606E-02     6.987283E-01
  1.679675E-02     7.034229E-01
  1.703065E-02     7.081494E-01
  1.726781E-02     7.129080E-01
  1.750827E-02     7.176989E-01
  1.775208E-02     7.225224E-01
  1.799929E-02     7.273786E-01
  1.824993E-02     7.322679E-01
  1.850407E-02     7.371907E-01
  1.876175E-02     7.421472E-01
  1.902301E-02     7.471380E-01
  1.928792E-02     7.521630E-01
  1.955651E-02     7.572226E-01
  1.982884E-02     7.623170E-01
  2.010496E-02     7.674464E-01
  2.038493E-02     7.726111E-01
  2.066880E-02     7.778115E-01
  2.095662E-02     7.830477E-01
  2.124845E-02     7.883203E-01
  2.154435E-02     7.936297E-01
  2.184436E-02     7.989763E-01
  2.214855E-02     8.043602E-01
  2.245698E-02     8.097818E-01
  2.276970E-02     8.152413E-01
  2.308678E-02     8.207390E-01
  2.340827E-02     8.262751E-01
  2.373424E-02     8.318500E-01
  2.406475E-02     8.374642E-01
  2.439986E-02     8.431179E-01
  2.473964E-02     8.488117E-01
  2.508415E-02     8.545460E-01
  2.543346E-02     8.603212E-01
  2.578763E-02     8.661375E-01
  2.614673E-02     8.719952E-01
  2.651084E-02     8.778947E-01
  2.688001E-02     8.838362E-01
  2.725433E-02     8.898204E-01
  2.763385E-02     8.958474E-01
  2.801867E-02     9.019180E-01
  2.840884E-02     9.080326E-01
  2.880444E-02     9.141917E-01
  2.920556E-02     9.203959E-01
  2.961225E-02     9.266452E-01
  3.002462E-02     9.329402E-01
  3.044272E-02     9.392812E-01
  3.086665E-02     9.456685E-01
  3.129648E-02     9.521027E-01
  3.173230E-02     9.585843E-01
  3.217418E-02     9.651137E-01
  3.262222E-02     9.716916E-01
  3.307650E-02     9.783186E-01
  3.353710E-02     9.849951E-01
  3.400412E-02     9.917216E-01
  3.447764E-02     9.984983E-01
  3.495776E-02     1.005326E+00
  3.544456E-02     1.012204E+00
  3.593814E-02     1.019135E+00
  3.643859E-02     1.026117E+00
  3.694601E-02     1.033153E+00
  3.746050E-02     1.040242E+00
  3.798215E-02     1.047385E+00
  3.851107E-02     1.054583E+00
  3.904735E-02     1.061836E+00
  3.959110E-02     1.069145E+00
  4.014242E-02     1.076509E+00
  4.070142E-02     1.083930E+00
  4.126821E-02     1.091408E+00
  4.184289E-02     1.098944E+00
  4.242556E-02     1.106537E+00
  4.301636E-02     1.114190E+00
  4.361538E-02     1.121902E+00
  4.422274E-02     1.129674E+00
  4.483856E-02     1.137507E+00
  4.546295E-02     1.145400E+00
  4.609604E-02     1.153355E+00
  4.673795E-02     1.161371E+00
  4.738880E-02     1.169450E+00
  4.804870E-02     1.177591E+00
  4.871780E-02     1.185796E+00
  4.939622E-02     1.194065E+00
  5.008408E-02     1.202398E+00
  5.078152E-02     1.210796E+00
  5.148867E-02     1.219260E+00
  5.220568E-02     1.227789E+00
  5.293266E-02     1.236384E+00
  5.366977E-02     1.245045E+00
  5.441714E-02     1.253773E+00
  5.517492E-02     1.262568E+00
  5.594326E-02     1.271431E+00
  5.672229E-02     1.280361E+00
  5.751217E-02     1.289360E+00
  5.831305E-02     1.298427E+00
  5.912508E-02     1.307563E+00
  5.994843E-02     1.316768E+00
  6.078323E-02     1.326042E+00
  6.162966E-02     1.335385E+00
  6.248788E-02     1.344797E+00
  6.335805E-02     1.354279E+00
  6.424034E-02     1.363830E+00
  6.513491E-02     1.373451E+00
  6.604194E-02     1.383141E+00
  6.696160E-02     1.392902E+00
  6.789407E-02     1.402732E+00
  6.883952E-02     1.412632E+00
  6.979814E-02     1.422601E+00
  7.077011E-02     1.432640E+00
  7.175561E-02     1.442747E+00
  7.275484E-02     1.452923E+00
  7.376798E-02     1.463168E+00
  7.479523E-02     1.473482E+00
  7.583678E-02     1.483864E+00
  7.689284E-02     1.494314E+00
  7.796360E-02     1.504831E+00
  7.904928E-02     1.515415E+00
  8.015007E-02     1.526066E+00
  8.126619E-02     1.536782E+00
  8.239786E-02     1.547563E+00
  8.354528E-02     1.558408E+00
  8.470868E-02     1.569317E+00
  8.588829E-02     1.580288E+00
  8.708431E-02     1.591322E+00
  8.829700E-02     1.602417E+00
  8.952657E-02     1.613572E+00
  9.077327E-02     1.624786E+00
  9.203732E-02     1.636057E+00
  9.331898E-02     1.647386E+00
  9.461848E-02     1.658770E+00
  9.593608E-02     1.670208E+00
  9.727203E-02     1.681698E+00
  9.862658E-02     1.693240E+00
  1.000000E-01     1.704832E+00
  1.013925E-01     1.716472E+00
  1.028045E-01     1.728159E+00
  1.042361E-01     1.739892E+00
  1.056876E-01     1.751668E+00
  1.071593E-01     1.763486E+00
  1.086516E-01     1.775345E+00
  1.101646E-01     1.787242E+00
  1.116987E-01     1.799176E+00
  1.132541E-01     1.811145E+00
  1.148312E-01     1.823147E+00
  1.164303E-01     1.835180E+00
  1.180517E-01     1.847243E+00
  1.196956E-01     1.859333E+00
  1.213624E-01     1.871447E+00
  1.230524E-01     1.883585E+00
  1.247660E-01     1.895743E+00
  1.265034E-01     1.907920E+00
  1.282650E-01     1.920113E+00
  1.300511E-01     1.932320E+00
  1.318621E-01     1.944539E+00
  1.336984E-01     1.956767E+00
  1.355602E-01     1.969002E+00
  1.374479E-01     1.981241E+00
  1.393619E-01     1.993484E+00
  1.413026E-01     2.005726E+00
  1.432703E-01     2.017966E+00
  1.452654E-01     2.030201E+00
  1.472883E-01     2.042430E+00
  1.493393E-01     2.054649E+00
  1.514189E-01     2.066858E+00
  1.535275E-01     2.079052E+00
  1.556654E-01     2.091231E+00
  1.578331E-01     2.103391E+00
  1.600310E-01     2.115529E+00
  1.622595E-01     2.127644E+00
  1.645191E-01     2.139733E+00
  1.668101E-01     2.151792E+00
  1.691330E-01     2.163821E+00
  1.714882E-01     2.175815E+00
  1.738762E-01     2.187774E+00
  1.762975E-01     2.199694E+00
  1.787526E-01     2.211574E+00
  1.812418E-01     2.223409E+00
  1.837656E-01     2.235199E+00
  1.863246E-01     2.246940E+00
  1.889193E-01     2.258628E+00
  1.915501E-01     2.270263E+00
  1.942175E-01     2.281841E+00
  1.969220E-01     2.293361E+00
  1.996642E-01     2.304819E+00
  2.024447E-01     2.316214E+00
  2.052638E-01     2.327544E+00
  2.081222E-01     2.338805E+00
  2.110203E-01     2.349994E+00
  2.139589E-01     2.361110E+00
  2.169384E-01     2.372148E+00
  2.199593E-01     2.383107E+00
  2.230223E-01     2.393984E+00
  2.261280E-01     2.404777E+00
  2.292769E-01     2.415483E+00
  2.324697E-01     2.426101E+00
  2.357069E-01     2.436629E+00
  2.389893E-01     2.447063E+00
  2.423173E-01     2.457401E+00
  2.456916E-01     2.467640E+00
  2.491130E-01     2.477778E+00
  2.525820E-01     2.487812E+00
  2.560993E-01     2.497740E+00
  2.596656E-01     2.507560E+00
  2.632815E-01     2.517271E+00
  2.669478E-01     2.526871E+00
  2.706652E-01     2.536358E+00
  2.744343E-01     2.545730E+00
  2.782559E-01     2.554983E+00
  2.821308E-01     2.564116E+00
  2.860596E-01     2.573126E+00
  2.900430E-01     2.582012E+00
  2.940820E-01     2.590771E+00
  2.981772E-01     2.599403E+00
  3.023295E-01     2.607906E+00
  3.065395E-01     2.616278E+00
  3.108082E-01     2.624520E+00
  3.151363E-01     2.632629E+00
  3.195248E-01     2.640602E+00
  3.239743E-01     2.648438E+00
  3.284857E-01     2.656134E+00
  3.330600E-01     2.663690E+00
  3.376980E-01     2.671104E+00
  3.424006E-01     2.678376E+00
  3.471687E-01     2.685505E+00
  3.520031E-01     2.692490E+00
  3.569049E-01     2.699333E+00
  3.618750E-01     2.706030E+00
  3.669142E-01     2.712580E+00
  3.720237E-01     2.718982E+00
  3.772042E-01     2.725234E+00
  3.824570E-01     2.731335E+00
  3.877828E-01     2.737286E+00
  3.931829E-01     2.743085E+00
  3.986581E-01     2.748733E+00
  4.042096E-01     2.754230E+00
  4.098384E-01     2.759578E+00
  4.155455E-01     2.764775E+00
  4.213322E-01     2.769819E+00
  4.271994E-01     2.774709E+00
  4.331483E-01     2.779446E+00
  4.391801E-01     2.784027E+00
  4.452959E-01     2.788454E+00
  4.514968E-01     2.792727E+00
  4.577841E-01     2.796846E+00
  4.641589E-01     2.800814E+00
  4.706225E-01     2.804630E+00
  4.771761E-01     2.808295E+00
  4.838210E-01     2.811807E+00
  4.905584E-01     2.815166E+00
  4.973896E-01     2.818372E+00
  5.043159E-01     2.821424E+00
  5.113388E-01     2.824322E+00
  5.184594E-01     2.827068E+00
  5.256791E-01     2.829663E+00
  5.329994E-01     2.832108E+00
  5.404216E-01     2.834405E+00
  5.479472E-01     2.836554E+00
  5.555776E-01     2.838554E+00
  5.633143E-01     2.840405E+00
  5.711586E-01     2.842106E+00
  5.791123E-01     2.843658E+00
  5.871766E-01     2.845061E+00
  5.953533E-01     2.846317E+00
  6.036439E-01     2.847426E+00
  6.120498E-01     2.848391E+00
  6.205729E-01     2.849214E+00
  6.292146E-01     2.849894E+00
  6.379767E-01     2.850432E+00
  6.468608E-01     2.850827E+00
  6.558686E-01     2.851080E+00
  6.650018E-01     2.851191E+00
  6.742622E-01     2.851161E+00
  6.836516E-01     2.850991E+00
  6.931717E-01     2.850683E+00
  7.028244E-01     2.850240E+00
  7.126115E-01     2.849663E+00
  7.225349E-01     2.848953E+00
  7.325965E-01     2.848110E+00
  7.427982E-01     2.847134E+00
  7.531420E-01     2.846024E+00
  7.636298E-01     2.844781E+00
  7.742637E-01     2.843406E+00
  7.850456E-01     2.841900E+00
  7.959777E-01     2.840263E+00
  8.070620E-01     2.838499E+00
  8.183007E-01     2.836608E+00
  8.296959E-01     2.834592E+00
  8.412497E-01     2.832449E+00
  8.529644E-01     2.830180E+00
  8.648423E-01     2.827785E+00
  8.768856E-01     2.825263E+00
  8.890966E-01     2.822615E+00
  9.014776E-01     2.819842E+00
  9.140311E-01     2.816945E+00
  9.267593E-01     2.813926E+00
  9.396648E-01     2.810784E+00
  9.527500E-01     2.807522E+00
  9.660175E-01     2.804140E+00
  9.794697E-01     2.800637E+00
  9.931092E-01     2.797014E+00
  1.006939E+00     2.793272E+00
  1.020961E+00     2.789411E+00
  1.035178E+00     2.785432E+00
  1.049593E+00     2.781338E+00
  1.064209E+00     2.777130E+00
  1.079029E+00     2.772809E+00
  1.094055E+00     2.768377E+00
  1.109290E+00     2.763834E+00
  1.124737E+00     2.759181E+00
  1.140400E+00     2.754416E+00
  1.156280E+00     2.749542E+00
  1.172382E+00     2.744558E+00
  1.188708E+00     2.739465E+00
  1.205261E+00     2.734265E+00
  1.222045E+00     2.728959E+00
  1.239062E+00     2.723548E+00
  1.256317E+00     2.718033E+00
  1.273811E+00     2.712415E+00
  1.291550E+00     2.706693E+00
  1.309535E+00     2.700867E+00
  1.327771E+00     2.694939E+00
  1.346261E+00     2.688908E+00
  1.365008E+00     2.682775E+00
  1.384016E+00     2.676540E+00
  1.403289E+00     2.670206E+00
  1.422830E+00     2.663772E+00
  1.442644E+00     2.657240E+00
  1.462733E+00     2.650609E+00
  1.483103E+00     2.643881E+00
  1.503755E+00     2.637056E+00
  1.524696E+00     2.630133E+00
  1.545928E+00     2.623113E+00
  1.567455E+00     2.615997E+00
  1.589283E+00     2.608786E+00
  1.611414E+00     2.601481E+00
  1.633854E+00     2.594082E+00
  1.656606E+00     2.586592E+00
  1.679675E+00     2.579009E+00
  1.703065E+00     2.571335E+00
  1.726781E+00     2.563569E+00
  1.750827E+00     2.555712E+00
  1.775208E+00     2.547765E+00
  1.799929E+00     2.539728E+00
  1.824993E+00     2.531602E+00
  1.850407E+00     2.523388E+00
  1.876175E+00     2.515086E+00
  1.902301E+00     2.506698E+00
  1.928792E+00     2.498223E+00
  1.955651E+00     2.489664E+00
  1.982884E+00     2.481019E+00
  2.010496E+00     2.472289E+00
  2.038493E+00     2.463475E+00
  2.066880E+00     2.454577E+00
  2.095662E+00     2.445597E+00
  2.124845E+00     2.436534E+00
  2.154435E+00     2.427391E+00
  2.184436E+00     2.418168E+00
  2.214855E+00     2.408865E+00
  2.245698E+00     2.399484E+00
  2.276970E+00     2.390024E+00
  2.308678E+00     2.380486E+00
  2.340827E+00     2.370872E+00
  2.373424E+00     2.361182E+00
  2.406475E+00     2.351417E+00
  2.439986E+00     2.341577E+00
  2.473964E+00     2.331665E+00
  2.508415E+00     2.321680E+00
  2.543346E+00     2.311624E+00
  2.578763E+00     2.301498E+00
  2.614673E+00     2.291302E+00
  2.651084E+00     2.281037E+00
  2.688001E+00     2.270704E+00
  2.725433E+00     2.260303E+00
  2.763385E+00     2.249837E+00
  2.801867E+00     2.239305E+00
  2.840884E+00     2.228709E+00
  2.880444E+00     2.218050E+00
  2.920556E+00     2.207329E+00
  2.961225E+00     2.196546E+00
  3.002462E+00     2.185704E+00
  3.044272E+00     2.174801E+00
  3.086665E+00     2.163841E+00
  3.129648E+00     2.152823E+00
  3.173230E+00     2.141748E+00
  3.217418E+00     2.130618E+00
  3.262222E+00     2.119434E+00
  3.307650E+00     2.108197E+00
  3.353710E+00     2.096908E+00
  3.400412E+00     2.085568E+00
  3.447764E+00     2.074179E+00
  3.495776E+00     2.062742E+00
  3.544456E+00     2.051259E+00
  3.593814E+00     2.039730E+00
  3.643859E+00     2.028158E+00
  3.694601E+00     2.016544E+00
  3.746050E+00     2.004889E+00
  3.798215E+00     1.993195E+00
  3.851107E+00     1.981463E+00
  3.904735E+00     1.969694E+00
  3.959110E+00     1.957890E+00
  4.014242E+00     1.946052E+00
  4.070142E+00     1.934180E+00
  4.126821E+00     1.922277E+00
  4.184289E+00     1.910342E+00
  4.242556E+00     1.898378E+00
  4.301636E+00     1.886385E+00
  4.361538E+00     1.874364E+00
  4.422274E+00     1.862317E+00
  4.483856E+00     1.850244E+00
  4.546295E+00     1.838148E+00
  4.609604E+00     1.826030E+00
  4.673795E+00     1.813892E+00
  4.738880E+00     1.801736E+00
  4.804870E+00     1.789562E+00
  4.871780E+00     1.777372E+00
  4.939622E+00     1.765168E+00
  5.008408E+00     1.752952E+00
  5.078152E+00     1.740724E+00
  5.148867E+00     1.728486E+00
  5.220568E+00     1.716241E+00
  5.293266E+00     1.703990E+00
  5.366977E+00     1.691734E+00
  5.441714E+00     1.679474E+00
  5.517492E+00     1.667214E+00
  5.594326E+00     1.654953E+00
  5.672229E+00     1.642694E+00
  5.751217E+00     1.630437E+00
  5.831305E+00     1.618184E+00
  5.912508E+00     1.605937E+00
  5.994843E+00     1.593696E+00
  6.078323E+00     1.581465E+00
  6.162966E+00     1.569244E+00
  6.248788E+00     1.557034E+00
  6.335805E+00     1.544838E+00
  6.424034E+00     1.532655E+00
  6.513491E+00     1.520487E+00
  6.604194E+00     1.508335E+00
  6.696160E+00     1.496199E+00
  6.789407E+00     1.484082E+00
  6.883952E+00     1.471986E+00
  6.979814E+00     1.459912E+00
  7.077011E+00     1.447861E+00
  7.175561E+00     1.435836E+00
  7.275484E+00     1.423838E+00
  7.376798E+00     1.411867E+00
  7.479523E+00     1.399925E+00
  7.583678E+00     1.388013E+00
  7.689284E+00     1.376132E+00
  7.796360E+00     1.364284E+00
  7.904928E+00     1.352470E+00
  8.015007E+00     1.340692E+00
  8.126619E+00     1.328951E+00
  8.239786E+00     1.317250E+00
  8.354528E+00     1.305589E+00
  8.470868E+00     1.293969E+00
  8.588829E+00     1.282392E+00
  8.708431E+00     1.270857E+00
  8.829700E+00     1.259366E+00
  8.952657E+00     1.247919E+00
  9.077327E+00     1.236519E+00
  9.203732E+00     1.225167E+00
  9.331898E+00     1.213864E+00
  9.461848E+00     1.202611E+00
  9.593608E+00     1.191409E+00
  9.727203E+00     1.180258E+00
  9.862658E+00     1.169159E+00
  1.000000E+01     1.158111E+00
  1.013925E+01     1.147115E+00
  1.028045E+01     1.136173E+00
  1.042361E+01     1.125286E+00
  1.056876E+01     1.114455E+00
  1.071593E+01     1.103683E+00
  1.086516E+01     1.092970E+00
  1.101646E+01     1.082318E+00
  1.116987E+01     1.071727E+00
  1.132541E+01     1.061198E+00
  1.148312E+01     1.050732E+00
  1.164303E+01     1.040328E+00
  1.180517E+01     1.029988E+00
  1.196956E+01     1.019713E+00
  1.213624E+01     1.009504E+00
  1.230524E+01     9.993626E-01
  1.247660E+01     9.892883E-01
  1.265034E+01     9.792817E-01
  1.282650E+01     9.693430E-01
  1.300511E+01     9.594717E-01
  1.318621E+01     9.496672E-01
  1.336984E+01     9.399289E-01
  1.355602E+01     9.302575E-01
  1.374479E+01     9.206544E-01
  1.393619E+01     9.111209E-01
  1.413026E+01     9.016580E-01
  1.432703E+01     8.922666E-01
  1.452654E+01     8.829471E-01
  1.472883E+01     8.736999E-01
  1.493393E+01     8.645250E-01
  1.514189E+01     8.554221E-01
  1.535275E+01     8.463907E-01
  1.556654E+01     8.374314E-01
  1.578331E+01     8.285451E-01
  1.600310E+01     8.197328E-01
  1.622595E+01     8.109951E-01
  1.645191E+01     8.023322E-01
  1.668101E+01     7.937443E-01
  1.691330E+01     7.852312E-01
  1.714882E+01     7.767922E-01
  1.738762E+01     7.684264E-01
  1.762975E+01     7.601328E-01
  1.787526E+01     7.519114E-01
  1.812418E+01     7.437631E-01
  1.837656E+01     7.356886E-01
  1.863246E+01     7.276886E-01
  1.889193E+01     7.197633E-01
  1.915501E+01     7.119128E-01
  1.942175E+01     7.041367E-01
  1.969220E+01     6.964344E-01
  1.996642E+01     6.888050E-01
  2.024447E+01     6.812473E-01
  2.052638E+01     6.737611E-01
  2.081222E+01     6.663472E-01
  2.110203E+01     6.590061E-01
  2.139589E+01     6.517384E-01
  2.169384E+01     6.445441E-01
  2.199593E+01     6.374232E-01
  2.230223E+01     6.303752E-01
  2.261280E+01     6.233994E-01
  2.292769E+01     6.164947E-01
  2.324697E+01     6.096599E-01
  2.357069E+01     6.028944E-01
  2.389893E+01     5.961986E-01
  2.423173E+01     5.895732E-01
  2.456916E+01     5.830182E-01
  2.491130E+01     5.765335E-01
  2.525820E+01     5.701190E-01
  2.560993E+01     5.637739E-01
  2.596656E+01     5.574974E-01
  2.632815E+01     5.512883E-01
  2.669478E+01     5.451448E-01
  2.706652E+01     5.390663E-01
  2.744343E+01     5.330531E-01
  2.782559E+01     5.271057E-01
  2.821308E+01     5.212243E-01
  2.860596E+01     5.154088E-01
  2.900430E+01     5.096591E-01
  2.940820E+01     5.039745E-01
  2.981772E+01     4.983544E-01
  3.023295E+01     4.927974E-01
  3.065395E+01     4.873023E-01
  3.108082E+01     4.818681E-01
  3.151363E+01     4.764949E-01
  3.195248E+01     4.711831E-01
  3.239743E+01     4.659327E-01
  3.284857E+01     4.607435E-01
  3.330600E+01     4.556151E-01
  3.376980E+01     4.505467E-01
  3.424006E+01     4.455374E-01
  3.471687E+01     4.405859E-01
  3.520031E+01     4.356908E-01
  3.569049E+01     4.308507E-01
  3.618750E+01     4.260659E-01
  3.669142E+01     4.213366E-01
  3.720237E+01     4.166630E-01
  3.772042E+01     4.120448E-01
  3.824570E+01     4.074818E-01
  3.877828E+01     4.029735E-01
  3.931829E+01     3.985190E-01
  3.986581E+01     3.941173E-01
  4.042096E+01     3.897671E-01
  4.098384E+01     3.854672E-01
  4.155455E+01     3.812177E-01
  4.213322E+01     3.770188E-01
  4.271994E+01     3.728702E-01
  4.331483E+01     3.687720E-01
  4.391801E+01     3.647235E-01
  4.452959E+01     3.607243E-01
  4.514968E+01     3.567735E-01
  4.577841E+01     3.528700E-01
  4.641589E+01     3.490124E-01
  4.706225E+01     3.451994E-01
  4.771761E+01     3.414311E-01
  4.838210E+01     3.377075E-01
  4.905584E+01     3.340287E-01
  4.973896E+01     3.303946E-01
  5.043159E+01     3.268050E-01
  5.113388E+01     3.232592E-01
  5.184594E+01     3.197567E-01
  5.256791E+01     3.162966E-01
  5.329994E+01     3.128777E-01
  5.404216E+01     3.094989E-01
  5.479472E+01     3.061602E-01
  5.555776E+01     3.028615E-01
  5.633143E+01     2.996029E-01
  5.711586E+01     2.963842E-01
  5.791123E+01     2.932050E-01
  5.871766E+01     2.900650E-01
  5.953533E+01     2.869634E-01
  6.036439E+01     2.838993E-01
  6.120498E+01     2.808717E-01
  6.205729E+01     2.778794E-01
  6.292146E+01     2.749223E-01
  6.379767E+01     2.720005E-01
  6.468608E+01     2.691139E-01
  6.558686E+01     2.662625E-01
  6.650018E+01     2.634461E-01
  6.742622E+01     2.606643E-01
  6.836516E+01     2.579165E-01
  6.931717E+01     2.552021E-01
  7.028244E+01     2.525203E-01
  7.126115E+01     2.498699E-01
  7.225349E+01     2.472508E-01
  7.325965E+01     2.446631E-01
  7.427982E+01     2.421067E-01
  7.531420E+01     2.395816E-01
  7.636298E+01     2.370875E-01
  7.742637E+01     2.346241E-01
  7.850456E+01     2.321909E-01
  7.959777E+01     2.297872E-01
  8.070620E+01     2.274123E-01
  8.183007E+01     2.250651E-01
  8.296959E+01     2.227455E-01
  8.412497E+01     2.204535E-01
  8.529644E+01     2.181891E-01
  8.648423E+01     2.159523E-01
  8.768856E+01     2.137429E-01
  8.890966E+01     2.115607E-01
  9.014776E+01     2.094052E-01
  9.140311E+01     2.072760E-01
  9.267593E+01     2.051723E-01
  9.396648E+01     2.030934E-01
  9.527500E+01     2.010389E-01
  9.660175E+01     1.990090E-01
  9.794697E+01     1.970036E-01
  9.931092E+01     1.950228E-01
  1.006939E+02     1.930663E-01
  1.020961E+02     1.911339E-01
  1.035178E+02     1.892253E-01
  1.049593E+02     1.873400E-01
  1.064209E+02     1.854774E-01
  1.079029E+02     1.836368E-01
  1.094055E+02     1.818179E-01
  1.109290E+02     1.800207E-01
  1.124737E+02     1.782452E-01
  1.140400E+02     1.764915E-01
  1.156280E+02     1.747594E-01
  1.172382E+02     1.730488E-01
  1.188708E+02     1.713592E-01
  1.205261E+02     1.696904E-01
  1.222045E+02     1.680419E-01
  1.239062E+02     1.664130E-01
  1.256317E+02     1.648033E-01
  1.273811E+02     1.632130E-01
  1.291550E+02     1.616421E-01
  1.309535E+02     1.600905E-01
  1.327771E+02     1.585582E-01
  1.346261E+02     1.570450E-01
  1.365008E+02     1.555506E-01
  1.384016E+02     1.540747E-01
  1.403289E+02     1.526169E-01
  1.422830E+02     1.511767E-01
  1.442644E+02     1.497537E-01
  1.462733E+02     1.483478E-01
  1.483103E+02     1.469593E-01
  1.503755E+02     1.455880E-01
  1.524696E+02     1.442339E-01
  1.545928E+02     1.428968E-01
  1.567455E+02     1.415765E-01
  1.589283E+02     1.402728E-01
  1.611414E+02     1.389852E-01
  1.633854E+02     1.377134E-01
  1.656606E+02     1.364568E-01
  1.679675E+02     1.352156E-01
  1.703065E+02     1.339898E-01
  1.726781E+02     1.327794E-01
  1.750827E+02     1.315843E-01
  1.775208E+02     1.304045E-01
  1.799929E+02     1.292397E-01
  1.824993E+02     1.280897E-01
  1.850407E+02     1.269541E-01
  1.876175E+02     1.258326E-01
  1.902301E+02     1.247249E-01
  1.928792E+02     1.236308E-01
  1.955651E+02     1.225505E-01
  1.982884E+02     1.214840E-01
  2.010496E+02     1.204313E-01
  2.038493E+02     1.193921E-01
  2.066880E+02     1.183664E-01
  2.095662E+02     1.173539E-01
  2.124845E+02     1.163543E-01
  2.154435E+02     1.153674E-01
  2.184436E+02     1.143927E-01
  2.214855E+02     1.134303E-01
  2.245698E+02     1.124802E-01
  2.276970E+02     1.115424E-01
  2.308678E+02     1.106169E-01
  2.340827E+02     1.097036E-01
  2.373424E+02     1.088024E-01
  2.406475E+02     1.079130E-01
  2.439986E+02     1.070353E-01
  2.473964E+02     1.061690E-01
  2.508415E+02     1.053137E-01
  2.543346E+02     1.044695E-01
  2.578763E+02     1.036362E-01
  2.614673E+02     1.028140E-01
  2.651084E+02     1.020028E-01
  2.688001E+02     1.012024E-01
  2.725433E+02     1.004127E-01
  2.763385E+02     9.963360E-02
  2.801867E+02     9.886476E-02
  2.840884E+02     9.810591E-02
  2.880444E+02     9.735674E-02
  2.920556E+02     9.661725E-02
  2.961225E+02     9.588755E-02
  3.002462E+02     9.516774E-02
  3.044272E+02     9.445790E-02
  3.086665E+02     9.375807E-02
  3.129648E+02     9.306827E-02
  3.173230E+02     9.238847E-02
  3.217418E+02     9.171862E-02
  3.262222E+02     9.105864E-02
  3.307650E+02     9.040840E-02
  3.353710E+02     8.976779E-02
  3.400412E+02     8.913667E-02
  3.447764E+02     8.851489E-02
  3.495776E+02     8.790221E-02
  3.544456E+02     8.729838E-02
  3.593814E+02     8.670308E-02
  3.643859E+02     8.611593E-02
  3.694601E+02     8.553651E-02
  3.746050E+02     8.496432E-02
  3.798215E+02     8.439882E-02
  3.851107E+02     8.383989E-02
  3.904735E+02     8.328769E-02
  3.959110E+02     8.274239E-02
  4.014242E+02     8.220414E-02
  4.070142E+02     8.167310E-02
  4.126821E+02     8.114939E-02
  4.184289E+02     8.063314E-02
  4.242556E+02     8.012444E-02
  4.301636E+02     7.962339E-02
  4.361538E+02     7.913006E-02
  4.422274E+02     7.864447E-02
  4.483856E+02     7.816662E-02
  4.546295E+02     7.769647E-02
  4.609604E+02     7.723394E-02
  4.673795E+02     7.677894E-02
  4.738880E+02     7.633133E-02
  4.804870E+02     7.589096E-02
  4.871780E+02     7.545761E-02
  4.939622E+02     7.503105E-02
  5.008408E+02     7.461099E-02
  5.078152E+02     7.419728E-02
  5.148867E+02     7.378993E-02
  5.220568E+02     7.338897E-02
  5.293266E+02     7.299438E-02
  5.366977E+02     7.260613E-02
  5.441714E+02     7.222417E-02
  5.517492E+02     7.184841E-02
  5.594326E+02     7.147875E-02
  5.672229E+02     7.111506E-02
  5.751217E+02     7.075718E-02
  5.831305E+02     7.040500E-02
  5.912508E+02     7.005854E-02
  5.994843E+02     6.971782E-02
  6.078323E+02     6.938283E-02
  6.162966E+02     6.905355E-02
  6.248788E+02     6.872992E-02
  6.335805E+02     6.841190E-02
  6.424034E+02     6.809937E-02
  6.513491E+02     6.779225E-02
  6.604194E+02     6.749037E-02
  6.696160E+02     6.719364E-02
  6.789407E+02     6.690207E-02
  6.883952E+02     6.661564E-02
  6.979814E+02     6.633433E-02
  7.077011E+02     6.605811E-02
  7.175561E+02     6.578692E-02
  7.275484E+02     6.552068E-02
  7.376798E+02     6.525930E-02
  7.479523E+02     6.500264E-02
  7.583678E+02     6.475056E-02
  7.689284E+02     6.450297E-02
  7.796360E+02     6.425992E-02
  7.904928E+02     6.402150E-02
  8.015007E+02     6.378779E-02
  8.126619E+02     6.355885E-02
  8.239786E+02     6.333475E-02
  8.354528E+02     6.311554E-02
  8.470868E+02     6.290126E-02
  8.588829E+02     6.269194E-02
  8.708431E+02     6.248760E-02
  8.829700E+02     6.228816E-02
  8.952657E+02     6.209319E-02
  9.077327E+02     6.190218E-02
  9.203732E+02     6.171455E-02
  9.331898E+02     6.152968E-02
  9.461848E+02     6.134686E-02
  9.593608E+02     6.116532E-02
  9.727203E+02     6.098422E-02
  9.862658E+02     6.080266E-02
  1.000000E+03     6.061962E-02
