FILE CREATED BY  : PROGRAM DPASS - VERSION 2.00
DATABASE VERSION : 21.06
DATE AND TIME    : 09/08/2022 20:41:16
PROJECTILE       : P 
TARGET           : Cu
TARGET AT. MASS  : 6.354600E+01
TARGET DENSITY   : 8.960000E+00 g/cm^3
TABULATED OUTPUT : STOPPING FORCE VERSUS ENERGY
DATA TYPE        : SPLINE INTERPOLATED
ABSCISSA UNITS   : MeV/u
ORDINATE UNITS   : eV/nm


      E/n             S(E/n)

  1.000000E-03     5.483226E+02
  1.013925E-03     5.520326E+02
  1.028045E-03     5.557916E+02
  1.042361E-03     5.595974E+02
  1.056876E-03     5.634477E+02
  1.071593E-03     5.673397E+02
  1.086516E-03     5.712708E+02
  1.101646E-03     5.752376E+02
  1.116987E-03     5.792368E+02
  1.132541E-03     5.832646E+02
  1.148312E-03     5.873169E+02
  1.164303E-03     5.913901E+02
  1.180517E-03     5.954837E+02
  1.196956E-03     5.995987E+02
  1.213624E-03     6.037360E+02
  1.230524E-03     6.078966E+02
  1.247660E-03     6.120818E+02
  1.265034E-03     6.162928E+02
  1.282650E-03     6.205310E+02
  1.300511E-03     6.247981E+02
  1.318621E-03     6.290955E+02
  1.336984E-03     6.334251E+02
  1.355602E-03     6.377872E+02
  1.374479E-03     6.421816E+02
  1.393619E-03     6.466084E+02
  1.413026E-03     6.510672E+02
  1.432703E-03     6.555580E+02
  1.452654E-03     6.600805E+02
  1.472883E-03     6.646347E+02
  1.493393E-03     6.692202E+02
  1.514189E-03     6.738370E+02
  1.535275E-03     6.784847E+02
  1.556654E-03     6.831637E+02
  1.578331E-03     6.878741E+02
  1.600310E-03     6.926164E+02
  1.622595E-03     6.973910E+02
  1.645191E-03     7.021984E+02
  1.668101E-03     7.070391E+02
  1.691330E-03     7.119137E+02
  1.714882E-03     7.168227E+02
  1.738762E-03     7.217670E+02
  1.762975E-03     7.267470E+02
  1.787526E-03     7.317632E+02
  1.812418E-03     7.368153E+02
  1.837656E-03     7.419032E+02
  1.863246E-03     7.470266E+02
  1.889193E-03     7.521854E+02
  1.915501E-03     7.573794E+02
  1.942175E-03     7.626084E+02
  1.969220E-03     7.678720E+02
  1.996642E-03     7.731702E+02
  2.024447E-03     7.785027E+02
  2.052638E-03     7.838696E+02
  2.081222E-03     7.892713E+02
  2.110203E-03     7.947084E+02
  2.139589E-03     8.001815E+02
  2.169384E-03     8.056912E+02
  2.199593E-03     8.112383E+02
  2.230223E-03     8.168234E+02
  2.261280E-03     8.224474E+02
  2.292769E-03     8.281113E+02
  2.324697E-03     8.338162E+02
  2.357069E-03     8.395624E+02
  2.389893E-03     8.453502E+02
  2.423173E-03     8.511795E+02
  2.456916E-03     8.570504E+02
  2.491130E-03     8.629628E+02
  2.525820E-03     8.689169E+02
  2.560993E-03     8.749126E+02
  2.596656E-03     8.809501E+02
  2.632815E-03     8.870293E+02
  2.669478E-03     8.931505E+02
  2.706652E-03     8.993138E+02
  2.744343E-03     9.055193E+02
  2.782559E-03     9.117674E+02
  2.821308E-03     9.180584E+02
  2.860596E-03     9.243926E+02
  2.900430E-03     9.307704E+02
  2.940820E-03     9.371923E+02
  2.981772E-03     9.436586E+02
  3.023295E-03     9.501700E+02
  3.065395E-03     9.567269E+02
  3.108082E-03     9.633299E+02
  3.151363E-03     9.699792E+02
  3.195248E-03     9.766748E+02
  3.239743E-03     9.834171E+02
  3.284857E-03     9.902063E+02
  3.330600E-03     9.970426E+02
  3.376980E-03     1.003926E+03
  3.424006E-03     1.010858E+03
  3.471687E-03     1.017837E+03
  3.520031E-03     1.024865E+03
  3.569049E-03     1.031942E+03
  3.618750E-03     1.039068E+03
  3.669142E-03     1.046244E+03
  3.720237E-03     1.053469E+03
  3.772042E-03     1.060743E+03
  3.824570E-03     1.068068E+03
  3.877828E-03     1.075443E+03
  3.931829E-03     1.082870E+03
  3.986581E-03     1.090347E+03
  4.042096E-03     1.097876E+03
  4.098384E-03     1.105458E+03
  4.155455E-03     1.113092E+03
  4.213322E-03     1.120778E+03
  4.271994E-03     1.128518E+03
  4.331483E-03     1.136311E+03
  4.391801E-03     1.144157E+03
  4.452959E-03     1.152057E+03
  4.514968E-03     1.160011E+03
  4.577841E-03     1.168020E+03
  4.641589E-03     1.176084E+03
  4.706225E-03     1.184204E+03
  4.771761E-03     1.192379E+03
  4.838210E-03     1.200611E+03
  4.905584E-03     1.208899E+03
  4.973896E-03     1.217243E+03
  5.043159E-03     1.225644E+03
  5.113388E-03     1.234102E+03
  5.184594E-03     1.242618E+03
  5.256791E-03     1.251191E+03
  5.329994E-03     1.259823E+03
  5.404216E-03     1.268513E+03
  5.479472E-03     1.277263E+03
  5.555776E-03     1.286071E+03
  5.633143E-03     1.294940E+03
  5.711586E-03     1.303868E+03
  5.791123E-03     1.312856E+03
  5.871766E-03     1.321906E+03
  5.953533E-03     1.331016E+03
  6.036439E-03     1.340189E+03
  6.120498E-03     1.349423E+03
  6.205729E-03     1.358721E+03
  6.292146E-03     1.368082E+03
  6.379767E-03     1.377507E+03
  6.468608E-03     1.386995E+03
  6.558686E-03     1.396548E+03
  6.650018E-03     1.406165E+03
  6.742622E-03     1.415847E+03
  6.836516E-03     1.425594E+03
  6.931717E-03     1.435407E+03
  7.028244E-03     1.445287E+03
  7.126115E-03     1.455233E+03
  7.225349E-03     1.465247E+03
  7.325965E-03     1.475328E+03
  7.427982E-03     1.485477E+03
  7.531420E-03     1.495694E+03
  7.636298E-03     1.505980E+03
  7.742637E-03     1.516335E+03
  7.850456E-03     1.526760E+03
  7.959777E-03     1.537255E+03
  8.070620E-03     1.547820E+03
  8.183007E-03     1.558457E+03
  8.296959E-03     1.569167E+03
  8.412497E-03     1.579948E+03
  8.529644E-03     1.590802E+03
  8.648423E-03     1.601730E+03
  8.768856E-03     1.612731E+03
  8.890966E-03     1.623806E+03
  9.014776E-03     1.634956E+03
  9.140311E-03     1.646182E+03
  9.267593E-03     1.657483E+03
  9.396648E-03     1.668862E+03
  9.527500E-03     1.680319E+03
  9.660175E-03     1.691853E+03
  9.794697E-03     1.703466E+03
  9.931092E-03     1.715157E+03
  1.006939E-02     1.726927E+03
  1.020961E-02     1.738778E+03
  1.035178E-02     1.750708E+03
  1.049593E-02     1.762719E+03
  1.064209E-02     1.774812E+03
  1.079029E-02     1.786988E+03
  1.094055E-02     1.799246E+03
  1.109290E-02     1.811588E+03
  1.124737E-02     1.824014E+03
  1.140400E-02     1.836525E+03
  1.156280E-02     1.849120E+03
  1.172382E-02     1.861801E+03
  1.188708E-02     1.874568E+03
  1.205261E-02     1.887423E+03
  1.222045E-02     1.900365E+03
  1.239062E-02     1.913397E+03
  1.256317E-02     1.926519E+03
  1.273811E-02     1.939731E+03
  1.291550E-02     1.953033E+03
  1.309535E-02     1.966427E+03
  1.327771E-02     1.979912E+03
  1.346261E-02     1.993489E+03
  1.365008E-02     2.007160E+03
  1.384016E-02     2.020924E+03
  1.403289E-02     2.034783E+03
  1.422830E-02     2.048737E+03
  1.442644E-02     2.062788E+03
  1.462733E-02     2.076935E+03
  1.483103E-02     2.091180E+03
  1.503755E-02     2.105523E+03
  1.524696E-02     2.119964E+03
  1.545928E-02     2.134505E+03
  1.567455E-02     2.149145E+03
  1.589283E-02     2.163887E+03
  1.611414E-02     2.178730E+03
  1.633854E-02     2.193677E+03
  1.656606E-02     2.208728E+03
  1.679675E-02     2.223883E+03
  1.703065E-02     2.239143E+03
  1.726781E-02     2.254508E+03
  1.750827E-02     2.269980E+03
  1.775208E-02     2.285558E+03
  1.799929E-02     2.301244E+03
  1.824993E-02     2.317038E+03
  1.850407E-02     2.332941E+03
  1.876175E-02     2.348954E+03
  1.902301E-02     2.365078E+03
  1.928792E-02     2.381314E+03
  1.955651E-02     2.397662E+03
  1.982884E-02     2.414122E+03
  2.010496E-02     2.430696E+03
  2.038493E-02     2.447384E+03
  2.066880E-02     2.464186E+03
  2.095662E-02     2.481104E+03
  2.124845E-02     2.498139E+03
  2.154435E-02     2.515291E+03
  2.184436E-02     2.532562E+03
  2.214855E-02     2.549953E+03
  2.245698E-02     2.567463E+03
  2.276970E-02     2.585094E+03
  2.308678E-02     2.602845E+03
  2.340827E-02     2.620718E+03
  2.373424E-02     2.638712E+03
  2.406475E-02     2.656830E+03
  2.439986E-02     2.675071E+03
  2.473964E-02     2.693437E+03
  2.508415E-02     2.711929E+03
  2.543346E-02     2.730547E+03
  2.578763E-02     2.749292E+03
  2.614673E-02     2.768164E+03
  2.651084E-02     2.787163E+03
  2.688001E-02     2.806290E+03
  2.725433E-02     2.825547E+03
  2.763385E-02     2.844932E+03
  2.801867E-02     2.864448E+03
  2.840884E-02     2.884096E+03
  2.880444E-02     2.903876E+03
  2.920556E-02     2.923789E+03
  2.961225E-02     2.943835E+03
  3.002462E-02     2.964015E+03
  3.044272E-02     2.984328E+03
  3.086665E-02     3.004776E+03
  3.129648E-02     3.025359E+03
  3.173230E-02     3.046077E+03
  3.217418E-02     3.066931E+03
  3.262222E-02     3.087923E+03
  3.307650E-02     3.109052E+03
  3.353710E-02     3.130320E+03
  3.400412E-02     3.151727E+03
  3.447764E-02     3.173272E+03
  3.495776E-02     3.194956E+03
  3.544456E-02     3.216780E+03
  3.593814E-02     3.238743E+03
  3.643859E-02     3.260847E+03
  3.694601E-02     3.283091E+03
  3.746050E-02     3.305477E+03
  3.798215E-02     3.328006E+03
  3.851107E-02     3.350677E+03
  3.904735E-02     3.373490E+03
  3.959110E-02     3.396446E+03
  4.014242E-02     3.419545E+03
  4.070142E-02     3.442787E+03
  4.126821E-02     3.466173E+03
  4.184289E-02     3.489702E+03
  4.242556E-02     3.513375E+03
  4.301636E-02     3.537193E+03
  4.361538E-02     3.561156E+03
  4.422274E-02     3.585264E+03
  4.483856E-02     3.609519E+03
  4.546295E-02     3.633918E+03
  4.609604E-02     3.658463E+03
  4.673795E-02     3.683153E+03
  4.738880E-02     3.707988E+03
  4.804870E-02     3.732969E+03
  4.871780E-02     3.758096E+03
  4.939622E-02     3.783369E+03
  5.008408E-02     3.808788E+03
  5.078152E-02     3.834355E+03
  5.148867E-02     3.860068E+03
  5.220568E-02     3.885927E+03
  5.293266E-02     3.911932E+03
  5.366977E-02     3.938082E+03
  5.441714E-02     3.964378E+03
  5.517492E-02     3.990818E+03
  5.594326E-02     4.017404E+03
  5.672229E-02     4.044135E+03
  5.751217E-02     4.071012E+03
  5.831305E-02     4.098034E+03
  5.912508E-02     4.125202E+03
  5.994843E-02     4.152513E+03
  6.078323E-02     4.179968E+03
  6.162966E-02     4.207567E+03
  6.248788E-02     4.235308E+03
  6.335805E-02     4.263192E+03
  6.424034E-02     4.291218E+03
  6.513491E-02     4.319386E+03
  6.604194E-02     4.347697E+03
  6.696160E-02     4.376150E+03
  6.789407E-02     4.404745E+03
  6.883952E-02     4.433480E+03
  6.979814E-02     4.462355E+03
  7.077011E-02     4.491368E+03
  7.175561E-02     4.520520E+03
  7.275484E-02     4.549810E+03
  7.376798E-02     4.579238E+03
  7.479523E-02     4.608802E+03
  7.583678E-02     4.638505E+03
  7.689284E-02     4.668344E+03
  7.796360E-02     4.698318E+03
  7.904928E-02     4.728426E+03
  8.015007E-02     4.758667E+03
  8.126619E-02     4.789038E+03
  8.239786E-02     4.819538E+03
  8.354528E-02     4.850166E+03
  8.470868E-02     4.880921E+03
  8.588829E-02     4.911802E+03
  8.708431E-02     4.942807E+03
  8.829700E-02     4.973936E+03
  8.952657E-02     5.005185E+03
  9.077327E-02     5.036552E+03
  9.203732E-02     5.068035E+03
  9.331898E-02     5.099630E+03
  9.461848E-02     5.131335E+03
  9.593608E-02     5.163147E+03
  9.727203E-02     5.195064E+03
  9.862658E-02     5.227082E+03
  1.000000E-01     5.259200E+03
  1.013925E-01     5.291415E+03
  1.028045E-01     5.323725E+03
  1.042361E-01     5.356127E+03
  1.056876E-01     5.388619E+03
  1.071593E-01     5.421198E+03
  1.086516E-01     5.453864E+03
  1.101646E-01     5.486614E+03
  1.116987E-01     5.519446E+03
  1.132541E-01     5.552359E+03
  1.148312E-01     5.585352E+03
  1.164303E-01     5.618423E+03
  1.180517E-01     5.651572E+03
  1.196956E-01     5.684795E+03
  1.213624E-01     5.718090E+03
  1.230524E-01     5.751456E+03
  1.247660E-01     5.784890E+03
  1.265034E-01     5.818391E+03
  1.282650E-01     5.851959E+03
  1.300511E-01     5.885591E+03
  1.318621E-01     5.919288E+03
  1.336984E-01     5.953050E+03
  1.355602E-01     5.986873E+03
  1.374479E-01     6.020757E+03
  1.393619E-01     6.054698E+03
  1.413026E-01     6.088696E+03
  1.432703E-01     6.122748E+03
  1.452654E-01     6.156854E+03
  1.472883E-01     6.191012E+03
  1.493393E-01     6.225221E+03
  1.514189E-01     6.259483E+03
  1.535275E-01     6.293796E+03
  1.556654E-01     6.328159E+03
  1.578331E-01     6.362570E+03
  1.600310E-01     6.397028E+03
  1.622595E-01     6.431529E+03
  1.645191E-01     6.466072E+03
  1.668101E-01     6.500657E+03
  1.691330E-01     6.535283E+03
  1.714882E-01     6.569948E+03
  1.738762E-01     6.604655E+03
  1.762975E-01     6.639402E+03
  1.787526E-01     6.674189E+03
  1.812418E-01     6.709014E+03
  1.837656E-01     6.743875E+03
  1.863246E-01     6.778770E+03
  1.889193E-01     6.813699E+03
  1.915501E-01     6.848660E+03
  1.942175E-01     6.883655E+03
  1.969220E-01     6.918682E+03
  1.996642E-01     6.953743E+03
  2.024447E-01     6.988838E+03
  2.052638E-01     7.023969E+03
  2.081222E-01     7.059132E+03
  2.110203E-01     7.094326E+03
  2.139589E-01     7.129551E+03
  2.169384E-01     7.164805E+03
  2.199593E-01     7.200088E+03
  2.230223E-01     7.235400E+03
  2.261280E-01     7.270741E+03
  2.292769E-01     7.306114E+03
  2.324697E-01     7.341520E+03
  2.357069E-01     7.376959E+03
  2.389893E-01     7.412429E+03
  2.423173E-01     7.447929E+03
  2.456916E-01     7.483456E+03
  2.491130E-01     7.519010E+03
  2.525820E-01     7.554590E+03
  2.560993E-01     7.590196E+03
  2.596656E-01     7.625828E+03
  2.632815E-01     7.661487E+03
  2.669478E-01     7.697175E+03
  2.706652E-01     7.732891E+03
  2.744343E-01     7.768632E+03
  2.782559E-01     7.804392E+03
  2.821308E-01     7.840169E+03
  2.860596E-01     7.875959E+03
  2.900430E-01     7.911758E+03
  2.940820E-01     7.947564E+03
  2.981772E-01     7.983374E+03
  3.023295E-01     8.019185E+03
  3.065395E-01     8.054995E+03
  3.108082E-01     8.090801E+03
  3.151363E-01     8.126597E+03
  3.195248E-01     8.162374E+03
  3.239743E-01     8.198127E+03
  3.284857E-01     8.233847E+03
  3.330600E-01     8.269528E+03
  3.376980E-01     8.305163E+03
  3.424006E-01     8.340746E+03
  3.471687E-01     8.376268E+03
  3.520031E-01     8.411725E+03
  3.569049E-01     8.447108E+03
  3.618750E-01     8.482406E+03
  3.669142E-01     8.517608E+03
  3.720237E-01     8.552702E+03
  3.772042E-01     8.587678E+03
  3.824570E-01     8.622522E+03
  3.877828E-01     8.657223E+03
  3.931829E-01     8.691768E+03
  3.986581E-01     8.726146E+03
  4.042096E-01     8.760343E+03
  4.098384E-01     8.794347E+03
  4.155455E-01     8.828145E+03
  4.213322E-01     8.861724E+03
  4.271994E-01     8.895071E+03
  4.331483E-01     8.928171E+03
  4.391801E-01     8.961012E+03
  4.452959E-01     8.993581E+03
  4.514968E-01     9.025863E+03
  4.577841E-01     9.057846E+03
  4.641589E-01     9.089515E+03
  4.706225E-01     9.120858E+03
  4.771761E-01     9.151861E+03
  4.838210E-01     9.182512E+03
  4.905584E-01     9.212800E+03
  4.973896E-01     9.242711E+03
  5.043159E-01     9.272235E+03
  5.113388E-01     9.301359E+03
  5.184594E-01     9.330074E+03
  5.256791E-01     9.358367E+03
  5.329994E-01     9.386230E+03
  5.404216E-01     9.413652E+03
  5.479472E-01     9.440623E+03
  5.555776E-01     9.467133E+03
  5.633143E-01     9.493171E+03
  5.711586E-01     9.518730E+03
  5.791123E-01     9.543799E+03
  5.871766E-01     9.568372E+03
  5.953533E-01     9.592442E+03
  6.036439E-01     9.616004E+03
  6.120498E-01     9.639051E+03
  6.205729E-01     9.661580E+03
  6.292146E-01     9.683582E+03
  6.379767E-01     9.705049E+03
  6.468608E-01     9.725971E+03
  6.558686E-01     9.746342E+03
  6.650018E-01     9.766154E+03
  6.742622E-01     9.785402E+03
  6.836516E-01     9.804081E+03
  6.931717E-01     9.822187E+03
  7.028244E-01     9.839718E+03
  7.126115E-01     9.856672E+03
  7.225349E-01     9.873046E+03
  7.325965E-01     9.888832E+03
  7.427982E-01     9.904027E+03
  7.531420E-01     9.918626E+03
  7.636298E-01     9.932627E+03
  7.742637E-01     9.946029E+03
  7.850456E-01     9.958832E+03
  7.959777E-01     9.971038E+03
  8.070620E-01     9.982650E+03
  8.183007E-01     9.993674E+03
  8.296959E-01     1.000411E+04
  8.412497E-01     1.001395E+04
  8.529644E-01     1.002319E+04
  8.648423E-01     1.003183E+04
  8.768856E-01     1.003986E+04
  8.890966E-01     1.004729E+04
  9.014776E-01     1.005411E+04
  9.140311E-01     1.006034E+04
  9.267593E-01     1.006596E+04
  9.396648E-01     1.007100E+04
  9.527500E-01     1.007544E+04
  9.660175E-01     1.007929E+04
  9.794697E-01     1.008254E+04
  9.931092E-01     1.008520E+04
  1.006939E+00     1.008726E+04
  1.020961E+00     1.008872E+04
  1.035178E+00     1.008959E+04
  1.049593E+00     1.008987E+04
  1.064209E+00     1.008957E+04
  1.079029E+00     1.008870E+04
  1.094055E+00     1.008725E+04
  1.109290E+00     1.008523E+04
  1.124737E+00     1.008265E+04
  1.140400E+00     1.007948E+04
  1.156280E+00     1.007575E+04
  1.172382E+00     1.007145E+04
  1.188708E+00     1.006658E+04
  1.205261E+00     1.006116E+04
  1.222045E+00     1.005518E+04
  1.239062E+00     1.004866E+04
  1.256317E+00     1.004160E+04
  1.273811E+00     1.003400E+04
  1.291550E+00     1.002586E+04
  1.309535E+00     1.001719E+04
  1.327771E+00     1.000798E+04
  1.346261E+00     9.998243E+03
  1.365008E+00     9.987976E+03
  1.384016E+00     9.977187E+03
  1.403289E+00     9.965885E+03
  1.422830E+00     9.954078E+03
  1.442644E+00     9.941773E+03
  1.462733E+00     9.928970E+03
  1.483103E+00     9.915670E+03
  1.503755E+00     9.901874E+03
  1.524696E+00     9.887586E+03
  1.545928E+00     9.872808E+03
  1.567455E+00     9.857545E+03
  1.589283E+00     9.841803E+03
  1.611414E+00     9.825590E+03
  1.633854E+00     9.808914E+03
  1.656606E+00     9.791782E+03
  1.679675E+00     9.774197E+03
  1.703065E+00     9.756159E+03
  1.726781E+00     9.737671E+03
  1.750827E+00     9.718738E+03
  1.775208E+00     9.699363E+03
  1.799929E+00     9.679551E+03
  1.824993E+00     9.659310E+03
  1.850407E+00     9.638647E+03
  1.876175E+00     9.617571E+03
  1.902301E+00     9.596090E+03
  1.928792E+00     9.574205E+03
  1.955651E+00     9.551919E+03
  1.982884E+00     9.529231E+03
  2.010496E+00     9.506144E+03
  2.038493E+00     9.482662E+03
  2.066880E+00     9.458786E+03
  2.095662E+00     9.434523E+03
  2.124845E+00     9.409876E+03
  2.154435E+00     9.384853E+03
  2.184436E+00     9.359458E+03
  2.214855E+00     9.333693E+03
  2.245698E+00     9.307562E+03
  2.276970E+00     9.281065E+03
  2.308678E+00     9.254206E+03
  2.340827E+00     9.226988E+03
  2.373424E+00     9.199415E+03
  2.406475E+00     9.171492E+03
  2.439986E+00     9.143224E+03
  2.473964E+00     9.114616E+03
  2.508415E+00     9.085677E+03
  2.543346E+00     9.056407E+03
  2.578763E+00     9.026810E+03
  2.614673E+00     8.996887E+03
  2.651084E+00     8.966642E+03
  2.688001E+00     8.936077E+03
  2.725433E+00     8.905197E+03
  2.763385E+00     8.874005E+03
  2.801867E+00     8.842507E+03
  2.840884E+00     8.810707E+03
  2.880444E+00     8.778612E+03
  2.920556E+00     8.746224E+03
  2.961225E+00     8.713545E+03
  3.002462E+00     8.680578E+03
  3.044272E+00     8.647325E+03
  3.086665E+00     8.613789E+03
  3.129648E+00     8.579974E+03
  3.173230E+00     8.545884E+03
  3.217418E+00     8.511521E+03
  3.262222E+00     8.476891E+03
  3.307650E+00     8.441999E+03
  3.353710E+00     8.406847E+03
  3.400412E+00     8.371438E+03
  3.447764E+00     8.335775E+03
  3.495776E+00     8.299862E+03
  3.544456E+00     8.263702E+03
  3.593814E+00     8.227299E+03
  3.643859E+00     8.190656E+03
  3.694601E+00     8.153778E+03
  3.746050E+00     8.116669E+03
  3.798215E+00     8.079333E+03
  3.851107E+00     8.041776E+03
  3.904735E+00     8.004000E+03
  3.959110E+00     7.966008E+03
  4.014242E+00     7.927803E+03
  4.070142E+00     7.889391E+03
  4.126821E+00     7.850774E+03
  4.184289E+00     7.811957E+03
  4.242556E+00     7.772943E+03
  4.301636E+00     7.733737E+03
  4.361538E+00     7.694343E+03
  4.422274E+00     7.654765E+03
  4.483856E+00     7.615008E+03
  4.546295E+00     7.575074E+03
  4.609604E+00     7.534968E+03
  4.673795E+00     7.494694E+03
  4.738880E+00     7.454256E+03
  4.804870E+00     7.413657E+03
  4.871780E+00     7.372902E+03
  4.939622E+00     7.331995E+03
  5.008408E+00     7.290940E+03
  5.078152E+00     7.249741E+03
  5.148867E+00     7.208403E+03
  5.220568E+00     7.166930E+03
  5.293266E+00     7.125328E+03
  5.366977E+00     7.083601E+03
  5.441714E+00     7.041755E+03
  5.517492E+00     6.999792E+03
  5.594326E+00     6.957720E+03
  5.672229E+00     6.915541E+03
  5.751217E+00     6.873262E+03
  5.831305E+00     6.830886E+03
  5.912508E+00     6.788418E+03
  5.994843E+00     6.745864E+03
  6.078323E+00     6.703229E+03
  6.162966E+00     6.660517E+03
  6.248788E+00     6.617732E+03
  6.335805E+00     6.574880E+03
  6.424034E+00     6.531965E+03
  6.513491E+00     6.488992E+03
  6.604194E+00     6.445963E+03
  6.696160E+00     6.402883E+03
  6.789407E+00     6.359759E+03
  6.883952E+00     6.316596E+03
  6.979814E+00     6.273399E+03
  7.077011E+00     6.230175E+03
  7.175561E+00     6.186928E+03
  7.275484E+00     6.143664E+03
  7.376798E+00     6.100388E+03
  7.479523E+00     6.057104E+03
  7.583678E+00     6.013816E+03
  7.689284E+00     5.970530E+03
  7.796360E+00     5.927251E+03
  7.904928E+00     5.883986E+03
  8.015007E+00     5.840739E+03
  8.126619E+00     5.797517E+03
  8.239786E+00     5.754324E+03
  8.354528E+00     5.711166E+03
  8.470868E+00     5.668046E+03
  8.588829E+00     5.624970E+03
  8.708431E+00     5.581940E+03
  8.829700E+00     5.538961E+03
  8.952657E+00     5.496038E+03
  9.077327E+00     5.453177E+03
  9.203732E+00     5.410385E+03
  9.331898E+00     5.367665E+03
  9.461848E+00     5.325024E+03
  9.593608E+00     5.282466E+03
  9.727203E+00     5.239994E+03
  9.862658E+00     5.197613E+03
  1.000000E+01     5.155324E+03
  1.013925E+01     5.113132E+03
  1.028045E+01     5.071041E+03
  1.042361E+01     5.029058E+03
  1.056876E+01     4.987190E+03
  1.071593E+01     4.945443E+03
  1.086516E+01     4.903820E+03
  1.101646E+01     4.862328E+03
  1.116987E+01     4.820970E+03
  1.132541E+01     4.779750E+03
  1.148312E+01     4.738671E+03
  1.164303E+01     4.697735E+03
  1.180517E+01     4.656948E+03
  1.196956E+01     4.616314E+03
  1.213624E+01     4.575838E+03
  1.230524E+01     4.535526E+03
  1.247660E+01     4.495379E+03
  1.265034E+01     4.455402E+03
  1.282650E+01     4.415596E+03
  1.300511E+01     4.375962E+03
  1.318621E+01     4.336501E+03
  1.336984E+01     4.297213E+03
  1.355602E+01     4.258102E+03
  1.374479E+01     4.219174E+03
  1.393619E+01     4.180436E+03
  1.413026E+01     4.141892E+03
  1.432703E+01     4.103547E+03
  1.452654E+01     4.065406E+03
  1.472883E+01     4.027470E+03
  1.493393E+01     3.989744E+03
  1.514189E+01     3.952227E+03
  1.535275E+01     3.914922E+03
  1.556654E+01     3.877832E+03
  1.578331E+01     3.840961E+03
  1.600310E+01     3.804314E+03
  1.622595E+01     3.767894E+03
  1.645191E+01     3.731704E+03
  1.668101E+01     3.695746E+03
  1.691330E+01     3.660020E+03
  1.714882E+01     3.624526E+03
  1.738762E+01     3.589262E+03
  1.762975E+01     3.554227E+03
  1.787526E+01     3.519423E+03
  1.812418E+01     3.484854E+03
  1.837656E+01     3.450523E+03
  1.863246E+01     3.416436E+03
  1.889193E+01     3.382593E+03
  1.915501E+01     3.348997E+03
  1.942175E+01     3.315649E+03
  1.969220E+01     3.282548E+03
  1.996642E+01     3.249692E+03
  2.024447E+01     3.217080E+03
  2.052638E+01     3.184712E+03
  2.081222E+01     3.152593E+03
  2.110203E+01     3.120726E+03
  2.139589E+01     3.089113E+03
  2.169384E+01     3.057758E+03
  2.199593E+01     3.026660E+03
  2.230223E+01     2.995821E+03
  2.261280E+01     2.965239E+03
  2.292769E+01     2.934912E+03
  2.324697E+01     2.904836E+03
  2.357069E+01     2.875012E+03
  2.389893E+01     2.845442E+03
  2.423173E+01     2.816129E+03
  2.456916E+01     2.787075E+03
  2.491130E+01     2.758279E+03
  2.525820E+01     2.729742E+03
  2.560993E+01     2.701463E+03
  2.596656E+01     2.673438E+03
  2.632815E+01     2.645665E+03
  2.669478E+01     2.618138E+03
  2.706652E+01     2.590855E+03
  2.744343E+01     2.563820E+03
  2.782559E+01     2.537036E+03
  2.821308E+01     2.510506E+03
  2.860596E+01     2.484232E+03
  2.900430E+01     2.458214E+03
  2.940820E+01     2.432454E+03
  2.981772E+01     2.406949E+03
  3.023295E+01     2.381698E+03
  3.065395E+01     2.356698E+03
  3.108082E+01     2.331946E+03
  3.151363E+01     2.307445E+03
  3.195248E+01     2.283193E+03
  3.239743E+01     2.259191E+03
  3.284857E+01     2.235437E+03
  3.330600E+01     2.211928E+03
  3.376980E+01     2.188660E+03
  3.424006E+01     2.165630E+03
  3.471687E+01     2.142829E+03
  3.520031E+01     2.120251E+03
  3.569049E+01     2.097890E+03
  3.618750E+01     2.075748E+03
  3.669142E+01     2.053828E+03
  3.720237E+01     2.032133E+03
  3.772042E+01     2.010664E+03
  3.824570E+01     1.989422E+03
  3.877828E+01     1.968407E+03
  3.931829E+01     1.947620E+03
  3.986581E+01     1.927057E+03
  4.042096E+01     1.906717E+03
  4.098384E+01     1.886598E+03
  4.155455E+01     1.866700E+03
  4.213322E+01     1.847023E+03
  4.271994E+01     1.827567E+03
  4.331483E+01     1.808332E+03
  4.391801E+01     1.789315E+03
  4.452959E+01     1.770513E+03
  4.514968E+01     1.751922E+03
  4.577841E+01     1.733537E+03
  4.641589E+01     1.715352E+03
  4.706225E+01     1.697361E+03
  4.771761E+01     1.679563E+03
  4.838210E+01     1.661961E+03
  4.905584E+01     1.644555E+03
  4.973896E+01     1.627346E+03
  5.043159E+01     1.610331E+03
  5.113388E+01     1.593510E+03
  5.184594E+01     1.576881E+03
  5.256791E+01     1.560440E+03
  5.329994E+01     1.544183E+03
  5.404216E+01     1.528106E+03
  5.479472E+01     1.512209E+03
  5.555776E+01     1.496492E+03
  5.633143E+01     1.480956E+03
  5.711586E+01     1.465599E+03
  5.791123E+01     1.450421E+03
  5.871766E+01     1.435421E+03
  5.953533E+01     1.420594E+03
  6.036439E+01     1.405937E+03
  6.120498E+01     1.391446E+03
  6.205729E+01     1.377117E+03
  6.292146E+01     1.362947E+03
  6.379767E+01     1.348939E+03
  6.468608E+01     1.335092E+03
  6.558686E+01     1.321406E+03
  6.650018E+01     1.307880E+03
  6.742622E+01     1.294513E+03
  6.836516E+01     1.281303E+03
  6.931717E+01     1.268246E+03
  7.028244E+01     1.255339E+03
  7.126115E+01     1.242578E+03
  7.225349E+01     1.229962E+03
  7.325965E+01     1.217491E+03
  7.427982E+01     1.205165E+03
  7.531420E+01     1.192984E+03
  7.636298E+01     1.180947E+03
  7.742637E+01     1.169053E+03
  7.850456E+01     1.157300E+03
  7.959777E+01     1.145684E+03
  8.070620E+01     1.134202E+03
  8.183007E+01     1.122850E+03
  8.296959E+01     1.111626E+03
  8.412497E+01     1.100532E+03
  8.529644E+01     1.089567E+03
  8.648423E+01     1.078731E+03
  8.768856E+01     1.068024E+03
  8.890966E+01     1.057444E+03
  9.014776E+01     1.046990E+03
  9.140311E+01     1.036659E+03
  9.267593E+01     1.026449E+03
  9.396648E+01     1.016355E+03
  9.527500E+01     1.006377E+03
  9.660175E+01     9.965140E+02
  9.794697E+01     9.867673E+02
  9.931092E+01     9.771362E+02
  1.006939E+02     9.676203E+02
  1.020961E+02     9.582185E+02
  1.035178E+02     9.489290E+02
  1.049593E+02     9.397497E+02
  1.064209E+02     9.306780E+02
  1.079029E+02     9.217105E+02
  1.094055E+02     9.128457E+02
  1.109290E+02     9.040839E+02
  1.124737E+02     8.954253E+02
  1.140400E+02     8.868700E+02
  1.156280E+02     8.784173E+02
  1.172382E+02     8.700665E+02
  1.188708E+02     8.618161E+02
  1.205261E+02     8.536644E+02
  1.222045E+02     8.456091E+02
  1.239062E+02     8.376474E+02
  1.256317E+02     8.297775E+02
  1.273811E+02     8.219998E+02
  1.291550E+02     8.143147E+02
  1.309535E+02     8.067219E+02
  1.327771E+02     7.992212E+02
  1.346261E+02     7.918117E+02
  1.365008E+02     7.844923E+02
  1.384016E+02     7.772615E+02
  1.403289E+02     7.701172E+02
  1.422830E+02     7.630570E+02
  1.442644E+02     7.560790E+02
  1.462733E+02     7.491837E+02
  1.483103E+02     7.423712E+02
  1.503755E+02     7.356415E+02
  1.524696E+02     7.289943E+02
  1.545928E+02     7.224289E+02
  1.567455E+02     7.159442E+02
  1.589283E+02     7.095391E+02
  1.611414E+02     7.032116E+02
  1.633854E+02     6.969596E+02
  1.656606E+02     6.907814E+02
  1.679675E+02     6.846771E+02
  1.703065E+02     6.786470E+02
  1.726781E+02     6.726911E+02
  1.750827E+02     6.668092E+02
  1.775208E+02     6.610007E+02
  1.799929E+02     6.552648E+02
  1.824993E+02     6.496003E+02
  1.850407E+02     6.440056E+02
  1.876175E+02     6.384789E+02
  1.902301E+02     6.330186E+02
  1.928792E+02     6.276247E+02
  1.955651E+02     6.222975E+02
  1.982884E+02     6.170369E+02
  2.010496E+02     6.118428E+02
  2.038493E+02     6.067147E+02
  2.066880E+02     6.016519E+02
  2.095662E+02     5.966534E+02
  2.124845E+02     5.917178E+02
  2.154435E+02     5.868435E+02
  2.184436E+02     5.820289E+02
  2.214855E+02     5.772740E+02
  2.245698E+02     5.725790E+02
  2.276970E+02     5.679440E+02
  2.308678E+02     5.633687E+02
  2.340827E+02     5.588529E+02
  2.373424E+02     5.543958E+02
  2.406475E+02     5.499965E+02
  2.439986E+02     5.456540E+02
  2.473964E+02     5.413668E+02
  2.508415E+02     5.371333E+02
  2.543346E+02     5.329535E+02
  2.578763E+02     5.288275E+02
  2.614673E+02     5.247555E+02
  2.651084E+02     5.207372E+02
  2.688001E+02     5.167724E+02
  2.725433E+02     5.128606E+02
  2.763385E+02     5.090009E+02
  2.801867E+02     5.051923E+02
  2.840884E+02     5.014336E+02
  2.880444E+02     4.977234E+02
  2.920556E+02     4.940616E+02
  2.961225E+02     4.904482E+02
  3.002462E+02     4.868833E+02
  3.044272E+02     4.833669E+02
  3.086665E+02     4.798987E+02
  3.129648E+02     4.764781E+02
  3.173230E+02     4.731047E+02
  3.217418E+02     4.697774E+02
  3.262222E+02     4.664951E+02
  3.307650E+02     4.632566E+02
  3.353710E+02     4.600617E+02
  3.400412E+02     4.569104E+02
  3.447764E+02     4.538029E+02
  3.495776E+02     4.507391E+02
  3.544456E+02     4.477186E+02
  3.593814E+02     4.447412E+02
  3.643859E+02     4.418063E+02
  3.694601E+02     4.389130E+02
  3.746050E+02     4.360605E+02
  3.798215E+02     4.332475E+02
  3.851107E+02     4.304736E+02
  3.904735E+02     4.277392E+02
  3.959110E+02     4.250441E+02
  4.014242E+02     4.223885E+02
  4.070142E+02     4.197719E+02
  4.126821E+02     4.171942E+02
  4.184289E+02     4.146548E+02
  4.242556E+02     4.121530E+02
  4.301636E+02     4.096879E+02
  4.361538E+02     4.072586E+02
  4.422274E+02     4.048647E+02
  4.483856E+02     4.025062E+02
  4.546295E+02     4.001832E+02
  4.609604E+02     3.978957E+02
  4.673795E+02     3.956435E+02
  4.738880E+02     3.934262E+02
  4.804870E+02     3.912436E+02
  4.871780E+02     3.890949E+02
  4.939622E+02     3.869794E+02
  5.008408E+02     3.848962E+02
  5.078152E+02     3.828449E+02
  5.148867E+02     3.808255E+02
  5.220568E+02     3.788381E+02
  5.293266E+02     3.768826E+02
  5.366977E+02     3.749589E+02
  5.441714E+02     3.730668E+02
  5.517492E+02     3.712058E+02
  5.594326E+02     3.693754E+02
  5.672229E+02     3.675749E+02
  5.751217E+02     3.658036E+02
  5.831305E+02     3.640609E+02
  5.912508E+02     3.623469E+02
  5.994843E+02     3.606616E+02
  6.078323E+02     3.590051E+02
  6.162966E+02     3.573773E+02
  6.248788E+02     3.557777E+02
  6.335805E+02     3.542063E+02
  6.424034E+02     3.526624E+02
  6.513491E+02     3.511455E+02
  6.604194E+02     3.496549E+02
  6.696160E+02     3.481901E+02
  6.789407E+02     3.467510E+02
  6.883952E+02     3.453376E+02
  6.979814E+02     3.439497E+02
  7.077011E+02     3.425871E+02
  7.175561E+02     3.412494E+02
  7.275484E+02     3.399362E+02
  7.376798E+02     3.386469E+02
  7.479523E+02     3.373808E+02
  7.583678E+02     3.361372E+02
  7.689284E+02     3.349155E+02
  7.796360E+02     3.337159E+02
  7.904928E+02     3.325390E+02
  8.015007E+02     3.313850E+02
  8.126619E+02     3.302543E+02
  8.239786E+02     3.291471E+02
  8.354528E+02     3.280639E+02
  8.470868E+02     3.270046E+02
  8.588829E+02     3.259695E+02
  8.708431E+02     3.249587E+02
  8.829700E+02     3.239717E+02
  8.952657E+02     3.230066E+02
  9.077327E+02     3.220606E+02
  9.203732E+02     3.211312E+02
  9.331898E+02     3.202150E+02
  9.461848E+02     3.193088E+02
  9.593608E+02     3.184087E+02
  9.727203E+02     3.175106E+02
  9.862658E+02     3.166100E+02
  1.000000E+03     3.157021E+02
