FILE CREATED BY  : PROGRAM DPASS - VERSION 2.00
DATABASE VERSION : 21.06
DATE AND TIME    : 09/08/2022 20:44:00
PROJECTILE       : S 
TARGET           : Li
TARGET AT. MASS  : 6.941000E+00
TARGET DENSITY   : 5.340000E-01 g/cm^3
TABULATED OUTPUT : STOPPING FORCE VERSUS ENERGY
DATA TYPE        : SPLINE INTERPOLATED
ABSCISSA UNITS   : MeV/u
ORDINATE UNITS   : eV/nm


      E/n             S(E/n)

  1.000000E-03     9.583566E+01
  1.013925E-03     9.649334E+01
  1.028045E-03     9.715972E+01
  1.042361E-03     9.783445E+01
  1.056876E-03     9.851712E+01
  1.071593E-03     9.920730E+01
  1.086516E-03     9.990450E+01
  1.101646E-03     1.006082E+02
  1.116987E-03     1.013178E+02
  1.132541E-03     1.020327E+02
  1.148312E-03     1.027522E+02
  1.164303E-03     1.034756E+02
  1.180517E-03     1.042030E+02
  1.196956E-03     1.049345E+02
  1.213624E-03     1.056702E+02
  1.230524E-03     1.064104E+02
  1.247660E-03     1.071552E+02
  1.265034E-03     1.079048E+02
  1.282650E-03     1.086596E+02
  1.300511E-03     1.094198E+02
  1.318621E-03     1.101856E+02
  1.336984E-03     1.109574E+02
  1.355602E-03     1.117353E+02
  1.374479E-03     1.125192E+02
  1.393619E-03     1.133092E+02
  1.413026E-03     1.141052E+02
  1.432703E-03     1.149072E+02
  1.452654E-03     1.157151E+02
  1.472883E-03     1.165291E+02
  1.493393E-03     1.173491E+02
  1.514189E-03     1.181750E+02
  1.535275E-03     1.190068E+02
  1.556654E-03     1.198446E+02
  1.578331E-03     1.206884E+02
  1.600310E-03     1.215383E+02
  1.622595E-03     1.223943E+02
  1.645191E-03     1.232565E+02
  1.668101E-03     1.241249E+02
  1.691330E-03     1.249996E+02
  1.714882E-03     1.258807E+02
  1.738762E-03     1.267683E+02
  1.762975E-03     1.276625E+02
  1.787526E-03     1.285634E+02
  1.812418E-03     1.294709E+02
  1.837656E-03     1.303851E+02
  1.863246E-03     1.313061E+02
  1.889193E-03     1.322339E+02
  1.915501E-03     1.331685E+02
  1.942175E-03     1.341101E+02
  1.969220E-03     1.350586E+02
  1.996642E-03     1.360142E+02
  2.024447E-03     1.369769E+02
  2.052638E-03     1.379467E+02
  2.081222E-03     1.389238E+02
  2.110203E-03     1.399081E+02
  2.139589E-03     1.408998E+02
  2.169384E-03     1.418987E+02
  2.199593E-03     1.429052E+02
  2.230223E-03     1.439191E+02
  2.261280E-03     1.449405E+02
  2.292769E-03     1.459696E+02
  2.324697E-03     1.470065E+02
  2.357069E-03     1.480511E+02
  2.389893E-03     1.491035E+02
  2.423173E-03     1.501638E+02
  2.456916E-03     1.512321E+02
  2.491130E-03     1.523083E+02
  2.525820E-03     1.533926E+02
  2.560993E-03     1.544849E+02
  2.596656E-03     1.555855E+02
  2.632815E-03     1.566944E+02
  2.669478E-03     1.578115E+02
  2.706652E-03     1.589371E+02
  2.744343E-03     1.600712E+02
  2.782559E-03     1.612139E+02
  2.821308E-03     1.623651E+02
  2.860596E-03     1.635250E+02
  2.900430E-03     1.646937E+02
  2.940820E-03     1.658713E+02
  2.981772E-03     1.670577E+02
  3.023295E-03     1.682533E+02
  3.065395E-03     1.694579E+02
  3.108082E-03     1.706718E+02
  3.151363E-03     1.718950E+02
  3.195248E-03     1.731276E+02
  3.239743E-03     1.743695E+02
  3.284857E-03     1.756209E+02
  3.330600E-03     1.768818E+02
  3.376980E-03     1.781523E+02
  3.424006E-03     1.794324E+02
  3.471687E-03     1.807223E+02
  3.520031E-03     1.820220E+02
  3.569049E-03     1.833316E+02
  3.618750E-03     1.846511E+02
  3.669142E-03     1.859807E+02
  3.720237E-03     1.873204E+02
  3.772042E-03     1.886703E+02
  3.824570E-03     1.900304E+02
  3.877828E-03     1.914009E+02
  3.931829E-03     1.927819E+02
  3.986581E-03     1.941734E+02
  4.042096E-03     1.955757E+02
  4.098384E-03     1.969887E+02
  4.155455E-03     1.984126E+02
  4.213322E-03     1.998475E+02
  4.271994E-03     2.012935E+02
  4.331483E-03     2.027506E+02
  4.391801E-03     2.042191E+02
  4.452959E-03     2.056989E+02
  4.514968E-03     2.071904E+02
  4.577841E-03     2.086935E+02
  4.641589E-03     2.102084E+02
  4.706225E-03     2.117353E+02
  4.771761E-03     2.132743E+02
  4.838210E-03     2.148255E+02
  4.905584E-03     2.163889E+02
  4.973896E-03     2.179646E+02
  5.043159E-03     2.195527E+02
  5.113388E-03     2.211533E+02
  5.184594E-03     2.227666E+02
  5.256791E-03     2.243926E+02
  5.329994E-03     2.260314E+02
  5.404216E-03     2.276832E+02
  5.479472E-03     2.293481E+02
  5.555776E-03     2.310261E+02
  5.633143E-03     2.327173E+02
  5.711586E-03     2.344217E+02
  5.791123E-03     2.361394E+02
  5.871766E-03     2.378705E+02
  5.953533E-03     2.396151E+02
  6.036439E-03     2.413733E+02
  6.120498E-03     2.431452E+02
  6.205729E-03     2.449308E+02
  6.292146E-03     2.467302E+02
  6.379767E-03     2.485435E+02
  6.468608E-03     2.503707E+02
  6.558686E-03     2.522118E+02
  6.650018E-03     2.540669E+02
  6.742622E-03     2.559360E+02
  6.836516E-03     2.578192E+02
  6.931717E-03     2.597166E+02
  7.028244E-03     2.616282E+02
  7.126115E-03     2.635540E+02
  7.225349E-03     2.654942E+02
  7.325965E-03     2.674487E+02
  7.427982E-03     2.694175E+02
  7.531420E-03     2.714008E+02
  7.636298E-03     2.733984E+02
  7.742637E-03     2.754106E+02
  7.850456E-03     2.774372E+02
  7.959777E-03     2.794784E+02
  8.070620E-03     2.815342E+02
  8.183007E-03     2.836047E+02
  8.296959E-03     2.856898E+02
  8.412497E-03     2.877897E+02
  8.529644E-03     2.899043E+02
  8.648423E-03     2.920336E+02
  8.768856E-03     2.941777E+02
  8.890966E-03     2.963366E+02
  9.014776E-03     2.985103E+02
  9.140311E-03     3.006989E+02
  9.267593E-03     3.029024E+02
  9.396648E-03     3.051209E+02
  9.527500E-03     3.073544E+02
  9.660175E-03     3.096029E+02
  9.794697E-03     3.118665E+02
  9.931092E-03     3.141451E+02
  1.006939E-02     3.164389E+02
  1.020961E-02     3.187478E+02
  1.035178E-02     3.210718E+02
  1.049593E-02     3.234112E+02
  1.064209E-02     3.257658E+02
  1.079029E-02     3.281358E+02
  1.094055E-02     3.305213E+02
  1.109290E-02     3.329223E+02
  1.124737E-02     3.353387E+02
  1.140400E-02     3.377707E+02
  1.156280E-02     3.402182E+02
  1.172382E-02     3.426814E+02
  1.188708E-02     3.451603E+02
  1.205261E-02     3.476549E+02
  1.222045E-02     3.501654E+02
  1.239062E-02     3.526918E+02
  1.256317E-02     3.552342E+02
  1.273811E-02     3.577928E+02
  1.291550E-02     3.603674E+02
  1.309535E-02     3.629581E+02
  1.327771E-02     3.655651E+02
  1.346261E-02     3.681883E+02
  1.365008E-02     3.708278E+02
  1.384016E-02     3.734838E+02
  1.403289E-02     3.761563E+02
  1.422830E-02     3.788455E+02
  1.442644E-02     3.815514E+02
  1.462733E-02     3.842742E+02
  1.483103E-02     3.870138E+02
  1.503755E-02     3.897702E+02
  1.524696E-02     3.925436E+02
  1.545928E-02     3.953340E+02
  1.567455E-02     3.981415E+02
  1.589283E-02     4.009661E+02
  1.611414E-02     4.038080E+02
  1.633854E-02     4.066674E+02
  1.656606E-02     4.095443E+02
  1.679675E-02     4.124387E+02
  1.703065E-02     4.153508E+02
  1.726781E-02     4.182805E+02
  1.750827E-02     4.212279E+02
  1.775208E-02     4.241930E+02
  1.799929E-02     4.271760E+02
  1.824993E-02     4.301769E+02
  1.850407E-02     4.331959E+02
  1.876175E-02     4.362331E+02
  1.902301E-02     4.392886E+02
  1.928792E-02     4.423625E+02
  1.955651E-02     4.454547E+02
  1.982884E-02     4.485653E+02
  2.010496E-02     4.516944E+02
  2.038493E-02     4.548419E+02
  2.066880E-02     4.580081E+02
  2.095662E-02     4.611929E+02
  2.124845E-02     4.643964E+02
  2.154435E-02     4.676189E+02
  2.184436E-02     4.708604E+02
  2.214855E-02     4.741210E+02
  2.245698E-02     4.774006E+02
  2.276970E-02     4.806993E+02
  2.308678E-02     4.840171E+02
  2.340827E-02     4.873540E+02
  2.373424E-02     4.907101E+02
  2.406475E-02     4.940855E+02
  2.439986E-02     4.974803E+02
  2.473964E-02     5.008946E+02
  2.508415E-02     5.043285E+02
  2.543346E-02     5.077820E+02
  2.578763E-02     5.112552E+02
  2.614673E-02     5.147479E+02
  2.651084E-02     5.182603E+02
  2.688001E-02     5.217922E+02
  2.725433E-02     5.253438E+02
  2.763385E-02     5.289151E+02
  2.801867E-02     5.325062E+02
  2.840884E-02     5.361172E+02
  2.880444E-02     5.397481E+02
  2.920556E-02     5.433990E+02
  2.961225E-02     5.470698E+02
  3.002462E-02     5.507605E+02
  3.044272E-02     5.544710E+02
  3.086665E-02     5.582013E+02
  3.129648E-02     5.619514E+02
  3.173230E-02     5.657214E+02
  3.217418E-02     5.695112E+02
  3.262222E-02     5.733210E+02
  3.307650E-02     5.771507E+02
  3.353710E-02     5.810005E+02
  3.400412E-02     5.848700E+02
  3.447764E-02     5.887594E+02
  3.495776E-02     5.926684E+02
  3.544456E-02     5.965971E+02
  3.593814E-02     6.005454E+02
  3.643859E-02     6.045133E+02
  3.694601E-02     6.085007E+02
  3.746050E-02     6.125077E+02
  3.798215E-02     6.165343E+02
  3.851107E-02     6.205805E+02
  3.904735E-02     6.246461E+02
  3.959110E-02     6.287309E+02
  4.014242E-02     6.328348E+02
  4.070142E-02     6.369577E+02
  4.126821E-02     6.410995E+02
  4.184289E-02     6.452600E+02
  4.242556E-02     6.494392E+02
  4.301636E-02     6.536371E+02
  4.361538E-02     6.578537E+02
  4.422274E-02     6.620887E+02
  4.483856E-02     6.663420E+02
  4.546295E-02     6.706134E+02
  4.609604E-02     6.749026E+02
  4.673795E-02     6.792095E+02
  4.738880E-02     6.835339E+02
  4.804870E-02     6.878757E+02
  4.871780E-02     6.922347E+02
  4.939622E-02     6.966107E+02
  5.008408E-02     7.010038E+02
  5.078152E-02     7.054137E+02
  5.148867E-02     7.098400E+02
  5.220568E-02     7.142825E+02
  5.293266E-02     7.187408E+02
  5.366977E-02     7.232145E+02
  5.441714E-02     7.277035E+02
  5.517492E-02     7.322073E+02
  5.594326E-02     7.367257E+02
  5.672229E-02     7.412584E+02
  5.751217E-02     7.458053E+02
  5.831305E-02     7.503660E+02
  5.912508E-02     7.549403E+02
  5.994843E-02     7.595278E+02
  6.078323E-02     7.641284E+02
  6.162966E-02     7.687418E+02
  6.248788E-02     7.733678E+02
  6.335805E-02     7.780063E+02
  6.424034E-02     7.826571E+02
  6.513491E-02     7.873201E+02
  6.604194E-02     7.919953E+02
  6.696160E-02     7.966823E+02
  6.789407E-02     8.013805E+02
  6.883952E-02     8.060887E+02
  6.979814E-02     8.108063E+02
  7.077011E-02     8.155321E+02
  7.175561E-02     8.202652E+02
  7.275484E-02     8.250047E+02
  7.376798E-02     8.297495E+02
  7.479523E-02     8.344986E+02
  7.583678E-02     8.392509E+02
  7.689284E-02     8.440054E+02
  7.796360E-02     8.487608E+02
  7.904928E-02     8.535159E+02
  8.015007E-02     8.582695E+02
  8.126619E-02     8.630201E+02
  8.239786E-02     8.677664E+02
  8.354528E-02     8.725072E+02
  8.470868E-02     8.772409E+02
  8.588829E-02     8.819663E+02
  8.708431E-02     8.866817E+02
  8.829700E-02     8.913860E+02
  8.952657E-02     8.960780E+02
  9.077327E-02     9.007568E+02
  9.203732E-02     9.054216E+02
  9.331898E-02     9.100715E+02
  9.461848E-02     9.147055E+02
  9.593608E-02     9.193230E+02
  9.727203E-02     9.239231E+02
  9.862658E-02     9.285053E+02
  1.000000E-01     9.330687E+02
  1.013925E-01     9.376128E+02
  1.028045E-01     9.421369E+02
  1.042361E-01     9.466402E+02
  1.056876E-01     9.511222E+02
  1.071593E-01     9.555822E+02
  1.086516E-01     9.600198E+02
  1.101646E-01     9.644345E+02
  1.116987E-01     9.688260E+02
  1.132541E-01     9.731941E+02
  1.148312E-01     9.775386E+02
  1.164303E-01     9.818595E+02
  1.180517E-01     9.861563E+02
  1.196956E-01     9.904284E+02
  1.213624E-01     9.946756E+02
  1.230524E-01     9.988974E+02
  1.247660E-01     1.003094E+03
  1.265034E-01     1.007264E+03
  1.282650E-01     1.011409E+03
  1.300511E-01     1.015529E+03
  1.318621E-01     1.019623E+03
  1.336984E-01     1.023692E+03
  1.355602E-01     1.027736E+03
  1.374479E-01     1.031755E+03
  1.393619E-01     1.035748E+03
  1.413026E-01     1.039714E+03
  1.432703E-01     1.043655E+03
  1.452654E-01     1.047569E+03
  1.472883E-01     1.051458E+03
  1.493393E-01     1.055320E+03
  1.514189E-01     1.059158E+03
  1.535275E-01     1.062970E+03
  1.556654E-01     1.066758E+03
  1.578331E-01     1.070520E+03
  1.600310E-01     1.074257E+03
  1.622595E-01     1.077967E+03
  1.645191E-01     1.081652E+03
  1.668101E-01     1.085311E+03
  1.691330E-01     1.088945E+03
  1.714882E-01     1.092552E+03
  1.738762E-01     1.096135E+03
  1.762975E-01     1.099692E+03
  1.787526E-01     1.103225E+03
  1.812418E-01     1.106733E+03
  1.837656E-01     1.110216E+03
  1.863246E-01     1.113672E+03
  1.889193E-01     1.117102E+03
  1.915501E-01     1.120507E+03
  1.942175E-01     1.123885E+03
  1.969220E-01     1.127237E+03
  1.996642E-01     1.130563E+03
  2.024447E-01     1.133863E+03
  2.052638E-01     1.137139E+03
  2.081222E-01     1.140388E+03
  2.110203E-01     1.143610E+03
  2.139589E-01     1.146805E+03
  2.169384E-01     1.149973E+03
  2.199593E-01     1.153114E+03
  2.230223E-01     1.156226E+03
  2.261280E-01     1.159311E+03
  2.292769E-01     1.162368E+03
  2.324697E-01     1.165397E+03
  2.357069E-01     1.168398E+03
  2.389893E-01     1.171370E+03
  2.423173E-01     1.174314E+03
  2.456916E-01     1.177227E+03
  2.491130E-01     1.180111E+03
  2.525820E-01     1.182963E+03
  2.560993E-01     1.185785E+03
  2.596656E-01     1.188575E+03
  2.632815E-01     1.191333E+03
  2.669478E-01     1.194060E+03
  2.706652E-01     1.196755E+03
  2.744343E-01     1.199418E+03
  2.782559E-01     1.202047E+03
  2.821308E-01     1.204642E+03
  2.860596E-01     1.207202E+03
  2.900430E-01     1.209727E+03
  2.940820E-01     1.212216E+03
  2.981772E-01     1.214670E+03
  3.023295E-01     1.217087E+03
  3.065395E-01     1.219468E+03
  3.108082E-01     1.221811E+03
  3.151363E-01     1.224117E+03
  3.195248E-01     1.226385E+03
  3.239743E-01     1.228614E+03
  3.284857E-01     1.230802E+03
  3.330600E-01     1.232950E+03
  3.376980E-01     1.235057E+03
  3.424006E-01     1.237123E+03
  3.471687E-01     1.239147E+03
  3.520031E-01     1.241129E+03
  3.569049E-01     1.243069E+03
  3.618750E-01     1.244965E+03
  3.669142E-01     1.246817E+03
  3.720237E-01     1.248625E+03
  3.772042E-01     1.250388E+03
  3.824570E-01     1.252106E+03
  3.877828E-01     1.253777E+03
  3.931829E-01     1.255402E+03
  3.986581E-01     1.256980E+03
  4.042096E-01     1.258511E+03
  4.098384E-01     1.259996E+03
  4.155455E-01     1.261433E+03
  4.213322E-01     1.262821E+03
  4.271994E-01     1.264161E+03
  4.331483E-01     1.265451E+03
  4.391801E-01     1.266691E+03
  4.452959E-01     1.267881E+03
  4.514968E-01     1.269020E+03
  4.577841E-01     1.270108E+03
  4.641589E-01     1.271146E+03
  4.706225E-01     1.272132E+03
  4.771761E-01     1.273067E+03
  4.838210E-01     1.273950E+03
  4.905584E-01     1.274780E+03
  4.973896E-01     1.275557E+03
  5.043159E-01     1.276280E+03
  5.113388E-01     1.276950E+03
  5.184594E-01     1.277565E+03
  5.256791E-01     1.278126E+03
  5.329994E-01     1.278633E+03
  5.404216E-01     1.279086E+03
  5.479472E-01     1.279485E+03
  5.555776E-01     1.279829E+03
  5.633143E-01     1.280116E+03
  5.711586E-01     1.280348E+03
  5.791123E-01     1.280524E+03
  5.871766E-01     1.280643E+03
  5.953533E-01     1.280705E+03
  6.036439E-01     1.280710E+03
  6.120498E-01     1.280659E+03
  6.205729E-01     1.280551E+03
  6.292146E-01     1.280387E+03
  6.379767E-01     1.280165E+03
  6.468608E-01     1.279886E+03
  6.558686E-01     1.279550E+03
  6.650018E-01     1.279155E+03
  6.742622E-01     1.278704E+03
  6.836516E-01     1.278195E+03
  6.931717E-01     1.277628E+03
  7.028244E-01     1.277006E+03
  7.126115E-01     1.276327E+03
  7.225349E-01     1.275592E+03
  7.325965E-01     1.274800E+03
  7.427982E-01     1.273952E+03
  7.531420E-01     1.273047E+03
  7.636298E-01     1.272086E+03
  7.742637E-01     1.271067E+03
  7.850456E-01     1.269993E+03
  7.959777E-01     1.268862E+03
  8.070620E-01     1.267675E+03
  8.183007E-01     1.266434E+03
  8.296959E-01     1.265137E+03
  8.412497E-01     1.263785E+03
  8.529644E-01     1.262379E+03
  8.648423E-01     1.260917E+03
  8.768856E-01     1.259399E+03
  8.890966E-01     1.257828E+03
  9.014776E-01     1.256201E+03
  9.140311E-01     1.254520E+03
  9.267593E-01     1.252786E+03
  9.396648E-01     1.250999E+03
  9.527500E-01     1.249160E+03
  9.660175E-01     1.247268E+03
  9.794697E-01     1.245323E+03
  9.931092E-01     1.243326E+03
  1.006939E+00     1.241276E+03
  1.020961E+00     1.239174E+03
  1.035178E+00     1.237021E+03
  1.049593E+00     1.234816E+03
  1.064209E+00     1.232560E+03
  1.079029E+00     1.230255E+03
  1.094055E+00     1.227900E+03
  1.109290E+00     1.225495E+03
  1.124737E+00     1.223041E+03
  1.140400E+00     1.220537E+03
  1.156280E+00     1.217984E+03
  1.172382E+00     1.215381E+03
  1.188708E+00     1.212730E+03
  1.205261E+00     1.210031E+03
  1.222045E+00     1.207284E+03
  1.239062E+00     1.204489E+03
  1.256317E+00     1.201648E+03
  1.273811E+00     1.198760E+03
  1.291550E+00     1.195826E+03
  1.309535E+00     1.192845E+03
  1.327771E+00     1.189818E+03
  1.346261E+00     1.186745E+03
  1.365008E+00     1.183627E+03
  1.384016E+00     1.180464E+03
  1.403289E+00     1.177257E+03
  1.422830E+00     1.174006E+03
  1.442644E+00     1.170712E+03
  1.462733E+00     1.167375E+03
  1.483103E+00     1.163995E+03
  1.503755E+00     1.160572E+03
  1.524696E+00     1.157107E+03
  1.545928E+00     1.153600E+03
  1.567455E+00     1.150050E+03
  1.589283E+00     1.146459E+03
  1.611414E+00     1.142828E+03
  1.633854E+00     1.139155E+03
  1.656606E+00     1.135443E+03
  1.679675E+00     1.131691E+03
  1.703065E+00     1.127900E+03
  1.726781E+00     1.124069E+03
  1.750827E+00     1.120199E+03
  1.775208E+00     1.116291E+03
  1.799929E+00     1.112345E+03
  1.824993E+00     1.108362E+03
  1.850407E+00     1.104342E+03
  1.876175E+00     1.100285E+03
  1.902301E+00     1.096193E+03
  1.928792E+00     1.092065E+03
  1.955651E+00     1.087902E+03
  1.982884E+00     1.083705E+03
  2.010496E+00     1.079473E+03
  2.038493E+00     1.075207E+03
  2.066880E+00     1.070907E+03
  2.095662E+00     1.066574E+03
  2.124845E+00     1.062208E+03
  2.154435E+00     1.057810E+03
  2.184436E+00     1.053380E+03
  2.214855E+00     1.048919E+03
  2.245698E+00     1.044427E+03
  2.276970E+00     1.039904E+03
  2.308678E+00     1.035351E+03
  2.340827E+00     1.030768E+03
  2.373424E+00     1.026156E+03
  2.406475E+00     1.021515E+03
  2.439986E+00     1.016846E+03
  2.473964E+00     1.012149E+03
  2.508415E+00     1.007424E+03
  2.543346E+00     1.002673E+03
  2.578763E+00     9.978959E+02
  2.614673E+00     9.930925E+02
  2.651084E+00     9.882637E+02
  2.688001E+00     9.834099E+02
  2.725433E+00     9.785317E+02
  2.763385E+00     9.736296E+02
  2.801867E+00     9.687040E+02
  2.840884E+00     9.637555E+02
  2.880444E+00     9.587847E+02
  2.920556E+00     9.537922E+02
  2.961225E+00     9.487783E+02
  3.002462E+00     9.437436E+02
  3.044272E+00     9.386886E+02
  3.086665E+00     9.336139E+02
  3.129648E+00     9.285200E+02
  3.173230E+00     9.234074E+02
  3.217418E+00     9.182766E+02
  3.262222E+00     9.131282E+02
  3.307650E+00     9.079628E+02
  3.353710E+00     9.027808E+02
  3.400412E+00     8.975829E+02
  3.447764E+00     8.923696E+02
  3.495776E+00     8.871416E+02
  3.544456E+00     8.818994E+02
  3.593814E+00     8.766436E+02
  3.643859E+00     8.713747E+02
  3.694601E+00     8.660934E+02
  3.746050E+00     8.608001E+02
  3.798215E+00     8.554954E+02
  3.851107E+00     8.501800E+02
  3.904735E+00     8.448543E+02
  3.959110E+00     8.395190E+02
  4.014242E+00     8.341748E+02
  4.070142E+00     8.288222E+02
  4.126821E+00     8.234617E+02
  4.184289E+00     8.180940E+02
  4.242556E+00     8.127195E+02
  4.301636E+00     8.073387E+02
  4.361538E+00     8.019520E+02
  4.422274E+00     7.965601E+02
  4.483856E+00     7.911637E+02
  4.546295E+00     7.857634E+02
  4.609604E+00     7.803600E+02
  4.673795E+00     7.749540E+02
  4.738880E+00     7.695461E+02
  4.804870E+00     7.641370E+02
  4.871780E+00     7.587271E+02
  4.939622E+00     7.533169E+02
  5.008408E+00     7.479070E+02
  5.078152E+00     7.424979E+02
  5.148867E+00     7.370904E+02
  5.220568E+00     7.316852E+02
  5.293266E+00     7.262829E+02
  5.366977E+00     7.208842E+02
  5.441714E+00     7.154898E+02
  5.517492E+00     7.101001E+02
  5.594326E+00     7.047157E+02
  5.672229E+00     6.993371E+02
  5.751217E+00     6.939645E+02
  5.831305E+00     6.885986E+02
  5.912508E+00     6.832401E+02
  5.994843E+00     6.778897E+02
  6.078323E+00     6.725480E+02
  6.162966E+00     6.672157E+02
  6.248788E+00     6.618933E+02
  6.335805E+00     6.565813E+02
  6.424034E+00     6.512802E+02
  6.513491E+00     6.459904E+02
  6.604194E+00     6.407120E+02
  6.696160E+00     6.354456E+02
  6.789407E+00     6.301918E+02
  6.883952E+00     6.249514E+02
  6.979814E+00     6.197252E+02
  7.077011E+00     6.145136E+02
  7.175561E+00     6.093172E+02
  7.275484E+00     6.041366E+02
  7.376798E+00     5.989722E+02
  7.479523E+00     5.938242E+02
  7.583678E+00     5.886929E+02
  7.689284E+00     5.835786E+02
  7.796360E+00     5.784821E+02
  7.904928E+00     5.734039E+02
  8.015007E+00     5.683448E+02
  8.126619E+00     5.633053E+02
  8.239786E+00     5.582859E+02
  8.354528E+00     5.532870E+02
  8.470868E+00     5.483088E+02
  8.588829E+00     5.433517E+02
  8.708431E+00     5.384156E+02
  8.829700E+00     5.335008E+02
  8.952657E+00     5.286079E+02
  9.077327E+00     5.237375E+02
  9.203732E+00     5.188903E+02
  9.331898E+00     5.140667E+02
  9.461848E+00     5.092672E+02
  9.593608E+00     5.044921E+02
  9.727203E+00     4.997417E+02
  9.862658E+00     4.950160E+02
  1.000000E+01     4.903151E+02
  1.013925E+01     4.856390E+02
  1.028045E+01     4.809882E+02
  1.042361E+01     4.763634E+02
  1.056876E+01     4.717651E+02
  1.071593E+01     4.671938E+02
  1.086516E+01     4.626498E+02
  1.101646E+01     4.581335E+02
  1.116987E+01     4.536450E+02
  1.132541E+01     4.491844E+02
  1.148312E+01     4.447514E+02
  1.164303E+01     4.403462E+02
  1.180517E+01     4.359689E+02
  1.196956E+01     4.316203E+02
  1.213624E+01     4.273007E+02
  1.230524E+01     4.230107E+02
  1.247660E+01     4.187503E+02
  1.265034E+01     4.145198E+02
  1.282650E+01     4.103193E+02
  1.300511E+01     4.061486E+02
  1.318621E+01     4.020074E+02
  1.336984E+01     3.978956E+02
  1.355602E+01     3.938134E+02
  1.374479E+01     3.897613E+02
  1.393619E+01     3.857397E+02
  1.413026E+01     3.817490E+02
  1.432703E+01     3.777893E+02
  1.452654E+01     3.738608E+02
  1.472883E+01     3.699635E+02
  1.493393E+01     3.660971E+02
  1.514189E+01     3.622615E+02
  1.535275E+01     3.584562E+02
  1.556654E+01     3.546813E+02
  1.578331E+01     3.509374E+02
  1.600310E+01     3.472247E+02
  1.622595E+01     3.435436E+02
  1.645191E+01     3.398941E+02
  1.668101E+01     3.362763E+02
  1.691330E+01     3.326902E+02
  1.714882E+01     3.291354E+02
  1.738762E+01     3.256116E+02
  1.762975E+01     3.221184E+02
  1.787526E+01     3.186556E+02
  1.812418E+01     3.152238E+02
  1.837656E+01     3.118231E+02
  1.863246E+01     3.084538E+02
  1.889193E+01     3.051160E+02
  1.915501E+01     3.018095E+02
  1.942175E+01     2.985343E+02
  1.969220E+01     2.952901E+02
  1.996642E+01     2.920763E+02
  2.024447E+01     2.888924E+02
  2.052638E+01     2.857384E+02
  2.081222E+01     2.826144E+02
  2.110203E+01     2.795208E+02
  2.139589E+01     2.764576E+02
  2.169384E+01     2.734250E+02
  2.199593E+01     2.704229E+02
  2.230223E+01     2.674510E+02
  2.261280E+01     2.645090E+02
  2.292769E+01     2.615966E+02
  2.324697E+01     2.587129E+02
  2.357069E+01     2.558579E+02
  2.389893E+01     2.530318E+02
  2.423173E+01     2.502348E+02
  2.456916E+01     2.474669E+02
  2.491130E+01     2.447282E+02
  2.525820E+01     2.420185E+02
  2.560993E+01     2.393377E+02
  2.596656E+01     2.366854E+02
  2.632815E+01     2.340611E+02
  2.669478E+01     2.314641E+02
  2.706652E+01     2.288942E+02
  2.744343E+01     2.263515E+02
  2.782559E+01     2.238362E+02
  2.821308E+01     2.213482E+02
  2.860596E+01     2.188877E+02
  2.900430E+01     2.164544E+02
  2.940820E+01     2.140481E+02
  2.981772E+01     2.116684E+02
  3.023295E+01     2.093148E+02
  3.065395E+01     2.069867E+02
  3.108082E+01     2.046837E+02
  3.151363E+01     2.024058E+02
  3.195248E+01     2.001532E+02
  3.239743E+01     1.979260E+02
  3.284857E+01     1.957240E+02
  3.330600E+01     1.935472E+02
  3.376980E+01     1.913953E+02
  3.424006E+01     1.892679E+02
  3.471687E+01     1.871645E+02
  3.520031E+01     1.850846E+02
  3.569049E+01     1.830277E+02
  3.618750E+01     1.809939E+02
  3.669142E+01     1.789831E+02
  3.720237E+01     1.769956E+02
  3.772042E+01     1.750313E+02
  3.824570E+01     1.730899E+02
  3.877828E+01     1.711713E+02
  3.931829E+01     1.692751E+02
  3.986581E+01     1.674009E+02
  4.042096E+01     1.655481E+02
  4.098384E+01     1.637162E+02
  4.155455E+01     1.619053E+02
  4.213322E+01     1.601155E+02
  4.271994E+01     1.583467E+02
  4.331483E+01     1.565989E+02
  4.391801E+01     1.548719E+02
  4.452959E+01     1.531655E+02
  4.514968E+01     1.514794E+02
  4.577841E+01     1.498131E+02
  4.641589E+01     1.481662E+02
  4.706225E+01     1.465381E+02
  4.771761E+01     1.449287E+02
  4.838210E+01     1.433383E+02
  4.905584E+01     1.417667E+02
  4.973896E+01     1.402140E+02
  5.043159E+01     1.386800E+02
  5.113388E+01     1.371645E+02
  5.184594E+01     1.356672E+02
  5.256791E+01     1.341879E+02
  5.329994E+01     1.327259E+02
  5.404216E+01     1.312808E+02
  5.479472E+01     1.298527E+02
  5.555776E+01     1.284414E+02
  5.633143E+01     1.270471E+02
  5.711586E+01     1.256697E+02
  5.791123E+01     1.243090E+02
  5.871766E+01     1.229649E+02
  5.953533E+01     1.216371E+02
  6.036439E+01     1.203252E+02
  6.120498E+01     1.190289E+02
  6.205729E+01     1.177476E+02
  6.292146E+01     1.164812E+02
  6.379767E+01     1.152299E+02
  6.468608E+01     1.139936E+02
  6.558686E+01     1.127724E+02
  6.650018E+01     1.115660E+02
  6.742622E+01     1.103744E+02
  6.836516E+01     1.091974E+02
  6.931717E+01     1.080346E+02
  7.028244E+01     1.068857E+02
  7.126115E+01     1.057503E+02
  7.225349E+01     1.046283E+02
  7.325965E+01     1.035197E+02
  7.427982E+01     1.024245E+02
  7.531420E+01     1.013428E+02
  7.636298E+01     1.002743E+02
  7.742637E+01     9.921894E+01
  7.850456E+01     9.817655E+01
  7.959777E+01     9.714683E+01
  8.070620E+01     9.612944E+01
  8.183007E+01     9.512398E+01
  8.296959E+01     9.413034E+01
  8.412497E+01     9.314856E+01
  8.529644E+01     9.217866E+01
  8.648423E+01     9.122061E+01
  8.768856E+01     9.027435E+01
  8.890966E+01     8.933977E+01
  9.014776E+01     8.841670E+01
  9.140311E+01     8.750492E+01
  9.267593E+01     8.660414E+01
  9.396648E+01     8.571405E+01
  9.527500E+01     8.483451E+01
  9.660175E+01     8.396554E+01
  9.794697E+01     8.310716E+01
  9.931092E+01     8.225935E+01
  1.006939E+02     8.142205E+01
  1.020961E+02     8.059516E+01
  1.035178E+02     7.977851E+01
  1.049593E+02     7.897192E+01
  1.064209E+02     7.817512E+01
  1.079029E+02     7.738783E+01
  1.094055E+02     7.660987E+01
  1.109290E+02     7.584129E+01
  1.124737E+02     7.508210E+01
  1.140400E+02     7.433229E+01
  1.156280E+02     7.359180E+01
  1.172382E+02     7.286055E+01
  1.188708E+02     7.213840E+01
  1.205261E+02     7.142520E+01
  1.222045E+02     7.072072E+01
  1.239062E+02     7.002470E+01
  1.256317E+02     6.933698E+01
  1.273811E+02     6.865759E+01
  1.291550E+02     6.798655E+01
  1.309535E+02     6.732385E+01
  1.327771E+02     6.666946E+01
  1.346261E+02     6.602330E+01
  1.365008E+02     6.538527E+01
  1.384016E+02     6.475522E+01
  1.403289E+02     6.413297E+01
  1.422830E+02     6.351831E+01
  1.442644E+02     6.291106E+01
  1.462733E+02     6.231125E+01
  1.483103E+02     6.171890E+01
  1.503755E+02     6.113399E+01
  1.524696E+02     6.055649E+01
  1.545928E+02     5.998633E+01
  1.567455E+02     5.942343E+01
  1.589283E+02     5.886765E+01
  1.611414E+02     5.831882E+01
  1.633854E+02     5.777675E+01
  1.656606E+02     5.724128E+01
  1.679675E+02     5.671240E+01
  1.703065E+02     5.619015E+01
  1.726781E+02     5.567452E+01
  1.750827E+02     5.516549E+01
  1.775208E+02     5.466299E+01
  1.799929E+02     5.416696E+01
  1.824993E+02     5.367728E+01
  1.850407E+02     5.319382E+01
  1.876175E+02     5.271639E+01
  1.902301E+02     5.224485E+01
  1.928792E+02     5.177921E+01
  1.955651E+02     5.131947E+01
  1.982884E+02     5.086565E+01
  2.010496E+02     5.041771E+01
  2.038493E+02     4.997561E+01
  2.066880E+02     4.953929E+01
  2.095662E+02     4.910864E+01
  2.124845E+02     4.868355E+01
  2.154435E+02     4.826387E+01
  2.184436E+02     4.784945E+01
  2.214855E+02     4.744029E+01
  2.245698E+02     4.703641E+01
  2.276970E+02     4.663779E+01
  2.308678E+02     4.624443E+01
  2.340827E+02     4.585629E+01
  2.373424E+02     4.547331E+01
  2.406475E+02     4.509541E+01
  2.439986E+02     4.472247E+01
  2.473964E+02     4.435438E+01
  2.508415E+02     4.399099E+01
  2.543346E+02     4.363229E+01
  2.578763E+02     4.327830E+01
  2.614673E+02     4.292901E+01
  2.651084E+02     4.258442E+01
  2.688001E+02     4.224449E+01
  2.725433E+02     4.190917E+01
  2.763385E+02     4.157839E+01
  2.801867E+02     4.125206E+01
  2.840884E+02     4.093007E+01
  2.880444E+02     4.061228E+01
  2.920556E+02     4.029868E+01
  2.961225E+02     3.998928E+01
  3.002462E+02     3.968409E+01
  3.044272E+02     3.938309E+01
  3.086665E+02     3.908626E+01
  3.129648E+02     3.879355E+01
  3.173230E+02     3.850490E+01
  3.217418E+02     3.822024E+01
  3.262222E+02     3.793945E+01
  3.307650E+02     3.766244E+01
  3.353710E+02     3.738917E+01
  3.400412E+02     3.711965E+01
  3.447764E+02     3.685389E+01
  3.495776E+02     3.659188E+01
  3.544456E+02     3.633360E+01
  3.593814E+02     3.607900E+01
  3.643859E+02     3.582804E+01
  3.694601E+02     3.558065E+01
  3.746050E+02     3.533674E+01
  3.798215E+02     3.509621E+01
  3.851107E+02     3.485902E+01
  3.904735E+02     3.462519E+01
  3.959110E+02     3.439472E+01
  4.014242E+02     3.416761E+01
  4.070142E+02     3.394383E+01
  4.126821E+02     3.372336E+01
  4.184289E+02     3.350614E+01
  4.242556E+02     3.329212E+01
  4.301636E+02     3.308122E+01
  4.361538E+02     3.287336E+01
  4.422274E+02     3.266849E+01
  4.483856E+02     3.246663E+01
  4.546295E+02     3.226777E+01
  4.609604E+02     3.207192E+01
  4.673795E+02     3.187905E+01
  4.738880E+02     3.168915E+01
  4.804870E+02     3.150216E+01
  4.871780E+02     3.131804E+01
  4.939622E+02     3.113673E+01
  5.008408E+02     3.095813E+01
  5.078152E+02     3.078222E+01
  5.148867E+02     3.060899E+01
  5.220568E+02     3.043847E+01
  5.293266E+02     3.027063E+01
  5.366977E+02     3.010546E+01
  5.441714E+02     2.994296E+01
  5.517492E+02     2.978307E+01
  5.594326E+02     2.962575E+01
  5.672229E+02     2.947096E+01
  5.751217E+02     2.931861E+01
  5.831305E+02     2.916867E+01
  5.912508E+02     2.902114E+01
  5.994843E+02     2.887603E+01
  6.078323E+02     2.873333E+01
  6.162966E+02     2.859303E+01
  6.248788E+02     2.845511E+01
  6.335805E+02     2.831954E+01
  6.424034E+02     2.818628E+01
  6.513491E+02     2.805528E+01
  6.604194E+02     2.792647E+01
  6.696160E+02     2.779981E+01
  6.789407E+02     2.767531E+01
  6.883952E+02     2.755297E+01
  6.979814E+02     2.743277E+01
  7.077011E+02     2.731471E+01
  7.175561E+02     2.719877E+01
  7.275484E+02     2.708491E+01
  7.376798E+02     2.697311E+01
  7.479523E+02     2.686330E+01
  7.583678E+02     2.675544E+01
  7.689284E+02     2.664949E+01
  7.796360E+02     2.654548E+01
  7.904928E+02     2.644343E+01
  8.015007E+02     2.634340E+01
  8.126619E+02     2.624540E+01
  8.239786E+02     2.614946E+01
  8.354528E+02     2.605562E+01
  8.470868E+02     2.596387E+01
  8.588829E+02     2.587425E+01
  8.708431E+02     2.578676E+01
  8.829700E+02     2.570137E+01
  8.952657E+02     2.561789E+01
  9.077327E+02     2.553610E+01
  9.203732E+02     2.545577E+01
  9.331898E+02     2.537661E+01
  9.461848E+02     2.529833E+01
  9.593608E+02     2.522060E+01
  9.727203E+02     2.514305E+01
  9.862658E+02     2.506531E+01
  1.000000E+03     2.498694E+01
