FILE CREATED BY  : PROGRAM DPASS - VERSION 2.00
DATABASE VERSION : 21.06
DATE AND TIME    : 09/08/2022 20:46:15
PROJECTILE       : S 
TARGET           : La
TARGET AT. MASS  : 1.389055E+02
TARGET DENSITY   : 6.150000E+00 g/cm^3
TABULATED OUTPUT : STOPPING FORCE VERSUS ENERGY
DATA TYPE        : SPLINE INTERPOLATED
ABSCISSA UNITS   : MeV/u
ORDINATE UNITS   : eV/nm


      E/n             S(E/n)

  1.000000E-03     2.674833E+02
  1.013925E-03     2.693108E+02
  1.028045E-03     2.711624E+02
  1.042361E-03     2.730372E+02
  1.056876E-03     2.749340E+02
  1.071593E-03     2.768515E+02
  1.086516E-03     2.787885E+02
  1.101646E-03     2.807433E+02
  1.116987E-03     2.827144E+02
  1.132541E-03     2.846999E+02
  1.148312E-03     2.866980E+02
  1.164303E-03     2.887069E+02
  1.180517E-03     2.907264E+02
  1.196956E-03     2.927568E+02
  1.213624E-03     2.947988E+02
  1.230524E-03     2.968528E+02
  1.247660E-03     2.989193E+02
  1.265034E-03     3.009991E+02
  1.282650E-03     3.030927E+02
  1.300511E-03     3.052009E+02
  1.318621E-03     3.073246E+02
  1.336984E-03     3.094644E+02
  1.355602E-03     3.116208E+02
  1.374479E-03     3.137935E+02
  1.393619E-03     3.159827E+02
  1.413026E-03     3.181881E+02
  1.432703E-03     3.204099E+02
  1.452654E-03     3.226480E+02
  1.472883E-03     3.249022E+02
  1.493393E-03     3.271727E+02
  1.514189E-03     3.294592E+02
  1.535275E-03     3.317619E+02
  1.556654E-03     3.340807E+02
  1.578331E-03     3.364157E+02
  1.600310E-03     3.387671E+02
  1.622595E-03     3.411351E+02
  1.645191E-03     3.435198E+02
  1.668101E-03     3.459213E+02
  1.691330E-03     3.483400E+02
  1.714882E-03     3.507760E+02
  1.738762E-03     3.532295E+02
  1.762975E-03     3.557009E+02
  1.787526E-03     3.581902E+02
  1.812418E-03     3.606975E+02
  1.837656E-03     3.632230E+02
  1.863246E-03     3.657666E+02
  1.889193E-03     3.683286E+02
  1.915501E-03     3.709090E+02
  1.942175E-03     3.735079E+02
  1.969220E-03     3.761255E+02
  1.996642E-03     3.787619E+02
  2.024447E-03     3.814173E+02
  2.052638E-03     3.840918E+02
  2.081222E-03     3.867855E+02
  2.110203E-03     3.894986E+02
  2.139589E-03     3.922311E+02
  2.169384E-03     3.949833E+02
  2.199593E-03     3.977553E+02
  2.230223E-03     4.005472E+02
  2.261280E-03     4.033593E+02
  2.292769E-03     4.061918E+02
  2.324697E-03     4.090450E+02
  2.357069E-03     4.119189E+02
  2.389893E-03     4.148137E+02
  2.423173E-03     4.177296E+02
  2.456916E-03     4.206665E+02
  2.491130E-03     4.236248E+02
  2.525820E-03     4.266045E+02
  2.560993E-03     4.296058E+02
  2.596656E-03     4.326288E+02
  2.632815E-03     4.356739E+02
  2.669478E-03     4.387411E+02
  2.706652E-03     4.418307E+02
  2.744343E-03     4.449429E+02
  2.782559E-03     4.480776E+02
  2.821308E-03     4.512352E+02
  2.860596E-03     4.544157E+02
  2.900430E-03     4.576193E+02
  2.940820E-03     4.608462E+02
  2.981772E-03     4.640967E+02
  3.023295E-03     4.673708E+02
  3.065395E-03     4.706690E+02
  3.108082E-03     4.739914E+02
  3.151363E-03     4.773382E+02
  3.195248E-03     4.807094E+02
  3.239743E-03     4.841053E+02
  3.284857E-03     4.875259E+02
  3.330600E-03     4.909716E+02
  3.376980E-03     4.944425E+02
  3.424006E-03     4.979387E+02
  3.471687E-03     5.014606E+02
  3.520031E-03     5.050084E+02
  3.569049E-03     5.085823E+02
  3.618750E-03     5.121825E+02
  3.669142E-03     5.158093E+02
  3.720237E-03     5.194628E+02
  3.772042E-03     5.231432E+02
  3.824570E-03     5.268507E+02
  3.877828E-03     5.305858E+02
  3.931829E-03     5.343485E+02
  3.986581E-03     5.381393E+02
  4.042096E-03     5.419585E+02
  4.098384E-03     5.458064E+02
  4.155455E-03     5.496832E+02
  4.213322E-03     5.535891E+02
  4.271994E-03     5.575242E+02
  4.331483E-03     5.614888E+02
  4.391801E-03     5.654830E+02
  4.452959E-03     5.695072E+02
  4.514968E-03     5.735615E+02
  4.577841E-03     5.776463E+02
  4.641589E-03     5.817619E+02
  4.706225E-03     5.859085E+02
  4.771761E-03     5.900864E+02
  4.838210E-03     5.942957E+02
  4.905584E-03     5.985368E+02
  4.973896E-03     6.028097E+02
  5.043159E-03     6.071148E+02
  5.113388E-03     6.114522E+02
  5.184594E-03     6.158224E+02
  5.256791E-03     6.202255E+02
  5.329994E-03     6.246620E+02
  5.404216E-03     6.291322E+02
  5.479472E-03     6.336363E+02
  5.555776E-03     6.381744E+02
  5.633143E-03     6.427468E+02
  5.711586E-03     6.473536E+02
  5.791123E-03     6.519951E+02
  5.871766E-03     6.566716E+02
  5.953533E-03     6.613832E+02
  6.036439E-03     6.661302E+02
  6.120498E-03     6.709130E+02
  6.205729E-03     6.757319E+02
  6.292146E-03     6.805871E+02
  6.379767E-03     6.854788E+02
  6.468608E-03     6.904071E+02
  6.558686E-03     6.953724E+02
  6.650018E-03     7.003747E+02
  6.742622E-03     7.054143E+02
  6.836516E-03     7.104916E+02
  6.931717E-03     7.156068E+02
  7.028244E-03     7.207602E+02
  7.126115E-03     7.259522E+02
  7.225349E-03     7.311830E+02
  7.325965E-03     7.364528E+02
  7.427982E-03     7.417617E+02
  7.531420E-03     7.471101E+02
  7.636298E-03     7.524982E+02
  7.742637E-03     7.579261E+02
  7.850456E-03     7.633942E+02
  7.959777E-03     7.689028E+02
  8.070620E-03     7.744523E+02
  8.183007E-03     7.800430E+02
  8.296959E-03     7.856752E+02
  8.412497E-03     7.913490E+02
  8.529644E-03     7.970648E+02
  8.648423E-03     8.028227E+02
  8.768856E-03     8.086231E+02
  8.890966E-03     8.144661E+02
  9.014776E-03     8.203523E+02
  9.140311E-03     8.262818E+02
  9.267593E-03     8.322551E+02
  9.396648E-03     8.382726E+02
  9.527500E-03     8.443347E+02
  9.660175E-03     8.504415E+02
  9.794697E-03     8.565933E+02
  9.931092E-03     8.627904E+02
  1.006939E-02     8.690330E+02
  1.020961E-02     8.753216E+02
  1.035178E-02     8.816564E+02
  1.049593E-02     8.880379E+02
  1.064209E-02     8.944665E+02
  1.079029E-02     9.009426E+02
  1.094055E-02     9.074667E+02
  1.109290E-02     9.140390E+02
  1.124737E-02     9.206598E+02
  1.140400E-02     9.273295E+02
  1.156280E-02     9.340484E+02
  1.172382E-02     9.408170E+02
  1.188708E-02     9.476356E+02
  1.205261E-02     9.545048E+02
  1.222045E-02     9.614252E+02
  1.239062E-02     9.683972E+02
  1.256317E-02     9.754213E+02
  1.273811E-02     9.824979E+02
  1.291550E-02     9.896273E+02
  1.309535E-02     9.968098E+02
  1.327771E-02     1.004046E+03
  1.346261E-02     1.011336E+03
  1.365008E-02     1.018681E+03
  1.384016E-02     1.026080E+03
  1.403289E-02     1.033535E+03
  1.422830E-02     1.041046E+03
  1.442644E-02     1.048614E+03
  1.462733E-02     1.056238E+03
  1.483103E-02     1.063920E+03
  1.503755E-02     1.071660E+03
  1.524696E-02     1.079458E+03
  1.545928E-02     1.087315E+03
  1.567455E-02     1.095232E+03
  1.589283E-02     1.103208E+03
  1.611414E-02     1.111244E+03
  1.633854E-02     1.119342E+03
  1.656606E-02     1.127501E+03
  1.679675E-02     1.135723E+03
  1.703065E-02     1.144007E+03
  1.726781E-02     1.152354E+03
  1.750827E-02     1.160765E+03
  1.775208E-02     1.169240E+03
  1.799929E-02     1.177779E+03
  1.824993E-02     1.186384E+03
  1.850407E-02     1.195054E+03
  1.876175E-02     1.203791E+03
  1.902301E-02     1.212596E+03
  1.928792E-02     1.221468E+03
  1.955651E-02     1.230408E+03
  1.982884E-02     1.239416E+03
  2.010496E-02     1.248494E+03
  2.038493E-02     1.257641E+03
  2.066880E-02     1.266858E+03
  2.095662E-02     1.276147E+03
  2.124845E-02     1.285507E+03
  2.154435E-02     1.294939E+03
  2.184436E-02     1.304444E+03
  2.214855E-02     1.314023E+03
  2.245698E-02     1.323675E+03
  2.276970E-02     1.333402E+03
  2.308678E-02     1.343204E+03
  2.340827E-02     1.353082E+03
  2.373424E-02     1.363035E+03
  2.406475E-02     1.373066E+03
  2.439986E-02     1.383174E+03
  2.473964E-02     1.393360E+03
  2.508415E-02     1.403625E+03
  2.543346E-02     1.413970E+03
  2.578763E-02     1.424394E+03
  2.614673E-02     1.434899E+03
  2.651084E-02     1.445485E+03
  2.688001E-02     1.456152E+03
  2.725433E-02     1.466902E+03
  2.763385E-02     1.477733E+03
  2.801867E-02     1.488649E+03
  2.840884E-02     1.499648E+03
  2.880444E-02     1.510732E+03
  2.920556E-02     1.521901E+03
  2.961225E-02     1.533156E+03
  3.002462E-02     1.544497E+03
  3.044272E-02     1.555924E+03
  3.086665E-02     1.567439E+03
  3.129648E-02     1.579042E+03
  3.173230E-02     1.590733E+03
  3.217418E-02     1.602512E+03
  3.262222E-02     1.614382E+03
  3.307650E-02     1.626342E+03
  3.353710E-02     1.638394E+03
  3.400412E-02     1.650536E+03
  3.447764E-02     1.662770E+03
  3.495776E-02     1.675097E+03
  3.544456E-02     1.687516E+03
  3.593814E-02     1.700028E+03
  3.643859E-02     1.712634E+03
  3.694601E-02     1.725334E+03
  3.746050E-02     1.738130E+03
  3.798215E-02     1.751020E+03
  3.851107E-02     1.764007E+03
  3.904735E-02     1.777090E+03
  3.959110E-02     1.790270E+03
  4.014242E-02     1.803546E+03
  4.070142E-02     1.816920E+03
  4.126821E-02     1.830392E+03
  4.184289E-02     1.843962E+03
  4.242556E-02     1.857631E+03
  4.301636E-02     1.871399E+03
  4.361538E-02     1.885266E+03
  4.422274E-02     1.899234E+03
  4.483856E-02     1.913302E+03
  4.546295E-02     1.927471E+03
  4.609604E-02     1.941741E+03
  4.673795E-02     1.956111E+03
  4.738880E-02     1.970583E+03
  4.804870E-02     1.985156E+03
  4.871780E-02     1.999832E+03
  4.939622E-02     2.014609E+03
  5.008408E-02     2.029489E+03
  5.078152E-02     2.044473E+03
  5.148867E-02     2.059559E+03
  5.220568E-02     2.074748E+03
  5.293266E-02     2.090040E+03
  5.366977E-02     2.105435E+03
  5.441714E-02     2.120933E+03
  5.517492E-02     2.136534E+03
  5.594326E-02     2.152237E+03
  5.672229E-02     2.168044E+03
  5.751217E-02     2.183955E+03
  5.831305E-02     2.199969E+03
  5.912508E-02     2.216086E+03
  5.994843E-02     2.232306E+03
  6.078323E-02     2.248629E+03
  6.162966E-02     2.265054E+03
  6.248788E-02     2.281582E+03
  6.335805E-02     2.298213E+03
  6.424034E-02     2.314945E+03
  6.513491E-02     2.331781E+03
  6.604194E-02     2.348718E+03
  6.696160E-02     2.365758E+03
  6.789407E-02     2.382900E+03
  6.883952E-02     2.400142E+03
  6.979814E-02     2.417485E+03
  7.077011E-02     2.434928E+03
  7.175561E-02     2.452469E+03
  7.275484E-02     2.470108E+03
  7.376798E-02     2.487845E+03
  7.479523E-02     2.505678E+03
  7.583678E-02     2.523608E+03
  7.689284E-02     2.541634E+03
  7.796360E-02     2.559753E+03
  7.904928E-02     2.577964E+03
  8.015007E-02     2.596265E+03
  8.126619E-02     2.614655E+03
  8.239786E-02     2.633130E+03
  8.354528E-02     2.651690E+03
  8.470868E-02     2.670333E+03
  8.588829E-02     2.689055E+03
  8.708431E-02     2.707855E+03
  8.829700E-02     2.726731E+03
  8.952657E-02     2.745681E+03
  9.077327E-02     2.764703E+03
  9.203732E-02     2.783796E+03
  9.331898E-02     2.802956E+03
  9.461848E-02     2.822183E+03
  9.593608E-02     2.841474E+03
  9.727203E-02     2.860827E+03
  9.862658E-02     2.880242E+03
  1.000000E-01     2.899715E+03
  1.013925E-01     2.919245E+03
  1.028045E-01     2.938830E+03
  1.042361E-01     2.958468E+03
  1.056876E-01     2.978157E+03
  1.071593E-01     2.997894E+03
  1.086516E-01     3.017678E+03
  1.101646E-01     3.037506E+03
  1.116987E-01     3.057377E+03
  1.132541E-01     3.077290E+03
  1.148312E-01     3.097241E+03
  1.164303E-01     3.117229E+03
  1.180517E-01     3.137253E+03
  1.196956E-01     3.157309E+03
  1.213624E-01     3.177395E+03
  1.230524E-01     3.197509E+03
  1.247660E-01     3.217648E+03
  1.265034E-01     3.237810E+03
  1.282650E-01     3.257992E+03
  1.300511E-01     3.278193E+03
  1.318621E-01     3.298411E+03
  1.336984E-01     3.318643E+03
  1.355602E-01     3.338887E+03
  1.374479E-01     3.359140E+03
  1.393619E-01     3.379399E+03
  1.413026E-01     3.399661E+03
  1.432703E-01     3.419923E+03
  1.452654E-01     3.440182E+03
  1.472883E-01     3.460436E+03
  1.493393E-01     3.480682E+03
  1.514189E-01     3.500918E+03
  1.535275E-01     3.521141E+03
  1.556654E-01     3.541348E+03
  1.578331E-01     3.561537E+03
  1.600310E-01     3.581703E+03
  1.622595E-01     3.601842E+03
  1.645191E-01     3.621953E+03
  1.668101E-01     3.642031E+03
  1.691330E-01     3.662074E+03
  1.714882E-01     3.682078E+03
  1.738762E-01     3.702042E+03
  1.762975E-01     3.721962E+03
  1.787526E-01     3.741835E+03
  1.812418E-01     3.761657E+03
  1.837656E-01     3.781425E+03
  1.863246E-01     3.801136E+03
  1.889193E-01     3.820785E+03
  1.915501E-01     3.840369E+03
  1.942175E-01     3.859886E+03
  1.969220E-01     3.879333E+03
  1.996642E-01     3.898706E+03
  2.024447E-01     3.918005E+03
  2.052638E-01     3.937224E+03
  2.081222E-01     3.956362E+03
  2.110203E-01     3.975413E+03
  2.139589E-01     3.994376E+03
  2.169384E-01     4.013247E+03
  2.199593E-01     4.032023E+03
  2.230223E-01     4.050702E+03
  2.261280E-01     4.069281E+03
  2.292769E-01     4.087758E+03
  2.324697E-01     4.106133E+03
  2.357069E-01     4.124402E+03
  2.389893E-01     4.142562E+03
  2.423173E-01     4.160611E+03
  2.456916E-01     4.178546E+03
  2.491130E-01     4.196364E+03
  2.525820E-01     4.214063E+03
  2.560993E-01     4.231642E+03
  2.596656E-01     4.249100E+03
  2.632815E-01     4.266435E+03
  2.669478E-01     4.283647E+03
  2.706652E-01     4.300736E+03
  2.744343E-01     4.317698E+03
  2.782559E-01     4.334531E+03
  2.821308E-01     4.351234E+03
  2.860596E-01     4.367805E+03
  2.900430E-01     4.384243E+03
  2.940820E-01     4.400547E+03
  2.981772E-01     4.416717E+03
  3.023295E-01     4.432753E+03
  3.065395E-01     4.448657E+03
  3.108082E-01     4.464429E+03
  3.151363E-01     4.480067E+03
  3.195248E-01     4.495569E+03
  3.239743E-01     4.510933E+03
  3.284857E-01     4.526160E+03
  3.330600E-01     4.541248E+03
  3.376980E-01     4.556197E+03
  3.424006E-01     4.571008E+03
  3.471687E-01     4.585683E+03
  3.520031E-01     4.600222E+03
  3.569049E-01     4.614628E+03
  3.618750E-01     4.628899E+03
  3.669142E-01     4.643033E+03
  3.720237E-01     4.657029E+03
  3.772042E-01     4.670886E+03
  3.824570E-01     4.684605E+03
  3.877828E-01     4.698184E+03
  3.931829E-01     4.711625E+03
  3.986581E-01     4.724930E+03
  4.042096E-01     4.738100E+03
  4.098384E-01     4.751136E+03
  4.155455E-01     4.764038E+03
  4.213322E-01     4.776803E+03
  4.271994E-01     4.789430E+03
  4.331483E-01     4.801918E+03
  4.391801E-01     4.814266E+03
  4.452959E-01     4.826473E+03
  4.514968E-01     4.838541E+03
  4.577841E-01     4.850469E+03
  4.641589E-01     4.862259E+03
  4.706225E-01     4.873912E+03
  4.771761E-01     4.885427E+03
  4.838210E-01     4.896802E+03
  4.905584E-01     4.908036E+03
  4.973896E-01     4.919128E+03
  5.043159E-01     4.930077E+03
  5.113388E-01     4.940883E+03
  5.184594E-01     4.951547E+03
  5.256791E-01     4.962069E+03
  5.329994E-01     4.972451E+03
  5.404216E-01     4.982694E+03
  5.479472E-01     4.992797E+03
  5.555776E-01     5.002761E+03
  5.633143E-01     5.012583E+03
  5.711586E-01     5.022263E+03
  5.791123E-01     5.031801E+03
  5.871766E-01     5.041199E+03
  5.953533E-01     5.050457E+03
  6.036439E-01     5.059576E+03
  6.120498E-01     5.068559E+03
  6.205729E-01     5.077408E+03
  6.292146E-01     5.086123E+03
  6.379767E-01     5.094702E+03
  6.468608E-01     5.103145E+03
  6.558686E-01     5.111450E+03
  6.650018E-01     5.119617E+03
  6.742622E-01     5.127646E+03
  6.836516E-01     5.135537E+03
  6.931717E-01     5.143292E+03
  7.028244E-01     5.150912E+03
  7.126115E-01     5.158398E+03
  7.225349E-01     5.165748E+03
  7.325965E-01     5.172955E+03
  7.427982E-01     5.180014E+03
  7.531420E-01     5.186920E+03
  7.636298E-01     5.193667E+03
  7.742637E-01     5.200250E+03
  7.850456E-01     5.206662E+03
  7.959777E-01     5.212898E+03
  8.070620E-01     5.218953E+03
  8.183007E-01     5.224820E+03
  8.296959E-01     5.230495E+03
  8.412497E-01     5.235974E+03
  8.529644E-01     5.241253E+03
  8.648423E-01     5.246327E+03
  8.768856E-01     5.251194E+03
  8.890966E-01     5.255850E+03
  9.014776E-01     5.260292E+03
  9.140311E-01     5.264516E+03
  9.267593E-01     5.268521E+03
  9.396648E-01     5.272304E+03
  9.527500E-01     5.275861E+03
  9.660175E-01     5.279185E+03
  9.794697E-01     5.282271E+03
  9.931092E-01     5.285112E+03
  1.006939E+00     5.287702E+03
  1.020961E+00     5.290036E+03
  1.035178E+00     5.292106E+03
  1.049593E+00     5.293907E+03
  1.064209E+00     5.295434E+03
  1.079029E+00     5.296681E+03
  1.094055E+00     5.297645E+03
  1.109290E+00     5.298324E+03
  1.124737E+00     5.298718E+03
  1.140400E+00     5.298828E+03
  1.156280E+00     5.298655E+03
  1.172382E+00     5.298200E+03
  1.188708E+00     5.297467E+03
  1.205261E+00     5.296458E+03
  1.222045E+00     5.295178E+03
  1.239062E+00     5.293632E+03
  1.256317E+00     5.291822E+03
  1.273811E+00     5.289747E+03
  1.291550E+00     5.287405E+03
  1.309535E+00     5.284794E+03
  1.327771E+00     5.281913E+03
  1.346261E+00     5.278762E+03
  1.365008E+00     5.275340E+03
  1.384016E+00     5.271649E+03
  1.403289E+00     5.267688E+03
  1.422830E+00     5.263461E+03
  1.442644E+00     5.258966E+03
  1.462733E+00     5.254205E+03
  1.483103E+00     5.249175E+03
  1.503755E+00     5.243877E+03
  1.524696E+00     5.238312E+03
  1.545928E+00     5.232478E+03
  1.567455E+00     5.226379E+03
  1.589283E+00     5.220015E+03
  1.611414E+00     5.213390E+03
  1.633854E+00     5.206506E+03
  1.656606E+00     5.199367E+03
  1.679675E+00     5.191972E+03
  1.703065E+00     5.184322E+03
  1.726781E+00     5.176418E+03
  1.750827E+00     5.168262E+03
  1.775208E+00     5.159856E+03
  1.799929E+00     5.151202E+03
  1.824993E+00     5.142303E+03
  1.850407E+00     5.133164E+03
  1.876175E+00     5.123790E+03
  1.902301E+00     5.114183E+03
  1.928792E+00     5.104347E+03
  1.955651E+00     5.094281E+03
  1.982884E+00     5.083987E+03
  2.010496E+00     5.073467E+03
  2.038493E+00     5.062722E+03
  2.066880E+00     5.051756E+03
  2.095662E+00     5.040573E+03
  2.124845E+00     5.029175E+03
  2.154435E+00     5.017567E+03
  2.184436E+00     5.005755E+03
  2.214855E+00     4.993739E+03
  2.245698E+00     4.981520E+03
  2.276970E+00     4.969101E+03
  2.308678E+00     4.956483E+03
  2.340827E+00     4.943668E+03
  2.373424E+00     4.930660E+03
  2.406475E+00     4.917461E+03
  2.439986E+00     4.904075E+03
  2.473964E+00     4.890507E+03
  2.508415E+00     4.876761E+03
  2.543346E+00     4.862838E+03
  2.578763E+00     4.848740E+03
  2.614673E+00     4.834468E+03
  2.651084E+00     4.820025E+03
  2.688001E+00     4.805413E+03
  2.725433E+00     4.790635E+03
  2.763385E+00     4.775692E+03
  2.801867E+00     4.760590E+03
  2.840884E+00     4.745330E+03
  2.880444E+00     4.729918E+03
  2.920556E+00     4.714354E+03
  2.961225E+00     4.698641E+03
  3.002462E+00     4.682779E+03
  3.044272E+00     4.666771E+03
  3.086665E+00     4.650618E+03
  3.129648E+00     4.634322E+03
  3.173230E+00     4.617886E+03
  3.217418E+00     4.601312E+03
  3.262222E+00     4.584604E+03
  3.307650E+00     4.567762E+03
  3.353710E+00     4.550791E+03
  3.400412E+00     4.533691E+03
  3.447764E+00     4.516463E+03
  3.495776E+00     4.499110E+03
  3.544456E+00     4.481634E+03
  3.593814E+00     4.464035E+03
  3.643859E+00     4.446317E+03
  3.694601E+00     4.428481E+03
  3.746050E+00     4.410530E+03
  3.798215E+00     4.392466E+03
  3.851107E+00     4.374292E+03
  3.904735E+00     4.356009E+03
  3.959110E+00     4.337618E+03
  4.014242E+00     4.319122E+03
  4.070142E+00     4.300521E+03
  4.126821E+00     4.281818E+03
  4.184289E+00     4.263014E+03
  4.242556E+00     4.244111E+03
  4.301636E+00     4.225111E+03
  4.361538E+00     4.206017E+03
  4.422274E+00     4.186830E+03
  4.483856E+00     4.167552E+03
  4.546295E+00     4.148184E+03
  4.609604E+00     4.128728E+03
  4.673795E+00     4.109185E+03
  4.738880E+00     4.089557E+03
  4.804870E+00     4.069846E+03
  4.871780E+00     4.050053E+03
  4.939622E+00     4.030180E+03
  5.008408E+00     4.010229E+03
  5.078152E+00     3.990201E+03
  5.148867E+00     3.970098E+03
  5.220568E+00     3.949923E+03
  5.293266E+00     3.929676E+03
  5.366977E+00     3.909361E+03
  5.441714E+00     3.888978E+03
  5.517492E+00     3.868531E+03
  5.594326E+00     3.848021E+03
  5.672229E+00     3.827449E+03
  5.751217E+00     3.806818E+03
  5.831305E+00     3.786129E+03
  5.912508E+00     3.765385E+03
  5.994843E+00     3.744588E+03
  6.078323E+00     3.723739E+03
  6.162966E+00     3.702840E+03
  6.248788E+00     3.681894E+03
  6.335805E+00     3.660902E+03
  6.424034E+00     3.639866E+03
  6.513491E+00     3.618788E+03
  6.604194E+00     3.597668E+03
  6.696160E+00     3.576509E+03
  6.789407E+00     3.555313E+03
  6.883952E+00     3.534082E+03
  6.979814E+00     3.512819E+03
  7.077011E+00     3.491525E+03
  7.175561E+00     3.470202E+03
  7.275484E+00     3.448853E+03
  7.376798E+00     3.427478E+03
  7.479523E+00     3.406081E+03
  7.583678E+00     3.384661E+03
  7.689284E+00     3.363221E+03
  7.796360E+00     3.341763E+03
  7.904928E+00     3.320291E+03
  8.015007E+00     3.298806E+03
  8.126619E+00     3.277311E+03
  8.239786E+00     3.255809E+03
  8.354528E+00     3.234302E+03
  8.470868E+00     3.212792E+03
  8.588829E+00     3.191280E+03
  8.708431E+00     3.169769E+03
  8.829700E+00     3.148261E+03
  8.952657E+00     3.126758E+03
  9.077327E+00     3.105262E+03
  9.203732E+00     3.083775E+03
  9.331898E+00     3.062301E+03
  9.461848E+00     3.040840E+03
  9.593608E+00     3.019395E+03
  9.727203E+00     2.997966E+03
  9.862658E+00     2.976556E+03
  1.000000E+01     2.955165E+03
  1.013925E+01     2.933793E+03
  1.028045E+01     2.912445E+03
  1.042361E+01     2.891122E+03
  1.056876E+01     2.869829E+03
  1.071593E+01     2.848567E+03
  1.086516E+01     2.827339E+03
  1.101646E+01     2.806149E+03
  1.116987E+01     2.784997E+03
  1.132541E+01     2.763886E+03
  1.148312E+01     2.742819E+03
  1.164303E+01     2.721795E+03
  1.180517E+01     2.700818E+03
  1.196956E+01     2.679890E+03
  1.213624E+01     2.659014E+03
  1.230524E+01     2.638191E+03
  1.247660E+01     2.617424E+03
  1.265034E+01     2.596714E+03
  1.282650E+01     2.576061E+03
  1.300511E+01     2.555467E+03
  1.318621E+01     2.534932E+03
  1.336984E+01     2.514456E+03
  1.355602E+01     2.494042E+03
  1.374479E+01     2.473692E+03
  1.393619E+01     2.453409E+03
  1.413026E+01     2.433197E+03
  1.432703E+01     2.413056E+03
  1.452654E+01     2.392990E+03
  1.472883E+01     2.373001E+03
  1.493393E+01     2.353088E+03
  1.514189E+01     2.333254E+03
  1.535275E+01     2.313500E+03
  1.556654E+01     2.293827E+03
  1.578331E+01     2.274238E+03
  1.600310E+01     2.254735E+03
  1.622595E+01     2.235321E+03
  1.645191E+01     2.215997E+03
  1.668101E+01     2.196764E+03
  1.691330E+01     2.177623E+03
  1.714882E+01     2.158576E+03
  1.738762E+01     2.139622E+03
  1.762975E+01     2.120760E+03
  1.787526E+01     2.101992E+03
  1.812418E+01     2.083321E+03
  1.837656E+01     2.064749E+03
  1.863246E+01     2.046277E+03
  1.889193E+01     2.027908E+03
  1.915501E+01     2.009642E+03
  1.942175E+01     1.991480E+03
  1.969220E+01     1.973422E+03
  1.996642E+01     1.955469E+03
  2.024447E+01     1.937619E+03
  2.052638E+01     1.919874E+03
  2.081222E+01     1.902236E+03
  2.110203E+01     1.884706E+03
  2.139589E+01     1.867288E+03
  2.169384E+01     1.849981E+03
  2.199593E+01     1.832788E+03
  2.230223E+01     1.815709E+03
  2.261280E+01     1.798744E+03
  2.292769E+01     1.781892E+03
  2.324697E+01     1.765153E+03
  2.357069E+01     1.748527E+03
  2.389893E+01     1.732016E+03
  2.423173E+01     1.715621E+03
  2.456916E+01     1.699345E+03
  2.491130E+01     1.683187E+03
  2.525820E+01     1.667149E+03
  2.560993E+01     1.651230E+03
  2.596656E+01     1.635430E+03
  2.632815E+01     1.619748E+03
  2.669478E+01     1.604183E+03
  2.706652E+01     1.588733E+03
  2.744343E+01     1.573401E+03
  2.782559E+01     1.558188E+03
  2.821308E+01     1.543095E+03
  2.860596E+01     1.528125E+03
  2.900430E+01     1.513276E+03
  2.940820E+01     1.498550E+03
  2.981772E+01     1.483945E+03
  3.023295E+01     1.469460E+03
  3.065395E+01     1.455095E+03
  3.108082E+01     1.440848E+03
  3.151363E+01     1.426720E+03
  3.195248E+01     1.412713E+03
  3.239743E+01     1.398827E+03
  3.284857E+01     1.385063E+03
  3.330600E+01     1.371421E+03
  3.376980E+01     1.357901E+03
  3.424006E+01     1.344501E+03
  3.471687E+01     1.331219E+03
  3.520031E+01     1.318053E+03
  3.569049E+01     1.305002E+03
  3.618750E+01     1.292067E+03
  3.669142E+01     1.279249E+03
  3.720237E+01     1.266549E+03
  3.772042E+01     1.253968E+03
  3.824570E+01     1.241505E+03
  3.877828E+01     1.229160E+03
  3.931829E+01     1.216932E+03
  3.986581E+01     1.204821E+03
  4.042096E+01     1.192823E+03
  4.098384E+01     1.180938E+03
  4.155455E+01     1.169165E+03
  4.213322E+01     1.157507E+03
  4.271994E+01     1.145962E+03
  4.331483E+01     1.134532E+03
  4.391801E+01     1.123215E+03
  4.452959E+01     1.112012E+03
  4.514968E+01     1.100920E+03
  4.577841E+01     1.089938E+03
  4.641589E+01     1.079063E+03
  4.706225E+01     1.068293E+03
  4.771761E+01     1.057629E+03
  4.838210E+01     1.047070E+03
  4.905584E+01     1.036619E+03
  4.973896E+01     1.026274E+03
  5.043159E+01     1.016037E+03
  5.113388E+01     1.005905E+03
  5.184594E+01     9.958789E+02
  5.256791E+01     9.859562E+02
  5.329994E+01     9.761351E+02
  5.404216E+01     9.664135E+02
  5.479472E+01     9.567914E+02
  5.555776E+01     9.472693E+02
  5.633143E+01     9.378476E+02
  5.711586E+01     9.285262E+02
  5.791123E+01     9.193045E+02
  5.871766E+01     9.101817E+02
  5.953533E+01     9.011565E+02
  6.036439E+01     8.922270E+02
  6.120498E+01     8.833909E+02
  6.205729E+01     8.746457E+02
  6.292146E+01     8.659912E+02
  6.379767E+01     8.574280E+02
  6.468608E+01     8.489565E+02
  6.558686E+01     8.405768E+02
  6.650018E+01     8.322884E+02
  6.742622E+01     8.240909E+02
  6.836516E+01     8.159831E+02
  6.931717E+01     8.079635E+02
  7.028244E+01     8.000303E+02
  7.126115E+01     7.921812E+02
  7.225349E+01     7.844158E+02
  7.325965E+01     7.767346E+02
  7.427982E+01     7.691377E+02
  7.531420E+01     7.616251E+02
  7.636298E+01     7.541963E+02
  7.742637E+01     7.468506E+02
  7.850456E+01     7.395868E+02
  7.959777E+01     7.324034E+02
  8.070620E+01     7.252985E+02
  8.183007E+01     7.182697E+02
  8.296959E+01     7.113164E+02
  8.412497E+01     7.044390E+02
  8.529644E+01     6.976379E+02
  8.648423E+01     6.909129E+02
  8.768856E+01     6.842639E+02
  8.890966E+01     6.776901E+02
  9.014776E+01     6.711908E+02
  9.140311E+01     6.647646E+02
  9.267593E+01     6.584099E+02
  9.396648E+01     6.521247E+02
  9.527500E+01     6.459083E+02
  9.660175E+01     6.397610E+02
  9.794697E+01     6.336829E+02
  9.931092E+01     6.276741E+02
  1.006939E+02     6.217342E+02
  1.020961E+02     6.158626E+02
  1.035178E+02     6.100584E+02
  1.049593E+02     6.043205E+02
  1.064209E+02     5.986472E+02
  1.079029E+02     5.930368E+02
  1.094055E+02     5.874882E+02
  1.109290E+02     5.820018E+02
  1.124737E+02     5.765778E+02
  1.140400E+02     5.712161E+02
  1.156280E+02     5.659166E+02
  1.172382E+02     5.606787E+02
  1.188708E+02     5.555018E+02
  1.205261E+02     5.503847E+02
  1.222045E+02     5.453261E+02
  1.239062E+02     5.403245E+02
  1.256317E+02     5.353787E+02
  1.273811E+02     5.304892E+02
  1.291550E+02     5.256560E+02
  1.309535E+02     5.208792E+02
  1.327771E+02     5.161586E+02
  1.346261E+02     5.114937E+02
  1.365008E+02     5.068839E+02
  1.384016E+02     5.023284E+02
  1.403289E+02     4.978258E+02
  1.422830E+02     4.933748E+02
  1.442644E+02     4.889743E+02
  1.462733E+02     4.846246E+02
  1.483103E+02     4.803258E+02
  1.503755E+02     4.760779E+02
  1.524696E+02     4.718807E+02
  1.545928E+02     4.677339E+02
  1.567455E+02     4.636370E+02
  1.589283E+02     4.595890E+02
  1.611414E+02     4.555890E+02
  1.633854E+02     4.516356E+02
  1.656606E+02     4.477279E+02
  1.679675E+02     4.438659E+02
  1.703065E+02     4.400499E+02
  1.726781E+02     4.362798E+02
  1.750827E+02     4.325555E+02
  1.775208E+02     4.288767E+02
  1.799929E+02     4.252429E+02
  1.824993E+02     4.216535E+02
  1.850407E+02     4.181074E+02
  1.876175E+02     4.146035E+02
  1.902301E+02     4.111409E+02
  1.928792E+02     4.077196E+02
  1.955651E+02     4.043398E+02
  1.982884E+02     4.010015E+02
  2.010496E+02     3.977046E+02
  2.038493E+02     3.944488E+02
  2.066880E+02     3.912338E+02
  2.095662E+02     3.880589E+02
  2.124845E+02     3.849233E+02
  2.154435E+02     3.818260E+02
  2.184436E+02     3.787660E+02
  2.214855E+02     3.757434E+02
  2.245698E+02     3.727583E+02
  2.276970E+02     3.698108E+02
  2.308678E+02     3.669007E+02
  2.340827E+02     3.640278E+02
  2.373424E+02     3.611918E+02
  2.406475E+02     3.583921E+02
  2.439986E+02     3.556280E+02
  2.473964E+02     3.528986E+02
  2.508415E+02     3.502030E+02
  2.543346E+02     3.475411E+02
  2.578763E+02     3.449132E+02
  2.614673E+02     3.423191E+02
  2.651084E+02     3.397590E+02
  2.688001E+02     3.372325E+02
  2.725433E+02     3.347394E+02
  2.763385E+02     3.322791E+02
  2.801867E+02     3.298512E+02
  2.840884E+02     3.274548E+02
  2.880444E+02     3.250890E+02
  2.920556E+02     3.227538E+02
  2.961225E+02     3.204493E+02
  3.002462E+02     3.181755E+02
  3.044272E+02     3.159323E+02
  3.086665E+02     3.137196E+02
  3.129648E+02     3.115371E+02
  3.173230E+02     3.093844E+02
  3.217418E+02     3.072608E+02
  3.262222E+02     3.051658E+02
  3.307650E+02     3.030985E+02
  3.353710E+02     3.010587E+02
  3.400412E+02     2.990466E+02
  3.447764E+02     2.970623E+02
  3.495776E+02     2.951056E+02
  3.544456E+02     2.931764E+02
  3.593814E+02     2.912746E+02
  3.643859E+02     2.893998E+02
  3.694601E+02     2.875514E+02
  3.746050E+02     2.857290E+02
  3.798215E+02     2.839317E+02
  3.851107E+02     2.821595E+02
  3.904735E+02     2.804123E+02
  3.959110E+02     2.786903E+02
  4.014242E+02     2.769934E+02
  4.070142E+02     2.753214E+02
  4.126821E+02     2.736742E+02
  4.184289E+02     2.720514E+02
  4.242556E+02     2.704526E+02
  4.301636E+02     2.688773E+02
  4.361538E+02     2.673248E+02
  4.422274E+02     2.657948E+02
  4.483856E+02     2.642874E+02
  4.546295E+02     2.628027E+02
  4.609604E+02     2.613407E+02
  4.673795E+02     2.599011E+02
  4.738880E+02     2.584840E+02
  4.804870E+02     2.570889E+02
  4.871780E+02     2.557155E+02
  4.939622E+02     2.543633E+02
  5.008408E+02     2.530317E+02
  5.078152E+02     2.517205E+02
  5.148867E+02     2.504297E+02
  5.220568E+02     2.491594E+02
  5.293266E+02     2.479094E+02
  5.366977E+02     2.466798E+02
  5.441714E+02     2.454703E+02
  5.517492E+02     2.442806E+02
  5.594326E+02     2.431105E+02
  5.672229E+02     2.419595E+02
  5.751217E+02     2.408270E+02
  5.831305E+02     2.397128E+02
  5.912508E+02     2.386168E+02
  5.994843E+02     2.375392E+02
  6.078323E+02     2.364799E+02
  6.162966E+02     2.354388E+02
  6.248788E+02     2.344157E+02
  6.335805E+02     2.334105E+02
  6.424034E+02     2.324228E+02
  6.513491E+02     2.314523E+02
  6.604194E+02     2.304984E+02
  6.696160E+02     2.295609E+02
  6.789407E+02     2.286397E+02
  6.883952E+02     2.277348E+02
  6.979814E+02     2.268461E+02
  7.077011E+02     2.259733E+02
  7.175561E+02     2.251163E+02
  7.275484E+02     2.242747E+02
  7.376798E+02     2.234483E+02
  7.479523E+02     2.226364E+02
  7.583678E+02     2.218387E+02
  7.689284E+02     2.210547E+02
  7.796360E+02     2.202847E+02
  7.904928E+02     2.195288E+02
  8.015007E+02     2.187875E+02
  8.126619E+02     2.180608E+02
  8.239786E+02     2.173491E+02
  8.354528E+02     2.166524E+02
  8.470868E+02     2.159710E+02
  8.588829E+02     2.153049E+02
  8.708431E+02     2.146542E+02
  8.829700E+02     2.140187E+02
  8.952657E+02     2.133971E+02
  9.077327E+02     2.127878E+02
  9.203732E+02     2.121889E+02
  9.331898E+02     2.115985E+02
  9.461848E+02     2.110143E+02
  9.593608E+02     2.104340E+02
  9.727203E+02     2.098550E+02
  9.862658E+02     2.092742E+02
  1.000000E+03     2.086888E+02
