FILE CREATED BY  : PROGRAM DPASS - VERSION 2.00
DATABASE VERSION : 21.06
DATE AND TIME    : 09/08/2022 20:50:23
PROJECTILE       : Cl
TARGET           : Gd
TARGET AT. MASS  : 1.572500E+02
TARGET DENSITY   : 7.895000E+00 g/cm^3
TABULATED OUTPUT : STOPPING FORCE VERSUS ENERGY
DATA TYPE        : SPLINE INTERPOLATED
ABSCISSA UNITS   : MeV/u
ORDINATE UNITS   : eV/nm


      E/n             S(E/n)

  1.000000E-03     3.174195E+02
  1.013925E-03     3.195855E+02
  1.028045E-03     3.217801E+02
  1.042361E-03     3.240021E+02
  1.056876E-03     3.262502E+02
  1.071593E-03     3.285229E+02
  1.086516E-03     3.308185E+02
  1.101646E-03     3.331352E+02
  1.116987E-03     3.354712E+02
  1.132541E-03     3.378242E+02
  1.148312E-03     3.401919E+02
  1.164303E-03     3.425723E+02
  1.180517E-03     3.449651E+02
  1.196956E-03     3.473709E+02
  1.213624E-03     3.497901E+02
  1.230524E-03     3.522236E+02
  1.247660E-03     3.546718E+02
  1.265034E-03     3.571356E+02
  1.282650E-03     3.596158E+02
  1.300511E-03     3.621132E+02
  1.318621E-03     3.646289E+02
  1.336984E-03     3.671639E+02
  1.355602E-03     3.697183E+02
  1.374479E-03     3.722922E+02
  1.393619E-03     3.748854E+02
  1.413026E-03     3.774980E+02
  1.432703E-03     3.801298E+02
  1.452654E-03     3.827809E+02
  1.472883E-03     3.854510E+02
  1.493393E-03     3.881402E+02
  1.514189E-03     3.908484E+02
  1.535275E-03     3.935755E+02
  1.556654E-03     3.963216E+02
  1.578331E-03     3.990868E+02
  1.600310E-03     4.018712E+02
  1.622595E-03     4.046750E+02
  1.645191E-03     4.074985E+02
  1.668101E-03     4.103418E+02
  1.691330E-03     4.132051E+02
  1.714882E-03     4.160887E+02
  1.738762E-03     4.189929E+02
  1.762975E-03     4.219180E+02
  1.787526E-03     4.248642E+02
  1.812418E-03     4.278314E+02
  1.837656E-03     4.308200E+02
  1.863246E-03     4.338299E+02
  1.889193E-03     4.368614E+02
  1.915501E-03     4.399145E+02
  1.942175E-03     4.429894E+02
  1.969220E-03     4.460864E+02
  1.996642E-03     4.492056E+02
  2.024447E-03     4.523472E+02
  2.052638E-03     4.555113E+02
  2.081222E-03     4.586982E+02
  2.110203E-03     4.619079E+02
  2.139589E-03     4.651406E+02
  2.169384E-03     4.683963E+02
  2.199593E-03     4.716754E+02
  2.230223E-03     4.749779E+02
  2.261280E-03     4.783041E+02
  2.292769E-03     4.816541E+02
  2.324697E-03     4.850283E+02
  2.357069E-03     4.884269E+02
  2.389893E-03     4.918499E+02
  2.423173E-03     4.952975E+02
  2.456916E-03     4.987698E+02
  2.491130E-03     5.022671E+02
  2.525820E-03     5.057894E+02
  2.560993E-03     5.093371E+02
  2.596656E-03     5.129102E+02
  2.632815E-03     5.165092E+02
  2.669478E-03     5.201342E+02
  2.706652E-03     5.237855E+02
  2.744343E-03     5.274632E+02
  2.782559E-03     5.311674E+02
  2.821308E-03     5.348984E+02
  2.860596E-03     5.386564E+02
  2.900430E-03     5.424415E+02
  2.940820E-03     5.462539E+02
  2.981772E-03     5.500941E+02
  3.023295E-03     5.539621E+02
  3.065395E-03     5.578583E+02
  3.108082E-03     5.617830E+02
  3.151363E-03     5.657363E+02
  3.195248E-03     5.697183E+02
  3.239743E-03     5.737293E+02
  3.284857E-03     5.777692E+02
  3.330600E-03     5.818384E+02
  3.376980E-03     5.859371E+02
  3.424006E-03     5.900654E+02
  3.471687E-03     5.942236E+02
  3.520031E-03     5.984119E+02
  3.569049E-03     6.026306E+02
  3.618750E-03     6.068800E+02
  3.669142E-03     6.111602E+02
  3.720237E-03     6.154714E+02
  3.772042E-03     6.198139E+02
  3.824570E-03     6.241879E+02
  3.877828E-03     6.285938E+02
  3.931829E-03     6.330319E+02
  3.986581E-03     6.375025E+02
  4.042096E-03     6.420060E+02
  4.098384E-03     6.465427E+02
  4.155455E-03     6.511130E+02
  4.213322E-03     6.557170E+02
  4.271994E-03     6.603549E+02
  4.331483E-03     6.650270E+02
  4.391801E-03     6.697335E+02
  4.452959E-03     6.744747E+02
  4.514968E-03     6.792510E+02
  4.577841E-03     6.840626E+02
  4.641589E-03     6.889100E+02
  4.706225E-03     6.937936E+02
  4.771761E-03     6.987135E+02
  4.838210E-03     7.036700E+02
  4.905584E-03     7.086633E+02
  4.973896E-03     7.136936E+02
  5.043159E-03     7.187612E+02
  5.113388E-03     7.238664E+02
  5.184594E-03     7.290096E+02
  5.256791E-03     7.341910E+02
  5.329994E-03     7.394111E+02
  5.404216E-03     7.446702E+02
  5.479472E-03     7.499686E+02
  5.555776E-03     7.553065E+02
  5.633143E-03     7.606843E+02
  5.711586E-03     7.661023E+02
  5.791123E-03     7.715607E+02
  5.871766E-03     7.770600E+02
  5.953533E-03     7.826006E+02
  6.036439E-03     7.881828E+02
  6.120498E-03     7.938071E+02
  6.205729E-03     7.994740E+02
  6.292146E-03     8.051837E+02
  6.379767E-03     8.109364E+02
  6.468608E-03     8.167321E+02
  6.558686E-03     8.225710E+02
  6.650018E-03     8.284531E+02
  6.742622E-03     8.343787E+02
  6.836516E-03     8.403479E+02
  6.931717E-03     8.463610E+02
  7.028244E-03     8.524180E+02
  7.126115E-03     8.585193E+02
  7.225349E-03     8.646651E+02
  7.325965E-03     8.708558E+02
  7.427982E-03     8.770918E+02
  7.531420E-03     8.833734E+02
  7.636298E-03     8.897012E+02
  7.742637E-03     8.960756E+02
  7.850456E-03     9.024971E+02
  7.959777E-03     9.089665E+02
  8.070620E-03     9.154842E+02
  8.183007E-03     9.220511E+02
  8.296959E-03     9.286673E+02
  8.412497E-03     9.353331E+02
  8.529644E-03     9.420485E+02
  8.648423E-03     9.488135E+02
  8.768856E-03     9.556284E+02
  8.890966E-03     9.624932E+02
  9.014776E-03     9.694081E+02
  9.140311E-03     9.763731E+02
  9.267593E-03     9.833886E+02
  9.396648E-03     9.904546E+02
  9.527500E-03     9.975714E+02
  9.660175E-03     1.004739E+03
  9.794697E-03     1.011959E+03
  9.931092E-03     1.019230E+03
  1.006939E-02     1.026553E+03
  1.020961E-02     1.033930E+03
  1.035178E-02     1.041359E+03
  1.049593E-02     1.048842E+03
  1.064209E-02     1.056379E+03
  1.079029E-02     1.063972E+03
  1.094055E-02     1.071619E+03
  1.109290E-02     1.079323E+03
  1.124737E-02     1.087082E+03
  1.140400E-02     1.094898E+03
  1.156280E-02     1.102771E+03
  1.172382E-02     1.110700E+03
  1.188708E-02     1.118687E+03
  1.205261E-02     1.126733E+03
  1.222045E-02     1.134836E+03
  1.239062E-02     1.142999E+03
  1.256317E-02     1.151221E+03
  1.273811E-02     1.159503E+03
  1.291550E-02     1.167845E+03
  1.309535E-02     1.176247E+03
  1.327771E-02     1.184711E+03
  1.346261E-02     1.193236E+03
  1.365008E-02     1.201823E+03
  1.384016E-02     1.210473E+03
  1.403289E-02     1.219186E+03
  1.422830E-02     1.227963E+03
  1.442644E-02     1.236804E+03
  1.462733E-02     1.245710E+03
  1.483103E-02     1.254681E+03
  1.503755E-02     1.263718E+03
  1.524696E-02     1.272821E+03
  1.545928E-02     1.281991E+03
  1.567455E-02     1.291228E+03
  1.589283E-02     1.300533E+03
  1.611414E-02     1.309907E+03
  1.633854E-02     1.319350E+03
  1.656606E-02     1.328863E+03
  1.679675E-02     1.338447E+03
  1.703065E-02     1.348101E+03
  1.726781E-02     1.357827E+03
  1.750827E-02     1.367625E+03
  1.775208E-02     1.377495E+03
  1.799929E-02     1.387438E+03
  1.824993E-02     1.397455E+03
  1.850407E-02     1.407547E+03
  1.876175E-02     1.417713E+03
  1.902301E-02     1.427956E+03
  1.928792E-02     1.438274E+03
  1.955651E-02     1.448670E+03
  1.982884E-02     1.459143E+03
  2.010496E-02     1.469695E+03
  2.038493E-02     1.480324E+03
  2.066880E-02     1.491034E+03
  2.095662E-02     1.501823E+03
  2.124845E-02     1.512693E+03
  2.154435E-02     1.523644E+03
  2.184436E-02     1.534678E+03
  2.214855E-02     1.545796E+03
  2.245698E-02     1.556997E+03
  2.276970E-02     1.568281E+03
  2.308678E-02     1.579651E+03
  2.340827E-02     1.591105E+03
  2.373424E-02     1.602646E+03
  2.406475E-02     1.614273E+03
  2.439986E-02     1.625987E+03
  2.473964E-02     1.637789E+03
  2.508415E-02     1.649680E+03
  2.543346E-02     1.661661E+03
  2.578763E-02     1.673731E+03
  2.614673E-02     1.685893E+03
  2.651084E-02     1.698146E+03
  2.688001E-02     1.710491E+03
  2.725433E-02     1.722929E+03
  2.763385E-02     1.735461E+03
  2.801867E-02     1.748088E+03
  2.840884E-02     1.760811E+03
  2.880444E-02     1.773631E+03
  2.920556E-02     1.786548E+03
  2.961225E-02     1.799562E+03
  3.002462E-02     1.812675E+03
  3.044272E-02     1.825885E+03
  3.086665E-02     1.839192E+03
  3.129648E-02     1.852598E+03
  3.173230E-02     1.866102E+03
  3.217418E-02     1.879705E+03
  3.262222E-02     1.893406E+03
  3.307650E-02     1.907207E+03
  3.353710E-02     1.921107E+03
  3.400412E-02     1.935108E+03
  3.447764E-02     1.949212E+03
  3.495776E-02     1.963419E+03
  3.544456E-02     1.977732E+03
  3.593814E-02     1.992152E+03
  3.643859E-02     2.006681E+03
  3.694601E-02     2.021321E+03
  3.746050E-02     2.036074E+03
  3.798215E-02     2.050943E+03
  3.851107E-02     2.065927E+03
  3.904735E-02     2.081028E+03
  3.959110E-02     2.096244E+03
  4.014242E-02     2.111575E+03
  4.070142E-02     2.127020E+03
  4.126821E-02     2.142580E+03
  4.184289E-02     2.158253E+03
  4.242556E-02     2.174039E+03
  4.301636E-02     2.189937E+03
  4.361538E-02     2.205946E+03
  4.422274E-02     2.222068E+03
  4.483856E-02     2.238302E+03
  4.546295E-02     2.254649E+03
  4.609604E-02     2.271110E+03
  4.673795E-02     2.287686E+03
  4.738880E-02     2.304378E+03
  4.804870E-02     2.321188E+03
  4.871780E-02     2.338116E+03
  4.939622E-02     2.355165E+03
  5.008408E-02     2.372336E+03
  5.078152E-02     2.389629E+03
  5.148867E-02     2.407045E+03
  5.220568E-02     2.424584E+03
  5.293266E-02     2.442246E+03
  5.366977E-02     2.460031E+03
  5.441714E-02     2.477939E+03
  5.517492E-02     2.495970E+03
  5.594326E-02     2.514124E+03
  5.672229E-02     2.532403E+03
  5.751217E-02     2.550805E+03
  5.831305E-02     2.569331E+03
  5.912508E-02     2.587982E+03
  5.994843E-02     2.606756E+03
  6.078323E-02     2.625655E+03
  6.162966E-02     2.644677E+03
  6.248788E-02     2.663824E+03
  6.335805E-02     2.683095E+03
  6.424034E-02     2.702491E+03
  6.513491E-02     2.722011E+03
  6.604194E-02     2.741657E+03
  6.696160E-02     2.761427E+03
  6.789407E-02     2.781323E+03
  6.883952E-02     2.801344E+03
  6.979814E-02     2.821489E+03
  7.077011E-02     2.841759E+03
  7.175561E-02     2.862154E+03
  7.275484E-02     2.882673E+03
  7.376798E-02     2.903317E+03
  7.479523E-02     2.924086E+03
  7.583678E-02     2.944980E+03
  7.689284E-02     2.965999E+03
  7.796360E-02     2.987142E+03
  7.904928E-02     3.008408E+03
  8.015007E-02     3.029794E+03
  8.126619E-02     3.051301E+03
  8.239786E-02     3.072926E+03
  8.354528E-02     3.094668E+03
  8.470868E-02     3.116526E+03
  8.588829E-02     3.138497E+03
  8.708431E-02     3.160582E+03
  8.829700E-02     3.182777E+03
  8.952657E-02     3.205082E+03
  9.077327E-02     3.227494E+03
  9.203732E-02     3.250011E+03
  9.331898E-02     3.272632E+03
  9.461848E-02     3.295354E+03
  9.593608E-02     3.318176E+03
  9.727203E-02     3.341094E+03
  9.862658E-02     3.364109E+03
  1.000000E-01     3.387216E+03
  1.013925E-01     3.410415E+03
  1.028045E-01     3.433703E+03
  1.042361E-01     3.457078E+03
  1.056876E-01     3.480540E+03
  1.071593E-01     3.504085E+03
  1.086516E-01     3.527712E+03
  1.101646E-01     3.551420E+03
  1.116987E-01     3.575208E+03
  1.132541E-01     3.599072E+03
  1.148312E-01     3.623013E+03
  1.164303E-01     3.647029E+03
  1.180517E-01     3.671117E+03
  1.196956E-01     3.695277E+03
  1.213624E-01     3.719505E+03
  1.230524E-01     3.743801E+03
  1.247660E-01     3.768161E+03
  1.265034E-01     3.792586E+03
  1.282650E-01     3.817072E+03
  1.300511E-01     3.841619E+03
  1.318621E-01     3.866225E+03
  1.336984E-01     3.890889E+03
  1.355602E-01     3.915610E+03
  1.374479E-01     3.940384E+03
  1.393619E-01     3.965210E+03
  1.413026E-01     3.990085E+03
  1.432703E-01     4.015007E+03
  1.452654E-01     4.039974E+03
  1.472883E-01     4.064985E+03
  1.493393E-01     4.090038E+03
  1.514189E-01     4.115132E+03
  1.535275E-01     4.140265E+03
  1.556654E-01     4.165434E+03
  1.578331E-01     4.190638E+03
  1.600310E-01     4.215873E+03
  1.622595E-01     4.241136E+03
  1.645191E-01     4.266424E+03
  1.668101E-01     4.291736E+03
  1.691330E-01     4.317069E+03
  1.714882E-01     4.342421E+03
  1.738762E-01     4.367790E+03
  1.762975E-01     4.393173E+03
  1.787526E-01     4.418569E+03
  1.812418E-01     4.443974E+03
  1.837656E-01     4.469383E+03
  1.863246E-01     4.494794E+03
  1.889193E-01     4.520204E+03
  1.915501E-01     4.545608E+03
  1.942175E-01     4.571005E+03
  1.969220E-01     4.596392E+03
  1.996642E-01     4.621765E+03
  2.024447E-01     4.647123E+03
  2.052638E-01     4.672461E+03
  2.081222E-01     4.697777E+03
  2.110203E-01     4.723065E+03
  2.139589E-01     4.748323E+03
  2.169384E-01     4.773545E+03
  2.199593E-01     4.798728E+03
  2.230223E-01     4.823870E+03
  2.261280E-01     4.848966E+03
  2.292769E-01     4.874014E+03
  2.324697E-01     4.899010E+03
  2.357069E-01     4.923952E+03
  2.389893E-01     4.948834E+03
  2.423173E-01     4.973653E+03
  2.456916E-01     4.998403E+03
  2.491130E-01     5.023082E+03
  2.525820E-01     5.047685E+03
  2.560993E-01     5.072209E+03
  2.596656E-01     5.096650E+03
  2.632815E-01     5.121006E+03
  2.669478E-01     5.145273E+03
  2.706652E-01     5.169449E+03
  2.744343E-01     5.193529E+03
  2.782559E-01     5.217509E+03
  2.821308E-01     5.241386E+03
  2.860596E-01     5.265156E+03
  2.900430E-01     5.288816E+03
  2.940820E-01     5.312363E+03
  2.981772E-01     5.335794E+03
  3.023295E-01     5.359109E+03
  3.065395E-01     5.382304E+03
  3.108082E-01     5.405379E+03
  3.151363E-01     5.428330E+03
  3.195248E-01     5.451152E+03
  3.239743E-01     5.473843E+03
  3.284857E-01     5.496401E+03
  3.330600E-01     5.518822E+03
  3.376980E-01     5.541104E+03
  3.424006E-01     5.563247E+03
  3.471687E-01     5.585249E+03
  3.520031E-01     5.607111E+03
  3.569049E-01     5.628831E+03
  3.618750E-01     5.650406E+03
  3.669142E-01     5.671834E+03
  3.720237E-01     5.693112E+03
  3.772042E-01     5.714238E+03
  3.824570E-01     5.735210E+03
  3.877828E-01     5.756029E+03
  3.931829E-01     5.776693E+03
  3.986581E-01     5.797202E+03
  4.042096E-01     5.817559E+03
  4.098384E-01     5.837763E+03
  4.155455E-01     5.857811E+03
  4.213322E-01     5.877702E+03
  4.271994E-01     5.897432E+03
  4.331483E-01     5.916999E+03
  4.391801E-01     5.936402E+03
  4.452959E-01     5.955640E+03
  4.514968E-01     5.974713E+03
  4.577841E-01     5.993621E+03
  4.641589E-01     6.012364E+03
  4.706225E-01     6.030944E+03
  4.771761E-01     6.049358E+03
  4.838210E-01     6.067603E+03
  4.905584E-01     6.085676E+03
  4.973896E-01     6.103576E+03
  5.043159E-01     6.121300E+03
  5.113388E-01     6.138847E+03
  5.184594E-01     6.156216E+03
  5.256791E-01     6.173408E+03
  5.329994E-01     6.190423E+03
  5.404216E-01     6.207262E+03
  5.479472E-01     6.223922E+03
  5.555776E-01     6.240402E+03
  5.633143E-01     6.256697E+03
  5.711586E-01     6.272808E+03
  5.791123E-01     6.288732E+03
  5.871766E-01     6.304468E+03
  5.953533E-01     6.320016E+03
  6.036439E-01     6.335377E+03
  6.120498E-01     6.350551E+03
  6.205729E-01     6.365541E+03
  6.292146E-01     6.380344E+03
  6.379767E-01     6.394960E+03
  6.468608E-01     6.409386E+03
  6.558686E-01     6.423621E+03
  6.650018E-01     6.437666E+03
  6.742622E-01     6.451521E+03
  6.836516E-01     6.465186E+03
  6.931717E-01     6.478663E+03
  7.028244E-01     6.491954E+03
  7.126115E-01     6.505063E+03
  7.225349E-01     6.517990E+03
  7.325965E-01     6.530731E+03
  7.427982E-01     6.543287E+03
  7.531420E-01     6.555656E+03
  7.636298E-01     6.567837E+03
  7.742637E-01     6.579831E+03
  7.850456E-01     6.591639E+03
  7.959777E-01     6.603262E+03
  8.070620E-01     6.614702E+03
  8.183007E-01     6.625962E+03
  8.296959E-01     6.637041E+03
  8.412497E-01     6.647936E+03
  8.529644E-01     6.658641E+03
  8.648423E-01     6.669155E+03
  8.768856E-01     6.679474E+03
  8.890966E-01     6.689596E+03
  9.014776E-01     6.699517E+03
  9.140311E-01     6.709237E+03
  9.267593E-01     6.718754E+03
  9.396648E-01     6.728066E+03
  9.527500E-01     6.737170E+03
  9.660175E-01     6.746058E+03
  9.794697E-01     6.754725E+03
  9.931092E-01     6.763163E+03
  1.006939E+00     6.771366E+03
  1.020961E+00     6.779327E+03
  1.035178E+00     6.787040E+03
  1.049593E+00     6.794499E+03
  1.064209E+00     6.801697E+03
  1.079029E+00     6.808627E+03
  1.094055E+00     6.815285E+03
  1.109290E+00     6.821661E+03
  1.124737E+00     6.827750E+03
  1.140400E+00     6.833543E+03
  1.156280E+00     6.839034E+03
  1.172382E+00     6.844215E+03
  1.188708E+00     6.849080E+03
  1.205261E+00     6.853623E+03
  1.222045E+00     6.857837E+03
  1.239062E+00     6.861715E+03
  1.256317E+00     6.865253E+03
  1.273811E+00     6.868445E+03
  1.291550E+00     6.871286E+03
  1.309535E+00     6.873771E+03
  1.327771E+00     6.875897E+03
  1.346261E+00     6.877660E+03
  1.365008E+00     6.879057E+03
  1.384016E+00     6.880085E+03
  1.403289E+00     6.880743E+03
  1.422830E+00     6.881030E+03
  1.442644E+00     6.880942E+03
  1.462733E+00     6.880479E+03
  1.483103E+00     6.879635E+03
  1.503755E+00     6.878409E+03
  1.524696E+00     6.876799E+03
  1.545928E+00     6.874803E+03
  1.567455E+00     6.872421E+03
  1.589283E+00     6.869654E+03
  1.611414E+00     6.866501E+03
  1.633854E+00     6.862965E+03
  1.656606E+00     6.859048E+03
  1.679675E+00     6.854748E+03
  1.703065E+00     6.850063E+03
  1.726781E+00     6.844993E+03
  1.750827E+00     6.839537E+03
  1.775208E+00     6.833696E+03
  1.799929E+00     6.827472E+03
  1.824993E+00     6.820867E+03
  1.850407E+00     6.813885E+03
  1.876175E+00     6.806529E+03
  1.902301E+00     6.798803E+03
  1.928792E+00     6.790707E+03
  1.955651E+00     6.782242E+03
  1.982884E+00     6.773407E+03
  2.010496E+00     6.764203E+03
  2.038493E+00     6.754633E+03
  2.066880E+00     6.744700E+03
  2.095662E+00     6.734406E+03
  2.124845E+00     6.723756E+03
  2.154435E+00     6.712757E+03
  2.184436E+00     6.701412E+03
  2.214855E+00     6.689723E+03
  2.245698E+00     6.677692E+03
  2.276970E+00     6.665319E+03
  2.308678E+00     6.652607E+03
  2.340827E+00     6.639557E+03
  2.373424E+00     6.626175E+03
  2.406475E+00     6.612463E+03
  2.439986E+00     6.598427E+03
  2.473964E+00     6.584074E+03
  2.508415E+00     6.569408E+03
  2.543346E+00     6.554434E+03
  2.578763E+00     6.539151E+03
  2.614673E+00     6.523563E+03
  2.651084E+00     6.507670E+03
  2.688001E+00     6.491478E+03
  2.725433E+00     6.474988E+03
  2.763385E+00     6.458207E+03
  2.801867E+00     6.441138E+03
  2.840884E+00     6.423789E+03
  2.880444E+00     6.406165E+03
  2.920556E+00     6.388269E+03
  2.961225E+00     6.370104E+03
  3.002462E+00     6.351670E+03
  3.044272E+00     6.332971E+03
  3.086665E+00     6.314010E+03
  3.129648E+00     6.294790E+03
  3.173230E+00     6.275316E+03
  3.217418E+00     6.255591E+03
  3.262222E+00     6.235623E+03
  3.307650E+00     6.215416E+03
  3.353710E+00     6.194973E+03
  3.400412E+00     6.174297E+03
  3.447764E+00     6.153391E+03
  3.495776E+00     6.132257E+03
  3.544456E+00     6.110899E+03
  3.593814E+00     6.089320E+03
  3.643859E+00     6.067525E+03
  3.694601E+00     6.045517E+03
  3.746050E+00     6.023304E+03
  3.798215E+00     6.000889E+03
  3.851107E+00     5.978276E+03
  3.904735E+00     5.955468E+03
  3.959110E+00     5.932467E+03
  4.014242E+00     5.909275E+03
  4.070142E+00     5.885896E+03
  4.126821E+00     5.862331E+03
  4.184289E+00     5.838585E+03
  4.242556E+00     5.814661E+03
  4.301636E+00     5.790564E+03
  4.361538E+00     5.766296E+03
  4.422274E+00     5.741862E+03
  4.483856E+00     5.717264E+03
  4.546295E+00     5.692505E+03
  4.609604E+00     5.667588E+03
  4.673795E+00     5.642514E+03
  4.738880E+00     5.617288E+03
  4.804870E+00     5.591913E+03
  4.871780E+00     5.566391E+03
  4.939622E+00     5.540728E+03
  5.008408E+00     5.514926E+03
  5.078152E+00     5.488990E+03
  5.148867E+00     5.462921E+03
  5.220568E+00     5.436723E+03
  5.293266E+00     5.410399E+03
  5.366977E+00     5.383951E+03
  5.441714E+00     5.357384E+03
  5.517492E+00     5.330700E+03
  5.594326E+00     5.303903E+03
  5.672229E+00     5.276995E+03
  5.751217E+00     5.249981E+03
  5.831305E+00     5.222864E+03
  5.912508E+00     5.195647E+03
  5.994843E+00     5.168332E+03
  6.078323E+00     5.140922E+03
  6.162966E+00     5.113420E+03
  6.248788E+00     5.085829E+03
  6.335805E+00     5.058151E+03
  6.424034E+00     5.030388E+03
  6.513491E+00     5.002544E+03
  6.604194E+00     4.974621E+03
  6.696160E+00     4.946621E+03
  6.789407E+00     4.918549E+03
  6.883952E+00     4.890406E+03
  6.979814E+00     4.862197E+03
  7.077011E+00     4.833925E+03
  7.175561E+00     4.805592E+03
  7.275484E+00     4.777202E+03
  7.376798E+00     4.748757E+03
  7.479523E+00     4.720261E+03
  7.583678E+00     4.691717E+03
  7.689284E+00     4.663126E+03
  7.796360E+00     4.634493E+03
  7.904928E+00     4.605822E+03
  8.015007E+00     4.577116E+03
  8.126619E+00     4.548378E+03
  8.239786E+00     4.519611E+03
  8.354528E+00     4.490820E+03
  8.470868E+00     4.462006E+03
  8.588829E+00     4.433173E+03
  8.708431E+00     4.404324E+03
  8.829700E+00     4.375461E+03
  8.952657E+00     4.346588E+03
  9.077327E+00     4.317708E+03
  9.203732E+00     4.288824E+03
  9.331898E+00     4.259939E+03
  9.461848E+00     4.231057E+03
  9.593608E+00     4.202179E+03
  9.727203E+00     4.173309E+03
  9.862658E+00     4.144447E+03
  1.000000E+01     4.115597E+03
  1.013925E+01     4.086759E+03
  1.028045E+01     4.057938E+03
  1.042361E+01     4.029136E+03
  1.056876E+01     4.000360E+03
  1.071593E+01     3.971610E+03
  1.086516E+01     3.942893E+03
  1.101646E+01     3.914209E+03
  1.116987E+01     3.885563E+03
  1.132541E+01     3.856956E+03
  1.148312E+01     3.828392E+03
  1.164303E+01     3.799872E+03
  1.180517E+01     3.771400E+03
  1.196956E+01     3.742979E+03
  1.213624E+01     3.714613E+03
  1.230524E+01     3.686305E+03
  1.247660E+01     3.658058E+03
  1.265034E+01     3.629875E+03
  1.282650E+01     3.601758E+03
  1.300511E+01     3.573709E+03
  1.318621E+01     3.545728E+03
  1.336984E+01     3.517817E+03
  1.355602E+01     3.489980E+03
  1.374479E+01     3.462219E+03
  1.393619E+01     3.434540E+03
  1.413026E+01     3.406944E+03
  1.432703E+01     3.379437E+03
  1.452654E+01     3.352018E+03
  1.472883E+01     3.324693E+03
  1.493393E+01     3.297461E+03
  1.514189E+01     3.270324E+03
  1.535275E+01     3.243283E+03
  1.556654E+01     3.216341E+03
  1.578331E+01     3.189502E+03
  1.600310E+01     3.162768E+03
  1.622595E+01     3.136143E+03
  1.645191E+01     3.109630E+03
  1.668101E+01     3.083230E+03
  1.691330E+01     3.056945E+03
  1.714882E+01     3.030776E+03
  1.738762E+01     3.004724E+03
  1.762975E+01     2.978787E+03
  1.787526E+01     2.952970E+03
  1.812418E+01     2.927274E+03
  1.837656E+01     2.901703E+03
  1.863246E+01     2.876260E+03
  1.889193E+01     2.850948E+03
  1.915501E+01     2.825768E+03
  1.942175E+01     2.800721E+03
  1.969220E+01     2.775809E+03
  1.996642E+01     2.751030E+03
  2.024447E+01     2.726386E+03
  2.052638E+01     2.701876E+03
  2.081222E+01     2.677505E+03
  2.110203E+01     2.653276E+03
  2.139589E+01     2.629190E+03
  2.169384E+01     2.605250E+03
  2.199593E+01     2.581457E+03
  2.230223E+01     2.557812E+03
  2.261280E+01     2.534316E+03
  2.292769E+01     2.510967E+03
  2.324697E+01     2.487764E+03
  2.357069E+01     2.464709E+03
  2.389893E+01     2.441804E+03
  2.423173E+01     2.419051E+03
  2.456916E+01     2.396453E+03
  2.491130E+01     2.374012E+03
  2.525820E+01     2.351729E+03
  2.560993E+01     2.329603E+03
  2.596656E+01     2.307636E+03
  2.632815E+01     2.285825E+03
  2.669478E+01     2.264170E+03
  2.706652E+01     2.242669E+03
  2.744343E+01     2.221326E+03
  2.782559E+01     2.200142E+03
  2.821308E+01     2.179120E+03
  2.860596E+01     2.158261E+03
  2.900430E+01     2.137564E+03
  2.940820E+01     2.117031E+03
  2.981772E+01     2.096660E+03
  3.023295E+01     2.076450E+03
  3.065395E+01     2.056398E+03
  3.108082E+01     2.036504E+03
  3.151363E+01     2.016769E+03
  3.195248E+01     1.997195E+03
  3.239743E+01     1.977784E+03
  3.284857E+01     1.958536E+03
  3.330600E+01     1.939452E+03
  3.376980E+01     1.920532E+03
  3.424006E+01     1.901774E+03
  3.471687E+01     1.883176E+03
  3.520031E+01     1.864736E+03
  3.569049E+01     1.846453E+03
  3.618750E+01     1.828326E+03
  3.669142E+01     1.810360E+03
  3.720237E+01     1.792554E+03
  3.772042E+01     1.774909E+03
  3.824570E+01     1.757427E+03
  3.877828E+01     1.740105E+03
  3.931829E+01     1.722943E+03
  3.986581E+01     1.705940E+03
  4.042096E+01     1.689092E+03
  4.098384E+01     1.672397E+03
  4.155455E+01     1.655856E+03
  4.213322E+01     1.639471E+03
  4.271994E+01     1.623242E+03
  4.331483E+01     1.607169E+03
  4.391801E+01     1.591253E+03
  4.452959E+01     1.575492E+03
  4.514968E+01     1.559884E+03
  4.577841E+01     1.544427E+03
  4.641589E+01     1.529118E+03
  4.706225E+01     1.513954E+03
  4.771761E+01     1.498936E+03
  4.838210E+01     1.484065E+03
  4.905584E+01     1.469341E+03
  4.973896E+01     1.454765E+03
  5.043159E+01     1.440337E+03
  5.113388E+01     1.426056E+03
  5.184594E+01     1.411920E+03
  5.256791E+01     1.397928E+03
  5.329994E+01     1.384077E+03
  5.404216E+01     1.370364E+03
  5.479472E+01     1.356789E+03
  5.555776E+01     1.343353E+03
  5.633143E+01     1.330056E+03
  5.711586E+01     1.316898E+03
  5.791123E+01     1.303879E+03
  5.871766E+01     1.290998E+03
  5.953533E+01     1.278253E+03
  6.036439E+01     1.265641E+03
  6.120498E+01     1.253159E+03
  6.205729E+01     1.240805E+03
  6.292146E+01     1.228577E+03
  6.379767E+01     1.216477E+03
  6.468608E+01     1.204505E+03
  6.558686E+01     1.192661E+03
  6.650018E+01     1.180946E+03
  6.742622E+01     1.169357E+03
  6.836516E+01     1.157894E+03
  6.931717E+01     1.146556E+03
  7.028244E+01     1.135338E+03
  7.126115E+01     1.124238E+03
  7.225349E+01     1.113256E+03
  7.325965E+01     1.102392E+03
  7.427982E+01     1.091647E+03
  7.531420E+01     1.081020E+03
  7.636298E+01     1.070510E+03
  7.742637E+01     1.060118E+03
  7.850456E+01     1.049840E+03
  7.959777E+01     1.039676E+03
  8.070620E+01     1.029622E+03
  8.183007E+01     1.019675E+03
  8.296959E+01     1.009834E+03
  8.412497E+01     1.000100E+03
  8.529644E+01     9.904727E+02
  8.648423E+01     9.809531E+02
  8.768856E+01     9.715405E+02
  8.890966E+01     9.622339E+02
  9.014776E+01     9.530321E+02
  9.140311E+01     9.439335E+02
  9.267593E+01     9.349358E+02
  9.396648E+01     9.260362E+02
  9.527500E+01     9.172337E+02
  9.660175E+01     9.085287E+02
  9.794697E+01     8.999217E+02
  9.931092E+01     8.914124E+02
  1.006939E+02     8.830004E+02
  1.020961E+02     8.746850E+02
  1.035178E+02     8.664648E+02
  1.049593E+02     8.583382E+02
  1.064209E+02     8.503029E+02
  1.079029E+02     8.423564E+02
  1.094055E+02     8.344974E+02
  1.109290E+02     8.267262E+02
  1.124737E+02     8.190432E+02
  1.140400E+02     8.114483E+02
  1.156280E+02     8.039413E+02
  1.172382E+02     7.965215E+02
  1.188708E+02     7.891879E+02
  1.205261E+02     7.819389E+02
  1.222045E+02     7.747727E+02
  1.239062E+02     7.676870E+02
  1.256317E+02     7.606805E+02
  1.273811E+02     7.537534E+02
  1.291550E+02     7.469062E+02
  1.309535E+02     7.401387E+02
  1.327771E+02     7.334508E+02
  1.346261E+02     7.268417E+02
  1.365008E+02     7.203107E+02
  1.384016E+02     7.138564E+02
  1.403289E+02     7.074771E+02
  1.422830E+02     7.011707E+02
  1.442644E+02     6.949360E+02
  1.462733E+02     6.887730E+02
  1.483103E+02     6.826821E+02
  1.503755E+02     6.766632E+02
  1.524696E+02     6.707162E+02
  1.545928E+02     6.648405E+02
  1.567455E+02     6.590353E+02
  1.589283E+02     6.532994E+02
  1.611414E+02     6.476314E+02
  1.633854E+02     6.420294E+02
  1.656606E+02     6.364920E+02
  1.679675E+02     6.310193E+02
  1.703065E+02     6.256116E+02
  1.726781E+02     6.202689E+02
  1.750827E+02     6.149911E+02
  1.775208E+02     6.097776E+02
  1.799929E+02     6.046279E+02
  1.824993E+02     5.995410E+02
  1.850407E+02     5.945154E+02
  1.876175E+02     5.895497E+02
  1.902301E+02     5.846424E+02
  1.928792E+02     5.797935E+02
  1.955651E+02     5.750035E+02
  1.982884E+02     5.702722E+02
  2.010496E+02     5.655996E+02
  2.038493E+02     5.609853E+02
  2.066880E+02     5.564286E+02
  2.095662E+02     5.519288E+02
  2.124845E+02     5.474847E+02
  2.154435E+02     5.430948E+02
  2.184436E+02     5.387579E+02
  2.214855E+02     5.344739E+02
  2.245698E+02     5.302430E+02
  2.276970E+02     5.260653E+02
  2.308678E+02     5.219407E+02
  2.340827E+02     5.178687E+02
  2.373424E+02     5.138490E+02
  2.406475E+02     5.098806E+02
  2.439986E+02     5.059625E+02
  2.473964E+02     5.020936E+02
  2.508415E+02     4.982725E+02
  2.543346E+02     4.944991E+02
  2.578763E+02     4.907736E+02
  2.614673E+02     4.870961E+02
  2.651084E+02     4.834665E+02
  2.688001E+02     4.798846E+02
  2.725433E+02     4.763499E+02
  2.763385E+02     4.728618E+02
  2.801867E+02     4.694194E+02
  2.840884E+02     4.660217E+02
  2.880444E+02     4.626674E+02
  2.920556E+02     4.593563E+02
  2.961225E+02     4.560888E+02
  3.002462E+02     4.528648E+02
  3.044272E+02     4.496842E+02
  3.086665E+02     4.465468E+02
  3.129648E+02     4.434523E+02
  3.173230E+02     4.403999E+02
  3.217418E+02     4.373890E+02
  3.262222E+02     4.344185E+02
  3.307650E+02     4.314874E+02
  3.353710E+02     4.285954E+02
  3.400412E+02     4.257426E+02
  3.447764E+02     4.229291E+02
  3.495776E+02     4.201549E+02
  3.544456E+02     4.174198E+02
  3.593814E+02     4.147234E+02
  3.643859E+02     4.120653E+02
  3.694601E+02     4.094447E+02
  3.746050E+02     4.068607E+02
  3.798215E+02     4.043125E+02
  3.851107E+02     4.017996E+02
  3.904735E+02     3.993223E+02
  3.959110E+02     3.968805E+02
  4.014242E+02     3.944743E+02
  4.070142E+02     3.921034E+02
  4.126821E+02     3.897676E+02
  4.184289E+02     3.874664E+02
  4.242556E+02     3.851992E+02
  4.301636E+02     3.829652E+02
  4.361538E+02     3.807636E+02
  4.422274E+02     3.785939E+02
  4.483856E+02     3.764563E+02
  4.546295E+02     3.743508E+02
  4.609604E+02     3.722774E+02
  4.673795E+02     3.702360E+02
  4.738880E+02     3.682262E+02
  4.804870E+02     3.662477E+02
  4.871780E+02     3.643000E+02
  4.939622E+02     3.623823E+02
  5.008408E+02     3.604938E+02
  5.078152E+02     3.586342E+02
  5.148867E+02     3.568035E+02
  5.220568E+02     3.550018E+02
  5.293266E+02     3.532290E+02
  5.366977E+02     3.514849E+02
  5.441714E+02     3.497694E+02
  5.517492E+02     3.480820E+02
  5.594326E+02     3.464223E+02
  5.672229E+02     3.447897E+02
  5.751217E+02     3.431833E+02
  5.831305E+02     3.416029E+02
  5.912508E+02     3.400483E+02
  5.994843E+02     3.385197E+02
  6.078323E+02     3.370170E+02
  6.162966E+02     3.355402E+02
  6.248788E+02     3.340889E+02
  6.335805E+02     3.326630E+02
  6.424034E+02     3.312618E+02
  6.513491E+02     3.298851E+02
  6.604194E+02     3.285319E+02
  6.696160E+02     3.272020E+02
  6.789407E+02     3.258952E+02
  6.883952E+02     3.246114E+02
  6.979814E+02     3.233506E+02
  7.077011E+02     3.221123E+02
  7.175561E+02     3.208964E+02
  7.275484E+02     3.197023E+02
  7.376798E+02     3.185296E+02
  7.479523E+02     3.173776E+02
  7.583678E+02     3.162454E+02
  7.689284E+02     3.151327E+02
  7.796360E+02     3.140396E+02
  7.904928E+02     3.129666E+02
  8.015007E+02     3.119141E+02
  8.126619E+02     3.108822E+02
  8.239786E+02     3.098714E+02
  8.354528E+02     3.088818E+02
  8.470868E+02     3.079137E+02
  8.588829E+02     3.069672E+02
  8.708431E+02     3.060424E+02
  8.829700E+02     3.051390E+02
  8.952657E+02     3.042552E+02
  9.077327E+02     3.033886E+02
  9.203732E+02     3.025366E+02
  9.331898E+02     3.016966E+02
  9.461848E+02     3.008653E+02
  9.593608E+02     3.000394E+02
  9.727203E+02     2.992152E+02
  9.862658E+02     2.983885E+02
  1.000000E+03     2.975550E+02
