FILE CREATED BY  : PROGRAM DPASS - VERSION 2.00
DATABASE VERSION : 21.06
DATE AND TIME    : 09/08/2022 20:53:28
PROJECTILE       : Ar
TARGET           : Pd
TARGET AT. MASS  : 1.064000E+02
TARGET DENSITY   : 1.202000E+01 g/cm^3
TABULATED OUTPUT : STOPPING FORCE VERSUS ENERGY
DATA TYPE        : SPLINE INTERPOLATED
ABSCISSA UNITS   : MeV/u
ORDINATE UNITS   : eV/nm


      E/n             S(E/n)

  1.000000E-03     5.779222E+02
  1.013925E-03     5.817867E+02
  1.028045E-03     5.857021E+02
  1.042361E-03     5.896661E+02
  1.056876E-03     5.936763E+02
  1.071593E-03     5.977299E+02
  1.086516E-03     6.018236E+02
  1.101646E-03     6.059542E+02
  1.116987E-03     6.101180E+02
  1.132541E-03     6.143110E+02
  1.148312E-03     6.185289E+02
  1.164303E-03     6.227677E+02
  1.180517E-03     6.270270E+02
  1.196956E-03     6.313077E+02
  1.213624E-03     6.356108E+02
  1.230524E-03     6.399374E+02
  1.247660E-03     6.442887E+02
  1.265034E-03     6.486661E+02
  1.282650E-03     6.530710E+02
  1.300511E-03     6.575050E+02
  1.318621E-03     6.619700E+02
  1.336984E-03     6.664676E+02
  1.355602E-03     6.709983E+02
  1.374479E-03     6.755620E+02
  1.393619E-03     6.801585E+02
  1.413026E-03     6.847878E+02
  1.432703E-03     6.894497E+02
  1.452654E-03     6.941441E+02
  1.472883E-03     6.988708E+02
  1.493393E-03     7.036296E+02
  1.514189E-03     7.084206E+02
  1.535275E-03     7.132434E+02
  1.556654E-03     7.180981E+02
  1.578331E-03     7.229851E+02
  1.600310E-03     7.279044E+02
  1.622595E-03     7.328564E+02
  1.645191E-03     7.378413E+02
  1.668101E-03     7.428596E+02
  1.691330E-03     7.479115E+02
  1.714882E-03     7.529975E+02
  1.738762E-03     7.581180E+02
  1.762975E-03     7.632735E+02
  1.787526E-03     7.684643E+02
  1.812418E-03     7.736906E+02
  1.837656E-03     7.789526E+02
  1.863246E-03     7.842504E+02
  1.889193E-03     7.895843E+02
  1.915501E-03     7.949545E+02
  1.942175E-03     8.003614E+02
  1.969220E-03     8.058052E+02
  1.996642E-03     8.112863E+02
  2.024447E-03     8.168051E+02
  2.052638E-03     8.223620E+02
  2.081222E-03     8.279569E+02
  2.110203E-03     8.335902E+02
  2.139589E-03     8.392620E+02
  2.169384E-03     8.449727E+02
  2.199593E-03     8.507223E+02
  2.230223E-03     8.565113E+02
  2.261280E-03     8.623399E+02
  2.292769E-03     8.682086E+02
  2.324697E-03     8.741177E+02
  2.357069E-03     8.800675E+02
  2.389893E-03     8.860583E+02
  2.423173E-03     8.920904E+02
  2.456916E-03     8.981639E+02
  2.491130E-03     9.042792E+02
  2.525820E-03     9.104365E+02
  2.560993E-03     9.166363E+02
  2.596656E-03     9.228790E+02
  2.632815E-03     9.291650E+02
  2.669478E-03     9.354948E+02
  2.706652E-03     9.418688E+02
  2.744343E-03     9.482872E+02
  2.782559E-03     9.547504E+02
  2.821308E-03     9.612585E+02
  2.860596E-03     9.678119E+02
  2.900430E-03     9.744109E+02
  2.940820E-03     9.810559E+02
  2.981772E-03     9.877474E+02
  3.023295E-03     9.944857E+02
  3.065395E-03     1.001271E+03
  3.108082E-03     1.008105E+03
  3.151363E-03     1.014987E+03
  3.195248E-03     1.021917E+03
  3.239743E-03     1.028896E+03
  3.284857E-03     1.035924E+03
  3.330600E-03     1.043002E+03
  3.376980E-03     1.050130E+03
  3.424006E-03     1.057308E+03
  3.471687E-03     1.064537E+03
  3.520031E-03     1.071819E+03
  3.569049E-03     1.079152E+03
  3.618750E-03     1.086538E+03
  3.669142E-03     1.093976E+03
  3.720237E-03     1.101468E+03
  3.772042E-03     1.109014E+03
  3.824570E-03     1.116613E+03
  3.877828E-03     1.124267E+03
  3.931829E-03     1.131977E+03
  3.986581E-03     1.139741E+03
  4.042096E-03     1.147562E+03
  4.098384E-03     1.155440E+03
  4.155455E-03     1.163375E+03
  4.213322E-03     1.171368E+03
  4.271994E-03     1.179418E+03
  4.331483E-03     1.187528E+03
  4.391801E-03     1.195696E+03
  4.452959E-03     1.203924E+03
  4.514968E-03     1.212212E+03
  4.577841E-03     1.220562E+03
  4.641589E-03     1.228972E+03
  4.706225E-03     1.237446E+03
  4.771761E-03     1.245982E+03
  4.838210E-03     1.254582E+03
  4.905584E-03     1.263245E+03
  4.973896E-03     1.271973E+03
  5.043159E-03     1.280765E+03
  5.113388E-03     1.289623E+03
  5.184594E-03     1.298547E+03
  5.256791E-03     1.307538E+03
  5.329994E-03     1.316597E+03
  5.404216E-03     1.325724E+03
  5.479472E-03     1.334919E+03
  5.555776E-03     1.344185E+03
  5.633143E-03     1.353520E+03
  5.711586E-03     1.362925E+03
  5.791123E-03     1.372402E+03
  5.871766E-03     1.381951E+03
  5.953533E-03     1.391572E+03
  6.036439E-03     1.401267E+03
  6.120498E-03     1.411037E+03
  6.205729E-03     1.420881E+03
  6.292146E-03     1.430801E+03
  6.379767E-03     1.440798E+03
  6.468608E-03     1.450872E+03
  6.558686E-03     1.461024E+03
  6.650018E-03     1.471254E+03
  6.742622E-03     1.481563E+03
  6.836516E-03     1.491952E+03
  6.931717E-03     1.502422E+03
  7.028244E-03     1.512974E+03
  7.126115E-03     1.523608E+03
  7.225349E-03     1.534327E+03
  7.325965E-03     1.545129E+03
  7.427982E-03     1.556016E+03
  7.531420E-03     1.566989E+03
  7.636298E-03     1.578049E+03
  7.742637E-03     1.589196E+03
  7.850456E-03     1.600431E+03
  7.959777E-03     1.611756E+03
  8.070620E-03     1.623171E+03
  8.183007E-03     1.634678E+03
  8.296959E-03     1.646278E+03
  8.412497E-03     1.657971E+03
  8.529644E-03     1.669758E+03
  8.648423E-03     1.681639E+03
  8.768856E-03     1.693617E+03
  8.890966E-03     1.705691E+03
  9.014776E-03     1.717862E+03
  9.140311E-03     1.730133E+03
  9.267593E-03     1.742503E+03
  9.396648E-03     1.754974E+03
  9.527500E-03     1.767548E+03
  9.660175E-03     1.780224E+03
  9.794697E-03     1.793004E+03
  9.931092E-03     1.805889E+03
  1.006939E-02     1.818879E+03
  1.020961E-02     1.831977E+03
  1.035178E-02     1.845183E+03
  1.049593E-02     1.858497E+03
  1.064209E-02     1.871923E+03
  1.079029E-02     1.885461E+03
  1.094055E-02     1.899112E+03
  1.109290E-02     1.912877E+03
  1.124737E-02     1.926757E+03
  1.140400E-02     1.940754E+03
  1.156280E-02     1.954868E+03
  1.172382E-02     1.969101E+03
  1.188708E-02     1.983453E+03
  1.205261E-02     1.997927E+03
  1.222045E-02     2.012524E+03
  1.239062E-02     2.027244E+03
  1.256317E-02     2.042091E+03
  1.273811E-02     2.057064E+03
  1.291550E-02     2.072164E+03
  1.309535E-02     2.087394E+03
  1.327771E-02     2.102754E+03
  1.346261E-02     2.118245E+03
  1.365008E-02     2.133870E+03
  1.384016E-02     2.149629E+03
  1.403289E-02     2.165523E+03
  1.422830E-02     2.181556E+03
  1.442644E-02     2.197728E+03
  1.462733E-02     2.214040E+03
  1.483103E-02     2.230494E+03
  1.503755E-02     2.247091E+03
  1.524696E-02     2.263832E+03
  1.545928E-02     2.280719E+03
  1.567455E-02     2.297754E+03
  1.589283E-02     2.314938E+03
  1.611414E-02     2.332272E+03
  1.633854E-02     2.349759E+03
  1.656606E-02     2.367401E+03
  1.679675E-02     2.385198E+03
  1.703065E-02     2.403153E+03
  1.726781E-02     2.421265E+03
  1.750827E-02     2.439538E+03
  1.775208E-02     2.457973E+03
  1.799929E-02     2.476571E+03
  1.824993E-02     2.495334E+03
  1.850407E-02     2.514264E+03
  1.876175E-02     2.533363E+03
  1.902301E-02     2.552633E+03
  1.928792E-02     2.572076E+03
  1.955651E-02     2.591692E+03
  1.982884E-02     2.611485E+03
  2.010496E-02     2.631454E+03
  2.038493E-02     2.651602E+03
  2.066880E-02     2.671931E+03
  2.095662E-02     2.692442E+03
  2.124845E-02     2.713139E+03
  2.154435E-02     2.734022E+03
  2.184436E-02     2.755094E+03
  2.214855E-02     2.776357E+03
  2.245698E-02     2.797812E+03
  2.276970E-02     2.819461E+03
  2.308678E-02     2.841306E+03
  2.340827E-02     2.863348E+03
  2.373424E-02     2.885590E+03
  2.406475E-02     2.908033E+03
  2.439986E-02     2.930680E+03
  2.473964E-02     2.953533E+03
  2.508415E-02     2.976595E+03
  2.543346E-02     2.999866E+03
  2.578763E-02     3.023349E+03
  2.614673E-02     3.047046E+03
  2.651084E-02     3.070958E+03
  2.688001E-02     3.095088E+03
  2.725433E-02     3.119437E+03
  2.763385E-02     3.144008E+03
  2.801867E-02     3.168802E+03
  2.840884E-02     3.193823E+03
  2.880444E-02     3.219073E+03
  2.920556E-02     3.244552E+03
  2.961225E-02     3.270265E+03
  3.002462E-02     3.296211E+03
  3.044272E-02     3.322394E+03
  3.086665E-02     3.348814E+03
  3.129648E-02     3.375475E+03
  3.173230E-02     3.402379E+03
  3.217418E-02     3.429527E+03
  3.262222E-02     3.456922E+03
  3.307650E-02     3.484566E+03
  3.353710E-02     3.512463E+03
  3.400412E-02     3.540613E+03
  3.447764E-02     3.569018E+03
  3.495776E-02     3.597680E+03
  3.544456E-02     3.626601E+03
  3.593814E-02     3.655784E+03
  3.643859E-02     3.685231E+03
  3.694601E-02     3.714943E+03
  3.746050E-02     3.744924E+03
  3.798215E-02     3.775175E+03
  3.851107E-02     3.805699E+03
  3.904735E-02     3.836497E+03
  3.959110E-02     3.867572E+03
  4.014242E-02     3.898925E+03
  4.070142E-02     3.930559E+03
  4.126821E-02     3.962475E+03
  4.184289E-02     3.994675E+03
  4.242556E-02     4.027162E+03
  4.301636E-02     4.059937E+03
  4.361538E-02     4.093004E+03
  4.422274E-02     4.126365E+03
  4.483856E-02     4.160020E+03
  4.546295E-02     4.193972E+03
  4.609604E-02     4.228223E+03
  4.673795E-02     4.262773E+03
  4.738880E-02     4.297625E+03
  4.804870E-02     4.332781E+03
  4.871780E-02     4.368243E+03
  4.939622E-02     4.404013E+03
  5.008408E-02     4.440092E+03
  5.078152E-02     4.476484E+03
  5.148867E-02     4.513188E+03
  5.220568E-02     4.550207E+03
  5.293266E-02     4.587541E+03
  5.366977E-02     4.625193E+03
  5.441714E-02     4.663163E+03
  5.517492E-02     4.701454E+03
  5.594326E-02     4.740067E+03
  5.672229E-02     4.779003E+03
  5.751217E-02     4.818265E+03
  5.831305E-02     4.857853E+03
  5.912508E-02     4.897769E+03
  5.994843E-02     4.938014E+03
  6.078323E-02     4.978588E+03
  6.162966E-02     5.019493E+03
  6.248788E-02     5.060729E+03
  6.335805E-02     5.102298E+03
  6.424034E-02     5.144201E+03
  6.513491E-02     5.186439E+03
  6.604194E-02     5.229012E+03
  6.696160E-02     5.271923E+03
  6.789407E-02     5.315171E+03
  6.883952E-02     5.358757E+03
  6.979814E-02     5.402680E+03
  7.077011E-02     5.446941E+03
  7.175561E-02     5.491540E+03
  7.275484E-02     5.536478E+03
  7.376798E-02     5.581753E+03
  7.479523E-02     5.627368E+03
  7.583678E-02     5.673321E+03
  7.689284E-02     5.719613E+03
  7.796360E-02     5.766243E+03
  7.904928E-02     5.813211E+03
  8.015007E-02     5.860516E+03
  8.126619E-02     5.908158E+03
  8.239786E-02     5.956135E+03
  8.354528E-02     6.004446E+03
  8.470868E-02     6.053092E+03
  8.588829E-02     6.102072E+03
  8.708431E-02     6.151384E+03
  8.829700E-02     6.201027E+03
  8.952657E-02     6.251001E+03
  9.077327E-02     6.301303E+03
  9.203732E-02     6.351930E+03
  9.331898E-02     6.402882E+03
  9.461848E-02     6.454154E+03
  9.593608E-02     6.505747E+03
  9.727203E-02     6.557656E+03
  9.862658E-02     6.609879E+03
  1.000000E-01     6.662416E+03
  1.013925E-01     6.715262E+03
  1.028045E-01     6.768414E+03
  1.042361E-01     6.821870E+03
  1.056876E-01     6.875626E+03
  1.071593E-01     6.929678E+03
  1.086516E-01     6.984024E+03
  1.101646E-01     7.038658E+03
  1.116987E-01     7.093579E+03
  1.132541E-01     7.148781E+03
  1.148312E-01     7.204262E+03
  1.164303E-01     7.260017E+03
  1.180517E-01     7.316042E+03
  1.196956E-01     7.372332E+03
  1.213624E-01     7.428881E+03
  1.230524E-01     7.485685E+03
  1.247660E-01     7.542736E+03
  1.265034E-01     7.600032E+03
  1.282650E-01     7.657565E+03
  1.300511E-01     7.715330E+03
  1.318621E-01     7.773321E+03
  1.336984E-01     7.831534E+03
  1.355602E-01     7.889961E+03
  1.374479E-01     7.948595E+03
  1.393619E-01     8.007430E+03
  1.413026E-01     8.066459E+03
  1.432703E-01     8.125673E+03
  1.452654E-01     8.185067E+03
  1.472883E-01     8.244632E+03
  1.493393E-01     8.304362E+03
  1.514189E-01     8.364250E+03
  1.535275E-01     8.424288E+03
  1.556654E-01     8.484467E+03
  1.578331E-01     8.544780E+03
  1.600310E-01     8.605216E+03
  1.622595E-01     8.665767E+03
  1.645191E-01     8.726423E+03
  1.668101E-01     8.787176E+03
  1.691330E-01     8.848016E+03
  1.714882E-01     8.908934E+03
  1.738762E-01     8.969921E+03
  1.762975E-01     9.030968E+03
  1.787526E-01     9.092065E+03
  1.812418E-01     9.153202E+03
  1.837656E-01     9.214367E+03
  1.863246E-01     9.275552E+03
  1.889193E-01     9.336746E+03
  1.915501E-01     9.397938E+03
  1.942175E-01     9.459119E+03
  1.969220E-01     9.520279E+03
  1.996642E-01     9.581408E+03
  2.024447E-01     9.642496E+03
  2.052638E-01     9.703532E+03
  2.081222E-01     9.764499E+03
  2.110203E-01     9.825383E+03
  2.139589E-01     9.886166E+03
  2.169384E-01     9.946833E+03
  2.199593E-01     1.000737E+04
  2.230223E-01     1.006775E+04
  2.261280E-01     1.012798E+04
  2.292769E-01     1.018802E+04
  2.324697E-01     1.024786E+04
  2.357069E-01     1.030749E+04
  2.389893E-01     1.036688E+04
  2.423173E-01     1.042603E+04
  2.456916E-01     1.048491E+04
  2.491130E-01     1.054350E+04
  2.525820E-01     1.060179E+04
  2.560993E-01     1.065977E+04
  2.596656E-01     1.071740E+04
  2.632815E-01     1.077469E+04
  2.669478E-01     1.083160E+04
  2.706652E-01     1.088813E+04
  2.744343E-01     1.094427E+04
  2.782559E-01     1.100000E+04
  2.821308E-01     1.105531E+04
  2.860596E-01     1.111020E+04
  2.900430E-01     1.116465E+04
  2.940820E-01     1.121867E+04
  2.981772E-01     1.127225E+04
  3.023295E-01     1.132537E+04
  3.065395E-01     1.137805E+04
  3.108082E-01     1.143027E+04
  3.151363E-01     1.148203E+04
  3.195248E-01     1.153332E+04
  3.239743E-01     1.158414E+04
  3.284857E-01     1.163447E+04
  3.330600E-01     1.168431E+04
  3.376980E-01     1.173366E+04
  3.424006E-01     1.178253E+04
  3.471687E-01     1.183090E+04
  3.520031E-01     1.187878E+04
  3.569049E-01     1.192617E+04
  3.618750E-01     1.197308E+04
  3.669142E-01     1.201948E+04
  3.720237E-01     1.206538E+04
  3.772042E-01     1.211077E+04
  3.824570E-01     1.215566E+04
  3.877828E-01     1.220003E+04
  3.931829E-01     1.224390E+04
  3.986581E-01     1.228727E+04
  4.042096E-01     1.233014E+04
  4.098384E-01     1.237252E+04
  4.155455E-01     1.241441E+04
  4.213322E-01     1.245579E+04
  4.271994E-01     1.249667E+04
  4.331483E-01     1.253704E+04
  4.391801E-01     1.257690E+04
  4.452959E-01     1.261626E+04
  4.514968E-01     1.265511E+04
  4.577841E-01     1.269346E+04
  4.641589E-01     1.273131E+04
  4.706225E-01     1.276868E+04
  4.771761E-01     1.280556E+04
  4.838210E-01     1.284194E+04
  4.905584E-01     1.287782E+04
  4.973896E-01     1.291319E+04
  5.043159E-01     1.294806E+04
  5.113388E-01     1.298242E+04
  5.184594E-01     1.301628E+04
  5.256791E-01     1.304963E+04
  5.329994E-01     1.308249E+04
  5.404216E-01     1.311485E+04
  5.479472E-01     1.314672E+04
  5.555776E-01     1.317809E+04
  5.633143E-01     1.320895E+04
  5.711586E-01     1.323930E+04
  5.791123E-01     1.326914E+04
  5.871766E-01     1.329845E+04
  5.953533E-01     1.332725E+04
  6.036439E-01     1.335553E+04
  6.120498E-01     1.338330E+04
  6.205729E-01     1.341056E+04
  6.292146E-01     1.343730E+04
  6.379767E-01     1.346352E+04
  6.468608E-01     1.348921E+04
  6.558686E-01     1.351435E+04
  6.650018E-01     1.353895E+04
  6.742622E-01     1.356300E+04
  6.836516E-01     1.358649E+04
  6.931717E-01     1.360942E+04
  7.028244E-01     1.363179E+04
  7.126115E-01     1.365360E+04
  7.225349E-01     1.367484E+04
  7.325965E-01     1.369550E+04
  7.427982E-01     1.371558E+04
  7.531420E-01     1.373505E+04
  7.636298E-01     1.375392E+04
  7.742637E-01     1.377217E+04
  7.850456E-01     1.378981E+04
  7.959777E-01     1.380681E+04
  8.070620E-01     1.382319E+04
  8.183007E-01     1.383893E+04
  8.296959E-01     1.385403E+04
  8.412497E-01     1.386849E+04
  8.529644E-01     1.388229E+04
  8.648423E-01     1.389542E+04
  8.768856E-01     1.390789E+04
  8.890966E-01     1.391969E+04
  9.014776E-01     1.393081E+04
  9.140311E-01     1.394125E+04
  9.267593E-01     1.395102E+04
  9.396648E-01     1.396011E+04
  9.527500E-01     1.396852E+04
  9.660175E-01     1.397625E+04
  9.794697E-01     1.398330E+04
  9.931092E-01     1.398965E+04
  1.006939E+00     1.399532E+04
  1.020961E+00     1.400029E+04
  1.035178E+00     1.400457E+04
  1.049593E+00     1.400817E+04
  1.064209E+00     1.401108E+04
  1.079029E+00     1.401332E+04
  1.094055E+00     1.401488E+04
  1.109290E+00     1.401577E+04
  1.124737E+00     1.401598E+04
  1.140400E+00     1.401552E+04
  1.156280E+00     1.401437E+04
  1.172382E+00     1.401255E+04
  1.188708E+00     1.401006E+04
  1.205261E+00     1.400690E+04
  1.222045E+00     1.400308E+04
  1.239062E+00     1.399861E+04
  1.256317E+00     1.399350E+04
  1.273811E+00     1.398774E+04
  1.291550E+00     1.398133E+04
  1.309535E+00     1.397428E+04
  1.327771E+00     1.396659E+04
  1.346261E+00     1.395825E+04
  1.365008E+00     1.394928E+04
  1.384016E+00     1.393967E+04
  1.403289E+00     1.392945E+04
  1.422830E+00     1.391862E+04
  1.442644E+00     1.390718E+04
  1.462733E+00     1.389514E+04
  1.483103E+00     1.388249E+04
  1.503755E+00     1.386924E+04
  1.524696E+00     1.385539E+04
  1.545928E+00     1.384094E+04
  1.567455E+00     1.382589E+04
  1.589283E+00     1.381026E+04
  1.611414E+00     1.379406E+04
  1.633854E+00     1.377728E+04
  1.656606E+00     1.375994E+04
  1.679675E+00     1.374204E+04
  1.703065E+00     1.372358E+04
  1.726781E+00     1.370457E+04
  1.750827E+00     1.368499E+04
  1.775208E+00     1.366486E+04
  1.799929E+00     1.364419E+04
  1.824993E+00     1.362296E+04
  1.850407E+00     1.360121E+04
  1.876175E+00     1.357893E+04
  1.902301E+00     1.355612E+04
  1.928792E+00     1.353280E+04
  1.955651E+00     1.350896E+04
  1.982884E+00     1.348460E+04
  2.010496E+00     1.345973E+04
  2.038493E+00     1.343434E+04
  2.066880E+00     1.340844E+04
  2.095662E+00     1.338203E+04
  2.124845E+00     1.335513E+04
  2.154435E+00     1.332773E+04
  2.184436E+00     1.329984E+04
  2.214855E+00     1.327146E+04
  2.245698E+00     1.324260E+04
  2.276970E+00     1.321326E+04
  2.308678E+00     1.318343E+04
  2.340827E+00     1.315312E+04
  2.373424E+00     1.312233E+04
  2.406475E+00     1.309107E+04
  2.439986E+00     1.305934E+04
  2.473964E+00     1.302715E+04
  2.508415E+00     1.299450E+04
  2.543346E+00     1.296140E+04
  2.578763E+00     1.292785E+04
  2.614673E+00     1.289384E+04
  2.651084E+00     1.285938E+04
  2.688001E+00     1.282448E+04
  2.725433E+00     1.278913E+04
  2.763385E+00     1.275335E+04
  2.801867E+00     1.271713E+04
  2.840884E+00     1.268048E+04
  2.880444E+00     1.264340E+04
  2.920556E+00     1.260591E+04
  2.961225E+00     1.256799E+04
  3.002462E+00     1.252966E+04
  3.044272E+00     1.249091E+04
  3.086665E+00     1.245175E+04
  3.129648E+00     1.241218E+04
  3.173230E+00     1.237221E+04
  3.217418E+00     1.233184E+04
  3.262222E+00     1.229107E+04
  3.307650E+00     1.224992E+04
  3.353710E+00     1.220838E+04
  3.400412E+00     1.216646E+04
  3.447764E+00     1.212416E+04
  3.495776E+00     1.208148E+04
  3.544456E+00     1.203843E+04
  3.593814E+00     1.199501E+04
  3.643859E+00     1.195123E+04
  3.694601E+00     1.190709E+04
  3.746050E+00     1.186260E+04
  3.798215E+00     1.181776E+04
  3.851107E+00     1.177258E+04
  3.904735E+00     1.172706E+04
  3.959110E+00     1.168120E+04
  4.014242E+00     1.163501E+04
  4.070142E+00     1.158850E+04
  4.126821E+00     1.154166E+04
  4.184289E+00     1.149450E+04
  4.242556E+00     1.144702E+04
  4.301636E+00     1.139924E+04
  4.361538E+00     1.135115E+04
  4.422274E+00     1.130276E+04
  4.483856E+00     1.125408E+04
  4.546295E+00     1.120510E+04
  4.609604E+00     1.115583E+04
  4.673795E+00     1.110628E+04
  4.738880E+00     1.105645E+04
  4.804870E+00     1.100635E+04
  4.871780E+00     1.095597E+04
  4.939622E+00     1.090532E+04
  5.008408E+00     1.085441E+04
  5.078152E+00     1.080324E+04
  5.148867E+00     1.075182E+04
  5.220568E+00     1.070015E+04
  5.293266E+00     1.064824E+04
  5.366977E+00     1.059609E+04
  5.441714E+00     1.054371E+04
  5.517492E+00     1.049110E+04
  5.594326E+00     1.043826E+04
  5.672229E+00     1.038522E+04
  5.751217E+00     1.033196E+04
  5.831305E+00     1.027850E+04
  5.912508E+00     1.022484E+04
  5.994843E+00     1.017099E+04
  6.078323E+00     1.011695E+04
  6.162966E+00     1.006273E+04
  6.248788E+00     1.000833E+04
  6.335805E+00     9.953760E+03
  6.424034E+00     9.899024E+03
  6.513491E+00     9.844127E+03
  6.604194E+00     9.789074E+03
  6.696160E+00     9.733870E+03
  6.789407E+00     9.678522E+03
  6.883952E+00     9.623035E+03
  6.979814E+00     9.567415E+03
  7.077011E+00     9.511668E+03
  7.175561E+00     9.455799E+03
  7.275484E+00     9.399812E+03
  7.376798E+00     9.343714E+03
  7.479523E+00     9.287509E+03
  7.583678E+00     9.231201E+03
  7.689284E+00     9.174795E+03
  7.796360E+00     9.118299E+03
  7.904928E+00     9.061718E+03
  8.015007E+00     9.005059E+03
  8.126619E+00     8.948328E+03
  8.239786E+00     8.891532E+03
  8.354528E+00     8.834676E+03
  8.470868E+00     8.777765E+03
  8.588829E+00     8.720806E+03
  8.708431E+00     8.663802E+03
  8.829700E+00     8.606758E+03
  8.952657E+00     8.549682E+03
  9.077327E+00     8.492580E+03
  9.203732E+00     8.435458E+03
  9.331898E+00     8.378322E+03
  9.461848E+00     8.321179E+03
  9.593608E+00     8.264033E+03
  9.727203E+00     8.206890E+03
  9.862658E+00     8.149753E+03
  1.000000E+01     8.092627E+03
  1.013925E+01     8.035515E+03
  1.028045E+01     7.978425E+03
  1.042361E+01     7.921365E+03
  1.056876E+01     7.864342E+03
  1.071593E+01     7.807365E+03
  1.086516E+01     7.750439E+03
  1.101646E+01     7.693571E+03
  1.116987E+01     7.636768E+03
  1.132541E+01     7.580034E+03
  1.148312E+01     7.523375E+03
  1.164303E+01     7.466795E+03
  1.180517E+01     7.410301E+03
  1.196956E+01     7.353901E+03
  1.213624E+01     7.297601E+03
  1.230524E+01     7.241408E+03
  1.247660E+01     7.185328E+03
  1.265034E+01     7.129365E+03
  1.282650E+01     7.073524E+03
  1.300511E+01     7.017808E+03
  1.318621E+01     6.962221E+03
  1.336984E+01     6.906764E+03
  1.355602E+01     6.851444E+03
  1.374479E+01     6.796270E+03
  1.393619E+01     6.741251E+03
  1.413026E+01     6.686394E+03
  1.432703E+01     6.631707E+03
  1.452654E+01     6.577196E+03
  1.472883E+01     6.522867E+03
  1.493393E+01     6.468726E+03
  1.514189E+01     6.414776E+03
  1.535275E+01     6.361021E+03
  1.556654E+01     6.307466E+03
  1.578331E+01     6.254115E+03
  1.600310E+01     6.200974E+03
  1.622595E+01     6.148045E+03
  1.645191E+01     6.095331E+03
  1.668101E+01     6.042832E+03
  1.691330E+01     5.990549E+03
  1.714882E+01     5.938481E+03
  1.738762E+01     5.886623E+03
  1.762975E+01     5.834972E+03
  1.787526E+01     5.783532E+03
  1.812418E+01     5.732311E+03
  1.837656E+01     5.681317E+03
  1.863246E+01     5.630557E+03
  1.889193E+01     5.580039E+03
  1.915501E+01     5.529769E+03
  1.942175E+01     5.479751E+03
  1.969220E+01     5.429991E+03
  1.996642E+01     5.380490E+03
  2.024447E+01     5.331252E+03
  2.052638E+01     5.282281E+03
  2.081222E+01     5.233585E+03
  2.110203E+01     5.185171E+03
  2.139589E+01     5.137045E+03
  2.169384E+01     5.089213E+03
  2.199593E+01     5.041679E+03
  2.230223E+01     4.994445E+03
  2.261280E+01     4.947514E+03
  2.292769E+01     4.900888E+03
  2.324697E+01     4.854564E+03
  2.357069E+01     4.808546E+03
  2.389893E+01     4.762838E+03
  2.423173E+01     4.717444E+03
  2.456916E+01     4.672368E+03
  2.491130E+01     4.627612E+03
  2.525820E+01     4.583177E+03
  2.560993E+01     4.539062E+03
  2.596656E+01     4.495265E+03
  2.632815E+01     4.451781E+03
  2.669478E+01     4.408607E+03
  2.706652E+01     4.365741E+03
  2.744343E+01     4.323187E+03
  2.782559E+01     4.280952E+03
  2.821308E+01     4.239041E+03
  2.860596E+01     4.197455E+03
  2.900430E+01     4.156198E+03
  2.940820E+01     4.115271E+03
  2.981772E+01     4.074673E+03
  3.023295E+01     4.034403E+03
  3.065395E+01     3.994457E+03
  3.108082E+01     3.954835E+03
  3.151363E+01     3.915540E+03
  3.195248E+01     3.876576E+03
  3.239743E+01     3.837947E+03
  3.284857E+01     3.799653E+03
  3.330600E+01     3.761696E+03
  3.376980E+01     3.724073E+03
  3.424006E+01     3.686784E+03
  3.471687E+01     3.649823E+03
  3.520031E+01     3.613186E+03
  3.569049E+01     3.576868E+03
  3.618750E+01     3.540873E+03
  3.669142E+01     3.505203E+03
  3.720237E+01     3.469862E+03
  3.772042E+01     3.434851E+03
  3.824570E+01     3.400168E+03
  3.877828E+01     3.365815E+03
  3.931829E+01     3.331786E+03
  3.986581E+01     3.298079E+03
  4.042096E+01     3.264687E+03
  4.098384E+01     3.231607E+03
  4.155455E+01     3.198838E+03
  4.213322E+01     3.166386E+03
  4.271994E+01     3.134251E+03
  4.331483E+01     3.102434E+03
  4.391801E+01     3.070935E+03
  4.452959E+01     3.039752E+03
  4.514968E+01     3.008882E+03
  4.577841E+01     2.978320E+03
  4.641589E+01     2.948061E+03
  4.706225E+01     2.918099E+03
  4.771761E+01     2.888435E+03
  4.838210E+01     2.859071E+03
  4.905584E+01     2.830009E+03
  4.973896E+01     2.801250E+03
  5.043159E+01     2.772794E+03
  5.113388E+01     2.744637E+03
  5.184594E+01     2.716778E+03
  5.256791E+01     2.689212E+03
  5.329994E+01     2.661933E+03
  5.404216E+01     2.634935E+03
  5.479472E+01     2.608218E+03
  5.555776E+01     2.581785E+03
  5.633143E+01     2.555635E+03
  5.711586E+01     2.529768E+03
  5.791123E+01     2.504184E+03
  5.871766E+01     2.478879E+03
  5.953533E+01     2.453851E+03
  6.036439E+01     2.429093E+03
  6.120498E+01     2.404600E+03
  6.205729E+01     2.380365E+03
  6.292146E+01     2.356387E+03
  6.379767E+01     2.332668E+03
  6.468608E+01     2.309208E+03
  6.558686E+01     2.286009E+03
  6.650018E+01     2.263069E+03
  6.742622E+01     2.240386E+03
  6.836516E+01     2.217958E+03
  6.931717E+01     2.195780E+03
  7.028244E+01     2.173846E+03
  7.126115E+01     2.152152E+03
  7.225349E+01     2.130695E+03
  7.325965E+01     2.109477E+03
  7.427982E+01     2.088498E+03
  7.531420E+01     2.067758E+03
  7.636298E+01     2.047255E+03
  7.742637E+01     2.026988E+03
  7.850456E+01     2.006953E+03
  7.959777E+01     1.987146E+03
  8.070620E+01     1.967560E+03
  8.183007E+01     1.948190E+03
  8.296959E+01     1.929034E+03
  8.412497E+01     1.910093E+03
  8.529644E+01     1.891367E+03
  8.648423E+01     1.872857E+03
  8.768856E+01     1.854561E+03
  8.890966E+01     1.836478E+03
  9.014776E+01     1.818605E+03
  9.140311E+01     1.800938E+03
  9.267593E+01     1.783474E+03
  9.396648E+01     1.766205E+03
  9.527500E+01     1.749130E+03
  9.660175E+01     1.732249E+03
  9.794697E+01     1.715564E+03
  9.931092E+01     1.699074E+03
  1.006939E+02     1.682777E+03
  1.020961E+02     1.666673E+03
  1.035178E+02     1.650758E+03
  1.049593E+02     1.635029E+03
  1.064209E+02     1.619482E+03
  1.079029E+02     1.604111E+03
  1.094055E+02     1.588914E+03
  1.109290E+02     1.573890E+03
  1.124737E+02     1.559042E+03
  1.140400E+02     1.544368E+03
  1.156280E+02     1.529868E+03
  1.172382E+02     1.515541E+03
  1.188708E+02     1.501384E+03
  1.205261E+02     1.487394E+03
  1.222045E+02     1.473567E+03
  1.239062E+02     1.459900E+03
  1.256317E+02     1.446388E+03
  1.273811E+02     1.433033E+03
  1.291550E+02     1.419835E+03
  1.309535E+02     1.406795E+03
  1.327771E+02     1.393910E+03
  1.346261E+02     1.381181E+03
  1.365008E+02     1.368605E+03
  1.384016E+02     1.356180E+03
  1.403289E+02     1.343901E+03
  1.422830E+02     1.331766E+03
  1.442644E+02     1.319771E+03
  1.462733E+02     1.307917E+03
  1.483103E+02     1.296204E+03
  1.503755E+02     1.284632E+03
  1.524696E+02     1.273200E+03
  1.545928E+02     1.261908E+03
  1.567455E+02     1.250754E+03
  1.589283E+02     1.239736E+03
  1.611414E+02     1.228849E+03
  1.633854E+02     1.218092E+03
  1.656606E+02     1.207461E+03
  1.679675E+02     1.196956E+03
  1.703065E+02     1.186578E+03
  1.726781E+02     1.176326E+03
  1.750827E+02     1.166200E+03
  1.775208E+02     1.156199E+03
  1.799929E+02     1.146322E+03
  1.824993E+02     1.136566E+03
  1.850407E+02     1.126928E+03
  1.876175E+02     1.117407E+03
  1.902301E+02     1.107997E+03
  1.928792E+02     1.098700E+03
  1.955651E+02     1.089517E+03
  1.982884E+02     1.080447E+03
  2.010496E+02     1.071491E+03
  2.038493E+02     1.062647E+03
  2.066880E+02     1.053915E+03
  2.095662E+02     1.045294E+03
  2.124845E+02     1.036781E+03
  2.154435E+02     1.028374E+03
  2.184436E+02     1.020071E+03
  2.214855E+02     1.011871E+03
  2.245698E+02     1.003774E+03
  2.276970E+02     9.957813E+02
  2.308678E+02     9.878913E+02
  2.340827E+02     9.801036E+02
  2.373424E+02     9.724167E+02
  2.406475E+02     9.648289E+02
  2.439986E+02     9.573379E+02
  2.473964E+02     9.499410E+02
  2.508415E+02     9.426355E+02
  2.543346E+02     9.354209E+02
  2.578763E+02     9.282980E+02
  2.614673E+02     9.212667E+02
  2.651084E+02     9.143271E+02
  2.688001E+02     9.074787E+02
  2.725433E+02     9.007206E+02
  2.763385E+02     8.940519E+02
  2.801867E+02     8.874708E+02
  2.840884E+02     8.809754E+02
  2.880444E+02     8.745635E+02
  2.920556E+02     8.682347E+02
  2.961225E+02     8.619895E+02
  3.002462E+02     8.558280E+02
  3.044272E+02     8.497498E+02
  3.086665E+02     8.437546E+02
  3.129648E+02     8.378415E+02
  3.173230E+02     8.320094E+02
  3.217418E+02     8.262567E+02
  3.262222E+02     8.205815E+02
  3.307650E+02     8.149817E+02
  3.353710E+02     8.094566E+02
  3.400412E+02     8.040067E+02
  3.447764E+02     7.986321E+02
  3.495776E+02     7.933326E+02
  3.544456E+02     7.881078E+02
  3.593814E+02     7.829570E+02
  3.643859E+02     7.778793E+02
  3.694601E+02     7.728734E+02
  3.746050E+02     7.679375E+02
  3.798215E+02     7.630698E+02
  3.851107E+02     7.582696E+02
  3.904735E+02     7.535373E+02
  3.959110E+02     7.488729E+02
  4.014242E+02     7.442763E+02
  4.070142E+02     7.397473E+02
  4.126821E+02     7.352852E+02
  4.184289E+02     7.308892E+02
  4.242556E+02     7.265582E+02
  4.301636E+02     7.222906E+02
  4.361538E+02     7.180849E+02
  4.422274E+02     7.139401E+02
  4.483856E+02     7.098567E+02
  4.546295E+02     7.058347E+02
  4.609604E+02     7.018740E+02
  4.673795E+02     6.979743E+02
  4.738880E+02     6.941351E+02
  4.804870E+02     6.903557E+02
  4.871780E+02     6.866349E+02
  4.939622E+02     6.829716E+02
  5.008408E+02     6.793642E+02
  5.078152E+02     6.758118E+02
  5.148867E+02     6.723146E+02
  5.220568E+02     6.688727E+02
  5.293266E+02     6.654861E+02
  5.366977E+02     6.621544E+02
  5.441714E+02     6.588772E+02
  5.517492E+02     6.556539E+02
  5.594326E+02     6.524834E+02
  5.672229E+02     6.493647E+02
  5.751217E+02     6.462962E+02
  5.831305E+02     6.432773E+02
  5.912508E+02     6.403079E+02
  5.994843E+02     6.373882E+02
  6.078323E+02     6.345180E+02
  6.162966E+02     6.316972E+02
  6.248788E+02     6.289253E+02
  6.335805E+02     6.262018E+02
  6.424034E+02     6.235257E+02
  6.513491E+02     6.208961E+02
  6.604194E+02     6.183118E+02
  6.696160E+02     6.157717E+02
  6.789407E+02     6.132758E+02
  6.883952E+02     6.108241E+02
  6.979814E+02     6.084161E+02
  7.077011E+02     6.060516E+02
  7.175561E+02     6.037300E+02
  7.275484E+02     6.014504E+02
  7.376798E+02     5.992119E+02
  7.479523E+02     5.970133E+02
  7.583678E+02     5.948533E+02
  7.689284E+02     5.927309E+02
  7.796360E+02     5.906466E+02
  7.904928E+02     5.886011E+02
  8.015007E+02     5.865951E+02
  8.126619E+02     5.846293E+02
  8.239786E+02     5.827041E+02
  8.354528E+02     5.808200E+02
  8.470868E+02     5.789773E+02
  8.588829E+02     5.771764E+02
  8.708431E+02     5.754174E+02
  8.829700E+02     5.736996E+02
  8.952657E+02     5.720194E+02
  9.077327E+02     5.703726E+02
  9.203732E+02     5.687541E+02
  9.331898E+02     5.671586E+02
  9.461848E+02     5.655802E+02
  9.593608E+02     5.640123E+02
  9.727203E+02     5.624478E+02
  9.862658E+02     5.608789E+02
  1.000000E+03     5.592971E+02
