FILE CREATED BY  : PROGRAM DPASS - VERSION 2.00
DATABASE VERSION : 21.06
DATE AND TIME    : 09/08/2022 20:53:13
PROJECTILE       : Ar
TARGET           : Zr
TARGET AT. MASS  : 9.122000E+01
TARGET DENSITY   : 6.510000E+00 g/cm^3
TABULATED OUTPUT : STOPPING FORCE VERSUS ENERGY
DATA TYPE        : SPLINE INTERPOLATED
ABSCISSA UNITS   : MeV/u
ORDINATE UNITS   : eV/nm


      E/n             S(E/n)

  1.000000E-03     3.660743E+02
  1.013925E-03     3.685664E+02
  1.028045E-03     3.710915E+02
  1.042361E-03     3.736482E+02
  1.056876E-03     3.762349E+02
  1.071593E-03     3.788500E+02
  1.086516E-03     3.814916E+02
  1.101646E-03     3.841577E+02
  1.116987E-03     3.868461E+02
  1.132541E-03     3.895543E+02
  1.148312E-03     3.922798E+02
  1.164303E-03     3.950201E+02
  1.180517E-03     3.977751E+02
  1.196956E-03     4.005452E+02
  1.213624E-03     4.033310E+02
  1.230524E-03     4.061332E+02
  1.247660E-03     4.089525E+02
  1.265034E-03     4.117897E+02
  1.282650E-03     4.146456E+02
  1.300511E-03     4.175213E+02
  1.318621E-03     4.204177E+02
  1.336984E-03     4.233358E+02
  1.355602E-03     4.262760E+02
  1.374479E-03     4.292382E+02
  1.393619E-03     4.322224E+02
  1.413026E-03     4.352286E+02
  1.432703E-03     4.382567E+02
  1.452654E-03     4.413067E+02
  1.472883E-03     4.443786E+02
  1.493393E-03     4.474723E+02
  1.514189E-03     4.505878E+02
  1.535275E-03     4.537250E+02
  1.556654E-03     4.568842E+02
  1.578331E-03     4.600653E+02
  1.600310E-03     4.632686E+02
  1.622595E-03     4.664942E+02
  1.645191E-03     4.697425E+02
  1.668101E-03     4.730135E+02
  1.691330E-03     4.763075E+02
  1.714882E-03     4.796249E+02
  1.738762E-03     4.829658E+02
  1.762975E-03     4.863307E+02
  1.787526E-03     4.897198E+02
  1.812418E-03     4.931331E+02
  1.837656E-03     4.965707E+02
  1.863246E-03     5.000329E+02
  1.889193E-03     5.035197E+02
  1.915501E-03     5.070314E+02
  1.942175E-03     5.105680E+02
  1.969220E-03     5.141299E+02
  1.996642E-03     5.177172E+02
  2.024447E-03     5.213302E+02
  2.052638E-03     5.249690E+02
  2.081222E-03     5.286339E+02
  2.110203E-03     5.323249E+02
  2.139589E-03     5.360421E+02
  2.169384E-03     5.397858E+02
  2.199593E-03     5.435562E+02
  2.230223E-03     5.473534E+02
  2.261280E-03     5.511777E+02
  2.292769E-03     5.550294E+02
  2.324697E-03     5.589087E+02
  2.357069E-03     5.628159E+02
  2.389893E-03     5.667511E+02
  2.423173E-03     5.707145E+02
  2.456916E-03     5.747062E+02
  2.491130E-03     5.787265E+02
  2.525820E-03     5.827757E+02
  2.560993E-03     5.868539E+02
  2.596656E-03     5.909614E+02
  2.632815E-03     5.950986E+02
  2.669478E-03     5.992658E+02
  2.706652E-03     6.034632E+02
  2.744343E-03     6.076909E+02
  2.782559E-03     6.119492E+02
  2.821308E-03     6.162381E+02
  2.860596E-03     6.205578E+02
  2.900430E-03     6.249085E+02
  2.940820E-03     6.292905E+02
  2.981772E-03     6.337038E+02
  3.023295E-03     6.381488E+02
  3.065395E-03     6.426257E+02
  3.108082E-03     6.471348E+02
  3.151363E-03     6.516764E+02
  3.195248E-03     6.562505E+02
  3.239743E-03     6.608576E+02
  3.284857E-03     6.654978E+02
  3.330600E-03     6.701714E+02
  3.376980E-03     6.748788E+02
  3.424006E-03     6.796204E+02
  3.471687E-03     6.843965E+02
  3.520031E-03     6.892075E+02
  3.569049E-03     6.940540E+02
  3.618750E-03     6.989359E+02
  3.669142E-03     7.038537E+02
  3.720237E-03     7.088074E+02
  3.772042E-03     7.137973E+02
  3.824570E-03     7.188236E+02
  3.877828E-03     7.238867E+02
  3.931829E-03     7.289869E+02
  3.986581E-03     7.341244E+02
  4.042096E-03     7.392997E+02
  4.098384E-03     7.445131E+02
  4.155455E-03     7.497649E+02
  4.213322E-03     7.550553E+02
  4.271994E-03     7.603847E+02
  4.331483E-03     7.657532E+02
  4.391801E-03     7.711613E+02
  4.452959E-03     7.766093E+02
  4.514968E-03     7.820976E+02
  4.577841E-03     7.876266E+02
  4.641589E-03     7.931968E+02
  4.706225E-03     7.988087E+02
  4.771761E-03     8.044625E+02
  4.838210E-03     8.101584E+02
  4.905584E-03     8.158968E+02
  4.973896E-03     8.216779E+02
  5.043159E-03     8.275019E+02
  5.113388E-03     8.333693E+02
  5.184594E-03     8.392804E+02
  5.256791E-03     8.452356E+02
  5.329994E-03     8.512353E+02
  5.404216E-03     8.572799E+02
  5.479472E-03     8.633698E+02
  5.555776E-03     8.695052E+02
  5.633143E-03     8.756863E+02
  5.711586E-03     8.819134E+02
  5.791123E-03     8.881869E+02
  5.871766E-03     8.945070E+02
  5.953533E-03     9.008743E+02
  6.036439E-03     9.072890E+02
  6.120498E-03     9.137517E+02
  6.205729E-03     9.202627E+02
  6.292146E-03     9.268224E+02
  6.379767E-03     9.334311E+02
  6.468608E-03     9.400889E+02
  6.558686E-03     9.467961E+02
  6.650018E-03     9.535531E+02
  6.742622E-03     9.603602E+02
  6.836516E-03     9.672177E+02
  6.931717E-03     9.741260E+02
  7.028244E-03     9.810856E+02
  7.126115E-03     9.880969E+02
  7.225349E-03     9.951603E+02
  7.325965E-03     1.002276E+03
  7.427982E-03     1.009444E+03
  7.531420E-03     1.016665E+03
  7.636298E-03     1.023939E+03
  7.742637E-03     1.031267E+03
  7.850456E-03     1.038649E+03
  7.959777E-03     1.046085E+03
  8.070620E-03     1.053576E+03
  8.183007E-03     1.061122E+03
  8.296959E-03     1.068724E+03
  8.412497E-03     1.076382E+03
  8.529644E-03     1.084096E+03
  8.648423E-03     1.091867E+03
  8.768856E-03     1.099695E+03
  8.890966E-03     1.107580E+03
  9.014776E-03     1.115523E+03
  9.140311E-03     1.123524E+03
  9.267593E-03     1.131583E+03
  9.396648E-03     1.139703E+03
  9.527500E-03     1.147882E+03
  9.660175E-03     1.156120E+03
  9.794697E-03     1.164420E+03
  9.931092E-03     1.172780E+03
  1.006939E-02     1.181201E+03
  1.020961E-02     1.189684E+03
  1.035178E-02     1.198229E+03
  1.049593E-02     1.206837E+03
  1.064209E-02     1.215507E+03
  1.079029E-02     1.224242E+03
  1.094055E-02     1.233041E+03
  1.109290E-02     1.241905E+03
  1.124737E-02     1.250834E+03
  1.140400E-02     1.259829E+03
  1.156280E-02     1.268890E+03
  1.172382E-02     1.278017E+03
  1.188708E-02     1.287212E+03
  1.205261E-02     1.296474E+03
  1.222045E-02     1.305805E+03
  1.239062E-02     1.315205E+03
  1.256317E-02     1.324675E+03
  1.273811E-02     1.334215E+03
  1.291550E-02     1.343826E+03
  1.309535E-02     1.353508E+03
  1.327771E-02     1.363262E+03
  1.346261E-02     1.373088E+03
  1.365008E-02     1.382988E+03
  1.384016E-02     1.392961E+03
  1.403289E-02     1.403009E+03
  1.422830E-02     1.413132E+03
  1.442644E-02     1.423332E+03
  1.462733E-02     1.433608E+03
  1.483103E-02     1.443961E+03
  1.503755E-02     1.454393E+03
  1.524696E-02     1.464903E+03
  1.545928E-02     1.475492E+03
  1.567455E-02     1.486161E+03
  1.589283E-02     1.496911E+03
  1.611414E-02     1.507743E+03
  1.633854E-02     1.518657E+03
  1.656606E-02     1.529655E+03
  1.679675E-02     1.540738E+03
  1.703065E-02     1.551905E+03
  1.726781E-02     1.563158E+03
  1.750827E-02     1.574497E+03
  1.775208E-02     1.585922E+03
  1.799929E-02     1.597436E+03
  1.824993E-02     1.609038E+03
  1.850407E-02     1.620730E+03
  1.876175E-02     1.632512E+03
  1.902301E-02     1.644386E+03
  1.928792E-02     1.656352E+03
  1.955651E-02     1.668411E+03
  1.982884E-02     1.680563E+03
  2.010496E-02     1.692810E+03
  2.038493E-02     1.705152E+03
  2.066880E-02     1.717590E+03
  2.095662E-02     1.730125E+03
  2.124845E-02     1.742758E+03
  2.154435E-02     1.755490E+03
  2.184436E-02     1.768322E+03
  2.214855E-02     1.781255E+03
  2.245698E-02     1.794289E+03
  2.276970E-02     1.807426E+03
  2.308678E-02     1.820665E+03
  2.340827E-02     1.834009E+03
  2.373424E-02     1.847458E+03
  2.406475E-02     1.861013E+03
  2.439986E-02     1.874674E+03
  2.473964E-02     1.888445E+03
  2.508415E-02     1.902324E+03
  2.543346E-02     1.916314E+03
  2.578763E-02     1.930415E+03
  2.614673E-02     1.944627E+03
  2.651084E-02     1.958952E+03
  2.688001E-02     1.973391E+03
  2.725433E-02     1.987943E+03
  2.763385E-02     2.002611E+03
  2.801867E-02     2.017395E+03
  2.840884E-02     2.032297E+03
  2.880444E-02     2.047317E+03
  2.920556E-02     2.062457E+03
  2.961225E-02     2.077717E+03
  3.002462E-02     2.093097E+03
  3.044272E-02     2.108600E+03
  3.086665E-02     2.124225E+03
  3.129648E-02     2.139973E+03
  3.173230E-02     2.155846E+03
  3.217418E-02     2.171845E+03
  3.262222E-02     2.187970E+03
  3.307650E-02     2.204223E+03
  3.353710E-02     2.220605E+03
  3.400412E-02     2.237116E+03
  3.447764E-02     2.253758E+03
  3.495776E-02     2.270530E+03
  3.544456E-02     2.287433E+03
  3.593814E-02     2.304469E+03
  3.643859E-02     2.321639E+03
  3.694601E-02     2.338943E+03
  3.746050E-02     2.356382E+03
  3.798215E-02     2.373958E+03
  3.851107E-02     2.391671E+03
  3.904735E-02     2.409521E+03
  3.959110E-02     2.427511E+03
  4.014242E-02     2.445640E+03
  4.070142E-02     2.463908E+03
  4.126821E-02     2.482317E+03
  4.184289E-02     2.500868E+03
  4.242556E-02     2.519561E+03
  4.301636E-02     2.538398E+03
  4.361538E-02     2.557379E+03
  4.422274E-02     2.576505E+03
  4.483856E-02     2.595777E+03
  4.546295E-02     2.615195E+03
  4.609604E-02     2.634759E+03
  4.673795E-02     2.654471E+03
  4.738880E-02     2.674331E+03
  4.804870E-02     2.694340E+03
  4.871780E-02     2.714497E+03
  4.939622E-02     2.734805E+03
  5.008408E-02     2.755264E+03
  5.078152E-02     2.775875E+03
  5.148867E-02     2.796637E+03
  5.220568E-02     2.817552E+03
  5.293266E-02     2.838620E+03
  5.366977E-02     2.859840E+03
  5.441714E-02     2.881214E+03
  5.517492E-02     2.902741E+03
  5.594326E-02     2.924423E+03
  5.672229E-02     2.946260E+03
  5.751217E-02     2.968253E+03
  5.831305E-02     2.990401E+03
  5.912508E-02     3.012706E+03
  5.994843E-02     3.035167E+03
  6.078323E-02     3.057785E+03
  6.162966E-02     3.080558E+03
  6.248788E-02     3.103489E+03
  6.335805E-02     3.126576E+03
  6.424034E-02     3.149821E+03
  6.513491E-02     3.173223E+03
  6.604194E-02     3.196783E+03
  6.696160E-02     3.220502E+03
  6.789407E-02     3.244378E+03
  6.883952E-02     3.268411E+03
  6.979814E-02     3.292602E+03
  7.077011E-02     3.316950E+03
  7.175561E-02     3.341454E+03
  7.275484E-02     3.366114E+03
  7.376798E-02     3.390931E+03
  7.479523E-02     3.415903E+03
  7.583678E-02     3.441031E+03
  7.689284E-02     3.466315E+03
  7.796360E-02     3.491754E+03
  7.904928E-02     3.517347E+03
  8.015007E-02     3.543094E+03
  8.126619E-02     3.568995E+03
  8.239786E-02     3.595049E+03
  8.354528E-02     3.621256E+03
  8.470868E-02     3.647615E+03
  8.588829E-02     3.674127E+03
  8.708431E-02     3.700790E+03
  8.829700E-02     3.727606E+03
  8.952657E-02     3.754571E+03
  9.077327E-02     3.781685E+03
  9.203732E-02     3.808944E+03
  9.331898E-02     3.836348E+03
  9.461848E-02     3.863895E+03
  9.593608E-02     3.891581E+03
  9.727203E-02     3.919405E+03
  9.862658E-02     3.947365E+03
  1.000000E-01     3.975460E+03
  1.013925E-01     4.003685E+03
  1.028045E-01     4.032040E+03
  1.042361E-01     4.060520E+03
  1.056876E-01     4.089122E+03
  1.071593E-01     4.117843E+03
  1.086516E-01     4.146680E+03
  1.101646E-01     4.175629E+03
  1.116987E-01     4.204687E+03
  1.132541E-01     4.233851E+03
  1.148312E-01     4.263116E+03
  1.164303E-01     4.292480E+03
  1.180517E-01     4.321939E+03
  1.196956E-01     4.351489E+03
  1.213624E-01     4.381128E+03
  1.230524E-01     4.410854E+03
  1.247660E-01     4.440662E+03
  1.265034E-01     4.470550E+03
  1.282650E-01     4.500515E+03
  1.300511E-01     4.530555E+03
  1.318621E-01     4.560666E+03
  1.336984E-01     4.590846E+03
  1.355602E-01     4.621091E+03
  1.374479E-01     4.651400E+03
  1.393619E-01     4.681767E+03
  1.413026E-01     4.712190E+03
  1.432703E-01     4.742666E+03
  1.452654E-01     4.773192E+03
  1.472883E-01     4.803765E+03
  1.493393E-01     4.834383E+03
  1.514189E-01     4.865042E+03
  1.535275E-01     4.895741E+03
  1.556654E-01     4.926476E+03
  1.578331E-01     4.957244E+03
  1.600310E-01     4.988039E+03
  1.622595E-01     5.018860E+03
  1.645191E-01     5.049701E+03
  1.668101E-01     5.080560E+03
  1.691330E-01     5.111434E+03
  1.714882E-01     5.142319E+03
  1.738762E-01     5.173212E+03
  1.762975E-01     5.204112E+03
  1.787526E-01     5.235013E+03
  1.812418E-01     5.265913E+03
  1.837656E-01     5.296805E+03
  1.863246E-01     5.327685E+03
  1.889193E-01     5.358549E+03
  1.915501E-01     5.389394E+03
  1.942175E-01     5.420215E+03
  1.969220E-01     5.451008E+03
  1.996642E-01     5.481770E+03
  2.024447E-01     5.512498E+03
  2.052638E-01     5.543188E+03
  2.081222E-01     5.573833E+03
  2.110203E-01     5.604429E+03
  2.139589E-01     5.634971E+03
  2.169384E-01     5.665453E+03
  2.199593E-01     5.695871E+03
  2.230223E-01     5.726221E+03
  2.261280E-01     5.756497E+03
  2.292769E-01     5.786696E+03
  2.324697E-01     5.816814E+03
  2.357069E-01     5.846846E+03
  2.389893E-01     5.876787E+03
  2.423173E-01     5.906632E+03
  2.456916E-01     5.936373E+03
  2.491130E-01     5.966008E+03
  2.525820E-01     5.995529E+03
  2.560993E-01     6.024934E+03
  2.596656E-01     6.054216E+03
  2.632815E-01     6.083374E+03
  2.669478E-01     6.112403E+03
  2.706652E-01     6.141298E+03
  2.744343E-01     6.170056E+03
  2.782559E-01     6.198669E+03
  2.821308E-01     6.227134E+03
  2.860596E-01     6.255446E+03
  2.900430E-01     6.283601E+03
  2.940820E-01     6.311595E+03
  2.981772E-01     6.339426E+03
  3.023295E-01     6.367090E+03
  3.065395E-01     6.394586E+03
  3.108082E-01     6.421910E+03
  3.151363E-01     6.449060E+03
  3.195248E-01     6.476030E+03
  3.239743E-01     6.502816E+03
  3.284857E-01     6.529416E+03
  3.330600E-01     6.555826E+03
  3.376980E-01     6.582045E+03
  3.424006E-01     6.608072E+03
  3.471687E-01     6.633905E+03
  3.520031E-01     6.659545E+03
  3.569049E-01     6.684991E+03
  3.618750E-01     6.710240E+03
  3.669142E-01     6.735288E+03
  3.720237E-01     6.760132E+03
  3.772042E-01     6.784770E+03
  3.824570E-01     6.809200E+03
  3.877828E-01     6.833421E+03
  3.931829E-01     6.857432E+03
  3.986581E-01     6.881235E+03
  4.042096E-01     6.904830E+03
  4.098384E-01     6.928219E+03
  4.155455E-01     6.951398E+03
  4.213322E-01     6.974364E+03
  4.271994E-01     6.997114E+03
  4.331483E-01     7.019646E+03
  4.391801E-01     7.041959E+03
  4.452959E-01     7.064051E+03
  4.514968E-01     7.085923E+03
  4.577841E-01     7.107575E+03
  4.641589E-01     7.129010E+03
  4.706225E-01     7.150227E+03
  4.771761E-01     7.171225E+03
  4.838210E-01     7.192000E+03
  4.905584E-01     7.212548E+03
  4.973896E-01     7.232868E+03
  5.043159E-01     7.252956E+03
  5.113388E-01     7.272812E+03
  5.184594E-01     7.292436E+03
  5.256791E-01     7.311826E+03
  5.329994E-01     7.330985E+03
  5.404216E-01     7.349914E+03
  5.479472E-01     7.368608E+03
  5.555776E-01     7.387062E+03
  5.633143E-01     7.405271E+03
  5.711586E-01     7.423230E+03
  5.791123E-01     7.440936E+03
  5.871766E-01     7.458385E+03
  5.953533E-01     7.475574E+03
  6.036439E-01     7.492499E+03
  6.120498E-01     7.509161E+03
  6.205729E-01     7.525556E+03
  6.292146E-01     7.541679E+03
  6.379767E-01     7.557526E+03
  6.468608E-01     7.573088E+03
  6.558686E-01     7.588362E+03
  6.650018E-01     7.603341E+03
  6.742622E-01     7.618021E+03
  6.836516E-01     7.632398E+03
  6.931717E-01     7.646468E+03
  7.028244E-01     7.660227E+03
  7.126115E-01     7.673674E+03
  7.225349E-01     7.686803E+03
  7.325965E-01     7.699608E+03
  7.427982E-01     7.712085E+03
  7.531420E-01     7.724230E+03
  7.636298E-01     7.736037E+03
  7.742637E-01     7.747503E+03
  7.850456E-01     7.758626E+03
  7.959777E-01     7.769403E+03
  8.070620E-01     7.779833E+03
  8.183007E-01     7.789914E+03
  8.296959E-01     7.799645E+03
  8.412497E-01     7.809020E+03
  8.529644E-01     7.818036E+03
  8.648423E-01     7.826690E+03
  8.768856E-01     7.834980E+03
  8.890966E-01     7.842904E+03
  9.014776E-01     7.850461E+03
  9.140311E-01     7.857650E+03
  9.267593E-01     7.864474E+03
  9.396648E-01     7.870934E+03
  9.527500E-01     7.877029E+03
  9.660175E-01     7.882755E+03
  9.794697E-01     7.888111E+03
  9.931092E-01     7.893095E+03
  1.006939E+00     7.897705E+03
  1.020961E+00     7.901942E+03
  1.035178E+00     7.905805E+03
  1.049593E+00     7.909297E+03
  1.064209E+00     7.912420E+03
  1.079029E+00     7.915178E+03
  1.094055E+00     7.917571E+03
  1.109290E+00     7.919598E+03
  1.124737E+00     7.921256E+03
  1.140400E+00     7.922545E+03
  1.156280E+00     7.923464E+03
  1.172382E+00     7.924014E+03
  1.188708E+00     7.924197E+03
  1.205261E+00     7.924014E+03
  1.222045E+00     7.923468E+03
  1.239062E+00     7.922565E+03
  1.256317E+00     7.921306E+03
  1.273811E+00     7.919690E+03
  1.291550E+00     7.917715E+03
  1.309535E+00     7.915380E+03
  1.327771E+00     7.912687E+03
  1.346261E+00     7.909635E+03
  1.365008E+00     7.906226E+03
  1.384016E+00     7.902462E+03
  1.403289E+00     7.898348E+03
  1.422830E+00     7.893886E+03
  1.442644E+00     7.889080E+03
  1.462733E+00     7.883929E+03
  1.483103E+00     7.878432E+03
  1.503755E+00     7.872588E+03
  1.524696E+00     7.866397E+03
  1.545928E+00     7.859860E+03
  1.567455E+00     7.852979E+03
  1.589283E+00     7.845755E+03
  1.611414E+00     7.838192E+03
  1.633854E+00     7.830294E+03
  1.656606E+00     7.822063E+03
  1.679675E+00     7.813500E+03
  1.703065E+00     7.804603E+03
  1.726781E+00     7.795372E+03
  1.750827E+00     7.785807E+03
  1.775208E+00     7.775910E+03
  1.799929E+00     7.765682E+03
  1.824993E+00     7.755125E+03
  1.850407E+00     7.744241E+03
  1.876175E+00     7.733036E+03
  1.902301E+00     7.721512E+03
  1.928792E+00     7.709669E+03
  1.955651E+00     7.697507E+03
  1.982884E+00     7.685026E+03
  2.010496E+00     7.672226E+03
  2.038493E+00     7.659108E+03
  2.066880E+00     7.645675E+03
  2.095662E+00     7.631927E+03
  2.124845E+00     7.617870E+03
  2.154435E+00     7.603505E+03
  2.184436E+00     7.588836E+03
  2.214855E+00     7.573865E+03
  2.245698E+00     7.558590E+03
  2.276970E+00     7.543014E+03
  2.308678E+00     7.527136E+03
  2.340827E+00     7.510958E+03
  2.373424E+00     7.494482E+03
  2.406475E+00     7.477711E+03
  2.439986E+00     7.460648E+03
  2.473964E+00     7.443296E+03
  2.508415E+00     7.425660E+03
  2.543346E+00     7.407741E+03
  2.578763E+00     7.389539E+03
  2.614673E+00     7.371054E+03
  2.651084E+00     7.352289E+03
  2.688001E+00     7.333245E+03
  2.725433E+00     7.313923E+03
  2.763385E+00     7.294327E+03
  2.801867E+00     7.274459E+03
  2.840884E+00     7.254324E+03
  2.880444E+00     7.233924E+03
  2.920556E+00     7.213262E+03
  2.961225E+00     7.192338E+03
  3.002462E+00     7.171154E+03
  3.044272E+00     7.149711E+03
  3.086665E+00     7.128011E+03
  3.129648E+00     7.106058E+03
  3.173230E+00     7.083852E+03
  3.217418E+00     7.061398E+03
  3.262222E+00     7.038699E+03
  3.307650E+00     7.015759E+03
  3.353710E+00     6.992580E+03
  3.400412E+00     6.969164E+03
  3.447764E+00     6.945512E+03
  3.495776E+00     6.921626E+03
  3.544456E+00     6.897510E+03
  3.593814E+00     6.873164E+03
  3.643859E+00     6.848593E+03
  3.694601E+00     6.823800E+03
  3.746050E+00     6.798787E+03
  3.798215E+00     6.773560E+03
  3.851107E+00     6.748121E+03
  3.904735E+00     6.722471E+03
  3.959110E+00     6.696613E+03
  4.014242E+00     6.670548E+03
  4.070142E+00     6.644280E+03
  4.126821E+00     6.617810E+03
  4.184289E+00     6.591142E+03
  4.242556E+00     6.564278E+03
  4.301636E+00     6.537223E+03
  4.361538E+00     6.509978E+03
  4.422274E+00     6.482548E+03
  4.483856E+00     6.454934E+03
  4.546295E+00     6.427139E+03
  4.609604E+00     6.399165E+03
  4.673795E+00     6.371015E+03
  4.738880E+00     6.342692E+03
  4.804870E+00     6.314197E+03
  4.871780E+00     6.285536E+03
  4.939622E+00     6.256710E+03
  5.008408E+00     6.227723E+03
  5.078152E+00     6.198578E+03
  5.148867E+00     6.169277E+03
  5.220568E+00     6.139824E+03
  5.293266E+00     6.110221E+03
  5.366977E+00     6.080472E+03
  5.441714E+00     6.050578E+03
  5.517492E+00     6.020543E+03
  5.594326E+00     5.990370E+03
  5.672229E+00     5.960063E+03
  5.751217E+00     5.929624E+03
  5.831305E+00     5.899056E+03
  5.912508E+00     5.868364E+03
  5.994843E+00     5.837548E+03
  6.078323E+00     5.806614E+03
  6.162966E+00     5.775563E+03
  6.248788E+00     5.744398E+03
  6.335805E+00     5.713123E+03
  6.424034E+00     5.681741E+03
  6.513491E+00     5.650253E+03
  6.604194E+00     5.618665E+03
  6.696160E+00     5.586977E+03
  6.789407E+00     5.555195E+03
  6.883952E+00     5.523321E+03
  6.979814E+00     5.491360E+03
  7.077011E+00     5.459313E+03
  7.175561E+00     5.427186E+03
  7.275484E+00     5.394981E+03
  7.376798E+00     5.362702E+03
  7.479523E+00     5.330352E+03
  7.583678E+00     5.297934E+03
  7.689284E+00     5.265451E+03
  7.796360E+00     5.232907E+03
  7.904928E+00     5.200307E+03
  8.015007E+00     5.167653E+03
  8.126619E+00     5.134950E+03
  8.239786E+00     5.102201E+03
  8.354528E+00     5.069410E+03
  8.470868E+00     5.036579E+03
  8.588829E+00     5.003712E+03
  8.708431E+00     4.970813E+03
  8.829700E+00     4.937883E+03
  8.952657E+00     4.904927E+03
  9.077327E+00     4.871949E+03
  9.203732E+00     4.838953E+03
  9.331898E+00     4.805943E+03
  9.461848E+00     4.772923E+03
  9.593608E+00     4.739895E+03
  9.727203E+00     4.706863E+03
  9.862658E+00     4.673830E+03
  1.000000E+01     4.640798E+03
  1.013925E+01     4.607771E+03
  1.028045E+01     4.574752E+03
  1.042361E+01     4.541746E+03
  1.056876E+01     4.508758E+03
  1.071593E+01     4.475791E+03
  1.086516E+01     4.442849E+03
  1.101646E+01     4.409937E+03
  1.116987E+01     4.377058E+03
  1.132541E+01     4.344214E+03
  1.148312E+01     4.311409E+03
  1.164303E+01     4.278644E+03
  1.180517E+01     4.245925E+03
  1.196956E+01     4.213256E+03
  1.213624E+01     4.180641E+03
  1.230524E+01     4.148083E+03
  1.247660E+01     4.115587E+03
  1.265034E+01     4.083156E+03
  1.282650E+01     4.050793E+03
  1.300511E+01     4.018500E+03
  1.318621E+01     3.986279E+03
  1.336984E+01     3.954132E+03
  1.355602E+01     3.922062E+03
  1.374479E+01     3.890075E+03
  1.393619E+01     3.858175E+03
  1.413026E+01     3.826367E+03
  1.432703E+01     3.794653E+03
  1.452654E+01     3.763037E+03
  1.472883E+01     3.731522E+03
  1.493393E+01     3.700111E+03
  1.514189E+01     3.668805E+03
  1.535275E+01     3.637606E+03
  1.556654E+01     3.606518E+03
  1.578331E+01     3.575544E+03
  1.600310E+01     3.544689E+03
  1.622595E+01     3.513956E+03
  1.645191E+01     3.483349E+03
  1.668101E+01     3.452870E+03
  1.691330E+01     3.422522E+03
  1.714882E+01     3.392306E+03
  1.738762E+01     3.362223E+03
  1.762975E+01     3.332273E+03
  1.787526E+01     3.302459E+03
  1.812418E+01     3.272786E+03
  1.837656E+01     3.243257E+03
  1.863246E+01     3.213876E+03
  1.889193E+01     3.184646E+03
  1.915501E+01     3.155570E+03
  1.942175E+01     3.126650E+03
  1.969220E+01     3.097887E+03
  1.996642E+01     3.069281E+03
  2.024447E+01     3.040833E+03
  2.052638E+01     3.012544E+03
  2.081222E+01     2.984418E+03
  2.110203E+01     2.956460E+03
  2.139589E+01     2.928671E+03
  2.169384E+01     2.901055E+03
  2.199593E+01     2.873613E+03
  2.230223E+01     2.846347E+03
  2.261280E+01     2.819255E+03
  2.292769E+01     2.792340E+03
  2.324697E+01     2.765598E+03
  2.357069E+01     2.739030E+03
  2.389893E+01     2.712641E+03
  2.423173E+01     2.686434E+03
  2.456916E+01     2.660409E+03
  2.491130E+01     2.634570E+03
  2.525820E+01     2.608917E+03
  2.560993E+01     2.583451E+03
  2.596656E+01     2.558171E+03
  2.632815E+01     2.533077E+03
  2.669478E+01     2.508165E+03
  2.706652E+01     2.483435E+03
  2.744343E+01     2.458892E+03
  2.782559E+01     2.434537E+03
  2.821308E+01     2.410374E+03
  2.860596E+01     2.386404E+03
  2.900430E+01     2.362629E+03
  2.940820E+01     2.339049E+03
  2.981772E+01     2.315664E+03
  3.023295E+01     2.292472E+03
  3.065395E+01     2.269473E+03
  3.108082E+01     2.246665E+03
  3.151363E+01     2.224050E+03
  3.195248E+01     2.201630E+03
  3.239743E+01     2.179407E+03
  3.284857E+01     2.157382E+03
  3.330600E+01     2.135553E+03
  3.376980E+01     2.113921E+03
  3.424006E+01     2.092483E+03
  3.471687E+01     2.071237E+03
  3.520031E+01     2.050179E+03
  3.569049E+01     2.029307E+03
  3.618750E+01     2.008623E+03
  3.669142E+01     1.988129E+03
  3.720237E+01     1.967826E+03
  3.772042E+01     1.947716E+03
  3.824570E+01     1.927798E+03
  3.877828E+01     1.908073E+03
  3.931829E+01     1.888539E+03
  3.986581E+01     1.869194E+03
  4.042096E+01     1.850036E+03
  4.098384E+01     1.831062E+03
  4.155455E+01     1.812272E+03
  4.213322E+01     1.793669E+03
  4.271994E+01     1.775253E+03
  4.331483E+01     1.757024E+03
  4.391801E+01     1.738982E+03
  4.452959E+01     1.721124E+03
  4.514968E+01     1.703450E+03
  4.577841E+01     1.685956E+03
  4.641589E+01     1.668637E+03
  4.706225E+01     1.651491E+03
  4.771761E+01     1.634518E+03
  4.838210E+01     1.617719E+03
  4.905584E+01     1.601095E+03
  4.973896E+01     1.584647E+03
  5.043159E+01     1.568375E+03
  5.113388E+01     1.552277E+03
  5.184594E+01     1.536352E+03
  5.256791E+01     1.520598E+03
  5.329994E+01     1.505011E+03
  5.404216E+01     1.489588E+03
  5.479472E+01     1.474329E+03
  5.555776E+01     1.459235E+03
  5.633143E+01     1.444307E+03
  5.711586E+01     1.429543E+03
  5.791123E+01     1.414943E+03
  5.871766E+01     1.400506E+03
  5.953533E+01     1.386229E+03
  6.036439E+01     1.372109E+03
  6.120498E+01     1.358143E+03
  6.205729E+01     1.344326E+03
  6.292146E+01     1.330658E+03
  6.379767E+01     1.317139E+03
  6.468608E+01     1.303771E+03
  6.558686E+01     1.290553E+03
  6.650018E+01     1.277485E+03
  6.742622E+01     1.264566E+03
  6.836516E+01     1.251794E+03
  6.931717E+01     1.239167E+03
  7.028244E+01     1.226681E+03
  7.126115E+01     1.214333E+03
  7.225349E+01     1.202122E+03
  7.325965E+01     1.190049E+03
  7.427982E+01     1.178114E+03
  7.531420E+01     1.166317E+03
  7.636298E+01     1.154656E+03
  7.742637E+01     1.143132E+03
  7.850456E+01     1.131741E+03
  7.959777E+01     1.120481E+03
  8.070620E+01     1.109349E+03
  8.183007E+01     1.098340E+03
  8.296959E+01     1.087455E+03
  8.412497E+01     1.076693E+03
  8.529644E+01     1.066055E+03
  8.648423E+01     1.055540E+03
  8.768856E+01     1.045149E+03
  8.890966E+01     1.034880E+03
  9.014776E+01     1.024732E+03
  9.140311E+01     1.014702E+03
  9.267593E+01     1.004788E+03
  9.396648E+01     9.949872E+02
  9.527500E+01     9.852972E+02
  9.660175E+01     9.757191E+02
  9.794697E+01     9.662528E+02
  9.931092E+01     9.568984E+02
  1.006939E+02     9.476552E+02
  1.020961E+02     9.385221E+02
  1.035178E+02     9.294976E+02
  1.049593E+02     9.205797E+02
  1.064209E+02     9.117657E+02
  1.079029E+02     9.030525E+02
  1.094055E+02     8.944386E+02
  1.109290E+02     8.859243E+02
  1.124737E+02     8.775100E+02
  1.140400E+02     8.691955E+02
  1.156280E+02     8.609805E+02
  1.172382E+02     8.528639E+02
  1.188708E+02     8.448447E+02
  1.205261E+02     8.369211E+02
  1.222045E+02     8.290908E+02
  1.239062E+02     8.213513E+02
  1.256317E+02     8.137007E+02
  1.273811E+02     8.061396E+02
  1.291550E+02     7.986682E+02
  1.309535E+02     7.912864E+02
  1.327771E+02     7.839938E+02
  1.346261E+02     7.767898E+02
  1.365008E+02     7.696731E+02
  1.384016E+02     7.626424E+02
  1.403289E+02     7.556956E+02
  1.422830E+02     7.488304E+02
  1.442644E+02     7.420451E+02
  1.462733E+02     7.353399E+02
  1.483103E+02     7.287151E+02
  1.503755E+02     7.221706E+02
  1.524696E+02     7.157062E+02
  1.545928E+02     7.093210E+02
  1.567455E+02     7.030142E+02
  1.589283E+02     6.967844E+02
  1.611414E+02     6.906299E+02
  1.633854E+02     6.845486E+02
  1.656606E+02     6.785386E+02
  1.679675E+02     6.726004E+02
  1.703065E+02     6.667339E+02
  1.726781E+02     6.609394E+02
  1.750827E+02     6.552166E+02
  1.775208E+02     6.495649E+02
  1.799929E+02     6.439835E+02
  1.824993E+02     6.384714E+02
  1.850407E+02     6.330271E+02
  1.876175E+02     6.276487E+02
  1.902301E+02     6.223347E+02
  1.928792E+02     6.170851E+02
  1.955651E+02     6.119002E+02
  1.982884E+02     6.067800E+02
  2.010496E+02     6.017242E+02
  2.038493E+02     5.967325E+02
  2.066880E+02     5.918040E+02
  2.095662E+02     5.869378E+02
  2.124845E+02     5.821326E+02
  2.154435E+02     5.773867E+02
  2.184436E+02     5.726987E+02
  2.214855E+02     5.680684E+02
  2.245698E+02     5.634962E+02
  2.276970E+02     5.589821E+02
  2.308678E+02     5.545258E+02
  2.340827E+02     5.501272E+02
  2.373424E+02     5.457854E+02
  2.406475E+02     5.414998E+02
  2.439986E+02     5.372693E+02
  2.473964E+02     5.330923E+02
  2.508415E+02     5.289675E+02
  2.543346E+02     5.248948E+02
  2.578763E+02     5.208745E+02
  2.614673E+02     5.169064E+02
  2.651084E+02     5.129905E+02
  2.688001E+02     5.091266E+02
  2.725433E+02     5.053140E+02
  2.763385E+02     5.015520E+02
  2.801867E+02     4.978397E+02
  2.840884E+02     4.941758E+02
  2.880444E+02     4.905590E+02
  2.920556E+02     4.869890E+02
  2.961225E+02     4.834661E+02
  3.002462E+02     4.799903E+02
  3.044272E+02     4.765616E+02
  3.086665E+02     4.731796E+02
  3.129648E+02     4.698440E+02
  3.173230E+02     4.665540E+02
  3.217418E+02     4.633089E+02
  3.262222E+02     4.601076E+02
  3.307650E+02     4.569488E+02
  3.353710E+02     4.538323E+02
  3.400412E+02     4.507583E+02
  3.447764E+02     4.477267E+02
  3.495776E+02     4.447377E+02
  3.544456E+02     4.417908E+02
  3.593814E+02     4.388857E+02
  3.643859E+02     4.360220E+02
  3.694601E+02     4.331987E+02
  3.746050E+02     4.304150E+02
  3.798215E+02     4.276698E+02
  3.851107E+02     4.249627E+02
  3.904735E+02     4.222939E+02
  3.959110E+02     4.196634E+02
  4.014242E+02     4.170713E+02
  4.070142E+02     4.145172E+02
  4.126821E+02     4.120009E+02
  4.184289E+02     4.095219E+02
  4.242556E+02     4.070795E+02
  4.301636E+02     4.046729E+02
  4.361538E+02     4.023011E+02
  4.422274E+02     3.999638E+02
  4.483856E+02     3.976610E+02
  4.546295E+02     3.953928E+02
  4.609604E+02     3.931592E+02
  4.673795E+02     3.909599E+02
  4.738880E+02     3.887948E+02
  4.804870E+02     3.866634E+02
  4.871780E+02     3.845650E+02
  4.939622E+02     3.824991E+02
  5.008408E+02     3.804646E+02
  5.078152E+02     3.784612E+02
  5.148867E+02     3.764889E+02
  5.220568E+02     3.745478E+02
  5.293266E+02     3.726378E+02
  5.366977E+02     3.707589E+02
  5.441714E+02     3.689106E+02
  5.517492E+02     3.670927E+02
  5.594326E+02     3.653046E+02
  5.672229E+02     3.635457E+02
  5.751217E+02     3.618151E+02
  5.831305E+02     3.601124E+02
  5.912508E+02     3.584377E+02
  5.994843E+02     3.567910E+02
  6.078323E+02     3.551722E+02
  6.162966E+02     3.535813E+02
  6.248788E+02     3.520179E+02
  6.335805E+02     3.504819E+02
  6.424034E+02     3.489726E+02
  6.513491E+02     3.474897E+02
  6.604194E+02     3.460322E+02
  6.696160E+02     3.445999E+02
  6.789407E+02     3.431925E+02
  6.883952E+02     3.418100E+02
  6.979814E+02     3.404523E+02
  7.077011E+02     3.391191E+02
  7.175561E+02     3.378100E+02
  7.275484E+02     3.365247E+02
  7.376798E+02     3.352626E+02
  7.479523E+02     3.340230E+02
  7.583678E+02     3.328051E+02
  7.689284E+02     3.316083E+02
  7.796360E+02     3.304330E+02
  7.904928E+02     3.292795E+02
  8.015007E+02     3.281483E+02
  8.126619E+02     3.270396E+02
  8.239786E+02     3.259538E+02
  8.354528E+02     3.248911E+02
  8.470868E+02     3.238517E+02
  8.588829E+02     3.228359E+02
  8.708431E+02     3.218435E+02
  8.829700E+02     3.208744E+02
  8.952657E+02     3.199264E+02
  9.077327E+02     3.189972E+02
  9.203732E+02     3.180839E+02
  9.331898E+02     3.171835E+02
  9.461848E+02     3.162928E+02
  9.593608E+02     3.154079E+02
  9.727203E+02     3.145249E+02
  9.862658E+02     3.136393E+02
  1.000000E+03     3.127466E+02
