FILE CREATED BY  : PROGRAM DPASS - VERSION 2.00
DATABASE VERSION : 21.06
DATE AND TIME    : 09/08/2022 20:58:14
PROJECTILE       : K 
TARGET           : Er
TARGET AT. MASS  : 1.672600E+02
TARGET DENSITY   : 9.070000E+00 g/cm^3
TABULATED OUTPUT : STOPPING FORCE VERSUS ENERGY
DATA TYPE        : SPLINE INTERPOLATED
ABSCISSA UNITS   : MeV/u
ORDINATE UNITS   : eV/nm


      E/n             S(E/n)

  1.000000E-03     3.553474E+02
  1.013925E-03     3.577681E+02
  1.028045E-03     3.602207E+02
  1.042361E-03     3.627040E+02
  1.056876E-03     3.652163E+02
  1.071593E-03     3.677561E+02
  1.086516E-03     3.703214E+02
  1.101646E-03     3.729103E+02
  1.116987E-03     3.755205E+02
  1.132541E-03     3.781496E+02
  1.148312E-03     3.807951E+02
  1.164303E-03     3.834546E+02
  1.180517E-03     3.861278E+02
  1.196956E-03     3.888154E+02
  1.213624E-03     3.915179E+02
  1.230524E-03     3.942361E+02
  1.247660E-03     3.969707E+02
  1.265034E-03     3.997227E+02
  1.282650E-03     4.024928E+02
  1.300511E-03     4.052823E+02
  1.318621E-03     4.080921E+02
  1.336984E-03     4.109234E+02
  1.355602E-03     4.137765E+02
  1.374479E-03     4.166512E+02
  1.393619E-03     4.195475E+02
  1.413026E-03     4.224653E+02
  1.432703E-03     4.254044E+02
  1.452654E-03     4.283649E+02
  1.472883E-03     4.313465E+02
  1.493393E-03     4.343491E+02
  1.514189E-03     4.373726E+02
  1.535275E-03     4.404169E+02
  1.556654E-03     4.434821E+02
  1.578331E-03     4.465685E+02
  1.600310E-03     4.496762E+02
  1.622595E-03     4.528056E+02
  1.645191E-03     4.559571E+02
  1.668101E-03     4.591309E+02
  1.691330E-03     4.623275E+02
  1.714882E-03     4.655473E+02
  1.738762E-03     4.687908E+02
  1.762975E-03     4.720584E+02
  1.787526E-03     4.753504E+02
  1.812418E-03     4.786666E+02
  1.837656E-03     4.820070E+02
  1.863246E-03     4.853716E+02
  1.889193E-03     4.887601E+02
  1.915501E-03     4.921726E+02
  1.942175E-03     4.956090E+02
  1.969220E-03     4.990691E+02
  1.996642E-03     5.025528E+02
  2.024447E-03     5.060601E+02
  2.052638E-03     5.095911E+02
  2.081222E-03     5.131460E+02
  2.110203E-03     5.167251E+02
  2.139589E-03     5.203288E+02
  2.169384E-03     5.239574E+02
  2.199593E-03     5.276113E+02
  2.230223E-03     5.312910E+02
  2.261280E-03     5.349970E+02
  2.292769E-03     5.387297E+02
  2.324697E-03     5.424899E+02
  2.357069E-03     5.462777E+02
  2.389893E-03     5.500934E+02
  2.423173E-03     5.539371E+02
  2.456916E-03     5.578087E+02
  2.491130E-03     5.617084E+02
  2.525820E-03     5.656363E+02
  2.560993E-03     5.695926E+02
  2.596656E-03     5.735774E+02
  2.632815E-03     5.775908E+02
  2.669478E-03     5.816330E+02
  2.706652E-03     5.857042E+02
  2.744343E-03     5.898046E+02
  2.782559E-03     5.939343E+02
  2.821308E-03     5.980936E+02
  2.860596E-03     6.022826E+02
  2.900430E-03     6.065017E+02
  2.940820E-03     6.107511E+02
  2.981772E-03     6.150311E+02
  3.023295E-03     6.193420E+02
  3.065395E-03     6.236843E+02
  3.108082E-03     6.280581E+02
  3.151363E-03     6.324638E+02
  3.195248E-03     6.369014E+02
  3.239743E-03     6.413712E+02
  3.284857E-03     6.458734E+02
  3.330600E-03     6.504081E+02
  3.376980E-03     6.549757E+02
  3.424006E-03     6.595765E+02
  3.471687E-03     6.642107E+02
  3.520031E-03     6.688787E+02
  3.569049E-03     6.735808E+02
  3.618750E-03     6.783172E+02
  3.669142E-03     6.830880E+02
  3.720237E-03     6.878935E+02
  3.772042E-03     6.927338E+02
  3.824570E-03     6.976092E+02
  3.877828E-03     7.025199E+02
  3.931829E-03     7.074662E+02
  3.986581E-03     7.124484E+02
  4.042096E-03     7.174669E+02
  4.098384E-03     7.225219E+02
  4.155455E-03     7.276137E+02
  4.213322E-03     7.327425E+02
  4.271994E-03     7.379086E+02
  4.331483E-03     7.431122E+02
  4.391801E-03     7.483536E+02
  4.452959E-03     7.536331E+02
  4.514968E-03     7.589511E+02
  4.577841E-03     7.643079E+02
  4.641589E-03     7.697040E+02
  4.706225E-03     7.751398E+02
  4.771761E-03     7.806155E+02
  4.838210E-03     7.861314E+02
  4.905584E-03     7.916879E+02
  4.973896E-03     7.972850E+02
  5.043159E-03     8.029233E+02
  5.113388E-03     8.086030E+02
  5.184594E-03     8.143245E+02
  5.256791E-03     8.200882E+02
  5.329994E-03     8.258947E+02
  5.404216E-03     8.317444E+02
  5.479472E-03     8.376375E+02
  5.555776E-03     8.435744E+02
  5.633143E-03     8.495552E+02
  5.711586E-03     8.555804E+02
  5.791123E-03     8.616503E+02
  5.871766E-03     8.677652E+02
  5.953533E-03     8.739256E+02
  6.036439E-03     8.801318E+02
  6.120498E-03     8.863843E+02
  6.205729E-03     8.926837E+02
  6.292146E-03     8.990303E+02
  6.379767E-03     9.054243E+02
  6.468608E-03     9.118661E+02
  6.558686E-03     9.183560E+02
  6.650018E-03     9.248943E+02
  6.742622E-03     9.314815E+02
  6.836516E-03     9.381179E+02
  6.931717E-03     9.448041E+02
  7.028244E-03     9.515405E+02
  7.126115E-03     9.583277E+02
  7.225349E-03     9.651660E+02
  7.325965E-03     9.720556E+02
  7.427982E-03     9.789968E+02
  7.531420E-03     9.859898E+02
  7.636298E-03     9.930349E+02
  7.742637E-03     1.000132E+03
  7.850456E-03     1.007283E+03
  7.959777E-03     1.014486E+03
  8.070620E-03     1.021743E+03
  8.183007E-03     1.029054E+03
  8.296959E-03     1.036419E+03
  8.412497E-03     1.043839E+03
  8.529644E-03     1.051314E+03
  8.648423E-03     1.058844E+03
  8.768856E-03     1.066429E+03
  8.890966E-03     1.074070E+03
  9.014776E-03     1.081767E+03
  9.140311E-03     1.089521E+03
  9.267593E-03     1.097332E+03
  9.396648E-03     1.105200E+03
  9.527500E-03     1.113127E+03
  9.660175E-03     1.121112E+03
  9.794697E-03     1.129155E+03
  9.931092E-03     1.137257E+03
  1.006939E-02     1.145418E+03
  1.020961E-02     1.153639E+03
  1.035178E-02     1.161919E+03
  1.049593E-02     1.170260E+03
  1.064209E-02     1.178661E+03
  1.079029E-02     1.187123E+03
  1.094055E-02     1.195647E+03
  1.109290E-02     1.204233E+03
  1.124737E-02     1.212881E+03
  1.140400E-02     1.221591E+03
  1.156280E-02     1.230364E+03
  1.172382E-02     1.239200E+03
  1.188708E-02     1.248100E+03
  1.205261E-02     1.257063E+03
  1.222045E-02     1.266091E+03
  1.239062E-02     1.275183E+03
  1.256317E-02     1.284341E+03
  1.273811E-02     1.293565E+03
  1.291550E-02     1.302855E+03
  1.309535E-02     1.312211E+03
  1.327771E-02     1.321634E+03
  1.346261E-02     1.331124E+03
  1.365008E-02     1.340682E+03
  1.384016E-02     1.350308E+03
  1.403289E-02     1.360002E+03
  1.422830E-02     1.369766E+03
  1.442644E-02     1.379601E+03
  1.462733E-02     1.389505E+03
  1.483103E-02     1.399480E+03
  1.503755E-02     1.409527E+03
  1.524696E-02     1.419645E+03
  1.545928E-02     1.429835E+03
  1.567455E-02     1.440097E+03
  1.589283E-02     1.450433E+03
  1.611414E-02     1.460843E+03
  1.633854E-02     1.471327E+03
  1.656606E-02     1.481887E+03
  1.679675E-02     1.492523E+03
  1.703065E-02     1.503234E+03
  1.726781E-02     1.514023E+03
  1.750827E-02     1.524888E+03
  1.775208E-02     1.535831E+03
  1.799929E-02     1.546852E+03
  1.824993E-02     1.557952E+03
  1.850407E-02     1.569132E+03
  1.876175E-02     1.580392E+03
  1.902301E-02     1.591733E+03
  1.928792E-02     1.603156E+03
  1.955651E-02     1.614661E+03
  1.982884E-02     1.626248E+03
  2.010496E-02     1.637919E+03
  2.038493E-02     1.649674E+03
  2.066880E-02     1.661513E+03
  2.095662E-02     1.673437E+03
  2.124845E-02     1.685447E+03
  2.154435E-02     1.697544E+03
  2.184436E-02     1.709728E+03
  2.214855E-02     1.722001E+03
  2.245698E-02     1.734363E+03
  2.276970E-02     1.746814E+03
  2.308678E-02     1.759355E+03
  2.340827E-02     1.771986E+03
  2.373424E-02     1.784708E+03
  2.406475E-02     1.797523E+03
  2.439986E-02     1.810430E+03
  2.473964E-02     1.823431E+03
  2.508415E-02     1.836527E+03
  2.543346E-02     1.849718E+03
  2.578763E-02     1.863004E+03
  2.614673E-02     1.876388E+03
  2.651084E-02     1.889868E+03
  2.688001E-02     1.903446E+03
  2.725433E-02     1.917122E+03
  2.763385E-02     1.930898E+03
  2.801867E-02     1.944774E+03
  2.840884E-02     1.958752E+03
  2.880444E-02     1.972832E+03
  2.920556E-02     1.987015E+03
  2.961225E-02     2.001302E+03
  3.002462E-02     2.015693E+03
  3.044272E-02     2.030189E+03
  3.086665E-02     2.044790E+03
  3.129648E-02     2.059498E+03
  3.173230E-02     2.074313E+03
  3.217418E-02     2.089236E+03
  3.262222E-02     2.104269E+03
  3.307650E-02     2.119411E+03
  3.353710E-02     2.134665E+03
  3.400412E-02     2.150031E+03
  3.447764E-02     2.165509E+03
  3.495776E-02     2.181099E+03
  3.544456E-02     2.196804E+03
  3.593814E-02     2.212622E+03
  3.643859E-02     2.228557E+03
  3.694601E-02     2.244607E+03
  3.746050E-02     2.260776E+03
  3.798215E-02     2.277062E+03
  3.851107E-02     2.293469E+03
  3.904735E-02     2.309995E+03
  3.959110E-02     2.326642E+03
  4.014242E-02     2.343410E+03
  4.070142E-02     2.360301E+03
  4.126821E-02     2.377314E+03
  4.184289E-02     2.394451E+03
  4.242556E-02     2.411713E+03
  4.301636E-02     2.429100E+03
  4.361538E-02     2.446615E+03
  4.422274E-02     2.464258E+03
  4.483856E-02     2.482029E+03
  4.546295E-02     2.499929E+03
  4.609604E-02     2.517958E+03
  4.673795E-02     2.536118E+03
  4.738880E-02     2.554409E+03
  4.804870E-02     2.572833E+03
  4.871780E-02     2.591389E+03
  4.939622E-02     2.610079E+03
  5.008408E-02     2.628904E+03
  5.078152E-02     2.647866E+03
  5.148867E-02     2.666964E+03
  5.220568E-02     2.686199E+03
  5.293266E-02     2.705572E+03
  5.366977E-02     2.725083E+03
  5.441714E-02     2.744733E+03
  5.517492E-02     2.764522E+03
  5.594326E-02     2.784453E+03
  5.672229E-02     2.804524E+03
  5.751217E-02     2.824739E+03
  5.831305E-02     2.845096E+03
  5.912508E-02     2.865598E+03
  5.994843E-02     2.886243E+03
  6.078323E-02     2.907033E+03
  6.162966E-02     2.927968E+03
  6.248788E-02     2.949048E+03
  6.335805E-02     2.970275E+03
  6.424034E-02     2.991648E+03
  6.513491E-02     3.013169E+03
  6.604194E-02     3.034839E+03
  6.696160E-02     3.056657E+03
  6.789407E-02     3.078625E+03
  6.883952E-02     3.100742E+03
  6.979814E-02     3.123009E+03
  7.077011E-02     3.145426E+03
  7.175561E-02     3.167992E+03
  7.275484E-02     3.190709E+03
  7.376798E-02     3.213576E+03
  7.479523E-02     3.236595E+03
  7.583678E-02     3.259765E+03
  7.689284E-02     3.283088E+03
  7.796360E-02     3.306563E+03
  7.904928E-02     3.330190E+03
  8.015007E-02     3.353969E+03
  8.126619E-02     3.377900E+03
  8.239786E-02     3.401983E+03
  8.354528E-02     3.426219E+03
  8.470868E-02     3.450607E+03
  8.588829E-02     3.475147E+03
  8.708431E-02     3.499842E+03
  8.829700E-02     3.524689E+03
  8.952657E-02     3.549688E+03
  9.077327E-02     3.574838E+03
  9.203732E-02     3.600136E+03
  9.331898E-02     3.625582E+03
  9.461848E-02     3.651172E+03
  9.593608E-02     3.676906E+03
  9.727203E-02     3.702782E+03
  9.862658E-02     3.728797E+03
  1.000000E-01     3.754950E+03
  1.013925E-01     3.781239E+03
  1.028045E-01     3.807661E+03
  1.042361E-01     3.834216E+03
  1.056876E-01     3.860901E+03
  1.071593E-01     3.887715E+03
  1.086516E-01     3.914655E+03
  1.101646E-01     3.941720E+03
  1.116987E-01     3.968908E+03
  1.132541E-01     3.996217E+03
  1.148312E-01     4.023646E+03
  1.164303E-01     4.051193E+03
  1.180517E-01     4.078856E+03
  1.196956E-01     4.106634E+03
  1.213624E-01     4.134525E+03
  1.230524E-01     4.162526E+03
  1.247660E-01     4.190638E+03
  1.265034E-01     4.218859E+03
  1.282650E-01     4.247186E+03
  1.300511E-01     4.275620E+03
  1.318621E-01     4.304159E+03
  1.336984E-01     4.332803E+03
  1.355602E-01     4.361549E+03
  1.374479E-01     4.390396E+03
  1.393619E-01     4.419343E+03
  1.413026E-01     4.448388E+03
  1.432703E-01     4.477530E+03
  1.452654E-01     4.506768E+03
  1.472883E-01     4.536100E+03
  1.493393E-01     4.565527E+03
  1.514189E-01     4.595047E+03
  1.535275E-01     4.624659E+03
  1.556654E-01     4.654364E+03
  1.578331E-01     4.684158E+03
  1.600310E-01     4.714040E+03
  1.622595E-01     4.744008E+03
  1.645191E-01     4.774060E+03
  1.668101E-01     4.804196E+03
  1.691330E-01     4.834414E+03
  1.714882E-01     4.864713E+03
  1.738762E-01     4.895092E+03
  1.762975E-01     4.925552E+03
  1.787526E-01     4.956089E+03
  1.812418E-01     4.986703E+03
  1.837656E-01     5.017389E+03
  1.863246E-01     5.048147E+03
  1.889193E-01     5.078973E+03
  1.915501E-01     5.109865E+03
  1.942175E-01     5.140822E+03
  1.969220E-01     5.171841E+03
  1.996642E-01     5.202923E+03
  2.024447E-01     5.234064E+03
  2.052638E-01     5.265263E+03
  2.081222E-01     5.296516E+03
  2.110203E-01     5.327820E+03
  2.139589E-01     5.359171E+03
  2.169384E-01     5.390566E+03
  2.199593E-01     5.422003E+03
  2.230223E-01     5.453477E+03
  2.261280E-01     5.484986E+03
  2.292769E-01     5.516528E+03
  2.324697E-01     5.548100E+03
  2.357069E-01     5.579699E+03
  2.389893E-01     5.611321E+03
  2.423173E-01     5.642960E+03
  2.456916E-01     5.674614E+03
  2.491130E-01     5.706277E+03
  2.525820E-01     5.737946E+03
  2.560993E-01     5.769617E+03
  2.596656E-01     5.801286E+03
  2.632815E-01     5.832950E+03
  2.669478E-01     5.864606E+03
  2.706652E-01     5.896248E+03
  2.744343E-01     5.927873E+03
  2.782559E-01     5.959473E+03
  2.821308E-01     5.991043E+03
  2.860596E-01     6.022577E+03
  2.900430E-01     6.054070E+03
  2.940820E-01     6.085516E+03
  2.981772E-01     6.116909E+03
  3.023295E-01     6.148245E+03
  3.065395E-01     6.179518E+03
  3.108082E-01     6.210724E+03
  3.151363E-01     6.241858E+03
  3.195248E-01     6.272914E+03
  3.239743E-01     6.303888E+03
  3.284857E-01     6.334776E+03
  3.330600E-01     6.365574E+03
  3.376980E-01     6.396278E+03
  3.424006E-01     6.426885E+03
  3.471687E-01     6.457392E+03
  3.520031E-01     6.487797E+03
  3.569049E-01     6.518097E+03
  3.618750E-01     6.548288E+03
  3.669142E-01     6.578364E+03
  3.720237E-01     6.608320E+03
  3.772042E-01     6.638154E+03
  3.824570E-01     6.667860E+03
  3.877828E-01     6.697436E+03
  3.931829E-01     6.726879E+03
  3.986581E-01     6.756186E+03
  4.042096E-01     6.785356E+03
  4.098384E-01     6.814386E+03
  4.155455E-01     6.843274E+03
  4.213322E-01     6.872015E+03
  4.271994E-01     6.900607E+03
  4.331483E-01     6.929046E+03
  4.391801E-01     6.957331E+03
  4.452959E-01     6.985460E+03
  4.514968E-01     7.013432E+03
  4.577841E-01     7.041248E+03
  4.641589E-01     7.068907E+03
  4.706225E-01     7.096411E+03
  4.771761E-01     7.123755E+03
  4.838210E-01     7.150935E+03
  4.905584E-01     7.177944E+03
  4.973896E-01     7.204780E+03
  5.043159E-01     7.231438E+03
  5.113388E-01     7.257915E+03
  5.184594E-01     7.284207E+03
  5.256791E-01     7.310313E+03
  5.329994E-01     7.336231E+03
  5.404216E-01     7.361960E+03
  5.479472E-01     7.387497E+03
  5.555776E-01     7.412838E+03
  5.633143E-01     7.437980E+03
  5.711586E-01     7.462922E+03
  5.791123E-01     7.487662E+03
  5.871766E-01     7.512199E+03
  5.953533E-01     7.536533E+03
  6.036439E-01     7.560665E+03
  6.120498E-01     7.584597E+03
  6.205729E-01     7.608331E+03
  6.292146E-01     7.631863E+03
  6.379767E-01     7.655188E+03
  6.468608E-01     7.678301E+03
  6.558686E-01     7.701198E+03
  6.650018E-01     7.723874E+03
  6.742622E-01     7.746326E+03
  6.836516E-01     7.768549E+03
  6.931717E-01     7.790543E+03
  7.028244E-01     7.812305E+03
  7.126115E-01     7.833833E+03
  7.225349E-01     7.855127E+03
  7.325965E-01     7.876187E+03
  7.427982E-01     7.897013E+03
  7.531420E-01     7.917607E+03
  7.636298E-01     7.937971E+03
  7.742637E-01     7.958109E+03
  7.850456E-01     7.978025E+03
  7.959777E-01     7.997726E+03
  8.070620E-01     8.017219E+03
  8.183007E-01     8.036511E+03
  8.296959E-01     8.055605E+03
  8.412497E-01     8.074498E+03
  8.529644E-01     8.093189E+03
  8.648423E-01     8.111676E+03
  8.768856E-01     8.129959E+03
  8.890966E-01     8.148038E+03
  9.014776E-01     8.165912E+03
  9.140311E-01     8.183585E+03
  9.267593E-01     8.201058E+03
  9.396648E-01     8.218334E+03
  9.527500E-01     8.235411E+03
  9.660175E-01     8.252279E+03
  9.794697E-01     8.268930E+03
  9.931092E-01     8.285355E+03
  1.006939E+00     8.301544E+03
  1.020961E+00     8.317489E+03
  1.035178E+00     8.333180E+03
  1.049593E+00     8.348609E+03
  1.064209E+00     8.363766E+03
  1.079029E+00     8.378643E+03
  1.094055E+00     8.393231E+03
  1.109290E+00     8.407522E+03
  1.124737E+00     8.421508E+03
  1.140400E+00     8.435181E+03
  1.156280E+00     8.448533E+03
  1.172382E+00     8.461558E+03
  1.188708E+00     8.474247E+03
  1.205261E+00     8.486594E+03
  1.222045E+00     8.498594E+03
  1.239062E+00     8.510239E+03
  1.256317E+00     8.521524E+03
  1.273811E+00     8.532437E+03
  1.291550E+00     8.542971E+03
  1.309535E+00     8.553116E+03
  1.327771E+00     8.562863E+03
  1.346261E+00     8.572204E+03
  1.365008E+00     8.581129E+03
  1.384016E+00     8.589632E+03
  1.403289E+00     8.597705E+03
  1.422830E+00     8.605340E+03
  1.442644E+00     8.612530E+03
  1.462733E+00     8.619270E+03
  1.483103E+00     8.625551E+03
  1.503755E+00     8.631369E+03
  1.524696E+00     8.636719E+03
  1.545928E+00     8.641595E+03
  1.567455E+00     8.645995E+03
  1.589283E+00     8.649914E+03
  1.611414E+00     8.653352E+03
  1.633854E+00     8.656306E+03
  1.656606E+00     8.658776E+03
  1.679675E+00     8.660756E+03
  1.703065E+00     8.662243E+03
  1.726781E+00     8.663232E+03
  1.750827E+00     8.663721E+03
  1.775208E+00     8.663708E+03
  1.799929E+00     8.663192E+03
  1.824993E+00     8.662173E+03
  1.850407E+00     8.660652E+03
  1.876175E+00     8.658631E+03
  1.902301E+00     8.656113E+03
  1.928792E+00     8.653094E+03
  1.955651E+00     8.649573E+03
  1.982884E+00     8.645547E+03
  2.010496E+00     8.641018E+03
  2.038493E+00     8.635984E+03
  2.066880E+00     8.630447E+03
  2.095662E+00     8.624410E+03
  2.124845E+00     8.617876E+03
  2.154435E+00     8.610851E+03
  2.184436E+00     8.603340E+03
  2.214855E+00     8.595342E+03
  2.245698E+00     8.586857E+03
  2.276970E+00     8.577885E+03
  2.308678E+00     8.568427E+03
  2.340827E+00     8.558485E+03
  2.373424E+00     8.548061E+03
  2.406475E+00     8.537161E+03
  2.439986E+00     8.525789E+03
  2.473964E+00     8.513953E+03
  2.508415E+00     8.501660E+03
  2.543346E+00     8.488911E+03
  2.578763E+00     8.475706E+03
  2.614673E+00     8.462046E+03
  2.651084E+00     8.447933E+03
  2.688001E+00     8.433370E+03
  2.725433E+00     8.418362E+03
  2.763385E+00     8.402911E+03
  2.801867E+00     8.387026E+03
  2.840884E+00     8.370712E+03
  2.880444E+00     8.353977E+03
  2.920556E+00     8.336825E+03
  2.961225E+00     8.319257E+03
  3.002462E+00     8.301274E+03
  3.044272E+00     8.282879E+03
  3.086665E+00     8.264075E+03
  3.129648E+00     8.244868E+03
  3.173230E+00     8.225261E+03
  3.217418E+00     8.205263E+03
  3.262222E+00     8.184879E+03
  3.307650E+00     8.164118E+03
  3.353710E+00     8.142984E+03
  3.400412E+00     8.121479E+03
  3.447764E+00     8.099605E+03
  3.495776E+00     8.077366E+03
  3.544456E+00     8.054765E+03
  3.593814E+00     8.031807E+03
  3.643859E+00     8.008498E+03
  3.694601E+00     7.984843E+03
  3.746050E+00     7.960849E+03
  3.798215E+00     7.936525E+03
  3.851107E+00     7.911876E+03
  3.904735E+00     7.886902E+03
  3.959110E+00     7.861608E+03
  4.014242E+00     7.835996E+03
  4.070142E+00     7.810069E+03
  4.126821E+00     7.783833E+03
  4.184289E+00     7.757291E+03
  4.242556E+00     7.730450E+03
  4.301636E+00     7.703316E+03
  4.361538E+00     7.675896E+03
  4.422274E+00     7.648194E+03
  4.483856E+00     7.620213E+03
  4.546295E+00     7.591956E+03
  4.609604E+00     7.563427E+03
  4.673795E+00     7.534630E+03
  4.738880E+00     7.505569E+03
  4.804870E+00     7.476249E+03
  4.871780E+00     7.446675E+03
  4.939622E+00     7.416853E+03
  5.008408E+00     7.386789E+03
  5.078152E+00     7.356489E+03
  5.148867E+00     7.325955E+03
  5.220568E+00     7.295190E+03
  5.293266E+00     7.264197E+03
  5.366977E+00     7.232981E+03
  5.441714E+00     7.201545E+03
  5.517492E+00     7.169892E+03
  5.594326E+00     7.138029E+03
  5.672229E+00     7.105958E+03
  5.751217E+00     7.073686E+03
  5.831305E+00     7.041217E+03
  5.912508E+00     7.008554E+03
  5.994843E+00     6.975702E+03
  6.078323E+00     6.942663E+03
  6.162966E+00     6.909443E+03
  6.248788E+00     6.876046E+03
  6.335805E+00     6.842476E+03
  6.424034E+00     6.808737E+03
  6.513491E+00     6.774835E+03
  6.604194E+00     6.740775E+03
  6.696160E+00     6.706562E+03
  6.789407E+00     6.672199E+03
  6.883952E+00     6.637691E+03
  6.979814E+00     6.603041E+03
  7.077011E+00     6.568252E+03
  7.175561E+00     6.533330E+03
  7.275484E+00     6.498277E+03
  7.376798E+00     6.463099E+03
  7.479523E+00     6.427798E+03
  7.583678E+00     6.392380E+03
  7.689284E+00     6.356848E+03
  7.796360E+00     6.321208E+03
  7.904928E+00     6.285461E+03
  8.015007E+00     6.249614E+03
  8.126619E+00     6.213670E+03
  8.239786E+00     6.177634E+03
  8.354528E+00     6.141509E+03
  8.470868E+00     6.105299E+03
  8.588829E+00     6.069009E+03
  8.708431E+00     6.032642E+03
  8.829700E+00     5.996203E+03
  8.952657E+00     5.959696E+03
  9.077327E+00     5.923125E+03
  9.203732E+00     5.886496E+03
  9.331898E+00     5.849811E+03
  9.461848E+00     5.813076E+03
  9.593608E+00     5.776295E+03
  9.727203E+00     5.739471E+03
  9.862658E+00     5.702608E+03
  1.000000E+01     5.665711E+03
  1.013925E+01     5.628782E+03
  1.028045E+01     5.591826E+03
  1.042361E+01     5.554849E+03
  1.056876E+01     5.517855E+03
  1.071593E+01     5.480849E+03
  1.086516E+01     5.443836E+03
  1.101646E+01     5.406819E+03
  1.116987E+01     5.369802E+03
  1.132541E+01     5.332791E+03
  1.148312E+01     5.295787E+03
  1.164303E+01     5.258795E+03
  1.180517E+01     5.221818E+03
  1.196956E+01     5.184863E+03
  1.213624E+01     5.147934E+03
  1.230524E+01     5.111034E+03
  1.247660E+01     5.074169E+03
  1.265034E+01     5.037342E+03
  1.282650E+01     5.000557E+03
  1.300511E+01     4.963815E+03
  1.318621E+01     4.927121E+03
  1.336984E+01     4.890477E+03
  1.355602E+01     4.853886E+03
  1.374479E+01     4.817355E+03
  1.393619E+01     4.780888E+03
  1.413026E+01     4.744491E+03
  1.432703E+01     4.708166E+03
  1.452654E+01     4.671919E+03
  1.472883E+01     4.635754E+03
  1.493393E+01     4.599672E+03
  1.514189E+01     4.563677E+03
  1.535275E+01     4.527770E+03
  1.556654E+01     4.491957E+03
  1.578331E+01     4.456242E+03
  1.600310E+01     4.420629E+03
  1.622595E+01     4.385122E+03
  1.645191E+01     4.349725E+03
  1.668101E+01     4.314441E+03
  1.691330E+01     4.279273E+03
  1.714882E+01     4.244223E+03
  1.738762E+01     4.209291E+03
  1.762975E+01     4.174479E+03
  1.787526E+01     4.139789E+03
  1.812418E+01     4.105228E+03
  1.837656E+01     4.070799E+03
  1.863246E+01     4.036508E+03
  1.889193E+01     4.002357E+03
  1.915501E+01     3.968351E+03
  1.942175E+01     3.934492E+03
  1.969220E+01     3.900782E+03
  1.996642E+01     3.867223E+03
  2.024447E+01     3.833815E+03
  2.052638E+01     3.800562E+03
  2.081222E+01     3.767466E+03
  2.110203E+01     3.734534E+03
  2.139589E+01     3.701769E+03
  2.169384E+01     3.669173E+03
  2.199593E+01     3.636749E+03
  2.230223E+01     3.604500E+03
  2.261280E+01     3.572425E+03
  2.292769E+01     3.540525E+03
  2.324697E+01     3.508800E+03
  2.357069E+01     3.477251E+03
  2.389893E+01     3.445882E+03
  2.423173E+01     3.414697E+03
  2.456916E+01     3.383698E+03
  2.491130E+01     3.352888E+03
  2.525820E+01     3.322270E+03
  2.560993E+01     3.291843E+03
  2.596656E+01     3.261608E+03
  2.632815E+01     3.231564E+03
  2.669478E+01     3.201710E+03
  2.706652E+01     3.172045E+03
  2.744343E+01     3.142574E+03
  2.782559E+01     3.113299E+03
  2.821308E+01     3.084225E+03
  2.860596E+01     3.055353E+03
  2.900430E+01     3.026685E+03
  2.940820E+01     2.998221E+03
  2.981772E+01     2.969963E+03
  3.023295E+01     2.941908E+03
  3.065395E+01     2.914055E+03
  3.108082E+01     2.886403E+03
  3.151363E+01     2.858955E+03
  3.195248E+01     2.831715E+03
  3.239743E+01     2.804684E+03
  3.284857E+01     2.777864E+03
  3.330600E+01     2.751255E+03
  3.376980E+01     2.724858E+03
  3.424006E+01     2.698671E+03
  3.471687E+01     2.672693E+03
  3.520031E+01     2.646921E+03
  3.569049E+01     2.621352E+03
  3.618750E+01     2.595988E+03
  3.669142E+01     2.570834E+03
  3.720237E+01     2.545891E+03
  3.772042E+01     2.521160E+03
  3.824570E+01     2.496642E+03
  3.877828E+01     2.472338E+03
  3.931829E+01     2.448245E+03
  3.986581E+01     2.424362E+03
  4.042096E+01     2.400686E+03
  4.098384E+01     2.377215E+03
  4.155455E+01     2.353950E+03
  4.213322E+01     2.330894E+03
  4.271994E+01     2.308047E+03
  4.331483E+01     2.285410E+03
  4.391801E+01     2.262984E+03
  4.452959E+01     2.240766E+03
  4.514968E+01     2.218757E+03
  4.577841E+01     2.196951E+03
  4.641589E+01     2.175346E+03
  4.706225E+01     2.153937E+03
  4.771761E+01     2.132727E+03
  4.838210E+01     2.111717E+03
  4.905584E+01     2.090907E+03
  4.973896E+01     2.070300E+03
  5.043159E+01     2.049896E+03
  5.113388E+01     2.029692E+03
  5.184594E+01     2.009688E+03
  5.256791E+01     1.989881E+03
  5.329994E+01     1.970268E+03
  5.404216E+01     1.950845E+03
  5.479472E+01     1.931613E+03
  5.555776E+01     1.912572E+03
  5.633143E+01     1.893724E+03
  5.711586E+01     1.875069E+03
  5.791123E+01     1.856606E+03
  5.871766E+01     1.838334E+03
  5.953533E+01     1.820251E+03
  6.036439E+01     1.802354E+03
  6.120498E+01     1.784638E+03
  6.205729E+01     1.767100E+03
  6.292146E+01     1.749738E+03
  6.379767E+01     1.732555E+03
  6.468608E+01     1.715552E+03
  6.558686E+01     1.698728E+03
  6.650018E+01     1.682084E+03
  6.742622E+01     1.665618E+03
  6.836516E+01     1.649328E+03
  6.931717E+01     1.633211E+03
  7.028244E+01     1.617265E+03
  7.126115E+01     1.601485E+03
  7.225349E+01     1.585871E+03
  7.325965E+01     1.570423E+03
  7.427982E+01     1.555141E+03
  7.531420E+01     1.540027E+03
  7.636298E+01     1.525078E+03
  7.742637E+01     1.510295E+03
  7.850456E+01     1.495674E+03
  7.959777E+01     1.481213E+03
  8.070620E+01     1.466908E+03
  8.183007E+01     1.452754E+03
  8.296959E+01     1.438751E+03
  8.412497E+01     1.424900E+03
  8.529644E+01     1.411201E+03
  8.648423E+01     1.397654E+03
  8.768856E+01     1.384258E+03
  8.890966E+01     1.371014E+03
  9.014776E+01     1.357918E+03
  9.140311E+01     1.344969E+03
  9.267593E+01     1.332163E+03
  9.396648E+01     1.319497E+03
  9.527500E+01     1.306969E+03
  9.660175E+01     1.294580E+03
  9.794697E+01     1.282330E+03
  9.931092E+01     1.270219E+03
  1.006939E+02     1.258247E+03
  1.020961E+02     1.246413E+03
  1.035178E+02     1.234714E+03
  1.049593E+02     1.223149E+03
  1.064209E+02     1.211713E+03
  1.079029E+02     1.200404E+03
  1.094055E+02     1.189220E+03
  1.109290E+02     1.178161E+03
  1.124737E+02     1.167228E+03
  1.140400E+02     1.156420E+03
  1.156280E+02     1.145738E+03
  1.172382E+02     1.135180E+03
  1.188708E+02     1.124745E+03
  1.205261E+02     1.114430E+03
  1.222045E+02     1.104234E+03
  1.239062E+02     1.094152E+03
  1.256317E+02     1.084183E+03
  1.273811E+02     1.074328E+03
  1.291550E+02     1.064586E+03
  1.309535E+02     1.054958E+03
  1.327771E+02     1.045444E+03
  1.346261E+02     1.036042E+03
  1.365008E+02     1.026751E+03
  1.384016E+02     1.017570E+03
  1.403289E+02     1.008495E+03
  1.422830E+02     9.995248E+02
  1.442644E+02     9.906566E+02
  1.462733E+02     9.818908E+02
  1.483103E+02     9.732277E+02
  1.503755E+02     9.646674E+02
  1.524696E+02     9.562096E+02
  1.545928E+02     9.478534E+02
  1.567455E+02     9.395976E+02
  1.589283E+02     9.314408E+02
  1.611414E+02     9.233806E+02
  1.633854E+02     9.154144E+02
  1.656606E+02     9.075402E+02
  1.679675E+02     8.997582E+02
  1.703065E+02     8.920688E+02
  1.726781E+02     8.844720E+02
  1.750827E+02     8.769676E+02
  1.775208E+02     8.695549E+02
  1.799929E+02     8.622329E+02
  1.824993E+02     8.550003E+02
  1.850407E+02     8.478551E+02
  1.876175E+02     8.407951E+02
  1.902301E+02     8.338183E+02
  1.928792E+02     8.269247E+02
  1.955651E+02     8.201148E+02
  1.982884E+02     8.133885E+02
  2.010496E+02     8.067457E+02
  2.038493E+02     8.001857E+02
  2.066880E+02     7.937077E+02
  2.095662E+02     7.873105E+02
  2.124845E+02     7.809924E+02
  2.154435E+02     7.747513E+02
  2.184436E+02     7.685854E+02
  2.214855E+02     7.624945E+02
  2.245698E+02     7.564791E+02
  2.276970E+02     7.505392E+02
  2.308678E+02     7.446747E+02
  2.340827E+02     7.388851E+02
  2.373424E+02     7.331698E+02
  2.406475E+02     7.275276E+02
  2.439986E+02     7.219572E+02
  2.473964E+02     7.164568E+02
  2.508415E+02     7.110246E+02
  2.543346E+02     7.056604E+02
  2.578763E+02     7.003646E+02
  2.614673E+02     6.951372E+02
  2.651084E+02     6.899780E+02
  2.688001E+02     6.848866E+02
  2.725433E+02     6.798623E+02
  2.763385E+02     6.749042E+02
  2.801867E+02     6.700109E+02
  2.840884E+02     6.651809E+02
  2.880444E+02     6.604123E+02
  2.920556E+02     6.557050E+02
  2.961225E+02     6.510592E+02
  3.002462E+02     6.464751E+02
  3.044272E+02     6.419525E+02
  3.086665E+02     6.374912E+02
  3.129648E+02     6.330907E+02
  3.173230E+02     6.287500E+02
  3.217418E+02     6.244683E+02
  3.262222E+02     6.202440E+02
  3.307650E+02     6.160757E+02
  3.353710E+02     6.119631E+02
  3.400412E+02     6.079064E+02
  3.447764E+02     6.039056E+02
  3.495776E+02     5.999607E+02
  3.544456E+02     5.960714E+02
  3.593814E+02     5.922371E+02
  3.643859E+02     5.884572E+02
  3.694601E+02     5.847307E+02
  3.746050E+02     5.810562E+02
  3.798215E+02     5.774324E+02
  3.851107E+02     5.738588E+02
  3.904735E+02     5.703357E+02
  3.959110E+02     5.668631E+02
  4.014242E+02     5.634409E+02
  4.070142E+02     5.600689E+02
  4.126821E+02     5.567467E+02
  4.184289E+02     5.534737E+02
  4.242556E+02     5.502490E+02
  4.301636E+02     5.470714E+02
  4.361538E+02     5.439398E+02
  4.422274E+02     5.408536E+02
  4.483856E+02     5.378130E+02
  4.546295E+02     5.348181E+02
  4.609604E+02     5.318688E+02
  4.673795E+02     5.289648E+02
  4.738880E+02     5.261059E+02
  4.804870E+02     5.232914E+02
  4.871780E+02     5.205206E+02
  4.939622E+02     5.177926E+02
  5.008408E+02     5.151061E+02
  5.078152E+02     5.124606E+02
  5.148867E+02     5.098561E+02
  5.220568E+02     5.072929E+02
  5.293266E+02     5.047707E+02
  5.366977E+02     5.022894E+02
  5.441714E+02     4.998487E+02
  5.517492E+02     4.974479E+02
  5.594326E+02     4.950864E+02
  5.672229E+02     4.927634E+02
  5.751217E+02     4.904777E+02
  5.831305E+02     4.882287E+02
  5.912508E+02     4.860165E+02
  5.994843E+02     4.838412E+02
  6.078323E+02     4.817028E+02
  6.162966E+02     4.796010E+02
  6.248788E+02     4.775356E+02
  6.335805E+02     4.755061E+02
  6.424034E+02     4.735120E+02
  6.513491E+02     4.715525E+02
  6.604194E+02     4.696266E+02
  6.696160E+02     4.677338E+02
  6.789407E+02     4.658738E+02
  6.883952E+02     4.640466E+02
  6.979814E+02     4.622519E+02
  7.077011E+02     4.604894E+02
  7.175561E+02     4.587586E+02
  7.275484E+02     4.570589E+02
  7.376798E+02     4.553894E+02
  7.479523E+02     4.537492E+02
  7.583678E+02     4.521372E+02
  7.689284E+02     4.505527E+02
  7.796360E+02     4.489960E+02
  7.904928E+02     4.474678E+02
  8.015007E+02     4.459684E+02
  8.126619E+02     4.444984E+02
  8.239786E+02     4.430581E+02
  8.354528E+02     4.416480E+02
  8.470868E+02     4.402683E+02
  8.588829E+02     4.389192E+02
  8.708431E+02     4.376009E+02
  8.829700E+02     4.363129E+02
  8.952657E+02     4.350526E+02
  9.077327E+02     4.338167E+02
  9.203732E+02     4.326016E+02
  9.331898E+02     4.314033E+02
  9.461848E+02     4.302174E+02
  9.593608E+02     4.290391E+02
  9.727203E+02     4.278630E+02
  9.862658E+02     4.266835E+02
  1.000000E+03     4.254942E+02
