FILE CREATED BY  : PROGRAM DPASS - VERSION 2.00
DATABASE VERSION : 21.06
DATE AND TIME    : 09/08/2022 19:46:26
PROJECTILE       : H 
TARGET           : H 
TARGET AT. MASS  : 1.007900E+00
TARGET DENSITY   : 8.990000E-05 g/cm^3
TABULATED OUTPUT : STOPPING FORCE VERSUS ENERGY
DATA TYPE        : SPLINE INTERPOLATED
ABSCISSA UNITS   : MeV/u
ORDINATE UNITS   : eV/nm


      E/n             S(E/n)

  1.000000E-03     9.741027E-03
  1.013925E-03     9.800438E-03
  1.028045E-03     9.860624E-03
  1.042361E-03     9.921539E-03
  1.056876E-03     9.983134E-03
  1.071593E-03     1.004535E-02
  1.086516E-03     1.010814E-02
  1.101646E-03     1.017142E-02
  1.116987E-03     1.023514E-02
  1.132541E-03     1.029920E-02
  1.148312E-03     1.036354E-02
  1.164303E-03     1.042807E-02
  1.180517E-03     1.049278E-02
  1.196956E-03     1.055769E-02
  1.213624E-03     1.062281E-02
  1.230524E-03     1.068816E-02
  1.247660E-03     1.075377E-02
  1.265034E-03     1.081964E-02
  1.282650E-03     1.088582E-02
  1.300511E-03     1.095231E-02
  1.318621E-03     1.101917E-02
  1.336984E-03     1.108640E-02
  1.355602E-03     1.115403E-02
  1.374479E-03     1.122204E-02
  1.393619E-03     1.129042E-02
  1.413026E-03     1.135918E-02
  1.432703E-03     1.142830E-02
  1.452654E-03     1.149777E-02
  1.472883E-03     1.156760E-02
  1.493393E-03     1.163777E-02
  1.514189E-03     1.170827E-02
  1.535275E-03     1.177910E-02
  1.556654E-03     1.185025E-02
  1.578331E-03     1.192173E-02
  1.600310E-03     1.199354E-02
  1.622595E-03     1.206567E-02
  1.645191E-03     1.213813E-02
  1.668101E-03     1.221092E-02
  1.691330E-03     1.228405E-02
  1.714882E-03     1.235751E-02
  1.738762E-03     1.243132E-02
  1.762975E-03     1.250547E-02
  1.787526E-03     1.257997E-02
  1.812418E-03     1.265481E-02
  1.837656E-03     1.273000E-02
  1.863246E-03     1.280552E-02
  1.889193E-03     1.288139E-02
  1.915501E-03     1.295759E-02
  1.942175E-03     1.303413E-02
  1.969220E-03     1.311101E-02
  1.996642E-03     1.318822E-02
  2.024447E-03     1.326577E-02
  2.052638E-03     1.334365E-02
  2.081222E-03     1.342187E-02
  2.110203E-03     1.350042E-02
  2.139589E-03     1.357929E-02
  2.169384E-03     1.365850E-02
  2.199593E-03     1.373803E-02
  2.230223E-03     1.381789E-02
  2.261280E-03     1.389808E-02
  2.292769E-03     1.397860E-02
  2.324697E-03     1.405944E-02
  2.357069E-03     1.414062E-02
  2.389893E-03     1.422213E-02
  2.423173E-03     1.430396E-02
  2.456916E-03     1.438611E-02
  2.491130E-03     1.446858E-02
  2.525820E-03     1.455136E-02
  2.560993E-03     1.463447E-02
  2.596656E-03     1.471789E-02
  2.632815E-03     1.480163E-02
  2.669478E-03     1.488568E-02
  2.706652E-03     1.497005E-02
  2.744343E-03     1.505473E-02
  2.782559E-03     1.513972E-02
  2.821308E-03     1.522501E-02
  2.860596E-03     1.531061E-02
  2.900430E-03     1.539650E-02
  2.940820E-03     1.548269E-02
  2.981772E-03     1.556917E-02
  3.023295E-03     1.565595E-02
  3.065395E-03     1.574302E-02
  3.108082E-03     1.583038E-02
  3.151363E-03     1.591803E-02
  3.195248E-03     1.600597E-02
  3.239743E-03     1.609418E-02
  3.284857E-03     1.618267E-02
  3.330600E-03     1.627143E-02
  3.376980E-03     1.636047E-02
  3.424006E-03     1.644977E-02
  3.471687E-03     1.653934E-02
  3.520031E-03     1.662918E-02
  3.569049E-03     1.671928E-02
  3.618750E-03     1.680964E-02
  3.669142E-03     1.690026E-02
  3.720237E-03     1.699113E-02
  3.772042E-03     1.708224E-02
  3.824570E-03     1.717360E-02
  3.877828E-03     1.726518E-02
  3.931829E-03     1.735700E-02
  3.986581E-03     1.744904E-02
  4.042096E-03     1.754132E-02
  4.098384E-03     1.763381E-02
  4.155455E-03     1.772653E-02
  4.213322E-03     1.781945E-02
  4.271994E-03     1.791258E-02
  4.331483E-03     1.800590E-02
  4.391801E-03     1.809942E-02
  4.452959E-03     1.819312E-02
  4.514968E-03     1.828701E-02
  4.577841E-03     1.838108E-02
  4.641589E-03     1.847532E-02
  4.706225E-03     1.856974E-02
  4.771761E-03     1.866433E-02
  4.838210E-03     1.875907E-02
  4.905584E-03     1.885397E-02
  4.973896E-03     1.894901E-02
  5.043159E-03     1.904418E-02
  5.113388E-03     1.913948E-02
  5.184594E-03     1.923490E-02
  5.256791E-03     1.933044E-02
  5.329994E-03     1.942610E-02
  5.404216E-03     1.952187E-02
  5.479472E-03     1.961773E-02
  5.555776E-03     1.971369E-02
  5.633143E-03     1.980973E-02
  5.711586E-03     1.990584E-02
  5.791123E-03     2.000201E-02
  5.871766E-03     2.009824E-02
  5.953533E-03     2.019452E-02
  6.036439E-03     2.029083E-02
  6.120498E-03     2.038719E-02
  6.205729E-03     2.048357E-02
  6.292146E-03     2.057998E-02
  6.379767E-03     2.067639E-02
  6.468608E-03     2.077280E-02
  6.558686E-03     2.086920E-02
  6.650018E-03     2.096557E-02
  6.742622E-03     2.106191E-02
  6.836516E-03     2.115821E-02
  6.931717E-03     2.125446E-02
  7.028244E-03     2.135065E-02
  7.126115E-03     2.144678E-02
  7.225349E-03     2.154283E-02
  7.325965E-03     2.163880E-02
  7.427982E-03     2.173466E-02
  7.531420E-03     2.183040E-02
  7.636298E-03     2.192601E-02
  7.742637E-03     2.202148E-02
  7.850456E-03     2.211679E-02
  7.959777E-03     2.221194E-02
  8.070620E-03     2.230691E-02
  8.183007E-03     2.240170E-02
  8.296959E-03     2.249630E-02
  8.412497E-03     2.259068E-02
  8.529644E-03     2.268484E-02
  8.648423E-03     2.277876E-02
  8.768856E-03     2.287242E-02
  8.890966E-03     2.296582E-02
  9.014776E-03     2.305895E-02
  9.140311E-03     2.315178E-02
  9.267593E-03     2.324433E-02
  9.396648E-03     2.333657E-02
  9.527500E-03     2.342850E-02
  9.660175E-03     2.352009E-02
  9.794697E-03     2.361133E-02
  9.931092E-03     2.370220E-02
  1.006939E-02     2.379268E-02
  1.020961E-02     2.388275E-02
  1.035178E-02     2.397239E-02
  1.049593E-02     2.406160E-02
  1.064209E-02     2.415036E-02
  1.079029E-02     2.423866E-02
  1.094055E-02     2.432647E-02
  1.109290E-02     2.441379E-02
  1.124737E-02     2.450058E-02
  1.140400E-02     2.458684E-02
  1.156280E-02     2.467254E-02
  1.172382E-02     2.475768E-02
  1.188708E-02     2.484223E-02
  1.205261E-02     2.492618E-02
  1.222045E-02     2.500952E-02
  1.239062E-02     2.509224E-02
  1.256317E-02     2.517432E-02
  1.273811E-02     2.525575E-02
  1.291550E-02     2.533650E-02
  1.309535E-02     2.541655E-02
  1.327771E-02     2.549588E-02
  1.346261E-02     2.557447E-02
  1.365008E-02     2.565231E-02
  1.384016E-02     2.572938E-02
  1.403289E-02     2.580566E-02
  1.422830E-02     2.588115E-02
  1.442644E-02     2.595582E-02
  1.462733E-02     2.602965E-02
  1.483103E-02     2.610263E-02
  1.503755E-02     2.617473E-02
  1.524696E-02     2.624594E-02
  1.545928E-02     2.631622E-02
  1.567455E-02     2.638557E-02
  1.589283E-02     2.645398E-02
  1.611414E-02     2.652142E-02
  1.633854E-02     2.658789E-02
  1.656606E-02     2.665338E-02
  1.679675E-02     2.671785E-02
  1.703065E-02     2.678130E-02
  1.726781E-02     2.684369E-02
  1.750827E-02     2.690501E-02
  1.775208E-02     2.696524E-02
  1.799929E-02     2.702436E-02
  1.824993E-02     2.708236E-02
  1.850407E-02     2.713922E-02
  1.876175E-02     2.719494E-02
  1.902301E-02     2.724950E-02
  1.928792E-02     2.730288E-02
  1.955651E-02     2.735506E-02
  1.982884E-02     2.740602E-02
  2.010496E-02     2.745575E-02
  2.038493E-02     2.750421E-02
  2.066880E-02     2.755141E-02
  2.095662E-02     2.759733E-02
  2.124845E-02     2.764195E-02
  2.154435E-02     2.768528E-02
  2.184436E-02     2.772730E-02
  2.214855E-02     2.776799E-02
  2.245698E-02     2.780734E-02
  2.276970E-02     2.784533E-02
  2.308678E-02     2.788194E-02
  2.340827E-02     2.791715E-02
  2.373424E-02     2.795096E-02
  2.406475E-02     2.798335E-02
  2.439986E-02     2.801432E-02
  2.473964E-02     2.804387E-02
  2.508415E-02     2.807198E-02
  2.543346E-02     2.809865E-02
  2.578763E-02     2.812386E-02
  2.614673E-02     2.814759E-02
  2.651084E-02     2.816983E-02
  2.688001E-02     2.819057E-02
  2.725433E-02     2.820979E-02
  2.763385E-02     2.822751E-02
  2.801867E-02     2.824371E-02
  2.840884E-02     2.825839E-02
  2.880444E-02     2.827156E-02
  2.920556E-02     2.828320E-02
  2.961225E-02     2.829331E-02
  3.002462E-02     2.830188E-02
  3.044272E-02     2.830888E-02
  3.086665E-02     2.831432E-02
  3.129648E-02     2.831819E-02
  3.173230E-02     2.832049E-02
  3.217418E-02     2.832122E-02
  3.262222E-02     2.832039E-02
  3.307650E-02     2.831802E-02
  3.353710E-02     2.831408E-02
  3.400412E-02     2.830858E-02
  3.447764E-02     2.830150E-02
  3.495776E-02     2.829285E-02
  3.544456E-02     2.828260E-02
  3.593814E-02     2.827078E-02
  3.643859E-02     2.825737E-02
  3.694601E-02     2.824240E-02
  3.746050E-02     2.822585E-02
  3.798215E-02     2.820776E-02
  3.851107E-02     2.818813E-02
  3.904735E-02     2.816694E-02
  3.959110E-02     2.814419E-02
  4.014242E-02     2.811988E-02
  4.070142E-02     2.809402E-02
  4.126821E-02     2.806660E-02
  4.184289E-02     2.803764E-02
  4.242556E-02     2.800715E-02
  4.301636E-02     2.797514E-02
  4.361538E-02     2.794163E-02
  4.422274E-02     2.790663E-02
  4.483856E-02     2.787014E-02
  4.546295E-02     2.783215E-02
  4.609604E-02     2.779268E-02
  4.673795E-02     2.775171E-02
  4.738880E-02     2.770926E-02
  4.804870E-02     2.766533E-02
  4.871780E-02     2.761995E-02
  4.939622E-02     2.757313E-02
  5.008408E-02     2.752489E-02
  5.078152E-02     2.747524E-02
  5.148867E-02     2.742419E-02
  5.220568E-02     2.737173E-02
  5.293266E-02     2.731787E-02
  5.366977E-02     2.726262E-02
  5.441714E-02     2.720599E-02
  5.517492E-02     2.714800E-02
  5.594326E-02     2.708865E-02
  5.672229E-02     2.702798E-02
  5.751217E-02     2.696600E-02
  5.831305E-02     2.690273E-02
  5.912508E-02     2.683818E-02
  5.994843E-02     2.677235E-02
  6.078323E-02     2.670524E-02
  6.162966E-02     2.663687E-02
  6.248788E-02     2.656724E-02
  6.335805E-02     2.649636E-02
  6.424034E-02     2.642426E-02
  6.513491E-02     2.635095E-02
  6.604194E-02     2.627645E-02
  6.696160E-02     2.620078E-02
  6.789407E-02     2.612395E-02
  6.883952E-02     2.604597E-02
  6.979814E-02     2.596684E-02
  7.077011E-02     2.588657E-02
  7.175561E-02     2.580518E-02
  7.275484E-02     2.572269E-02
  7.376798E-02     2.563911E-02
  7.479523E-02     2.555445E-02
  7.583678E-02     2.546876E-02
  7.689284E-02     2.538204E-02
  7.796360E-02     2.529430E-02
  7.904928E-02     2.520555E-02
  8.015007E-02     2.511581E-02
  8.126619E-02     2.502508E-02
  8.239786E-02     2.493337E-02
  8.354528E-02     2.484070E-02
  8.470868E-02     2.474708E-02
  8.588829E-02     2.465254E-02
  8.708431E-02     2.455709E-02
  8.829700E-02     2.446075E-02
  8.952657E-02     2.436354E-02
  9.077327E-02     2.426545E-02
  9.203732E-02     2.416651E-02
  9.331898E-02     2.406672E-02
  9.461848E-02     2.396610E-02
  9.593608E-02     2.386466E-02
  9.727203E-02     2.376242E-02
  9.862658E-02     2.365939E-02
  1.000000E-01     2.355560E-02
  1.013925E-01     2.345106E-02
  1.028045E-01     2.334578E-02
  1.042361E-01     2.323978E-02
  1.056876E-01     2.313306E-02
  1.071593E-01     2.302565E-02
  1.086516E-01     2.291755E-02
  1.101646E-01     2.280878E-02
  1.116987E-01     2.269935E-02
  1.132541E-01     2.258929E-02
  1.148312E-01     2.247860E-02
  1.164303E-01     2.236732E-02
  1.180517E-01     2.225544E-02
  1.196956E-01     2.214298E-02
  1.213624E-01     2.202996E-02
  1.230524E-01     2.191639E-02
  1.247660E-01     2.180227E-02
  1.265034E-01     2.168764E-02
  1.282650E-01     2.157249E-02
  1.300511E-01     2.145685E-02
  1.318621E-01     2.134073E-02
  1.336984E-01     2.122415E-02
  1.355602E-01     2.110712E-02
  1.374479E-01     2.098966E-02
  1.393619E-01     2.087177E-02
  1.413026E-01     2.075349E-02
  1.432703E-01     2.063481E-02
  1.452654E-01     2.051575E-02
  1.472883E-01     2.039634E-02
  1.493393E-01     2.027659E-02
  1.514189E-01     2.015650E-02
  1.535275E-01     2.003611E-02
  1.556654E-01     1.991541E-02
  1.578331E-01     1.979444E-02
  1.600310E-01     1.967319E-02
  1.622595E-01     1.955170E-02
  1.645191E-01     1.942996E-02
  1.668101E-01     1.930801E-02
  1.691330E-01     1.918584E-02
  1.714882E-01     1.906347E-02
  1.738762E-01     1.894092E-02
  1.762975E-01     1.881821E-02
  1.787526E-01     1.869533E-02
  1.812418E-01     1.857232E-02
  1.837656E-01     1.844919E-02
  1.863246E-01     1.832595E-02
  1.889193E-01     1.820262E-02
  1.915501E-01     1.807921E-02
  1.942175E-01     1.795575E-02
  1.969220E-01     1.783224E-02
  1.996642E-01     1.770870E-02
  2.024447E-01     1.758514E-02
  2.052638E-01     1.746158E-02
  2.081222E-01     1.733802E-02
  2.110203E-01     1.721450E-02
  2.139589E-01     1.709102E-02
  2.169384E-01     1.696760E-02
  2.199593E-01     1.684426E-02
  2.230223E-01     1.672100E-02
  2.261280E-01     1.659784E-02
  2.292769E-01     1.647479E-02
  2.324697E-01     1.635187E-02
  2.357069E-01     1.622907E-02
  2.389893E-01     1.610642E-02
  2.423173E-01     1.598395E-02
  2.456916E-01     1.586165E-02
  2.491130E-01     1.573955E-02
  2.525820E-01     1.561767E-02
  2.560993E-01     1.549601E-02
  2.596656E-01     1.537458E-02
  2.632815E-01     1.525340E-02
  2.669478E-01     1.513247E-02
  2.706652E-01     1.501181E-02
  2.744343E-01     1.489143E-02
  2.782559E-01     1.477134E-02
  2.821308E-01     1.465157E-02
  2.860596E-01     1.453212E-02
  2.900430E-01     1.441302E-02
  2.940820E-01     1.429426E-02
  2.981772E-01     1.417586E-02
  3.023295E-01     1.405783E-02
  3.065395E-01     1.394017E-02
  3.108082E-01     1.382289E-02
  3.151363E-01     1.370601E-02
  3.195248E-01     1.358953E-02
  3.239743E-01     1.347349E-02
  3.284857E-01     1.335788E-02
  3.330600E-01     1.324272E-02
  3.376980E-01     1.312801E-02
  3.424006E-01     1.301377E-02
  3.471687E-01     1.290001E-02
  3.520031E-01     1.278671E-02
  3.569049E-01     1.267388E-02
  3.618750E-01     1.256155E-02
  3.669142E-01     1.244973E-02
  3.720237E-01     1.233842E-02
  3.772042E-01     1.222765E-02
  3.824570E-01     1.211741E-02
  3.877828E-01     1.200773E-02
  3.931829E-01     1.189860E-02
  3.986581E-01     1.179003E-02
  4.042096E-01     1.168201E-02
  4.098384E-01     1.157455E-02
  4.155455E-01     1.146766E-02
  4.213322E-01     1.136136E-02
  4.271994E-01     1.125566E-02
  4.331483E-01     1.115056E-02
  4.391801E-01     1.104607E-02
  4.452959E-01     1.094220E-02
  4.514968E-01     1.083895E-02
  4.577841E-01     1.073632E-02
  4.641589E-01     1.063431E-02
  4.706225E-01     1.053291E-02
  4.771761E-01     1.043213E-02
  4.838210E-01     1.033199E-02
  4.905584E-01     1.023249E-02
  4.973896E-01     1.013365E-02
  5.043159E-01     1.003547E-02
  5.113388E-01     9.937952E-03
  5.184594E-01     9.841098E-03
  5.256791E-01     9.744906E-03
  5.329994E-01     9.649369E-03
  5.404216E-01     9.554483E-03
  5.479472E-01     9.460254E-03
  5.555776E-01     9.366693E-03
  5.633143E-01     9.273810E-03
  5.711586E-01     9.181611E-03
  5.791123E-01     9.090099E-03
  5.871766E-01     8.999277E-03
  5.953533E-01     8.909142E-03
  6.036439E-01     8.819691E-03
  6.120498E-01     8.730915E-03
  6.205729E-01     8.642805E-03
  6.292146E-01     8.555365E-03
  6.379767E-01     8.468606E-03
  6.468608E-01     8.382534E-03
  6.558686E-01     8.297156E-03
  6.650018E-01     8.212473E-03
  6.742622E-01     8.128486E-03
  6.836516E-01     8.045191E-03
  6.931717E-01     7.962584E-03
  7.028244E-01     7.880655E-03
  7.126115E-01     7.799392E-03
  7.225349E-01     7.718796E-03
  7.325965E-01     7.638877E-03
  7.427982E-01     7.559640E-03
  7.531420E-01     7.481088E-03
  7.636298E-01     7.403224E-03
  7.742637E-01     7.326045E-03
  7.850456E-01     7.249547E-03
  7.959777E-01     7.173724E-03
  8.070620E-01     7.098564E-03
  8.183007E-01     7.024054E-03
  8.296959E-01     6.950193E-03
  8.412497E-01     6.876987E-03
  8.529644E-01     6.804442E-03
  8.648423E-01     6.732561E-03
  8.768856E-01     6.661344E-03
  8.890966E-01     6.590789E-03
  9.014776E-01     6.520891E-03
  9.140311E-01     6.451643E-03
  9.267593E-01     6.383033E-03
  9.396648E-01     6.315048E-03
  9.527500E-01     6.247683E-03
  9.660175E-01     6.180944E-03
  9.794697E-01     6.114836E-03
  9.931092E-01     6.049361E-03
  1.006939E+00     5.984518E-03
  1.020961E+00     5.920306E-03
  1.035178E+00     5.856718E-03
  1.049593E+00     5.793748E-03
  1.064209E+00     5.731382E-03
  1.079029E+00     5.669608E-03
  1.094055E+00     5.608419E-03
  1.109290E+00     5.547819E-03
  1.124737E+00     5.487813E-03
  1.140400E+00     5.428402E-03
  1.156280E+00     5.369584E-03
  1.172382E+00     5.311358E-03
  1.188708E+00     5.253717E-03
  1.205261E+00     5.196653E-03
  1.222045E+00     5.140154E-03
  1.239062E+00     5.084208E-03
  1.256317E+00     5.028805E-03
  1.273811E+00     4.973950E-03
  1.291550E+00     4.919646E-03
  1.309535E+00     4.865894E-03
  1.327771E+00     4.812693E-03
  1.346261E+00     4.760041E-03
  1.365008E+00     4.707932E-03
  1.384016E+00     4.656358E-03
  1.403289E+00     4.605310E-03
  1.422830E+00     4.554774E-03
  1.442644E+00     4.504741E-03
  1.462733E+00     4.455213E-03
  1.483103E+00     4.406194E-03
  1.503755E+00     4.357685E-03
  1.524696E+00     4.309683E-03
  1.545928E+00     4.262186E-03
  1.567455E+00     4.215190E-03
  1.589283E+00     4.168685E-03
  1.611414E+00     4.122663E-03
  1.633854E+00     4.077110E-03
  1.656606E+00     4.032017E-03
  1.679675E+00     3.987386E-03
  1.703065E+00     3.943219E-03
  1.726781E+00     3.899516E-03
  1.750827E+00     3.856278E-03
  1.775208E+00     3.813501E-03
  1.799929E+00     3.771181E-03
  1.824993E+00     3.729311E-03
  1.850407E+00     3.687882E-03
  1.876175E+00     3.646882E-03
  1.902301E+00     3.606302E-03
  1.928792E+00     3.566144E-03
  1.955651E+00     3.526408E-03
  1.982884E+00     3.487095E-03
  2.010496E+00     3.448206E-03
  2.038493E+00     3.409736E-03
  2.066880E+00     3.371683E-03
  2.095662E+00     3.334040E-03
  2.124845E+00     3.296798E-03
  2.154435E+00     3.259947E-03
  2.184436E+00     3.223477E-03
  2.214855E+00     3.187389E-03
  2.245698E+00     3.151684E-03
  2.276970E+00     3.116363E-03
  2.308678E+00     3.081426E-03
  2.340827E+00     3.046869E-03
  2.373424E+00     3.012690E-03
  2.406475E+00     2.978882E-03
  2.439986E+00     2.945439E-03
  2.473964E+00     2.912350E-03
  2.508415E+00     2.879606E-03
  2.543346E+00     2.847208E-03
  2.578763E+00     2.815156E-03
  2.614673E+00     2.783451E-03
  2.651084E+00     2.752093E-03
  2.688001E+00     2.721079E-03
  2.725433E+00     2.690407E-03
  2.763385E+00     2.660072E-03
  2.801867E+00     2.630066E-03
  2.840884E+00     2.600383E-03
  2.880444E+00     2.571012E-03
  2.920556E+00     2.541953E-03
  2.961225E+00     2.513206E-03
  3.002462E+00     2.484774E-03
  3.044272E+00     2.456655E-03
  3.086665E+00     2.428847E-03
  3.129648E+00     2.401348E-03
  3.173230E+00     2.374153E-03
  3.217418E+00     2.347257E-03
  3.262222E+00     2.320651E-03
  3.307650E+00     2.294328E-03
  3.353710E+00     2.268285E-03
  3.400412E+00     2.242525E-03
  3.447764E+00     2.217047E-03
  3.495776E+00     2.191852E-03
  3.544456E+00     2.166937E-03
  3.593814E+00     2.142302E-03
  3.643859E+00     2.117941E-03
  3.694601E+00     2.093849E-03
  3.746050E+00     2.070021E-03
  3.798215E+00     2.046449E-03
  3.851107E+00     2.023130E-03
  3.904735E+00     2.000065E-03
  3.959110E+00     1.977255E-03
  4.014242E+00     1.954700E-03
  4.070142E+00     1.932398E-03
  4.126821E+00     1.910348E-03
  4.184289E+00     1.888545E-03
  4.242556E+00     1.866985E-03
  4.301636E+00     1.845663E-03
  4.361538E+00     1.824570E-03
  4.422274E+00     1.803705E-03
  4.483856E+00     1.783068E-03
  4.546295E+00     1.762661E-03
  4.609604E+00     1.742482E-03
  4.673795E+00     1.722531E-03
  4.738880E+00     1.702807E-03
  4.804870E+00     1.683305E-03
  4.871780E+00     1.664022E-03
  4.939622E+00     1.644953E-03
  5.008408E+00     1.626092E-03
  5.078152E+00     1.607436E-03
  5.148867E+00     1.588985E-03
  5.220568E+00     1.570740E-03
  5.293266E+00     1.552702E-03
  5.366977E+00     1.534868E-03
  5.441714E+00     1.517238E-03
  5.517492E+00     1.499808E-03
  5.594326E+00     1.482576E-03
  5.672229E+00     1.465536E-03
  5.751217E+00     1.448684E-03
  5.831305E+00     1.432015E-03
  5.912508E+00     1.415530E-03
  5.994843E+00     1.399230E-03
  6.078323E+00     1.383116E-03
  6.162966E+00     1.367185E-03
  6.248788E+00     1.351438E-03
  6.335805E+00     1.335870E-03
  6.424034E+00     1.320480E-03
  6.513491E+00     1.305264E-03
  6.604194E+00     1.290216E-03
  6.696160E+00     1.275332E-03
  6.789407E+00     1.260615E-03
  6.883952E+00     1.246063E-03
  6.979814E+00     1.231677E-03
  7.077011E+00     1.217457E-03
  7.175561E+00     1.203401E-03
  7.275484E+00     1.189507E-03
  7.376798E+00     1.175772E-03
  7.479523E+00     1.162193E-03
  7.583678E+00     1.148765E-03
  7.689284E+00     1.135486E-03
  7.796360E+00     1.122354E-03
  7.904928E+00     1.109372E-03
  8.015007E+00     1.096538E-03
  8.126619E+00     1.083852E-03
  8.239786E+00     1.071314E-03
  8.354528E+00     1.058921E-03
  8.470868E+00     1.046671E-03
  8.588829E+00     1.034561E-03
  8.708431E+00     1.022587E-03
  8.829700E+00     1.010745E-03
  8.952657E+00     9.990368E-04
  9.077327E+00     9.874614E-04
  9.203732E+00     9.760194E-04
  9.331898E+00     9.647102E-04
  9.461848E+00     9.535328E-04
  9.593608E+00     9.424859E-04
  9.727203E+00     9.315673E-04
  9.862658E+00     9.207742E-04
  1.000000E+01     9.101032E-04
  1.013925E+01     8.995510E-04
  1.028045E+01     8.891176E-04
  1.042361E+01     8.788034E-04
  1.056876E+01     8.686085E-04
  1.071593E+01     8.585324E-04
  1.086516E+01     8.485745E-04
  1.101646E+01     8.387334E-04
  1.116987E+01     8.290071E-04
  1.132541E+01     8.193934E-04
  1.148312E+01     8.098891E-04
  1.164303E+01     8.004913E-04
  1.180517E+01     7.911995E-04
  1.196956E+01     7.820142E-04
  1.213624E+01     7.729356E-04
  1.230524E+01     7.639634E-04
  1.247660E+01     7.550968E-04
  1.265034E+01     7.463347E-04
  1.282650E+01     7.376755E-04
  1.300511E+01     7.291171E-04
  1.318621E+01     7.206569E-04
  1.336984E+01     7.122919E-04
  1.355602E+01     7.040218E-04
  1.374479E+01     6.958468E-04
  1.393619E+01     6.877672E-04
  1.413026E+01     6.797826E-04
  1.432703E+01     6.718925E-04
  1.452654E+01     6.640958E-04
  1.472883E+01     6.563912E-04
  1.493393E+01     6.487768E-04
  1.514189E+01     6.412503E-04
  1.535275E+01     6.338089E-04
  1.556654E+01     6.264521E-04
  1.578331E+01     6.191803E-04
  1.600310E+01     6.119935E-04
  1.622595E+01     6.048915E-04
  1.645191E+01     5.978739E-04
  1.668101E+01     5.909398E-04
  1.691330E+01     5.840880E-04
  1.714882E+01     5.773169E-04
  1.738762E+01     5.706243E-04
  1.762975E+01     5.640080E-04
  1.787526E+01     5.574671E-04
  1.812418E+01     5.510020E-04
  1.837656E+01     5.446128E-04
  1.863246E+01     5.382993E-04
  1.889193E+01     5.320612E-04
  1.915501E+01     5.258976E-04
  1.942175E+01     5.198076E-04
  1.969220E+01     5.137897E-04
  1.996642E+01     5.078420E-04
  2.024447E+01     5.019625E-04
  2.052638E+01     4.961503E-04
  2.081222E+01     4.904057E-04
  2.110203E+01     4.847287E-04
  2.139589E+01     4.791193E-04
  2.169384E+01     4.735770E-04
  2.199593E+01     4.681013E-04
  2.230223E+01     4.626912E-04
  2.261280E+01     4.573454E-04
  2.292769E+01     4.520625E-04
  2.324697E+01     4.468404E-04
  2.357069E+01     4.416782E-04
  2.389893E+01     4.365761E-04
  2.423173E+01     4.315343E-04
  2.456916E+01     4.265527E-04
  2.491130E+01     4.216309E-04
  2.525820E+01     4.167685E-04
  2.560993E+01     4.119647E-04
  2.596656E+01     4.072183E-04
  2.632815E+01     4.025280E-04
  2.669478E+01     3.978921E-04
  2.706652E+01     3.933097E-04
  2.744343E+01     3.887808E-04
  2.782559E+01     3.843057E-04
  2.821308E+01     3.798842E-04
  2.860596E+01     3.755161E-04
  2.900430E+01     3.712008E-04
  2.940820E+01     3.669378E-04
  2.981772E+01     3.627261E-04
  3.023295E+01     3.585644E-04
  3.065395E+01     3.544512E-04
  3.108082E+01     3.503855E-04
  3.151363E+01     3.463675E-04
  3.195248E+01     3.423973E-04
  3.239743E+01     3.384748E-04
  3.284857E+01     3.345998E-04
  3.330600E+01     3.307719E-04
  3.376980E+01     3.269905E-04
  3.424006E+01     3.232547E-04
  3.471687E+01     3.195636E-04
  3.520031E+01     3.159159E-04
  3.569049E+01     3.123104E-04
  3.618750E+01     3.087473E-04
  3.669142E+01     3.052267E-04
  3.720237E+01     3.017486E-04
  3.772042E+01     2.983128E-04
  3.824570E+01     2.949189E-04
  3.877828E+01     2.915665E-04
  3.931829E+01     2.882548E-04
  3.986581E+01     2.849830E-04
  4.042096E+01     2.817498E-04
  4.098384E+01     2.785543E-04
  4.155455E+01     2.753965E-04
  4.213322E+01     2.722765E-04
  4.271994E+01     2.691944E-04
  4.331483E+01     2.661498E-04
  4.391801E+01     2.631427E-04
  4.452959E+01     2.601724E-04
  4.514968E+01     2.572383E-04
  4.577841E+01     2.543397E-04
  4.641589E+01     2.514756E-04
  4.706225E+01     2.486450E-04
  4.771761E+01     2.458478E-04
  4.838210E+01     2.430841E-04
  4.905584E+01     2.403541E-04
  4.973896E+01     2.376575E-04
  5.043159E+01     2.349940E-04
  5.113388E+01     2.323634E-04
  5.184594E+01     2.297651E-04
  5.256791E+01     2.271983E-04
  5.329994E+01     2.246623E-04
  5.404216E+01     2.221560E-04
  5.479472E+01     2.196795E-04
  5.555776E+01     2.172329E-04
  5.633143E+01     2.148161E-04
  5.711586E+01     2.124290E-04
  5.791123E+01     2.100715E-04
  5.871766E+01     2.077432E-04
  5.953533E+01     2.054437E-04
  6.036439E+01     2.031722E-04
  6.120498E+01     2.009282E-04
  6.205729E+01     1.987107E-04
  6.292146E+01     1.965197E-04
  6.379767E+01     1.943551E-04
  6.468608E+01     1.922171E-04
  6.558686E+01     1.901056E-04
  6.650018E+01     1.880203E-04
  6.742622E+01     1.859609E-04
  6.836516E+01     1.839271E-04
  6.931717E+01     1.819184E-04
  7.028244E+01     1.799340E-04
  7.126115E+01     1.779733E-04
  7.225349E+01     1.760360E-04
  7.325965E+01     1.741222E-04
  7.427982E+01     1.722320E-04
  7.531420E+01     1.703652E-04
  7.636298E+01     1.685217E-04
  7.742637E+01     1.667013E-04
  7.850456E+01     1.649035E-04
  7.959777E+01     1.631281E-04
  8.070620E+01     1.613743E-04
  8.183007E+01     1.596414E-04
  8.296959E+01     1.579294E-04
  8.412497E+01     1.562382E-04
  8.529644E+01     1.545678E-04
  8.648423E+01     1.529183E-04
  8.768856E+01     1.512896E-04
  8.890966E+01     1.496813E-04
  9.014776E+01     1.480932E-04
  9.140311E+01     1.465249E-04
  9.267593E+01     1.449760E-04
  9.396648E+01     1.434458E-04
  9.527500E+01     1.419341E-04
  9.660175E+01     1.404410E-04
  9.794697E+01     1.389664E-04
  9.931092E+01     1.375104E-04
  1.006939E+02     1.360728E-04
  1.020961E+02     1.346534E-04
  1.035178E+02     1.332520E-04
  1.049593E+02     1.318683E-04
  1.064209E+02     1.305017E-04
  1.079029E+02     1.291518E-04
  1.094055E+02     1.278182E-04
  1.109290E+02     1.265011E-04
  1.124737E+02     1.252004E-04
  1.140400E+02     1.239162E-04
  1.156280E+02     1.226484E-04
  1.172382E+02     1.213967E-04
  1.188708E+02     1.201611E-04
  1.205261E+02     1.189411E-04
  1.222045E+02     1.177364E-04
  1.239062E+02     1.165466E-04
  1.256317E+02     1.153714E-04
  1.273811E+02     1.142108E-04
  1.291550E+02     1.130649E-04
  1.309535E+02     1.119335E-04
  1.327771E+02     1.108166E-04
  1.346261E+02     1.097141E-04
  1.365008E+02     1.086258E-04
  1.384016E+02     1.075513E-04
  1.403289E+02     1.064903E-04
  1.422830E+02     1.054425E-04
  1.442644E+02     1.044075E-04
  1.462733E+02     1.033853E-04
  1.483103E+02     1.023760E-04
  1.503755E+02     1.013796E-04
  1.524696E+02     1.003960E-04
  1.545928E+02     9.942516E-05
  1.567455E+02     9.846694E-05
  1.589283E+02     9.752111E-05
  1.611414E+02     9.658741E-05
  1.633854E+02     9.566552E-05
  1.656606E+02     9.475516E-05
  1.679675E+02     9.385636E-05
  1.703065E+02     9.296913E-05
  1.726781E+02     9.209345E-05
  1.750827E+02     9.122926E-05
  1.775208E+02     9.037646E-05
  1.799929E+02     8.953489E-05
  1.824993E+02     8.870435E-05
  1.850407E+02     8.788457E-05
  1.876175E+02     8.707524E-05
  1.902301E+02     8.627607E-05
  1.928792E+02     8.548707E-05
  1.955651E+02     8.470827E-05
  1.982884E+02     8.393965E-05
  2.010496E+02     8.318119E-05
  2.038493E+02     8.243280E-05
  2.066880E+02     8.169437E-05
  2.095662E+02     8.096574E-05
  2.124845E+02     8.024668E-05
  2.154435E+02     7.953694E-05
  2.184436E+02     7.883628E-05
  2.214855E+02     7.814467E-05
  2.245698E+02     7.746215E-05
  2.276970E+02     7.678870E-05
  2.308678E+02     7.612430E-05
  2.340827E+02     7.546887E-05
  2.373424E+02     7.482230E-05
  2.406475E+02     7.418446E-05
  2.439986E+02     7.355515E-05
  2.473964E+02     7.293413E-05
  2.508415E+02     7.232118E-05
  2.543346E+02     7.171626E-05
  2.578763E+02     7.111940E-05
  2.614673E+02     7.053060E-05
  2.651084E+02     6.994984E-05
  2.688001E+02     6.937704E-05
  2.725433E+02     6.881213E-05
  2.763385E+02     6.825499E-05
  2.801867E+02     6.770544E-05
  2.840884E+02     6.716329E-05
  2.880444E+02     6.662833E-05
  2.920556E+02     6.610052E-05
  2.961225E+02     6.557988E-05
  3.002462E+02     6.506640E-05
  3.044272E+02     6.456008E-05
  3.086665E+02     6.406085E-05
  3.129648E+02     6.356864E-05
  3.173230E+02     6.308335E-05
  3.217418E+02     6.260483E-05
  3.262222E+02     6.213291E-05
  3.307650E+02     6.166740E-05
  3.353710E+02     6.120824E-05
  3.400412E+02     6.075546E-05
  3.447764E+02     6.030905E-05
  3.495776E+02     5.986901E-05
  3.544456E+02     5.943528E-05
  3.593814E+02     5.900781E-05
  3.643859E+02     5.858651E-05
  3.694601E+02     5.817125E-05
  3.746050E+02     5.776187E-05
  3.798215E+02     5.735822E-05
  3.851107E+02     5.696023E-05
  3.904735E+02     5.656791E-05
  3.959110E+02     5.618128E-05
  4.014242E+02     5.580030E-05
  4.070142E+02     5.542496E-05
  4.126821E+02     5.505519E-05
  4.184289E+02     5.469091E-05
  4.242556E+02     5.433202E-05
  4.301636E+02     5.397839E-05
  4.361538E+02     5.362985E-05
  4.422274E+02     5.328634E-05
  4.483856E+02     5.294788E-05
  4.546295E+02     5.261447E-05
  4.609604E+02     5.228610E-05
  4.673795E+02     5.196274E-05
  4.738880E+02     5.164434E-05
  4.804870E+02     5.133083E-05
  4.871780E+02     5.102212E-05
  4.939622E+02     5.071810E-05
  5.008408E+02     5.041862E-05
  5.078152E+02     5.012363E-05
  5.148867E+02     4.983313E-05
  5.220568E+02     4.954713E-05
  5.293266E+02     4.926564E-05
  5.366977E+02     4.898863E-05
  5.441714E+02     4.871607E-05
  5.517492E+02     4.844790E-05
  5.594326E+02     4.818406E-05
  5.672229E+02     4.792446E-05
  5.751217E+02     4.766897E-05
  5.831305E+02     4.741754E-05
  5.912508E+02     4.717017E-05
  5.994843E+02     4.692686E-05
  6.078323E+02     4.668761E-05
  6.162966E+02     4.645237E-05
  6.248788E+02     4.622112E-05
  6.335805E+02     4.599380E-05
  6.424034E+02     4.577033E-05
  6.513491E+02     4.555063E-05
  6.604194E+02     4.533458E-05
  6.696160E+02     4.512209E-05
  6.789407E+02     4.491319E-05
  6.883952E+02     4.470785E-05
  6.979814E+02     4.450609E-05
  7.077011E+02     4.430786E-05
  7.175561E+02     4.411315E-05
  7.275484E+02     4.392190E-05
  7.376798E+02     4.373405E-05
  7.479523E+02     4.354952E-05
  7.583678E+02     4.336822E-05
  7.689284E+02     4.319007E-05
  7.796360E+02     4.301514E-05
  7.904928E+02     4.284349E-05
  8.015007E+02     4.267516E-05
  8.126619E+02     4.251022E-05
  8.239786E+02     4.234872E-05
  8.354528E+02     4.219069E-05
  8.470868E+02     4.203616E-05
  8.588829E+02     4.188518E-05
  8.708431E+02     4.173775E-05
  8.829700E+02     4.159381E-05
  8.952657E+02     4.145308E-05
  9.077327E+02     4.131517E-05
  9.203732E+02     4.117968E-05
  9.331898E+02     4.104615E-05
  9.461848E+02     4.091408E-05
  9.593608E+02     4.078292E-05
  9.727203E+02     4.065206E-05
  9.862658E+02     4.052085E-05
  1.000000E+03     4.038857E-05
