FILE CREATED BY  : PROGRAM DPASS - VERSION 2.00
DATABASE VERSION : 21.06
DATE AND TIME    : 09/08/2022 19:48:52
PROJECTILE       : H 
TARGET           : Pr
TARGET AT. MASS  : 1.409077E+02
TARGET DENSITY   : 6.770000E+00 g/cm^3
TABULATED OUTPUT : STOPPING FORCE VERSUS ENERGY
DATA TYPE        : SPLINE INTERPOLATED
ABSCISSA UNITS   : MeV/u
ORDINATE UNITS   : eV/nm


      E/n             S(E/n)

  1.000000E-03     2.026235E+01
  1.013925E-03     2.040243E+01
  1.028045E-03     2.054436E+01
  1.042361E-03     2.068807E+01
  1.056876E-03     2.083347E+01
  1.071593E-03     2.098046E+01
  1.086516E-03     2.112895E+01
  1.101646E-03     2.127882E+01
  1.116987E-03     2.142994E+01
  1.132541E-03     2.158218E+01
  1.148312E-03     2.173540E+01
  1.164303E-03     2.188946E+01
  1.180517E-03     2.204435E+01
  1.196956E-03     2.220010E+01
  1.213624E-03     2.235674E+01
  1.230524E-03     2.251433E+01
  1.247660E-03     2.267290E+01
  1.265034E-03     2.283251E+01
  1.282650E-03     2.299320E+01
  1.300511E-03     2.315503E+01
  1.318621E-03     2.331807E+01
  1.336984E-03     2.348238E+01
  1.355602E-03     2.364798E+01
  1.374479E-03     2.381486E+01
  1.393619E-03     2.398302E+01
  1.413026E-03     2.415246E+01
  1.432703E-03     2.432316E+01
  1.452654E-03     2.449514E+01
  1.472883E-03     2.466837E+01
  1.493393E-03     2.484287E+01
  1.514189E-03     2.501861E+01
  1.535275E-03     2.519561E+01
  1.556654E-03     2.537385E+01
  1.578331E-03     2.555336E+01
  1.600310E-03     2.573413E+01
  1.622595E-03     2.591619E+01
  1.645191E-03     2.609955E+01
  1.668101E-03     2.628422E+01
  1.691330E-03     2.647021E+01
  1.714882E-03     2.665755E+01
  1.738762E-03     2.684625E+01
  1.762975E-03     2.703634E+01
  1.787526E-03     2.722782E+01
  1.812418E-03     2.742071E+01
  1.837656E-03     2.761500E+01
  1.863246E-03     2.781071E+01
  1.889193E-03     2.800785E+01
  1.915501E-03     2.820643E+01
  1.942175E-03     2.840645E+01
  1.969220E-03     2.860793E+01
  1.996642E-03     2.881088E+01
  2.024447E-03     2.901532E+01
  2.052638E-03     2.922125E+01
  2.081222E-03     2.942869E+01
  2.110203E-03     2.963764E+01
  2.139589E-03     2.984811E+01
  2.169384E-03     3.006010E+01
  2.199593E-03     3.027364E+01
  2.230223E-03     3.048873E+01
  2.261280E-03     3.070538E+01
  2.292769E-03     3.092361E+01
  2.324697E-03     3.114343E+01
  2.357069E-03     3.136486E+01
  2.389893E-03     3.158790E+01
  2.423173E-03     3.181257E+01
  2.456916E-03     3.203888E+01
  2.491130E-03     3.226683E+01
  2.525820E-03     3.249645E+01
  2.560993E-03     3.272775E+01
  2.596656E-03     3.296075E+01
  2.632815E-03     3.319545E+01
  2.669478E-03     3.343189E+01
  2.706652E-03     3.367008E+01
  2.744343E-03     3.391002E+01
  2.782559E-03     3.415173E+01
  2.821308E-03     3.439522E+01
  2.860596E-03     3.464050E+01
  2.900430E-03     3.488758E+01
  2.940820E-03     3.513647E+01
  2.981772E-03     3.538718E+01
  3.023295E-03     3.563975E+01
  3.065395E-03     3.589417E+01
  3.108082E-03     3.615048E+01
  3.151363E-03     3.640867E+01
  3.195248E-03     3.666875E+01
  3.239743E-03     3.693075E+01
  3.284857E-03     3.719468E+01
  3.330600E-03     3.746054E+01
  3.376980E-03     3.772835E+01
  3.424006E-03     3.799813E+01
  3.471687E-03     3.826990E+01
  3.520031E-03     3.854368E+01
  3.569049E-03     3.881949E+01
  3.618750E-03     3.909734E+01
  3.669142E-03     3.937724E+01
  3.720237E-03     3.965920E+01
  3.772042E-03     3.994325E+01
  3.824570E-03     4.022940E+01
  3.877828E-03     4.051766E+01
  3.931829E-03     4.080805E+01
  3.986581E-03     4.110061E+01
  4.042096E-03     4.139534E+01
  4.098384E-03     4.169227E+01
  4.155455E-03     4.199142E+01
  4.213322E-03     4.229280E+01
  4.271994E-03     4.259642E+01
  4.331483E-03     4.290229E+01
  4.391801E-03     4.321043E+01
  4.452959E-03     4.352086E+01
  4.514968E-03     4.383359E+01
  4.577841E-03     4.414865E+01
  4.641589E-03     4.446605E+01
  4.706225E-03     4.478582E+01
  4.771761E-03     4.510798E+01
  4.838210E-03     4.543254E+01
  4.905584E-03     4.575951E+01
  4.973896E-03     4.608891E+01
  5.043159E-03     4.642076E+01
  5.113388E-03     4.675508E+01
  5.184594E-03     4.709189E+01
  5.256791E-03     4.743122E+01
  5.329994E-03     4.777308E+01
  5.404216E-03     4.811752E+01
  5.479472E-03     4.846454E+01
  5.555776E-03     4.881417E+01
  5.633143E-03     4.916641E+01
  5.711586E-03     4.952130E+01
  5.791123E-03     4.987885E+01
  5.871766E-03     5.023908E+01
  5.953533E-03     5.060202E+01
  6.036439E-03     5.096771E+01
  6.120498E-03     5.133616E+01
  6.205729E-03     5.170741E+01
  6.292146E-03     5.208147E+01
  6.379767E-03     5.245837E+01
  6.468608E-03     5.283812E+01
  6.558686E-03     5.322074E+01
  6.650018E-03     5.360624E+01
  6.742622E-03     5.399465E+01
  6.836516E-03     5.438599E+01
  6.931717E-03     5.478029E+01
  7.028244E-03     5.517757E+01
  7.126115E-03     5.557786E+01
  7.225349E-03     5.598119E+01
  7.325965E-03     5.638757E+01
  7.427982E-03     5.679703E+01
  7.531420E-03     5.720961E+01
  7.636298E-03     5.762531E+01
  7.742637E-03     5.804419E+01
  7.850456E-03     5.846626E+01
  7.959777E-03     5.889157E+01
  8.070620E-03     5.932015E+01
  8.183007E-03     5.975205E+01
  8.296959E-03     6.018730E+01
  8.412497E-03     6.062590E+01
  8.529644E-03     6.106790E+01
  8.648423E-03     6.151330E+01
  8.768856E-03     6.196214E+01
  8.890966E-03     6.241443E+01
  9.014776E-03     6.287021E+01
  9.140311E-03     6.332951E+01
  9.267593E-03     6.379236E+01
  9.396648E-03     6.425880E+01
  9.527500E-03     6.472886E+01
  9.660175E-03     6.520259E+01
  9.794697E-03     6.568002E+01
  9.931092E-03     6.616121E+01
  1.006939E-02     6.664621E+01
  1.020961E-02     6.713506E+01
  1.035178E-02     6.762783E+01
  1.049593E-02     6.812457E+01
  1.064209E-02     6.862537E+01
  1.079029E-02     6.913028E+01
  1.094055E-02     6.963933E+01
  1.109290E-02     7.015252E+01
  1.124737E-02     7.066981E+01
  1.140400E-02     7.119117E+01
  1.156280E-02     7.171657E+01
  1.172382E-02     7.224598E+01
  1.188708E-02     7.277936E+01
  1.205261E-02     7.331667E+01
  1.222045E-02     7.385786E+01
  1.239062E-02     7.440290E+01
  1.256317E-02     7.495188E+01
  1.273811E-02     7.550512E+01
  1.291550E-02     7.606297E+01
  1.309535E-02     7.662583E+01
  1.327771E-02     7.719411E+01
  1.346261E-02     7.776828E+01
  1.365008E-02     7.834883E+01
  1.384016E-02     7.893628E+01
  1.403289E-02     7.953120E+01
  1.422830E-02     8.013421E+01
  1.442644E-02     8.074536E+01
  1.462733E-02     8.136356E+01
  1.483103E-02     8.198755E+01
  1.503755E-02     8.261590E+01
  1.524696E-02     8.324709E+01
  1.545928E-02     8.387948E+01
  1.567455E-02     8.451126E+01
  1.589283E-02     8.514052E+01
  1.611414E-02     8.576517E+01
  1.633854E-02     8.638297E+01
  1.656606E-02     8.699388E+01
  1.679675E-02     8.760355E+01
  1.703065E-02     8.821895E+01
  1.726781E-02     8.884764E+01
  1.750827E-02     8.949785E+01
  1.775208E-02     9.017844E+01
  1.799929E-02     9.089902E+01
  1.824993E-02     9.166993E+01
  1.850407E-02     9.250232E+01
  1.876175E-02     9.340817E+01
  1.902301E-02     9.439519E+01
  1.928792E-02     9.545545E+01
  1.955651E-02     9.657708E+01
  1.982884E-02     9.774705E+01
  2.010496E-02     9.895112E+01
  2.038493E-02     1.001738E+02
  2.066880E-02     1.013981E+02
  2.095662E-02     1.026058E+02
  2.124845E-02     1.037771E+02
  2.154435E-02     1.048903E+02
  2.184436E-02     1.059270E+02
  2.214855E-02     1.068861E+02
  2.245698E-02     1.077713E+02
  2.276970E-02     1.085870E+02
  2.308678E-02     1.093381E+02
  2.340827E-02     1.100300E+02
  2.373424E-02     1.106688E+02
  2.406475E-02     1.112611E+02
  2.439986E-02     1.118143E+02
  2.473964E-02     1.123366E+02
  2.508415E-02     1.128357E+02
  2.543346E-02     1.133139E+02
  2.578763E-02     1.137715E+02
  2.614673E-02     1.142089E+02
  2.651084E-02     1.146266E+02
  2.688001E-02     1.150253E+02
  2.725433E-02     1.154058E+02
  2.763385E-02     1.157688E+02
  2.801867E-02     1.161154E+02
  2.840884E-02     1.164465E+02
  2.880444E-02     1.167634E+02
  2.920556E-02     1.170665E+02
  2.961225E-02     1.173561E+02
  3.002462E-02     1.176324E+02
  3.044272E-02     1.178959E+02
  3.086665E-02     1.181470E+02
  3.129648E-02     1.183861E+02
  3.173230E-02     1.186140E+02
  3.217418E-02     1.188311E+02
  3.262222E-02     1.190383E+02
  3.307650E-02     1.192363E+02
  3.353710E-02     1.194254E+02
  3.400412E-02     1.196056E+02
  3.447764E-02     1.197770E+02
  3.495776E-02     1.199396E+02
  3.544456E-02     1.200935E+02
  3.593814E-02     1.202388E+02
  3.643859E-02     1.203756E+02
  3.694601E-02     1.205042E+02
  3.746050E-02     1.206248E+02
  3.798215E-02     1.207375E+02
  3.851107E-02     1.208425E+02
  3.904735E-02     1.209400E+02
  3.959110E-02     1.210301E+02
  4.014242E-02     1.211129E+02
  4.070142E-02     1.211886E+02
  4.126821E-02     1.212574E+02
  4.184289E-02     1.213196E+02
  4.242556E-02     1.213755E+02
  4.301636E-02     1.214253E+02
  4.361538E-02     1.214695E+02
  4.422274E-02     1.215082E+02
  4.483856E-02     1.215414E+02
  4.546295E-02     1.215691E+02
  4.609604E-02     1.215911E+02
  4.673795E-02     1.216076E+02
  4.738880E-02     1.216185E+02
  4.804870E-02     1.216239E+02
  4.871780E-02     1.216237E+02
  4.939622E-02     1.216180E+02
  5.008408E-02     1.216069E+02
  5.078152E-02     1.215904E+02
  5.148867E-02     1.215686E+02
  5.220568E-02     1.215416E+02
  5.293266E-02     1.215095E+02
  5.366977E-02     1.214723E+02
  5.441714E-02     1.214302E+02
  5.517492E-02     1.213834E+02
  5.594326E-02     1.213320E+02
  5.672229E-02     1.212762E+02
  5.751217E-02     1.212163E+02
  5.831305E-02     1.211524E+02
  5.912508E-02     1.210844E+02
  5.994843E-02     1.210123E+02
  6.078323E-02     1.209359E+02
  6.162966E-02     1.208553E+02
  6.248788E-02     1.207703E+02
  6.335805E-02     1.206809E+02
  6.424034E-02     1.205871E+02
  6.513491E-02     1.204887E+02
  6.604194E-02     1.203857E+02
  6.696160E-02     1.202782E+02
  6.789407E-02     1.201660E+02
  6.883952E-02     1.200493E+02
  6.979814E-02     1.199281E+02
  7.077011E-02     1.198024E+02
  7.175561E-02     1.196724E+02
  7.275484E-02     1.195380E+02
  7.376798E-02     1.193994E+02
  7.479523E-02     1.192566E+02
  7.583678E-02     1.191099E+02
  7.689284E-02     1.189592E+02
  7.796360E-02     1.188047E+02
  7.904928E-02     1.186462E+02
  8.015007E-02     1.184839E+02
  8.126619E-02     1.183176E+02
  8.239786E-02     1.181474E+02
  8.354528E-02     1.179734E+02
  8.470868E-02     1.177955E+02
  8.588829E-02     1.176138E+02
  8.708431E-02     1.174283E+02
  8.829700E-02     1.172391E+02
  8.952657E-02     1.170462E+02
  9.077327E-02     1.168497E+02
  9.203732E-02     1.166496E+02
  9.331898E-02     1.164461E+02
  9.461848E-02     1.162392E+02
  9.593608E-02     1.160290E+02
  9.727203E-02     1.158157E+02
  9.862658E-02     1.155993E+02
  1.000000E-01     1.153801E+02
  1.013925E-01     1.151580E+02
  1.028045E-01     1.149332E+02
  1.042361E-01     1.147055E+02
  1.056876E-01     1.144749E+02
  1.071593E-01     1.142413E+02
  1.086516E-01     1.140045E+02
  1.101646E-01     1.137646E+02
  1.116987E-01     1.135214E+02
  1.132541E-01     1.132748E+02
  1.148312E-01     1.130248E+02
  1.164303E-01     1.127712E+02
  1.180517E-01     1.125141E+02
  1.196956E-01     1.122537E+02
  1.213624E-01     1.119900E+02
  1.230524E-01     1.117233E+02
  1.247660E-01     1.114537E+02
  1.265034E-01     1.111813E+02
  1.282650E-01     1.109064E+02
  1.300511E-01     1.106292E+02
  1.318621E-01     1.103499E+02
  1.336984E-01     1.100687E+02
  1.355602E-01     1.097858E+02
  1.374479E-01     1.095010E+02
  1.393619E-01     1.092145E+02
  1.413026E-01     1.089260E+02
  1.432703E-01     1.086358E+02
  1.452654E-01     1.083436E+02
  1.472883E-01     1.080495E+02
  1.493393E-01     1.077535E+02
  1.514189E-01     1.074555E+02
  1.535275E-01     1.071555E+02
  1.556654E-01     1.068535E+02
  1.578331E-01     1.065496E+02
  1.600310E-01     1.062437E+02
  1.622595E-01     1.059361E+02
  1.645191E-01     1.056268E+02
  1.668101E-01     1.053157E+02
  1.691330E-01     1.050031E+02
  1.714882E-01     1.046889E+02
  1.738762E-01     1.043734E+02
  1.762975E-01     1.040565E+02
  1.787526E-01     1.037383E+02
  1.812418E-01     1.034190E+02
  1.837656E-01     1.030984E+02
  1.863246E-01     1.027767E+02
  1.889193E-01     1.024540E+02
  1.915501E-01     1.021303E+02
  1.942175E-01     1.018055E+02
  1.969220E-01     1.014799E+02
  1.996642E-01     1.011534E+02
  2.024447E-01     1.008262E+02
  2.052638E-01     1.004981E+02
  2.081222E-01     1.001693E+02
  2.110203E-01     9.983975E+01
  2.139589E-01     9.950938E+01
  2.169384E-01     9.917823E+01
  2.199593E-01     9.884626E+01
  2.230223E-01     9.851346E+01
  2.261280E-01     9.817980E+01
  2.292769E-01     9.784523E+01
  2.324697E-01     9.750973E+01
  2.357069E-01     9.717329E+01
  2.389893E-01     9.683594E+01
  2.423173E-01     9.649773E+01
  2.456916E-01     9.615870E+01
  2.491130E-01     9.581889E+01
  2.525820E-01     9.547835E+01
  2.560993E-01     9.513712E+01
  2.596656E-01     9.479523E+01
  2.632815E-01     9.445273E+01
  2.669478E-01     9.410966E+01
  2.706652E-01     9.376605E+01
  2.744343E-01     9.342189E+01
  2.782559E-01     9.307720E+01
  2.821308E-01     9.273196E+01
  2.860596E-01     9.238618E+01
  2.900430E-01     9.203983E+01
  2.940820E-01     9.169290E+01
  2.981772E-01     9.134537E+01
  3.023295E-01     9.099720E+01
  3.065395E-01     9.064835E+01
  3.108082E-01     9.029881E+01
  3.151363E-01     8.994858E+01
  3.195248E-01     8.959769E+01
  3.239743E-01     8.924616E+01
  3.284857E-01     8.889399E+01
  3.330600E-01     8.854119E+01
  3.376980E-01     8.818777E+01
  3.424006E-01     8.783374E+01
  3.471687E-01     8.747908E+01
  3.520031E-01     8.712379E+01
  3.569049E-01     8.676787E+01
  3.618750E-01     8.641132E+01
  3.669142E-01     8.605415E+01
  3.720237E-01     8.569634E+01
  3.772042E-01     8.533790E+01
  3.824570E-01     8.497881E+01
  3.877828E-01     8.461907E+01
  3.931829E-01     8.425864E+01
  3.986581E-01     8.389749E+01
  4.042096E-01     8.353560E+01
  4.098384E-01     8.317293E+01
  4.155455E-01     8.280949E+01
  4.213322E-01     8.244528E+01
  4.271994E-01     8.208031E+01
  4.331483E-01     8.171458E+01
  4.391801E-01     8.134808E+01
  4.452959E-01     8.098080E+01
  4.514968E-01     8.061274E+01
  4.577841E-01     8.024387E+01
  4.641589E-01     7.987416E+01
  4.706225E-01     7.950359E+01
  4.771761E-01     7.913219E+01
  4.838210E-01     7.875996E+01
  4.905584E-01     7.838692E+01
  4.973896E-01     7.801310E+01
  5.043159E-01     7.763850E+01
  5.113388E-01     7.726314E+01
  5.184594E-01     7.688701E+01
  5.256791E-01     7.651012E+01
  5.329994E-01     7.613247E+01
  5.404216E-01     7.575405E+01
  5.479472E-01     7.537488E+01
  5.555776E-01     7.499496E+01
  5.633143E-01     7.461431E+01
  5.711586E-01     7.423294E+01
  5.791123E-01     7.385085E+01
  5.871766E-01     7.346804E+01
  5.953533E-01     7.308450E+01
  6.036439E-01     7.270023E+01
  6.120498E-01     7.231520E+01
  6.205729E-01     7.192940E+01
  6.292146E-01     7.154287E+01
  6.379767E-01     7.115566E+01
  6.468608E-01     7.076783E+01
  6.558686E-01     7.037943E+01
  6.650018E-01     6.999053E+01
  6.742622E-01     6.960117E+01
  6.836516E-01     6.921142E+01
  6.931717E-01     6.882133E+01
  7.028244E-01     6.843096E+01
  7.126115E-01     6.804034E+01
  7.225349E-01     6.764951E+01
  7.325965E-01     6.725847E+01
  7.427982E-01     6.686721E+01
  7.531420E-01     6.647571E+01
  7.636298E-01     6.608397E+01
  7.742637E-01     6.569196E+01
  7.850456E-01     6.529964E+01
  7.959777E-01     6.490697E+01
  8.070620E-01     6.451390E+01
  8.183007E-01     6.412038E+01
  8.296959E-01     6.372642E+01
  8.412497E-01     6.333213E+01
  8.529644E-01     6.293758E+01
  8.648423E-01     6.254287E+01
  8.768856E-01     6.214810E+01
  8.890966E-01     6.175335E+01
  9.014776E-01     6.135873E+01
  9.140311E-01     6.096434E+01
  9.267593E-01     6.057027E+01
  9.396648E-01     6.017663E+01
  9.527500E-01     5.978347E+01
  9.660175E-01     5.939084E+01
  9.794697E-01     5.899875E+01
  9.931092E-01     5.860722E+01
  1.006939E+00     5.821626E+01
  1.020961E+00     5.782589E+01
  1.035178E+00     5.743608E+01
  1.049593E+00     5.704685E+01
  1.064209E+00     5.665816E+01
  1.079029E+00     5.626999E+01
  1.094055E+00     5.588236E+01
  1.109290E+00     5.549533E+01
  1.124737E+00     5.510896E+01
  1.140400E+00     5.472333E+01
  1.156280E+00     5.433848E+01
  1.172382E+00     5.395449E+01
  1.188708E+00     5.357139E+01
  1.205261E+00     5.318926E+01
  1.222045E+00     5.280813E+01
  1.239062E+00     5.242805E+01
  1.256317E+00     5.204906E+01
  1.273811E+00     5.167121E+01
  1.291550E+00     5.129455E+01
  1.309535E+00     5.091910E+01
  1.327771E+00     5.054492E+01
  1.346261E+00     5.017202E+01
  1.365008E+00     4.980042E+01
  1.384016E+00     4.943014E+01
  1.403289E+00     4.906119E+01
  1.422830E+00     4.869356E+01
  1.442644E+00     4.832725E+01
  1.462733E+00     4.796233E+01
  1.483103E+00     4.759884E+01
  1.503755E+00     4.723682E+01
  1.524696E+00     4.687631E+01
  1.545928E+00     4.651734E+01
  1.567455E+00     4.615994E+01
  1.589283E+00     4.580412E+01
  1.611414E+00     4.544990E+01
  1.633854E+00     4.509727E+01
  1.656606E+00     4.474624E+01
  1.679675E+00     4.439686E+01
  1.703065E+00     4.404917E+01
  1.726781E+00     4.370321E+01
  1.750827E+00     4.335900E+01
  1.775208E+00     4.301656E+01
  1.799929E+00     4.267592E+01
  1.824993E+00     4.233708E+01
  1.850407E+00     4.200004E+01
  1.876175E+00     4.166479E+01
  1.902301E+00     4.133131E+01
  1.928792E+00     4.099965E+01
  1.955651E+00     4.066984E+01
  1.982884E+00     4.034190E+01
  2.010496E+00     4.001587E+01
  2.038493E+00     3.969176E+01
  2.066880E+00     3.936957E+01
  2.095662E+00     3.904930E+01
  2.124845E+00     3.873095E+01
  2.154435E+00     3.841448E+01
  2.184436E+00     3.809989E+01
  2.214855E+00     3.778718E+01
  2.245698E+00     3.747640E+01
  2.276970E+00     3.716758E+01
  2.308678E+00     3.686072E+01
  2.340827E+00     3.655584E+01
  2.373424E+00     3.625294E+01
  2.406475E+00     3.595201E+01
  2.439986E+00     3.565304E+01
  2.473964E+00     3.535600E+01
  2.508415E+00     3.506085E+01
  2.543346E+00     3.476761E+01
  2.578763E+00     3.447631E+01
  2.614673E+00     3.418698E+01
  2.651084E+00     3.389962E+01
  2.688001E+00     3.361424E+01
  2.725433E+00     3.333084E+01
  2.763385E+00     3.304941E+01
  2.801867E+00     3.276992E+01
  2.840884E+00     3.249234E+01
  2.880444E+00     3.221663E+01
  2.920556E+00     3.194280E+01
  2.961225E+00     3.167089E+01
  3.002462E+00     3.140089E+01
  3.044272E+00     3.113282E+01
  3.086665E+00     3.086670E+01
  3.129648E+00     3.060250E+01
  3.173230E+00     3.034021E+01
  3.217418E+00     3.007981E+01
  3.262222E+00     2.982126E+01
  3.307650E+00     2.956453E+01
  3.353710E+00     2.930960E+01
  3.400412E+00     2.905651E+01
  3.447764E+00     2.880526E+01
  3.495776E+00     2.855586E+01
  3.544456E+00     2.830832E+01
  3.593814E+00     2.806263E+01
  3.643859E+00     2.781876E+01
  3.694601E+00     2.757669E+01
  3.746050E+00     2.733640E+01
  3.798215E+00     2.709782E+01
  3.851107E+00     2.686096E+01
  3.904735E+00     2.662584E+01
  3.959110E+00     2.639247E+01
  4.014242E+00     2.616085E+01
  4.070142E+00     2.593100E+01
  4.126821E+00     2.570290E+01
  4.184289E+00     2.547655E+01
  4.242556E+00     2.525191E+01
  4.301636E+00     2.502895E+01
  4.361538E+00     2.480763E+01
  4.422274E+00     2.458795E+01
  4.483856E+00     2.436992E+01
  4.546295E+00     2.415355E+01
  4.609604E+00     2.393884E+01
  4.673795E+00     2.372580E+01
  4.738880E+00     2.351442E+01
  4.804870E+00     2.330468E+01
  4.871780E+00     2.309656E+01
  4.939622E+00     2.289003E+01
  5.008408E+00     2.268504E+01
  5.078152E+00     2.248158E+01
  5.148867E+00     2.227966E+01
  5.220568E+00     2.207930E+01
  5.293266E+00     2.188050E+01
  5.366977E+00     2.168326E+01
  5.441714E+00     2.148758E+01
  5.517492E+00     2.129344E+01
  5.594326E+00     2.110082E+01
  5.672229E+00     2.090970E+01
  5.751217E+00     2.072003E+01
  5.831305E+00     2.053180E+01
  5.912508E+00     2.034501E+01
  5.994843E+00     2.015969E+01
  6.078323E+00     1.997584E+01
  6.162966E+00     1.979346E+01
  6.248788E+00     1.961255E+01
  6.335805E+00     1.943309E+01
  6.424034E+00     1.925507E+01
  6.513491E+00     1.907847E+01
  6.604194E+00     1.890325E+01
  6.696160E+00     1.872939E+01
  6.789407E+00     1.855690E+01
  6.883952E+00     1.838579E+01
  6.979814E+00     1.821606E+01
  7.077011E+00     1.804772E+01
  7.175561E+00     1.788076E+01
  7.275484E+00     1.771518E+01
  7.376798E+00     1.755094E+01
  7.479523E+00     1.738802E+01
  7.583678E+00     1.722640E+01
  7.689284E+00     1.706605E+01
  7.796360E+00     1.690696E+01
  7.904928E+00     1.674917E+01
  8.015007E+00     1.659267E+01
  8.126619E+00     1.643746E+01
  8.239786E+00     1.628355E+01
  8.354528E+00     1.613091E+01
  8.470868E+00     1.597955E+01
  8.588829E+00     1.582942E+01
  8.708431E+00     1.568052E+01
  8.829700E+00     1.553280E+01
  8.952657E+00     1.538629E+01
  9.077327E+00     1.524098E+01
  9.203732E+00     1.509689E+01
  9.331898E+00     1.495401E+01
  9.461848E+00     1.481235E+01
  9.593608E+00     1.467190E+01
  9.727203E+00     1.453263E+01
  9.862658E+00     1.439454E+01
  1.000000E+01     1.425760E+01
  1.013925E+01     1.412177E+01
  1.028045E+01     1.398707E+01
  1.042361E+01     1.385350E+01
  1.056876E+01     1.372108E+01
  1.071593E+01     1.358979E+01
  1.086516E+01     1.345965E+01
  1.101646E+01     1.333063E+01
  1.116987E+01     1.320273E+01
  1.132541E+01     1.307594E+01
  1.148312E+01     1.295021E+01
  1.164303E+01     1.282554E+01
  1.180517E+01     1.270191E+01
  1.196956E+01     1.257935E+01
  1.213624E+01     1.245785E+01
  1.230524E+01     1.233741E+01
  1.247660E+01     1.221805E+01
  1.265034E+01     1.209974E+01
  1.282650E+01     1.198248E+01
  1.300511E+01     1.186625E+01
  1.318621E+01     1.175102E+01
  1.336984E+01     1.163678E+01
  1.355602E+01     1.152352E+01
  1.374479E+01     1.141125E+01
  1.393619E+01     1.129998E+01
  1.413026E+01     1.118970E+01
  1.432703E+01     1.108042E+01
  1.452654E+01     1.097213E+01
  1.472883E+01     1.086481E+01
  1.493393E+01     1.075846E+01
  1.514189E+01     1.065304E+01
  1.535275E+01     1.054854E+01
  1.556654E+01     1.044496E+01
  1.578331E+01     1.034229E+01
  1.600310E+01     1.024055E+01
  1.622595E+01     1.013974E+01
  1.645191E+01     1.003985E+01
  1.668101E+01     9.940885E+00
  1.691330E+01     9.842833E+00
  1.714882E+01     9.745678E+00
  1.738762E+01     9.649404E+00
  1.762975E+01     9.553987E+00
  1.787526E+01     9.459423E+00
  1.812418E+01     9.365718E+00
  1.837656E+01     9.272878E+00
  1.863246E+01     9.180904E+00
  1.889193E+01     9.089794E+00
  1.915501E+01     8.999543E+00
  1.942175E+01     8.910142E+00
  1.969220E+01     8.821578E+00
  1.996642E+01     8.733832E+00
  2.024447E+01     8.646884E+00
  2.052638E+01     8.560726E+00
  2.081222E+01     8.475365E+00
  2.110203E+01     8.390804E+00
  2.139589E+01     8.307046E+00
  2.169384E+01     8.224090E+00
  2.199593E+01     8.141929E+00
  2.230223E+01     8.060557E+00
  2.261280E+01     7.979961E+00
  2.292769E+01     7.900126E+00
  2.324697E+01     7.821031E+00
  2.357069E+01     7.742667E+00
  2.389893E+01     7.665041E+00
  2.423173E+01     7.588155E+00
  2.456916E+01     7.512011E+00
  2.491130E+01     7.436609E+00
  2.525820E+01     7.361943E+00
  2.560993E+01     7.288005E+00
  2.596656E+01     7.214785E+00
  2.632815E+01     7.142269E+00
  2.669478E+01     7.070436E+00
  2.706652E+01     6.999277E+00
  2.744343E+01     6.928798E+00
  2.782559E+01     6.859001E+00
  2.821308E+01     6.789890E+00
  2.860596E+01     6.721463E+00
  2.900430E+01     6.653718E+00
  2.940820E+01     6.586648E+00
  2.981772E+01     6.520243E+00
  3.023295E+01     6.454492E+00
  3.065395E+01     6.389378E+00
  3.108082E+01     6.324890E+00
  3.151363E+01     6.261032E+00
  3.195248E+01     6.197807E+00
  3.239743E+01     6.135216E+00
  3.284857E+01     6.073259E+00
  3.330600E+01     6.011930E+00
  3.376980E+01     5.951225E+00
  3.424006E+01     5.891132E+00
  3.471687E+01     5.831641E+00
  3.520031E+01     5.772734E+00
  3.569049E+01     5.714401E+00
  3.618750E+01     5.656642E+00
  3.669142E+01     5.599463E+00
  3.720237E+01     5.542864E+00
  3.772042E+01     5.486844E+00
  3.824570E+01     5.431401E+00
  3.877828E+01     5.376529E+00
  3.931829E+01     5.322221E+00
  3.986581E+01     5.268465E+00
  4.042096E+01     5.215248E+00
  4.098384E+01     5.162558E+00
  4.155455E+01     5.110396E+00
  4.213322E+01     5.058765E+00
  4.271994E+01     5.007668E+00
  4.331483E+01     4.957102E+00
  4.391801E+01     4.907066E+00
  4.452959E+01     4.857554E+00
  4.514968E+01     4.808560E+00
  4.577841E+01     4.760073E+00
  4.641589E+01     4.712080E+00
  4.706225E+01     4.664570E+00
  4.771761E+01     4.617543E+00
  4.838210E+01     4.571002E+00
  4.905584E+01     4.524949E+00
  4.973896E+01     4.479383E+00
  5.043159E+01     4.434302E+00
  5.113388E+01     4.389701E+00
  5.184594E+01     4.345574E+00
  5.256791E+01     4.301912E+00
  5.329994E+01     4.258703E+00
  5.404216E+01     4.215937E+00
  5.479472E+01     4.173613E+00
  5.555776E+01     4.131733E+00
  5.633143E+01     4.090298E+00
  5.711586E+01     4.049308E+00
  5.791123E+01     4.008761E+00
  5.871766E+01     3.968653E+00
  5.953533E+01     3.928977E+00
  6.036439E+01     3.889725E+00
  6.120498E+01     3.850887E+00
  6.205729E+01     3.812452E+00
  6.292146E+01     3.774419E+00
  6.379767E+01     3.736790E+00
  6.468608E+01     3.699565E+00
  6.558686E+01     3.662745E+00
  6.650018E+01     3.626329E+00
  6.742622E+01     3.590312E+00
  6.836516E+01     3.554689E+00
  6.931717E+01     3.519454E+00
  7.028244E+01     3.484597E+00
  7.126115E+01     3.450108E+00
  7.225349E+01     3.415985E+00
  7.325965E+01     3.382230E+00
  7.427982E+01     3.348845E+00
  7.531420E+01     3.315828E+00
  7.636298E+01     3.283180E+00
  7.742637E+01     3.250896E+00
  7.850456E+01     3.218972E+00
  7.959777E+01     3.187402E+00
  8.070620E+01     3.156178E+00
  8.183007E+01     3.125290E+00
  8.296959E+01     3.094736E+00
  8.412497E+01     3.064516E+00
  8.529644E+01     3.034633E+00
  8.648423E+01     3.005085E+00
  8.768856E+01     2.975870E+00
  8.890966E+01     2.946986E+00
  9.014776E+01     2.918428E+00
  9.140311E+01     2.890190E+00
  9.267593E+01     2.862264E+00
  9.396648E+01     2.834641E+00
  9.527500E+01     2.807317E+00
  9.660175E+01     2.780294E+00
  9.794697E+01     2.753574E+00
  9.931092E+01     2.727157E+00
  1.006939E+02     2.701041E+00
  1.020961E+02     2.675225E+00
  1.035178E+02     2.649705E+00
  1.049593E+02     2.624478E+00
  1.064209E+02     2.599536E+00
  1.079029E+02     2.574872E+00
  1.094055E+02     2.550482E+00
  1.109290E+02     2.526369E+00
  1.124737E+02     2.502531E+00
  1.140400E+02     2.478970E+00
  1.156280E+02     2.455685E+00
  1.172382E+02     2.432671E+00
  1.188708E+02     2.409927E+00
  1.205261E+02     2.387447E+00
  1.222045E+02     2.365226E+00
  1.239062E+02     2.343255E+00
  1.256317E+02     2.321530E+00
  1.273811E+02     2.300053E+00
  1.291550E+02     2.278825E+00
  1.309535E+02     2.257845E+00
  1.327771E+02     2.237113E+00
  1.346261E+02     2.216627E+00
  1.365008E+02     2.196385E+00
  1.384016E+02     2.176383E+00
  1.403289E+02     2.156616E+00
  1.422830E+02     2.137077E+00
  1.442644E+02     2.117763E+00
  1.462733E+02     2.098674E+00
  1.483103E+02     2.079811E+00
  1.503755E+02     2.061173E+00
  1.524696E+02     2.042760E+00
  1.545928E+02     2.024569E+00
  1.567455E+02     2.006598E+00
  1.589283E+02     1.988842E+00
  1.611414E+02     1.971298E+00
  1.633854E+02     1.953958E+00
  1.656606E+02     1.936818E+00
  1.679675E+02     1.919879E+00
  1.703065E+02     1.903142E+00
  1.726781E+02     1.886607E+00
  1.750827E+02     1.870274E+00
  1.775208E+02     1.854143E+00
  1.799929E+02     1.838210E+00
  1.824993E+02     1.822475E+00
  1.850407E+02     1.806933E+00
  1.876175E+02     1.791579E+00
  1.902301E+02     1.776410E+00
  1.928792E+02     1.761427E+00
  1.955651E+02     1.746629E+00
  1.982884E+02     1.732017E+00
  2.010496E+02     1.717590E+00
  2.038493E+02     1.703348E+00
  2.066880E+02     1.689287E+00
  2.095662E+02     1.675405E+00
  2.124845E+02     1.661699E+00
  2.154435E+02     1.648164E+00
  2.184436E+02     1.634796E+00
  2.214855E+02     1.621593E+00
  2.245698E+02     1.608557E+00
  2.276970E+02     1.595688E+00
  2.308678E+02     1.582985E+00
  2.340827E+02     1.570445E+00
  2.373424E+02     1.558069E+00
  2.406475E+02     1.545852E+00
  2.439986E+02     1.533790E+00
  2.473964E+02     1.521881E+00
  2.508415E+02     1.510118E+00
  2.543346E+02     1.498503E+00
  2.578763E+02     1.487035E+00
  2.614673E+02     1.475715E+00
  2.651084E+02     1.464543E+00
  2.688001E+02     1.453518E+00
  2.725433E+02     1.442640E+00
  2.763385E+02     1.431906E+00
  2.801867E+02     1.421313E+00
  2.840884E+02     1.410860E+00
  2.880444E+02     1.400542E+00
  2.920556E+02     1.390359E+00
  2.961225E+02     1.380311E+00
  3.002462E+02     1.370399E+00
  3.044272E+02     1.360622E+00
  3.086665E+02     1.350980E+00
  3.129648E+02     1.341471E+00
  3.173230E+02     1.332093E+00
  3.217418E+02     1.322845E+00
  3.262222E+02     1.313722E+00
  3.307650E+02     1.304721E+00
  3.353710E+02     1.295842E+00
  3.400412E+02     1.287085E+00
  3.447764E+02     1.278450E+00
  3.495776E+02     1.269937E+00
  3.544456E+02     1.261545E+00
  3.593814E+02     1.253273E+00
  3.643859E+02     1.245120E+00
  3.694601E+02     1.237084E+00
  3.746050E+02     1.229161E+00
  3.798215E+02     1.221349E+00
  3.851107E+02     1.213646E+00
  3.904735E+02     1.206053E+00
  3.959110E+02     1.198570E+00
  4.014242E+02     1.191197E+00
  4.070142E+02     1.183933E+00
  4.126821E+02     1.176777E+00
  4.184289E+02     1.169727E+00
  4.242556E+02     1.162782E+00
  4.301636E+02     1.155939E+00
  4.361538E+02     1.149194E+00
  4.422274E+02     1.142547E+00
  4.483856E+02     1.135999E+00
  4.546295E+02     1.129549E+00
  4.609604E+02     1.123198E+00
  4.673795E+02     1.116945E+00
  4.738880E+02     1.110790E+00
  4.804870E+02     1.104732E+00
  4.871780E+02     1.098768E+00
  4.939622E+02     1.092898E+00
  5.008408E+02     1.087119E+00
  5.078152E+02     1.081431E+00
  5.148867E+02     1.075832E+00
  5.220568E+02     1.070324E+00
  5.293266E+02     1.064905E+00
  5.366977E+02     1.059576E+00
  5.441714E+02     1.054336E+00
  5.517492E+02     1.049183E+00
  5.594326E+02     1.044116E+00
  5.672229E+02     1.039132E+00
  5.751217E+02     1.034230E+00
  5.831305E+02     1.029408E+00
  5.912508E+02     1.024666E+00
  5.994843E+02     1.020004E+00
  6.078323E+02     1.015421E+00
  6.162966E+02     1.010918E+00
  6.248788E+02     1.006493E+00
  6.335805E+02     1.002146E+00
  6.424034E+02     9.978749E-01
  6.513491E+02     9.936780E-01
  6.604194E+02     9.895533E-01
  6.696160E+02     9.854990E-01
  6.789407E+02     9.815151E-01
  6.883952E+02     9.776015E-01
  6.979814E+02     9.737577E-01
  7.077011E+02     9.699831E-01
  7.175561E+02     9.662768E-01
  7.275484E+02     9.626375E-01
  7.376798E+02     9.590639E-01
  7.479523E+02     9.555539E-01
  7.583678E+02     9.521055E-01
  7.689284E+02     9.487172E-01
  7.796360E+02     9.453897E-01
  7.904928E+02     9.421242E-01
  8.015007E+02     9.389217E-01
  8.126619E+02     9.357832E-01
  8.239786E+02     9.327095E-01
  8.354528E+02     9.297013E-01
  8.470868E+02     9.267590E-01
  8.588829E+02     9.238832E-01
  8.708431E+02     9.210741E-01
  8.829700E+02     9.183305E-01
  8.952657E+02     9.156467E-01
  9.077327E+02     9.130158E-01
  9.203732E+02     9.104300E-01
  9.331898E+02     9.078807E-01
  9.461848E+02     9.053584E-01
  9.593608E+02     9.028528E-01
  9.727203E+02     9.003524E-01
  9.862658E+02     8.978450E-01
  1.000000E+03     8.953169E-01
