FILE CREATED BY  : PROGRAM DPASS - VERSION 2.00
DATABASE VERSION : 21.06
DATE AND TIME    : 09/08/2022 21:10:28
PROJECTILE       : Ti
TARGET           : At
TARGET AT. MASS  : 2.099870E+02
TARGET DENSITY   : 6.350000E+00 g/cm^3
TABULATED OUTPUT : STOPPING FORCE VERSUS ENERGY
DATA TYPE        : SPLINE INTERPOLATED
ABSCISSA UNITS   : MeV/u
ORDINATE UNITS   : eV/nm


      E/n             S(E/n)

  1.000000E-03     3.061761E+02
  1.013925E-03     3.083475E+02
  1.028045E-03     3.105478E+02
  1.042361E-03     3.127758E+02
  1.056876E-03     3.150304E+02
  1.071593E-03     3.173102E+02
  1.086516E-03     3.196137E+02
  1.101646E-03     3.219394E+02
  1.116987E-03     3.242854E+02
  1.132541E-03     3.266500E+02
  1.148312E-03     3.290309E+02
  1.164303E-03     3.314263E+02
  1.180517E-03     3.338362E+02
  1.196956E-03     3.362609E+02
  1.213624E-03     3.387012E+02
  1.230524E-03     3.411576E+02
  1.247660E-03     3.436309E+02
  1.265034E-03     3.461217E+02
  1.282650E-03     3.486311E+02
  1.300511E-03     3.511598E+02
  1.318621E-03     3.537089E+02
  1.336984E-03     3.562793E+02
  1.355602E-03     3.588714E+02
  1.374479E-03     3.614851E+02
  1.393619E-03     3.641204E+02
  1.413026E-03     3.667774E+02
  1.432703E-03     3.694560E+02
  1.452654E-03     3.721562E+02
  1.472883E-03     3.748780E+02
  1.493393E-03     3.776213E+02
  1.514189E-03     3.803863E+02
  1.535275E-03     3.831727E+02
  1.556654E-03     3.859808E+02
  1.578331E-03     3.888107E+02
  1.600310E-03     3.916627E+02
  1.622595E-03     3.945370E+02
  1.645191E-03     3.974337E+02
  1.668101E-03     4.003533E+02
  1.691330E-03     4.032959E+02
  1.714882E-03     4.062620E+02
  1.738762E-03     4.092517E+02
  1.762975E-03     4.122656E+02
  1.787526E-03     4.153037E+02
  1.812418E-03     4.183663E+02
  1.837656E-03     4.214535E+02
  1.863246E-03     4.245655E+02
  1.889193E-03     4.277025E+02
  1.915501E-03     4.308648E+02
  1.942175E-03     4.340524E+02
  1.969220E-03     4.372657E+02
  1.996642E-03     4.405048E+02
  2.024447E-03     4.437701E+02
  2.052638E-03     4.470618E+02
  2.081222E-03     4.503801E+02
  2.110203E-03     4.537251E+02
  2.139589E-03     4.570971E+02
  2.169384E-03     4.604963E+02
  2.199593E-03     4.639230E+02
  2.230223E-03     4.673774E+02
  2.261280E-03     4.708597E+02
  2.292769E-03     4.743704E+02
  2.324697E-03     4.779097E+02
  2.357069E-03     4.814779E+02
  2.389893E-03     4.850751E+02
  2.423173E-03     4.887016E+02
  2.456916E-03     4.923577E+02
  2.491130E-03     4.960435E+02
  2.525820E-03     4.997592E+02
  2.560993E-03     5.035053E+02
  2.596656E-03     5.072819E+02
  2.632815E-03     5.110893E+02
  2.669478E-03     5.149280E+02
  2.706652E-03     5.187981E+02
  2.744343E-03     5.226999E+02
  2.782559E-03     5.266337E+02
  2.821308E-03     5.305997E+02
  2.860596E-03     5.345981E+02
  2.900430E-03     5.386292E+02
  2.940820E-03     5.426934E+02
  2.981772E-03     5.467910E+02
  3.023295E-03     5.509223E+02
  3.065395E-03     5.550877E+02
  3.108082E-03     5.592875E+02
  3.151363E-03     5.635219E+02
  3.195248E-03     5.677912E+02
  3.239743E-03     5.720957E+02
  3.284857E-03     5.764355E+02
  3.330600E-03     5.808111E+02
  3.376980E-03     5.852227E+02
  3.424006E-03     5.896705E+02
  3.471687E-03     5.941551E+02
  3.520031E-03     5.986767E+02
  3.569049E-03     6.032356E+02
  3.618750E-03     6.078322E+02
  3.669142E-03     6.124666E+02
  3.720237E-03     6.171392E+02
  3.772042E-03     6.218501E+02
  3.824570E-03     6.265998E+02
  3.877828E-03     6.313886E+02
  3.931829E-03     6.362167E+02
  3.986581E-03     6.410845E+02
  4.042096E-03     6.459924E+02
  4.098384E-03     6.509408E+02
  4.155455E-03     6.559300E+02
  4.213322E-03     6.609601E+02
  4.271994E-03     6.660314E+02
  4.331483E-03     6.711443E+02
  4.391801E-03     6.762989E+02
  4.452959E-03     6.814957E+02
  4.514968E-03     6.867348E+02
  4.577841E-03     6.920167E+02
  4.641589E-03     6.973418E+02
  4.706225E-03     7.027104E+02
  4.771761E-03     7.081227E+02
  4.838210E-03     7.135791E+02
  4.905584E-03     7.190797E+02
  4.973896E-03     7.246248E+02
  5.043159E-03     7.302148E+02
  5.113388E-03     7.358499E+02
  5.184594E-03     7.415304E+02
  5.256791E-03     7.472567E+02
  5.329994E-03     7.530292E+02
  5.404216E-03     7.588482E+02
  5.479472E-03     7.647140E+02
  5.555776E-03     7.706268E+02
  5.633143E-03     7.765869E+02
  5.711586E-03     7.825943E+02
  5.791123E-03     7.886495E+02
  5.871766E-03     7.947527E+02
  5.953533E-03     8.009042E+02
  6.036439E-03     8.071043E+02
  6.120498E-03     8.133533E+02
  6.205729E-03     8.196516E+02
  6.292146E-03     8.259993E+02
  6.379767E-03     8.323968E+02
  6.468608E-03     8.388442E+02
  6.558686E-03     8.453417E+02
  6.650018E-03     8.518896E+02
  6.742622E-03     8.584881E+02
  6.836516E-03     8.651376E+02
  6.931717E-03     8.718382E+02
  7.028244E-03     8.785903E+02
  7.126115E-03     8.853943E+02
  7.225349E-03     8.922503E+02
  7.325965E-03     8.991586E+02
  7.427982E-03     9.061192E+02
  7.531420E-03     9.131323E+02
  7.636298E-03     9.201982E+02
  7.742637E-03     9.273170E+02
  7.850456E-03     9.344889E+02
  7.959777E-03     9.417142E+02
  8.070620E-03     9.489931E+02
  8.183007E-03     9.563259E+02
  8.296959E-03     9.637128E+02
  8.412497E-03     9.711540E+02
  8.529644E-03     9.786494E+02
  8.648423E-03     9.861992E+02
  8.768856E-03     9.938035E+02
  8.890966E-03     1.001463E+03
  9.014776E-03     1.009177E+03
  9.140311E-03     1.016946E+03
  9.267593E-03     1.024770E+03
  9.396648E-03     1.032650E+03
  9.527500E-03     1.040585E+03
  9.660175E-03     1.048576E+03
  9.794697E-03     1.056623E+03
  9.931092E-03     1.064726E+03
  1.006939E-02     1.072884E+03
  1.020961E-02     1.081098E+03
  1.035178E-02     1.089368E+03
  1.049593E-02     1.097694E+03
  1.064209E-02     1.106076E+03
  1.079029E-02     1.114514E+03
  1.094055E-02     1.123009E+03
  1.109290E-02     1.131560E+03
  1.124737E-02     1.140168E+03
  1.140400E-02     1.148831E+03
  1.156280E-02     1.157552E+03
  1.172382E-02     1.166328E+03
  1.188708E-02     1.175162E+03
  1.205261E-02     1.184052E+03
  1.222045E-02     1.192999E+03
  1.239062E-02     1.202004E+03
  1.256317E-02     1.211066E+03
  1.273811E-02     1.220185E+03
  1.291550E-02     1.229362E+03
  1.309535E-02     1.238596E+03
  1.327771E-02     1.247889E+03
  1.346261E-02     1.257240E+03
  1.365008E-02     1.266649E+03
  1.384016E-02     1.276118E+03
  1.403289E-02     1.285646E+03
  1.422830E-02     1.295233E+03
  1.442644E-02     1.304881E+03
  1.462733E-02     1.314588E+03
  1.483103E-02     1.324355E+03
  1.503755E-02     1.334181E+03
  1.524696E-02     1.344065E+03
  1.545928E-02     1.354008E+03
  1.567455E-02     1.364009E+03
  1.589283E-02     1.374068E+03
  1.611414E-02     1.384184E+03
  1.633854E-02     1.394357E+03
  1.656606E-02     1.404587E+03
  1.679675E-02     1.414872E+03
  1.703065E-02     1.425213E+03
  1.726781E-02     1.435609E+03
  1.750827E-02     1.446059E+03
  1.775208E-02     1.456562E+03
  1.799929E-02     1.467118E+03
  1.824993E-02     1.477726E+03
  1.850407E-02     1.488385E+03
  1.876175E-02     1.499095E+03
  1.902301E-02     1.509855E+03
  1.928792E-02     1.520665E+03
  1.955651E-02     1.531523E+03
  1.982884E-02     1.542428E+03
  2.010496E-02     1.553382E+03
  2.038493E-02     1.564381E+03
  2.066880E-02     1.575427E+03
  2.095662E-02     1.586517E+03
  2.124845E-02     1.597653E+03
  2.154435E-02     1.608832E+03
  2.184436E-02     1.620055E+03
  2.214855E-02     1.631321E+03
  2.245698E-02     1.642630E+03
  2.276970E-02     1.653980E+03
  2.308678E-02     1.665371E+03
  2.340827E-02     1.676804E+03
  2.373424E-02     1.688277E+03
  2.406475E-02     1.699791E+03
  2.439986E-02     1.711345E+03
  2.473964E-02     1.722938E+03
  2.508415E-02     1.734572E+03
  2.543346E-02     1.746246E+03
  2.578763E-02     1.757958E+03
  2.614673E-02     1.769710E+03
  2.651084E-02     1.781502E+03
  2.688001E-02     1.793332E+03
  2.725433E-02     1.805202E+03
  2.763385E-02     1.817111E+03
  2.801867E-02     1.829060E+03
  2.840884E-02     1.841050E+03
  2.880444E-02     1.853080E+03
  2.920556E-02     1.865152E+03
  2.961225E-02     1.877265E+03
  3.002462E-02     1.889420E+03
  3.044272E-02     1.901616E+03
  3.086665E-02     1.913855E+03
  3.129648E-02     1.926138E+03
  3.173230E-02     1.938464E+03
  3.217418E-02     1.950835E+03
  3.262222E-02     1.963253E+03
  3.307650E-02     1.975718E+03
  3.353710E-02     1.988232E+03
  3.400412E-02     2.000794E+03
  3.447764E-02     2.013406E+03
  3.495776E-02     2.026069E+03
  3.544456E-02     2.038784E+03
  3.593814E-02     2.051551E+03
  3.643859E-02     2.064373E+03
  3.694601E-02     2.077251E+03
  3.746050E-02     2.090186E+03
  3.798215E-02     2.103182E+03
  3.851107E-02     2.116239E+03
  3.904735E-02     2.129359E+03
  3.959110E-02     2.142542E+03
  4.014242E-02     2.155791E+03
  4.070142E-02     2.169106E+03
  4.126821E-02     2.182490E+03
  4.184289E-02     2.195944E+03
  4.242556E-02     2.209471E+03
  4.301636E-02     2.223073E+03
  4.361538E-02     2.236753E+03
  4.422274E-02     2.250514E+03
  4.483856E-02     2.264355E+03
  4.546295E-02     2.278279E+03
  4.609604E-02     2.292287E+03
  4.673795E-02     2.306380E+03
  4.738880E-02     2.320561E+03
  4.804870E-02     2.334831E+03
  4.871780E-02     2.349193E+03
  4.939622E-02     2.363650E+03
  5.008408E-02     2.378203E+03
  5.078152E-02     2.392856E+03
  5.148867E-02     2.407610E+03
  5.220568E-02     2.422467E+03
  5.293266E-02     2.437431E+03
  5.366977E-02     2.452502E+03
  5.441714E-02     2.467685E+03
  5.517492E-02     2.482983E+03
  5.594326E-02     2.498398E+03
  5.672229E-02     2.513934E+03
  5.751217E-02     2.529596E+03
  5.831305E-02     2.545385E+03
  5.912508E-02     2.561305E+03
  5.994843E-02     2.577355E+03
  6.078323E-02     2.593537E+03
  6.162966E-02     2.609853E+03
  6.248788E-02     2.626304E+03
  6.335805E-02     2.642893E+03
  6.424034E-02     2.659621E+03
  6.513491E-02     2.676489E+03
  6.604194E-02     2.693501E+03
  6.696160E-02     2.710657E+03
  6.789407E-02     2.727956E+03
  6.883952E-02     2.745397E+03
  6.979814E-02     2.762977E+03
  7.077011E-02     2.780696E+03
  7.175561E-02     2.798550E+03
  7.275484E-02     2.816538E+03
  7.376798E-02     2.834658E+03
  7.479523E-02     2.852906E+03
  7.583678E-02     2.871281E+03
  7.689284E-02     2.889778E+03
  7.796360E-02     2.908397E+03
  7.904928E-02     2.927136E+03
  8.015007E-02     2.945991E+03
  8.126619E-02     2.964960E+03
  8.239786E-02     2.984042E+03
  8.354528E-02     3.003234E+03
  8.470868E-02     3.022532E+03
  8.588829E-02     3.041934E+03
  8.708431E-02     3.061437E+03
  8.829700E-02     3.081037E+03
  8.952657E-02     3.100733E+03
  9.077327E-02     3.120521E+03
  9.203732E-02     3.140401E+03
  9.331898E-02     3.160369E+03
  9.461848E-02     3.180423E+03
  9.593608E-02     3.200561E+03
  9.727203E-02     3.220779E+03
  9.862658E-02     3.241076E+03
  1.000000E-01     3.261448E+03
  1.013925E-01     3.281893E+03
  1.028045E-01     3.302409E+03
  1.042361E-01     3.322992E+03
  1.056876E-01     3.343641E+03
  1.071593E-01     3.364353E+03
  1.086516E-01     3.385125E+03
  1.101646E-01     3.405955E+03
  1.116987E-01     3.426840E+03
  1.132541E-01     3.447778E+03
  1.148312E-01     3.468767E+03
  1.164303E-01     3.489803E+03
  1.180517E-01     3.510885E+03
  1.196956E-01     3.532009E+03
  1.213624E-01     3.553174E+03
  1.230524E-01     3.574375E+03
  1.247660E-01     3.595612E+03
  1.265034E-01     3.616882E+03
  1.282650E-01     3.638182E+03
  1.300511E-01     3.659510E+03
  1.318621E-01     3.680864E+03
  1.336984E-01     3.702242E+03
  1.355602E-01     3.723641E+03
  1.374479E-01     3.745058E+03
  1.393619E-01     3.766492E+03
  1.413026E-01     3.787939E+03
  1.432703E-01     3.809397E+03
  1.452654E-01     3.830865E+03
  1.472883E-01     3.852339E+03
  1.493393E-01     3.873819E+03
  1.514189E-01     3.895301E+03
  1.535275E-01     3.916786E+03
  1.556654E-01     3.938270E+03
  1.578331E-01     3.959750E+03
  1.600310E-01     3.981225E+03
  1.622595E-01     4.002692E+03
  1.645191E-01     4.024149E+03
  1.668101E-01     4.045595E+03
  1.691330E-01     4.067027E+03
  1.714882E-01     4.088443E+03
  1.738762E-01     4.109844E+03
  1.762975E-01     4.131227E+03
  1.787526E-01     4.152592E+03
  1.812418E-01     4.173936E+03
  1.837656E-01     4.195256E+03
  1.863246E-01     4.216551E+03
  1.889193E-01     4.237819E+03
  1.915501E-01     4.259059E+03
  1.942175E-01     4.280270E+03
  1.969220E-01     4.301451E+03
  1.996642E-01     4.322601E+03
  2.024447E-01     4.343721E+03
  2.052638E-01     4.364809E+03
  2.081222E-01     4.385864E+03
  2.110203E-01     4.406883E+03
  2.139589E-01     4.427866E+03
  2.169384E-01     4.448810E+03
  2.199593E-01     4.469716E+03
  2.230223E-01     4.490581E+03
  2.261280E-01     4.511407E+03
  2.292769E-01     4.532194E+03
  2.324697E-01     4.552941E+03
  2.357069E-01     4.573650E+03
  2.389893E-01     4.594317E+03
  2.423173E-01     4.614942E+03
  2.456916E-01     4.635523E+03
  2.491130E-01     4.656059E+03
  2.525820E-01     4.676550E+03
  2.560993E-01     4.696996E+03
  2.596656E-01     4.717396E+03
  2.632815E-01     4.737751E+03
  2.669478E-01     4.758063E+03
  2.706652E-01     4.778331E+03
  2.744343E-01     4.798555E+03
  2.782559E-01     4.818732E+03
  2.821308E-01     4.838861E+03
  2.860596E-01     4.858941E+03
  2.900430E-01     4.878973E+03
  2.940820E-01     4.898955E+03
  2.981772E-01     4.918888E+03
  3.023295E-01     4.938773E+03
  3.065395E-01     4.958612E+03
  3.108082E-01     4.978403E+03
  3.151363E-01     4.998146E+03
  3.195248E-01     5.017840E+03
  3.239743E-01     5.037481E+03
  3.284857E-01     5.057069E+03
  3.330600E-01     5.076603E+03
  3.376980E-01     5.096083E+03
  3.424006E-01     5.115508E+03
  3.471687E-01     5.134879E+03
  3.520031E-01     5.154196E+03
  3.569049E-01     5.173459E+03
  3.618750E-01     5.192668E+03
  3.669142E-01     5.211819E+03
  3.720237E-01     5.230913E+03
  3.772042E-01     5.249948E+03
  3.824570E-01     5.268924E+03
  3.877828E-01     5.287840E+03
  3.931829E-01     5.306696E+03
  3.986581E-01     5.325494E+03
  4.042096E-01     5.344235E+03
  4.098384E-01     5.362918E+03
  4.155455E-01     5.381544E+03
  4.213322E-01     5.400109E+03
  4.271994E-01     5.418613E+03
  4.331483E-01     5.437053E+03
  4.391801E-01     5.455431E+03
  4.452959E-01     5.473744E+03
  4.514968E-01     5.491992E+03
  4.577841E-01     5.510177E+03
  4.641589E-01     5.528298E+03
  4.706225E-01     5.546356E+03
  4.771761E-01     5.564347E+03
  4.838210E-01     5.582264E+03
  4.905584E-01     5.600103E+03
  4.973896E-01     5.617858E+03
  5.043159E-01     5.635523E+03
  5.113388E-01     5.653093E+03
  5.184594E-01     5.670562E+03
  5.256791E-01     5.687925E+03
  5.329994E-01     5.705176E+03
  5.404216E-01     5.722310E+03
  5.479472E-01     5.739322E+03
  5.555776E-01     5.756206E+03
  5.633143E-01     5.772959E+03
  5.711586E-01     5.789574E+03
  5.791123E-01     5.806049E+03
  5.871766E-01     5.822378E+03
  5.953533E-01     5.838557E+03
  6.036439E-01     5.854583E+03
  6.120498E-01     5.870452E+03
  6.205729E-01     5.886161E+03
  6.292146E-01     5.901705E+03
  6.379767E-01     5.917081E+03
  6.468608E-01     5.932283E+03
  6.558686E-01     5.947309E+03
  6.650018E-01     5.962155E+03
  6.742622E-01     5.976818E+03
  6.836516E-01     5.991296E+03
  6.931717E-01     6.005585E+03
  7.028244E-01     6.019684E+03
  7.126115E-01     6.033592E+03
  7.225349E-01     6.047307E+03
  7.325965E-01     6.060824E+03
  7.427982E-01     6.074141E+03
  7.531420E-01     6.087256E+03
  7.636298E-01     6.100168E+03
  7.742637E-01     6.112874E+03
  7.850456E-01     6.125373E+03
  7.959777E-01     6.137667E+03
  8.070620E-01     6.149755E+03
  8.183007E-01     6.161638E+03
  8.296959E-01     6.173313E+03
  8.412497E-01     6.184774E+03
  8.529644E-01     6.196018E+03
  8.648423E-01     6.207038E+03
  8.768856E-01     6.217830E+03
  8.890966E-01     6.228389E+03
  9.014776E-01     6.238712E+03
  9.140311E-01     6.248794E+03
  9.267593E-01     6.258631E+03
  9.396648E-01     6.268221E+03
  9.527500E-01     6.277563E+03
  9.660175E-01     6.286655E+03
  9.794697E-01     6.295499E+03
  9.931092E-01     6.304096E+03
  1.006939E+00     6.312449E+03
  1.020961E+00     6.320560E+03
  1.035178E+00     6.328434E+03
  1.049593E+00     6.336075E+03
  1.064209E+00     6.343490E+03
  1.079029E+00     6.350686E+03
  1.094055E+00     6.357668E+03
  1.109290E+00     6.364436E+03
  1.124737E+00     6.370993E+03
  1.140400E+00     6.377341E+03
  1.156280E+00     6.383483E+03
  1.172382E+00     6.389424E+03
  1.188708E+00     6.395168E+03
  1.205261E+00     6.400722E+03
  1.222045E+00     6.406092E+03
  1.239062E+00     6.411288E+03
  1.256317E+00     6.416311E+03
  1.273811E+00     6.421160E+03
  1.291550E+00     6.425830E+03
  1.309535E+00     6.430319E+03
  1.327771E+00     6.434624E+03
  1.346261E+00     6.438741E+03
  1.365008E+00     6.442667E+03
  1.384016E+00     6.446400E+03
  1.403289E+00     6.449939E+03
  1.422830E+00     6.453280E+03
  1.442644E+00     6.456421E+03
  1.462733E+00     6.459358E+03
  1.483103E+00     6.462087E+03
  1.503755E+00     6.464602E+03
  1.524696E+00     6.466900E+03
  1.545928E+00     6.468976E+03
  1.567455E+00     6.470826E+03
  1.589283E+00     6.472446E+03
  1.611414E+00     6.473834E+03
  1.633854E+00     6.474984E+03
  1.656606E+00     6.475895E+03
  1.679675E+00     6.476562E+03
  1.703065E+00     6.476984E+03
  1.726781E+00     6.477158E+03
  1.750827E+00     6.477082E+03
  1.775208E+00     6.476754E+03
  1.799929E+00     6.476172E+03
  1.824993E+00     6.475337E+03
  1.850407E+00     6.474247E+03
  1.876175E+00     6.472903E+03
  1.902301E+00     6.471304E+03
  1.928792E+00     6.469448E+03
  1.955651E+00     6.467333E+03
  1.982884E+00     6.464957E+03
  2.010496E+00     6.462317E+03
  2.038493E+00     6.459413E+03
  2.066880E+00     6.456243E+03
  2.095662E+00     6.452807E+03
  2.124845E+00     6.449105E+03
  2.154435E+00     6.445137E+03
  2.184436E+00     6.440903E+03
  2.214855E+00     6.436401E+03
  2.245698E+00     6.431629E+03
  2.276970E+00     6.426582E+03
  2.308678E+00     6.421260E+03
  2.340827E+00     6.415659E+03
  2.373424E+00     6.409779E+03
  2.406475E+00     6.403617E+03
  2.439986E+00     6.397173E+03
  2.473964E+00     6.390446E+03
  2.508415E+00     6.383435E+03
  2.543346E+00     6.376142E+03
  2.578763E+00     6.368566E+03
  2.614673E+00     6.360707E+03
  2.651084E+00     6.352569E+03
  2.688001E+00     6.344151E+03
  2.725433E+00     6.335458E+03
  2.763385E+00     6.326492E+03
  2.801867E+00     6.317258E+03
  2.840884E+00     6.307760E+03
  2.880444E+00     6.298004E+03
  2.920556E+00     6.287990E+03
  2.961225E+00     6.277717E+03
  3.002462E+00     6.267184E+03
  3.044272E+00     6.256392E+03
  3.086665E+00     6.245339E+03
  3.129648E+00     6.234026E+03
  3.173230E+00     6.222454E+03
  3.217418E+00     6.210624E+03
  3.262222E+00     6.198538E+03
  3.307650E+00     6.186197E+03
  3.353710E+00     6.173602E+03
  3.400412E+00     6.160754E+03
  3.447764E+00     6.147654E+03
  3.495776E+00     6.134301E+03
  3.544456E+00     6.120698E+03
  3.593814E+00     6.106847E+03
  3.643859E+00     6.092750E+03
  3.694601E+00     6.078410E+03
  3.746050E+00     6.063830E+03
  3.798215E+00     6.049015E+03
  3.851107E+00     6.033966E+03
  3.904735E+00     6.018683E+03
  3.959110E+00     6.003168E+03
  4.014242E+00     5.987421E+03
  4.070142E+00     5.971443E+03
  4.126821E+00     5.955237E+03
  4.184289E+00     5.938805E+03
  4.242556E+00     5.922149E+03
  4.301636E+00     5.905272E+03
  4.361538E+00     5.888177E+03
  4.422274E+00     5.870866E+03
  4.483856E+00     5.853342E+03
  4.546295E+00     5.835604E+03
  4.609604E+00     5.817654E+03
  4.673795E+00     5.799495E+03
  4.738880E+00     5.781128E+03
  4.804870E+00     5.762557E+03
  4.871780E+00     5.743783E+03
  4.939622E+00     5.724810E+03
  5.008408E+00     5.705641E+03
  5.078152E+00     5.686280E+03
  5.148867E+00     5.666728E+03
  5.220568E+00     5.646987E+03
  5.293266E+00     5.627057E+03
  5.366977E+00     5.606942E+03
  5.441714E+00     5.586644E+03
  5.517492E+00     5.566164E+03
  5.594326E+00     5.545507E+03
  5.672229E+00     5.524675E+03
  5.751217E+00     5.503672E+03
  5.831305E+00     5.482501E+03
  5.912508E+00     5.461163E+03
  5.994843E+00     5.439661E+03
  6.078323E+00     5.417995E+03
  6.162966E+00     5.396169E+03
  6.248788E+00     5.374185E+03
  6.335805E+00     5.352046E+03
  6.424034E+00     5.329753E+03
  6.513491E+00     5.307311E+03
  6.604194E+00     5.284722E+03
  6.696160E+00     5.261989E+03
  6.789407E+00     5.239114E+03
  6.883952E+00     5.216101E+03
  6.979814E+00     5.192950E+03
  7.077011E+00     5.169666E+03
  7.175561E+00     5.146250E+03
  7.275484E+00     5.122706E+03
  7.376798E+00     5.099036E+03
  7.479523E+00     5.075243E+03
  7.583678E+00     5.051332E+03
  7.689284E+00     5.027305E+03
  7.796360E+00     5.003164E+03
  7.904928E+00     4.978913E+03
  8.015007E+00     4.954553E+03
  8.126619E+00     4.930089E+03
  8.239786E+00     4.905522E+03
  8.354528E+00     4.880856E+03
  8.470868E+00     4.856093E+03
  8.588829E+00     4.831236E+03
  8.708431E+00     4.806289E+03
  8.829700E+00     4.781255E+03
  8.952657E+00     4.756135E+03
  9.077327E+00     4.730933E+03
  9.203732E+00     4.705652E+03
  9.331898E+00     4.680292E+03
  9.461848E+00     4.654858E+03
  9.593608E+00     4.629352E+03
  9.727203E+00     4.603775E+03
  9.862658E+00     4.578131E+03
  1.000000E+01     4.552421E+03
  1.013925E+01     4.526647E+03
  1.028045E+01     4.500813E+03
  1.042361E+01     4.474922E+03
  1.056876E+01     4.448975E+03
  1.071593E+01     4.422977E+03
  1.086516E+01     4.396930E+03
  1.101646E+01     4.370836E+03
  1.116987E+01     4.344698E+03
  1.132541E+01     4.318519E+03
  1.148312E+01     4.292301E+03
  1.164303E+01     4.266047E+03
  1.180517E+01     4.239758E+03
  1.196956E+01     4.213439E+03
  1.213624E+01     4.187093E+03
  1.230524E+01     4.160722E+03
  1.247660E+01     4.134329E+03
  1.265034E+01     4.107918E+03
  1.282650E+01     4.081491E+03
  1.300511E+01     4.055049E+03
  1.318621E+01     4.028596E+03
  1.336984E+01     4.002134E+03
  1.355602E+01     3.975665E+03
  1.374479E+01     3.949193E+03
  1.393619E+01     3.922722E+03
  1.413026E+01     3.896254E+03
  1.432703E+01     3.869794E+03
  1.452654E+01     3.843343E+03
  1.472883E+01     3.816904E+03
  1.493393E+01     3.790481E+03
  1.514189E+01     3.764074E+03
  1.535275E+01     3.737687E+03
  1.556654E+01     3.711322E+03
  1.578331E+01     3.684983E+03
  1.600310E+01     3.658672E+03
  1.622595E+01     3.632394E+03
  1.645191E+01     3.606151E+03
  1.668101E+01     3.579945E+03
  1.691330E+01     3.553780E+03
  1.714882E+01     3.527656E+03
  1.738762E+01     3.501576E+03
  1.762975E+01     3.475541E+03
  1.787526E+01     3.449554E+03
  1.812418E+01     3.423618E+03
  1.837656E+01     3.397737E+03
  1.863246E+01     3.371913E+03
  1.889193E+01     3.346149E+03
  1.915501E+01     3.320449E+03
  1.942175E+01     3.294813E+03
  1.969220E+01     3.269244E+03
  1.996642E+01     3.243743E+03
  2.024447E+01     3.218311E+03
  2.052638E+01     3.192950E+03
  2.081222E+01     3.167664E+03
  2.110203E+01     3.142457E+03
  2.139589E+01     3.117331E+03
  2.169384E+01     3.092291E+03
  2.199593E+01     3.067337E+03
  2.230223E+01     3.042473E+03
  2.261280E+01     3.017701E+03
  2.292769E+01     2.993021E+03
  2.324697E+01     2.968435E+03
  2.357069E+01     2.943944E+03
  2.389893E+01     2.919552E+03
  2.423173E+01     2.895261E+03
  2.456916E+01     2.871075E+03
  2.491130E+01     2.846995E+03
  2.525820E+01     2.823024E+03
  2.560993E+01     2.799162E+03
  2.596656E+01     2.775410E+03
  2.632815E+01     2.751769E+03
  2.669478E+01     2.728237E+03
  2.706652E+01     2.704817E+03
  2.744343E+01     2.681511E+03
  2.782559E+01     2.658323E+03
  2.821308E+01     2.635256E+03
  2.860596E+01     2.612313E+03
  2.900430E+01     2.589495E+03
  2.940820E+01     2.566805E+03
  2.981772E+01     2.544244E+03
  3.023295E+01     2.521813E+03
  3.065395E+01     2.499512E+03
  3.108082E+01     2.477341E+03
  3.151363E+01     2.455303E+03
  3.195248E+01     2.433401E+03
  3.239743E+01     2.411635E+03
  3.284857E+01     2.390009E+03
  3.330600E+01     2.368522E+03
  3.376980E+01     2.347175E+03
  3.424006E+01     2.325967E+03
  3.471687E+01     2.304897E+03
  3.520031E+01     2.283964E+03
  3.569049E+01     2.263166E+03
  3.618750E+01     2.242506E+03
  3.669142E+01     2.221986E+03
  3.720237E+01     2.201610E+03
  3.772042E+01     2.181379E+03
  3.824570E+01     2.161294E+03
  3.877828E+01     2.141357E+03
  3.931829E+01     2.121567E+03
  3.986581E+01     2.101925E+03
  4.042096E+01     2.082429E+03
  4.098384E+01     2.063079E+03
  4.155455E+01     2.043876E+03
  4.213322E+01     2.024822E+03
  4.271994E+01     2.005918E+03
  4.331483E+01     1.987167E+03
  4.391801E+01     1.968567E+03
  4.452959E+01     1.950118E+03
  4.514968E+01     1.931820E+03
  4.577841E+01     1.913671E+03
  4.641589E+01     1.895668E+03
  4.706225E+01     1.877809E+03
  4.771761E+01     1.860096E+03
  4.838210E+01     1.842530E+03
  4.905584E+01     1.825113E+03
  4.973896E+01     1.807846E+03
  5.043159E+01     1.790730E+03
  5.113388E+01     1.773765E+03
  5.184594E+01     1.756950E+03
  5.256791E+01     1.740284E+03
  5.329994E+01     1.723765E+03
  5.404216E+01     1.707391E+03
  5.479472E+01     1.691163E+03
  5.555776E+01     1.675082E+03
  5.633143E+01     1.659150E+03
  5.711586E+01     1.643366E+03
  5.791123E+01     1.627730E+03
  5.871766E+01     1.612243E+03
  5.953533E+01     1.596902E+03
  6.036439E+01     1.581706E+03
  6.120498E+01     1.566651E+03
  6.205729E+01     1.551736E+03
  6.292146E+01     1.536960E+03
  6.379767E+01     1.522324E+03
  6.468608E+01     1.507830E+03
  6.558686E+01     1.493478E+03
  6.650018E+01     1.479268E+03
  6.742622E+01     1.465200E+03
  6.836516E+01     1.451272E+03
  6.931717E+01     1.437483E+03
  7.028244E+01     1.423831E+03
  7.126115E+01     1.410312E+03
  7.225349E+01     1.396927E+03
  7.325965E+01     1.383676E+03
  7.427982E+01     1.370560E+03
  7.531420E+01     1.357580E+03
  7.636298E+01     1.344734E+03
  7.742637E+01     1.332022E+03
  7.850456E+01     1.319442E+03
  7.959777E+01     1.306993E+03
  8.070620E+01     1.294671E+03
  8.183007E+01     1.282473E+03
  8.296959E+01     1.270399E+03
  8.412497E+01     1.258450E+03
  8.529644E+01     1.246625E+03
  8.648423E+01     1.234927E+03
  8.768856E+01     1.223353E+03
  8.890966E+01     1.211905E+03
  9.014776E+01     1.200580E+03
  9.140311E+01     1.189376E+03
  9.267593E+01     1.178293E+03
  9.396648E+01     1.167326E+03
  9.527500E+01     1.156474E+03
  9.660175E+01     1.145740E+03
  9.794697E+01     1.135121E+03
  9.931092E+01     1.124620E+03
  1.006939E+02     1.114235E+03
  1.020961E+02     1.103965E+03
  1.035178E+02     1.093810E+03
  1.049593E+02     1.083766E+03
  1.064209E+02     1.073832E+03
  1.079029E+02     1.064004E+03
  1.094055E+02     1.054282E+03
  1.109290E+02     1.044665E+03
  1.124737E+02     1.035154E+03
  1.140400E+02     1.025749E+03
  1.156280E+02     1.016450E+03
  1.172382E+02     1.007257E+03
  1.188708E+02     9.981684E+02
  1.205261E+02     9.891822E+02
  1.222045E+02     9.802967E+02
  1.239062E+02     9.715093E+02
  1.256317E+02     9.628184E+02
  1.273811E+02     9.542247E+02
  1.291550E+02     9.457283E+02
  1.309535E+02     9.373295E+02
  1.327771E+02     9.290278E+02
  1.346261E+02     9.208226E+02
  1.365008E+02     9.127128E+02
  1.384016E+02     9.046969E+02
  1.403289E+02     8.967729E+02
  1.422830E+02     8.889382E+02
  1.442644E+02     8.811912E+02
  1.462733E+02     8.735323E+02
  1.483103E+02     8.659617E+02
  1.503755E+02     8.584796E+02
  1.524696E+02     8.510855E+02
  1.545928E+02     8.437790E+02
  1.567455E+02     8.365590E+02
  1.589283E+02     8.294242E+02
  1.611414E+02     8.223728E+02
  1.633854E+02     8.154024E+02
  1.656606E+02     8.085115E+02
  1.679675E+02     8.017001E+02
  1.703065E+02     7.949688E+02
  1.726781E+02     7.883174E+02
  1.750827E+02     7.817459E+02
  1.775208E+02     7.752537E+02
  1.799929E+02     7.688400E+02
  1.824993E+02     7.625036E+02
  1.850407E+02     7.562429E+02
  1.876175E+02     7.500561E+02
  1.902301E+02     7.439413E+02
  1.928792E+02     7.378987E+02
  1.955651E+02     7.319287E+02
  1.982884E+02     7.260313E+02
  2.010496E+02     7.202062E+02
  2.038493E+02     7.144532E+02
  2.066880E+02     7.087714E+02
  2.095662E+02     7.031598E+02
  2.124845E+02     6.976169E+02
  2.154435E+02     6.921411E+02
  2.184436E+02     6.867307E+02
  2.214855E+02     6.813856E+02
  2.245698E+02     6.761062E+02
  2.276970E+02     6.708926E+02
  2.308678E+02     6.657446E+02
  2.340827E+02     6.606618E+02
  2.373424E+02     6.556435E+02
  2.406475E+02     6.506890E+02
  2.439986E+02     6.457968E+02
  2.473964E+02     6.409656E+02
  2.508415E+02     6.361936E+02
  2.543346E+02     6.314808E+02
  2.578763E+02     6.268276E+02
  2.614673E+02     6.222338E+02
  2.651084E+02     6.176996E+02
  2.688001E+02     6.132245E+02
  2.725433E+02     6.088079E+02
  2.763385E+02     6.044492E+02
  2.801867E+02     6.001471E+02
  2.840884E+02     5.959004E+02
  2.880444E+02     5.917075E+02
  2.920556E+02     5.875684E+02
  2.961225E+02     5.834831E+02
  3.002462E+02     5.794519E+02
  3.044272E+02     5.754745E+02
  3.086665E+02     5.715508E+02
  3.129648E+02     5.676802E+02
  3.173230E+02     5.638620E+02
  3.217418E+02     5.600953E+02
  3.262222E+02     5.563789E+02
  3.307650E+02     5.527113E+02
  3.353710E+02     5.490923E+02
  3.400412E+02     5.455222E+02
  3.447764E+02     5.420009E+02
  3.495776E+02     5.385285E+02
  3.544456E+02     5.351047E+02
  3.593814E+02     5.317291E+02
  3.643859E+02     5.284010E+02
  3.694601E+02     5.251197E+02
  3.746050E+02     5.218841E+02
  3.798215E+02     5.186930E+02
  3.851107E+02     5.155459E+02
  3.904735E+02     5.124431E+02
  3.959110E+02     5.093847E+02
  4.014242E+02     5.063705E+02
  4.070142E+02     5.034004E+02
  4.126821E+02     5.004741E+02
  4.184289E+02     4.975909E+02
  4.242556E+02     4.947501E+02
  4.301636E+02     4.919508E+02
  4.361538E+02     4.891919E+02
  4.422274E+02     4.864728E+02
  4.483856E+02     4.837938E+02
  4.546295E+02     4.811549E+02
  4.609604E+02     4.785561E+02
  4.673795E+02     4.759972E+02
  4.738880E+02     4.734778E+02
  4.804870E+02     4.709975E+02
  4.871780E+02     4.685556E+02
  4.939622E+02     4.661513E+02
  5.008408E+02     4.637835E+02
  5.078152E+02     4.614517E+02
  5.148867E+02     4.591561E+02
  5.220568E+02     4.568967E+02
  5.293266E+02     4.546734E+02
  5.366977E+02     4.524861E+02
  5.441714E+02     4.503344E+02
  5.517492E+02     4.482179E+02
  5.594326E+02     4.461360E+02
  5.672229E+02     4.440880E+02
  5.751217E+02     4.420728E+02
  5.831305E+02     4.400900E+02
  5.912508E+02     4.381395E+02
  5.994843E+02     4.362216E+02
  6.078323E+02     4.343360E+02
  6.162966E+02     4.324827E+02
  6.248788E+02     4.306614E+02
  6.335805E+02     4.288716E+02
  6.424034E+02     4.271129E+02
  6.513491E+02     4.253845E+02
  6.604194E+02     4.236857E+02
  6.696160E+02     4.220158E+02
  6.789407E+02     4.203747E+02
  6.883952E+02     4.187623E+02
  6.979814E+02     4.171784E+02
  7.077011E+02     4.156228E+02
  7.175561E+02     4.140949E+02
  7.275484E+02     4.125942E+02
  7.376798E+02     4.111201E+02
  7.479523E+02     4.096716E+02
  7.583678E+02     4.082479E+02
  7.689284E+02     4.068483E+02
  7.796360E+02     4.054731E+02
  7.904928E+02     4.041228E+02
  8.015007E+02     4.027978E+02
  8.126619E+02     4.014987E+02
  8.239786E+02     4.002257E+02
  8.354528E+02     3.989792E+02
  8.470868E+02     3.977594E+02
  8.588829E+02     3.965667E+02
  8.708431E+02     3.954010E+02
  8.829700E+02     3.942621E+02
  8.952657E+02     3.931475E+02
  9.077327E+02     3.920544E+02
  9.203732E+02     3.909797E+02
  9.331898E+02     3.899197E+02
  9.461848E+02     3.888707E+02
  9.593608E+02     3.878283E+02
  9.727203E+02     3.867878E+02
  9.862658E+02     3.857443E+02
  1.000000E+03     3.846920E+02
