FILE CREATED BY  : PROGRAM DPASS - VERSION 2.00
DATABASE VERSION : 21.06
DATE AND TIME    : 09/08/2022 21:15:06
PROJECTILE       : Cr
TARGET           : Mg
TARGET AT. MASS  : 2.430500E+01
TARGET DENSITY   : 1.738000E+00 g/cm^3
TABULATED OUTPUT : STOPPING FORCE VERSUS ENERGY
DATA TYPE        : SPLINE INTERPOLATED
ABSCISSA UNITS   : MeV/u
ORDINATE UNITS   : eV/nm


      E/n             S(E/n)

  1.000000E-03     2.332912E+02
  1.013925E-03     2.348830E+02
  1.028045E-03     2.364959E+02
  1.042361E-03     2.381289E+02
  1.056876E-03     2.397811E+02
  1.071593E-03     2.414513E+02
  1.086516E-03     2.431385E+02
  1.101646E-03     2.448412E+02
  1.116987E-03     2.465580E+02
  1.132541E-03     2.482875E+02
  1.148312E-03     2.500279E+02
  1.164303E-03     2.517776E+02
  1.180517E-03     2.535365E+02
  1.196956E-03     2.553051E+02
  1.213624E-03     2.570836E+02
  1.230524E-03     2.588725E+02
  1.247660E-03     2.606725E+02
  1.265034E-03     2.624838E+02
  1.282650E-03     2.643073E+02
  1.300511E-03     2.661435E+02
  1.318621E-03     2.679931E+02
  1.336984E-03     2.698568E+02
  1.355602E-03     2.717349E+02
  1.374479E-03     2.736273E+02
  1.393619E-03     2.755339E+02
  1.413026E-03     2.774548E+02
  1.432703E-03     2.793899E+02
  1.452654E-03     2.813392E+02
  1.472883E-03     2.833026E+02
  1.493393E-03     2.852802E+02
  1.514189E-03     2.872718E+02
  1.535275E-03     2.892774E+02
  1.556654E-03     2.912971E+02
  1.578331E-03     2.933310E+02
  1.600310E-03     2.953792E+02
  1.622595E-03     2.974418E+02
  1.645191E-03     2.995190E+02
  1.668101E-03     3.016109E+02
  1.691330E-03     3.037177E+02
  1.714882E-03     3.058395E+02
  1.738762E-03     3.079767E+02
  1.762975E-03     3.101294E+02
  1.787526E-03     3.122977E+02
  1.812418E-03     3.144817E+02
  1.837656E-03     3.166815E+02
  1.863246E-03     3.188971E+02
  1.889193E-03     3.211288E+02
  1.915501E-03     3.233765E+02
  1.942175E-03     3.256404E+02
  1.969220E-03     3.279206E+02
  1.996642E-03     3.302173E+02
  2.024447E-03     3.325307E+02
  2.052638E-03     3.348607E+02
  2.081222E-03     3.372077E+02
  2.110203E-03     3.395715E+02
  2.139589E-03     3.419524E+02
  2.169384E-03     3.443505E+02
  2.199593E-03     3.467659E+02
  2.230223E-03     3.491988E+02
  2.261280E-03     3.516494E+02
  2.292769E-03     3.541177E+02
  2.324697E-03     3.566041E+02
  2.357069E-03     3.591086E+02
  2.389893E-03     3.616314E+02
  2.423173E-03     3.641726E+02
  2.456916E-03     3.667323E+02
  2.491130E-03     3.693106E+02
  2.525820E-03     3.719077E+02
  2.560993E-03     3.745237E+02
  2.596656E-03     3.771588E+02
  2.632815E-03     3.798132E+02
  2.669478E-03     3.824870E+02
  2.706652E-03     3.851805E+02
  2.744343E-03     3.878938E+02
  2.782559E-03     3.906270E+02
  2.821308E-03     3.933802E+02
  2.860596E-03     3.961536E+02
  2.900430E-03     3.989473E+02
  2.940820E-03     4.017615E+02
  2.981772E-03     4.045964E+02
  3.023295E-03     4.074521E+02
  3.065395E-03     4.103290E+02
  3.108082E-03     4.132272E+02
  3.151363E-03     4.161468E+02
  3.195248E-03     4.190880E+02
  3.239743E-03     4.220509E+02
  3.284857E-03     4.250357E+02
  3.330600E-03     4.280425E+02
  3.376980E-03     4.310716E+02
  3.424006E-03     4.341231E+02
  3.471687E-03     4.371972E+02
  3.520031E-03     4.402942E+02
  3.569049E-03     4.434144E+02
  3.618750E-03     4.465579E+02
  3.669142E-03     4.497247E+02
  3.720237E-03     4.529152E+02
  3.772042E-03     4.561294E+02
  3.824570E-03     4.593675E+02
  3.877828E-03     4.626298E+02
  3.931829E-03     4.659165E+02
  3.986581E-03     4.692278E+02
  4.042096E-03     4.725640E+02
  4.098384E-03     4.759253E+02
  4.155455E-03     4.793119E+02
  4.213322E-03     4.827240E+02
  4.271994E-03     4.861618E+02
  4.331483E-03     4.896253E+02
  4.391801E-03     4.931149E+02
  4.452959E-03     4.966307E+02
  4.514968E-03     5.001731E+02
  4.577841E-03     5.037421E+02
  4.641589E-03     5.073383E+02
  4.706225E-03     5.109617E+02
  4.771761E-03     5.146126E+02
  4.838210E-03     5.182912E+02
  4.905584E-03     5.219977E+02
  4.973896E-03     5.257323E+02
  5.043159E-03     5.294952E+02
  5.113388E-03     5.332866E+02
  5.184594E-03     5.371069E+02
  5.256791E-03     5.409563E+02
  5.329994E-03     5.448352E+02
  5.404216E-03     5.487438E+02
  5.479472E-03     5.526823E+02
  5.555776E-03     5.566510E+02
  5.633143E-03     5.606502E+02
  5.711586E-03     5.646799E+02
  5.791123E-03     5.687405E+02
  5.871766E-03     5.728322E+02
  5.953533E-03     5.769553E+02
  6.036439E-03     5.811102E+02
  6.120498E-03     5.852972E+02
  6.205729E-03     5.895166E+02
  6.292146E-03     5.937686E+02
  6.379767E-03     5.980535E+02
  6.468608E-03     6.023714E+02
  6.558686E-03     6.067226E+02
  6.650018E-03     6.111072E+02
  6.742622E-03     6.155254E+02
  6.836516E-03     6.199777E+02
  6.931717E-03     6.244641E+02
  7.028244E-03     6.289851E+02
  7.126115E-03     6.335409E+02
  7.225349E-03     6.381319E+02
  7.325965E-03     6.427583E+02
  7.427982E-03     6.474205E+02
  7.531420E-03     6.521187E+02
  7.636298E-03     6.568533E+02
  7.742637E-03     6.616247E+02
  7.850456E-03     6.664333E+02
  7.959777E-03     6.712796E+02
  8.070620E-03     6.761640E+02
  8.183007E-03     6.810871E+02
  8.296959E-03     6.860492E+02
  8.412497E-03     6.910507E+02
  8.529644E-03     6.960917E+02
  8.648423E-03     7.011726E+02
  8.768856E-03     7.062938E+02
  8.890966E-03     7.114556E+02
  9.014776E-03     7.166585E+02
  9.140311E-03     7.219027E+02
  9.267593E-03     7.271889E+02
  9.396648E-03     7.325174E+02
  9.527500E-03     7.378887E+02
  9.660175E-03     7.433029E+02
  9.794697E-03     7.487604E+02
  9.931092E-03     7.542615E+02
  1.006939E-02     7.598063E+02
  1.020961E-02     7.653954E+02
  1.035178E-02     7.710289E+02
  1.049593E-02     7.767073E+02
  1.064209E-02     7.824310E+02
  1.079029E-02     7.882003E+02
  1.094055E-02     7.940157E+02
  1.109290E-02     7.998774E+02
  1.124737E-02     8.057854E+02
  1.140400E-02     8.117400E+02
  1.156280E-02     8.177415E+02
  1.172382E-02     8.237901E+02
  1.188708E-02     8.298861E+02
  1.205261E-02     8.360296E+02
  1.222045E-02     8.422211E+02
  1.239062E-02     8.484608E+02
  1.256317E-02     8.547490E+02
  1.273811E-02     8.610859E+02
  1.291550E-02     8.674715E+02
  1.309535E-02     8.739061E+02
  1.327771E-02     8.803899E+02
  1.346261E-02     8.869230E+02
  1.365008E-02     8.935056E+02
  1.384016E-02     9.001380E+02
  1.403289E-02     9.068203E+02
  1.422830E-02     9.135530E+02
  1.442644E-02     9.203362E+02
  1.462733E-02     9.271700E+02
  1.483103E-02     9.340545E+02
  1.503755E-02     9.409900E+02
  1.524696E-02     9.479765E+02
  1.545928E-02     9.550142E+02
  1.567455E-02     9.621034E+02
  1.589283E-02     9.692443E+02
  1.611414E-02     9.764370E+02
  1.633854E-02     9.836819E+02
  1.656606E-02     9.909792E+02
  1.679675E-02     9.983290E+02
  1.703065E-02     1.005732E+03
  1.726781E-02     1.013187E+03
  1.750827E-02     1.020695E+03
  1.775208E-02     1.028257E+03
  1.799929E-02     1.035872E+03
  1.824993E-02     1.043542E+03
  1.850407E-02     1.051265E+03
  1.876175E-02     1.059043E+03
  1.902301E-02     1.066875E+03
  1.928792E-02     1.074763E+03
  1.955651E-02     1.082705E+03
  1.982884E-02     1.090703E+03
  2.010496E-02     1.098757E+03
  2.038493E-02     1.106866E+03
  2.066880E-02     1.115031E+03
  2.095662E-02     1.123252E+03
  2.124845E-02     1.131531E+03
  2.154435E-02     1.139866E+03
  2.184436E-02     1.148258E+03
  2.214855E-02     1.156708E+03
  2.245698E-02     1.165217E+03
  2.276970E-02     1.173783E+03
  2.308678E-02     1.182407E+03
  2.340827E-02     1.191091E+03
  2.373424E-02     1.199833E+03
  2.406475E-02     1.208636E+03
  2.439986E-02     1.217498E+03
  2.473964E-02     1.226421E+03
  2.508415E-02     1.235404E+03
  2.543346E-02     1.244450E+03
  2.578763E-02     1.253557E+03
  2.614673E-02     1.262726E+03
  2.651084E-02     1.271957E+03
  2.688001E-02     1.281250E+03
  2.725433E-02     1.290607E+03
  2.763385E-02     1.300027E+03
  2.801867E-02     1.309511E+03
  2.840884E-02     1.319059E+03
  2.880444E-02     1.328672E+03
  2.920556E-02     1.338351E+03
  2.961225E-02     1.348095E+03
  3.002462E-02     1.357906E+03
  3.044272E-02     1.367782E+03
  3.086665E-02     1.377726E+03
  3.129648E-02     1.387736E+03
  3.173230E-02     1.397815E+03
  3.217418E-02     1.407961E+03
  3.262222E-02     1.418177E+03
  3.307650E-02     1.428462E+03
  3.353710E-02     1.438817E+03
  3.400412E-02     1.449243E+03
  3.447764E-02     1.459739E+03
  3.495776E-02     1.470306E+03
  3.544456E-02     1.480945E+03
  3.593814E-02     1.491656E+03
  3.643859E-02     1.502439E+03
  3.694601E-02     1.513295E+03
  3.746050E-02     1.524225E+03
  3.798215E-02     1.535230E+03
  3.851107E-02     1.546309E+03
  3.904735E-02     1.557464E+03
  3.959110E-02     1.568694E+03
  4.014242E-02     1.580000E+03
  4.070142E-02     1.591383E+03
  4.126821E-02     1.602843E+03
  4.184289E-02     1.614379E+03
  4.242556E-02     1.625994E+03
  4.301636E-02     1.637688E+03
  4.361538E-02     1.649461E+03
  4.422274E-02     1.661314E+03
  4.483856E-02     1.673247E+03
  4.546295E-02     1.685261E+03
  4.609604E-02     1.697355E+03
  4.673795E-02     1.709531E+03
  4.738880E-02     1.721789E+03
  4.804870E-02     1.734129E+03
  4.871780E-02     1.746552E+03
  4.939622E-02     1.759059E+03
  5.008408E-02     1.771650E+03
  5.078152E-02     1.784327E+03
  5.148867E-02     1.797088E+03
  5.220568E-02     1.809935E+03
  5.293266E-02     1.822868E+03
  5.366977E-02     1.835888E+03
  5.441714E-02     1.848994E+03
  5.517492E-02     1.862187E+03
  5.594326E-02     1.875469E+03
  5.672229E-02     1.888839E+03
  5.751217E-02     1.902299E+03
  5.831305E-02     1.915848E+03
  5.912508E-02     1.929488E+03
  5.994843E-02     1.943219E+03
  6.078323E-02     1.957041E+03
  6.162966E-02     1.970955E+03
  6.248788E-02     1.984961E+03
  6.335805E-02     1.999059E+03
  6.424034E-02     2.013252E+03
  6.513491E-02     2.027538E+03
  6.604194E-02     2.041920E+03
  6.696160E-02     2.056397E+03
  6.789407E-02     2.070972E+03
  6.883952E-02     2.085643E+03
  6.979814E-02     2.100412E+03
  7.077011E-02     2.115279E+03
  7.175561E-02     2.130246E+03
  7.275484E-02     2.145313E+03
  7.376798E-02     2.160480E+03
  7.479523E-02     2.175750E+03
  7.583678E-02     2.191124E+03
  7.689284E-02     2.206602E+03
  7.796360E-02     2.222185E+03
  7.904928E-02     2.237874E+03
  8.015007E-02     2.253669E+03
  8.126619E-02     2.269571E+03
  8.239786E-02     2.285581E+03
  8.354528E-02     2.301700E+03
  8.470868E-02     2.317928E+03
  8.588829E-02     2.334268E+03
  8.708431E-02     2.350719E+03
  8.829700E-02     2.367284E+03
  8.952657E-02     2.383963E+03
  9.077327E-02     2.400755E+03
  9.203732E-02     2.417660E+03
  9.331898E-02     2.434679E+03
  9.461848E-02     2.451813E+03
  9.593608E-02     2.469060E+03
  9.727203E-02     2.486422E+03
  9.862658E-02     2.503899E+03
  1.000000E-01     2.521491E+03
  1.013925E-01     2.539198E+03
  1.028045E-01     2.557020E+03
  1.042361E-01     2.574955E+03
  1.056876E-01     2.593002E+03
  1.071593E-01     2.611160E+03
  1.086516E-01     2.629426E+03
  1.101646E-01     2.647799E+03
  1.116987E-01     2.666279E+03
  1.132541E-01     2.684862E+03
  1.148312E-01     2.703548E+03
  1.164303E-01     2.722333E+03
  1.180517E-01     2.741216E+03
  1.196956E-01     2.760192E+03
  1.213624E-01     2.779256E+03
  1.230524E-01     2.798405E+03
  1.247660E-01     2.817635E+03
  1.265034E-01     2.836939E+03
  1.282650E-01     2.856313E+03
  1.300511E-01     2.875752E+03
  1.318621E-01     2.895250E+03
  1.336984E-01     2.914801E+03
  1.355602E-01     2.934400E+03
  1.374479E-01     2.954045E+03
  1.393619E-01     2.973732E+03
  1.413026E-01     2.993455E+03
  1.432703E-01     3.013212E+03
  1.452654E-01     3.032998E+03
  1.472883E-01     3.052809E+03
  1.493393E-01     3.072640E+03
  1.514189E-01     3.092488E+03
  1.535275E-01     3.112348E+03
  1.556654E-01     3.132215E+03
  1.578331E-01     3.152087E+03
  1.600310E-01     3.171962E+03
  1.622595E-01     3.191834E+03
  1.645191E-01     3.211702E+03
  1.668101E-01     3.231562E+03
  1.691330E-01     3.251412E+03
  1.714882E-01     3.271249E+03
  1.738762E-01     3.291069E+03
  1.762975E-01     3.310871E+03
  1.787526E-01     3.330652E+03
  1.812418E-01     3.350408E+03
  1.837656E-01     3.370138E+03
  1.863246E-01     3.389838E+03
  1.889193E-01     3.409507E+03
  1.915501E-01     3.429142E+03
  1.942175E-01     3.448741E+03
  1.969220E-01     3.468304E+03
  1.996642E-01     3.487828E+03
  2.024447E-01     3.507312E+03
  2.052638E-01     3.526754E+03
  2.081222E-01     3.546153E+03
  2.110203E-01     3.565505E+03
  2.139589E-01     3.584809E+03
  2.169384E-01     3.604062E+03
  2.199593E-01     3.623263E+03
  2.230223E-01     3.642411E+03
  2.261280E-01     3.661505E+03
  2.292769E-01     3.680544E+03
  2.324697E-01     3.699528E+03
  2.357069E-01     3.718456E+03
  2.389893E-01     3.737325E+03
  2.423173E-01     3.756133E+03
  2.456916E-01     3.774878E+03
  2.491130E-01     3.793558E+03
  2.525820E-01     3.812172E+03
  2.560993E-01     3.830719E+03
  2.596656E-01     3.849198E+03
  2.632815E-01     3.867609E+03
  2.669478E-01     3.885952E+03
  2.706652E-01     3.904226E+03
  2.744343E-01     3.922429E+03
  2.782559E-01     3.940558E+03
  2.821308E-01     3.958612E+03
  2.860596E-01     3.976588E+03
  2.900430E-01     3.994484E+03
  2.940820E-01     4.012300E+03
  2.981772E-01     4.030036E+03
  3.023295E-01     4.047690E+03
  3.065395E-01     4.065262E+03
  3.108082E-01     4.082752E+03
  3.151363E-01     4.100158E+03
  3.195248E-01     4.117476E+03
  3.239743E-01     4.134705E+03
  3.284857E-01     4.151843E+03
  3.330600E-01     4.168888E+03
  3.376980E-01     4.185838E+03
  3.424006E-01     4.202694E+03
  3.471687E-01     4.219453E+03
  3.520031E-01     4.236118E+03
  3.569049E-01     4.252686E+03
  3.618750E-01     4.269154E+03
  3.669142E-01     4.285522E+03
  3.720237E-01     4.301784E+03
  3.772042E-01     4.317941E+03
  3.824570E-01     4.333988E+03
  3.877828E-01     4.349926E+03
  3.931829E-01     4.365752E+03
  3.986581E-01     4.381466E+03
  4.042096E-01     4.397068E+03
  4.098384E-01     4.412555E+03
  4.155455E-01     4.427927E+03
  4.213322E-01     4.443178E+03
  4.271994E-01     4.458308E+03
  4.331483E-01     4.473312E+03
  4.391801E-01     4.488188E+03
  4.452959E-01     4.502935E+03
  4.514968E-01     4.517550E+03
  4.577841E-01     4.532032E+03
  4.641589E-01     4.546381E+03
  4.706225E-01     4.560595E+03
  4.771761E-01     4.574671E+03
  4.838210E-01     4.588605E+03
  4.905584E-01     4.602394E+03
  4.973896E-01     4.616036E+03
  5.043159E-01     4.629527E+03
  5.113388E-01     4.642864E+03
  5.184594E-01     4.656046E+03
  5.256791E-01     4.669071E+03
  5.329994E-01     4.681938E+03
  5.404216E-01     4.694645E+03
  5.479472E-01     4.707188E+03
  5.555776E-01     4.719566E+03
  5.633143E-01     4.731773E+03
  5.711586E-01     4.743807E+03
  5.791123E-01     4.755665E+03
  5.871766E-01     4.767345E+03
  5.953533E-01     4.778844E+03
  6.036439E-01     4.790161E+03
  6.120498E-01     4.801295E+03
  6.205729E-01     4.812244E+03
  6.292146E-01     4.823007E+03
  6.379767E-01     4.833578E+03
  6.468608E-01     4.843957E+03
  6.558686E-01     4.854140E+03
  6.650018E-01     4.864125E+03
  6.742622E-01     4.873910E+03
  6.836516E-01     4.883495E+03
  6.931717E-01     4.892877E+03
  7.028244E-01     4.902058E+03
  7.126115E-01     4.911036E+03
  7.225349E-01     4.919811E+03
  7.325965E-01     4.928378E+03
  7.427982E-01     4.936736E+03
  7.531420E-01     4.944882E+03
  7.636298E-01     4.952814E+03
  7.742637E-01     4.960531E+03
  7.850456E-01     4.968032E+03
  7.959777E-01     4.975317E+03
  8.070620E-01     4.982386E+03
  8.183007E-01     4.989238E+03
  8.296959E-01     4.995874E+03
  8.412497E-01     5.002292E+03
  8.529644E-01     5.008489E+03
  8.648423E-01     5.014465E+03
  8.768856E-01     5.020219E+03
  8.890966E-01     5.025751E+03
  9.014776E-01     5.031062E+03
  9.140311E-01     5.036152E+03
  9.267593E-01     5.041023E+03
  9.396648E-01     5.045678E+03
  9.527500E-01     5.050117E+03
  9.660175E-01     5.054338E+03
  9.794697E-01     5.058340E+03
  9.931092E-01     5.062122E+03
  1.006939E+00     5.065682E+03
  1.020961E+00     5.069021E+03
  1.035178E+00     5.072140E+03
  1.049593E+00     5.075040E+03
  1.064209E+00     5.077721E+03
  1.079029E+00     5.080187E+03
  1.094055E+00     5.082438E+03
  1.109290E+00     5.084473E+03
  1.124737E+00     5.086291E+03
  1.140400E+00     5.087892E+03
  1.156280E+00     5.089276E+03
  1.172382E+00     5.090443E+03
  1.188708E+00     5.091395E+03
  1.205261E+00     5.092133E+03
  1.222045E+00     5.092659E+03
  1.239062E+00     5.092977E+03
  1.256317E+00     5.093088E+03
  1.273811E+00     5.092992E+03
  1.291550E+00     5.092687E+03
  1.309535E+00     5.092172E+03
  1.327771E+00     5.091449E+03
  1.346261E+00     5.090518E+03
  1.365008E+00     5.089379E+03
  1.384016E+00     5.088034E+03
  1.403289E+00     5.086486E+03
  1.422830E+00     5.084736E+03
  1.442644E+00     5.082787E+03
  1.462733E+00     5.080639E+03
  1.483103E+00     5.078289E+03
  1.503755E+00     5.075739E+03
  1.524696E+00     5.072988E+03
  1.545928E+00     5.070038E+03
  1.567455E+00     5.066888E+03
  1.589283E+00     5.063542E+03
  1.611414E+00     5.060000E+03
  1.633854E+00     5.056265E+03
  1.656606E+00     5.052340E+03
  1.679675E+00     5.048224E+03
  1.703065E+00     5.043916E+03
  1.726781E+00     5.039417E+03
  1.750827E+00     5.034726E+03
  1.775208E+00     5.029844E+03
  1.799929E+00     5.024773E+03
  1.824993E+00     5.019512E+03
  1.850407E+00     5.014065E+03
  1.876175E+00     5.008433E+03
  1.902301E+00     5.002619E+03
  1.928792E+00     4.996621E+03
  1.955651E+00     4.990440E+03
  1.982884E+00     4.984076E+03
  2.010496E+00     4.977528E+03
  2.038493E+00     4.970796E+03
  2.066880E+00     4.963882E+03
  2.095662E+00     4.956786E+03
  2.124845E+00     4.949510E+03
  2.154435E+00     4.942055E+03
  2.184436E+00     4.934424E+03
  2.214855E+00     4.926615E+03
  2.245698E+00     4.918629E+03
  2.276970E+00     4.910465E+03
  2.308678E+00     4.902124E+03
  2.340827E+00     4.893605E+03
  2.373424E+00     4.884908E+03
  2.406475E+00     4.876036E+03
  2.439986E+00     4.866989E+03
  2.473964E+00     4.857768E+03
  2.508415E+00     4.848374E+03
  2.543346E+00     4.838809E+03
  2.578763E+00     4.829071E+03
  2.614673E+00     4.819161E+03
  2.651084E+00     4.809077E+03
  2.688001E+00     4.798821E+03
  2.725433E+00     4.788394E+03
  2.763385E+00     4.777794E+03
  2.801867E+00     4.767025E+03
  2.840884E+00     4.756086E+03
  2.880444E+00     4.744980E+03
  2.920556E+00     4.733706E+03
  2.961225E+00     4.722264E+03
  3.002462E+00     4.710655E+03
  3.044272E+00     4.698877E+03
  3.086665E+00     4.686932E+03
  3.129648E+00     4.674821E+03
  3.173230E+00     4.662543E+03
  3.217418E+00     4.650100E+03
  3.262222E+00     4.637492E+03
  3.307650E+00     4.624722E+03
  3.353710E+00     4.611790E+03
  3.400412E+00     4.598694E+03
  3.447764E+00     4.585437E+03
  3.495776E+00     4.572018E+03
  3.544456E+00     4.558437E+03
  3.593814E+00     4.544695E+03
  3.643859E+00     4.530793E+03
  3.694601E+00     4.516732E+03
  3.746050E+00     4.502512E+03
  3.798215E+00     4.488136E+03
  3.851107E+00     4.473604E+03
  3.904735E+00     4.458916E+03
  3.959110E+00     4.444072E+03
  4.014242E+00     4.429074E+03
  4.070142E+00     4.413921E+03
  4.126821E+00     4.398614E+03
  4.184289E+00     4.383155E+03
  4.242556E+00     4.367544E+03
  4.301636E+00     4.351782E+03
  4.361538E+00     4.335872E+03
  4.422274E+00     4.319813E+03
  4.483856E+00     4.303607E+03
  4.546295E+00     4.287255E+03
  4.609604E+00     4.270757E+03
  4.673795E+00     4.254114E+03
  4.738880E+00     4.237328E+03
  4.804870E+00     4.220400E+03
  4.871780E+00     4.203331E+03
  4.939622E+00     4.186124E+03
  5.008408E+00     4.168779E+03
  5.078152E+00     4.151299E+03
  5.148867E+00     4.133684E+03
  5.220568E+00     4.115935E+03
  5.293266E+00     4.098055E+03
  5.366977E+00     4.080043E+03
  5.441714E+00     4.061903E+03
  5.517492E+00     4.043634E+03
  5.594326E+00     4.025240E+03
  5.672229E+00     4.006721E+03
  5.751217E+00     3.988080E+03
  5.831305E+00     3.969318E+03
  5.912508E+00     3.950438E+03
  5.994843E+00     3.931439E+03
  6.078323E+00     3.912323E+03
  6.162966E+00     3.893092E+03
  6.248788E+00     3.873747E+03
  6.335805E+00     3.854289E+03
  6.424034E+00     3.834721E+03
  6.513491E+00     3.815043E+03
  6.604194E+00     3.795258E+03
  6.696160E+00     3.775366E+03
  6.789407E+00     3.755371E+03
  6.883952E+00     3.735275E+03
  6.979814E+00     3.715079E+03
  7.077011E+00     3.694786E+03
  7.175561E+00     3.674399E+03
  7.275484E+00     3.653919E+03
  7.376798E+00     3.633350E+03
  7.479523E+00     3.612695E+03
  7.583678E+00     3.591955E+03
  7.689284E+00     3.571134E+03
  7.796360E+00     3.550234E+03
  7.904928E+00     3.529257E+03
  8.015007E+00     3.508205E+03
  8.126619E+00     3.487082E+03
  8.239786E+00     3.465888E+03
  8.354528E+00     3.444627E+03
  8.470868E+00     3.423301E+03
  8.588829E+00     3.401913E+03
  8.708431E+00     3.380463E+03
  8.829700E+00     3.358956E+03
  8.952657E+00     3.337393E+03
  9.077327E+00     3.315777E+03
  9.203732E+00     3.294111E+03
  9.331898E+00     3.272399E+03
  9.461848E+00     3.250641E+03
  9.593608E+00     3.228842E+03
  9.727203E+00     3.207003E+03
  9.862658E+00     3.185128E+03
  1.000000E+01     3.163219E+03
  1.013925E+01     3.141278E+03
  1.028045E+01     3.119308E+03
  1.042361E+01     3.097313E+03
  1.056876E+01     3.075295E+03
  1.071593E+01     3.053258E+03
  1.086516E+01     3.031205E+03
  1.101646E+01     3.009137E+03
  1.116987E+01     2.987059E+03
  1.132541E+01     2.964971E+03
  1.148312E+01     2.942878E+03
  1.164303E+01     2.920782E+03
  1.180517E+01     2.898685E+03
  1.196956E+01     2.876591E+03
  1.213624E+01     2.854503E+03
  1.230524E+01     2.832423E+03
  1.247660E+01     2.810356E+03
  1.265034E+01     2.788302E+03
  1.282650E+01     2.766266E+03
  1.300511E+01     2.744249E+03
  1.318621E+01     2.722253E+03
  1.336984E+01     2.700281E+03
  1.355602E+01     2.678336E+03
  1.374479E+01     2.656420E+03
  1.393619E+01     2.634539E+03
  1.413026E+01     2.612694E+03
  1.432703E+01     2.590889E+03
  1.452654E+01     2.569127E+03
  1.472883E+01     2.547411E+03
  1.493393E+01     2.525742E+03
  1.514189E+01     2.504124E+03
  1.535275E+01     2.482559E+03
  1.556654E+01     2.461048E+03
  1.578331E+01     2.439596E+03
  1.600310E+01     2.418206E+03
  1.622595E+01     2.396879E+03
  1.645191E+01     2.375620E+03
  1.668101E+01     2.354429E+03
  1.691330E+01     2.333309E+03
  1.714882E+01     2.312262E+03
  1.738762E+01     2.291288E+03
  1.762975E+01     2.270388E+03
  1.787526E+01     2.249566E+03
  1.812418E+01     2.228823E+03
  1.837656E+01     2.208163E+03
  1.863246E+01     2.187589E+03
  1.889193E+01     2.167103E+03
  1.915501E+01     2.146706E+03
  1.942175E+01     2.126401E+03
  1.969220E+01     2.106189E+03
  1.996642E+01     2.086071E+03
  2.024447E+01     2.066047E+03
  2.052638E+01     2.046118E+03
  2.081222E+01     2.026290E+03
  2.110203E+01     2.006564E+03
  2.139589E+01     1.986943E+03
  2.169384E+01     1.967431E+03
  2.199593E+01     1.948029E+03
  2.230223E+01     1.928740E+03
  2.261280E+01     1.909564E+03
  2.292769E+01     1.890503E+03
  2.324697E+01     1.871558E+03
  2.357069E+01     1.852729E+03
  2.389893E+01     1.834020E+03
  2.423173E+01     1.815432E+03
  2.456916E+01     1.796967E+03
  2.491130E+01     1.778627E+03
  2.525820E+01     1.760413E+03
  2.560993E+01     1.742325E+03
  2.596656E+01     1.724362E+03
  2.632815E+01     1.706524E+03
  2.669478E+01     1.688811E+03
  2.706652E+01     1.671221E+03
  2.744343E+01     1.653757E+03
  2.782559E+01     1.636423E+03
  2.821308E+01     1.619220E+03
  2.860596E+01     1.602150E+03
  2.900430E+01     1.585215E+03
  2.940820E+01     1.568415E+03
  2.981772E+01     1.551751E+03
  3.023295E+01     1.535223E+03
  3.065395E+01     1.518830E+03
  3.108082E+01     1.502572E+03
  3.151363E+01     1.486451E+03
  3.195248E+01     1.470469E+03
  3.239743E+01     1.454627E+03
  3.284857E+01     1.438925E+03
  3.330600E+01     1.423364E+03
  3.376980E+01     1.407943E+03
  3.424006E+01     1.392661E+03
  3.471687E+01     1.377518E+03
  3.520031E+01     1.362510E+03
  3.569049E+01     1.347636E+03
  3.618750E+01     1.332898E+03
  3.669142E+01     1.318298E+03
  3.720237E+01     1.303837E+03
  3.772042E+01     1.289516E+03
  3.824570E+01     1.275335E+03
  3.877828E+01     1.261296E+03
  3.931829E+01     1.247397E+03
  3.986581E+01     1.233637E+03
  4.042096E+01     1.220014E+03
  4.098384E+01     1.206528E+03
  4.155455E+01     1.193179E+03
  4.213322E+01     1.179968E+03
  4.271994E+01     1.166897E+03
  4.331483E+01     1.153964E+03
  4.391801E+01     1.141170E+03
  4.452959E+01     1.128514E+03
  4.514968E+01     1.115995E+03
  4.577841E+01     1.103611E+03
  4.641589E+01     1.091358E+03
  4.706225E+01     1.079235E+03
  4.771761E+01     1.067242E+03
  4.838210E+01     1.055379E+03
  4.905584E+01     1.043649E+03
  4.973896E+01     1.032050E+03
  5.043159E+01     1.020584E+03
  5.113388E+01     1.009249E+03
  5.184594E+01     9.980442E+02
  5.256791E+01     9.869680E+02
  5.329994E+01     9.760178E+02
  5.404216E+01     9.651914E+02
  5.479472E+01     9.544888E+02
  5.555776E+01     9.439108E+02
  5.633143E+01     9.334575E+02
  5.711586E+01     9.231290E+02
  5.791123E+01     9.129246E+02
  5.871766E+01     9.028433E+02
  5.953533E+01     8.928835E+02
  6.036439E+01     8.830430E+02
  6.120498E+01     8.733191E+02
  6.205729E+01     8.637088E+02
  6.292146E+01     8.542118E+02
  6.379767E+01     8.448288E+02
  6.468608E+01     8.355600E+02
  6.558686E+01     8.264056E+02
  6.650018E+01     8.173649E+02
  6.742622E+01     8.084372E+02
  6.836516E+01     7.996211E+02
  6.931717E+01     7.909147E+02
  7.028244E+01     7.823156E+02
  7.126115E+01     7.738211E+02
  7.225349E+01     7.654304E+02
  7.325965E+01     7.571441E+02
  7.427982E+01     7.489621E+02
  7.531420E+01     7.408842E+02
  7.636298E+01     7.329097E+02
  7.742637E+01     7.250375E+02
  7.850456E+01     7.172661E+02
  7.959777E+01     7.095934E+02
  8.070620E+01     7.020168E+02
  8.183007E+01     6.945335E+02
  8.296959E+01     6.871425E+02
  8.412497E+01     6.798442E+02
  8.529644E+01     6.726388E+02
  8.648423E+01     6.655261E+02
  8.768856E+01     6.585057E+02
  8.890966E+01     6.515766E+02
  9.014776E+01     6.447378E+02
  9.140311E+01     6.379874E+02
  9.267593E+01     6.313236E+02
  9.396648E+01     6.247437E+02
  9.527500E+01     6.182467E+02
  9.660175E+01     6.118328E+02
  9.794697E+01     6.055019E+02
  9.931092E+01     5.992539E+02
  1.006939E+02     5.930882E+02
  1.020961E+02     5.870037E+02
  1.035178E+02     5.809992E+02
  1.049593E+02     5.750731E+02
  1.064209E+02     5.692232E+02
  1.079029E+02     5.634472E+02
  1.094055E+02     5.577435E+02
  1.109290E+02     5.521126E+02
  1.124737E+02     5.465544E+02
  1.140400E+02     5.410688E+02
  1.156280E+02     5.356553E+02
  1.172382E+02     5.303131E+02
  1.188708E+02     5.250413E+02
  1.205261E+02     5.198385E+02
  1.222045E+02     5.147029E+02
  1.239062E+02     5.096325E+02
  1.256317E+02     5.046259E+02
  1.273811E+02     4.996833E+02
  1.291550E+02     4.948048E+02
  1.309535E+02     4.899902E+02
  1.327771E+02     4.852392E+02
  1.346261E+02     4.805510E+02
  1.365008E+02     4.759248E+02
  1.384016E+02     4.713594E+02
  1.403289E+02     4.668532E+02
  1.422830E+02     4.624045E+02
  1.442644E+02     4.580120E+02
  1.462733E+02     4.536756E+02
  1.483103E+02     4.493955E+02
  1.503755E+02     4.451714E+02
  1.524696E+02     4.410032E+02
  1.545928E+02     4.368901E+02
  1.567455E+02     4.328315E+02
  1.589283E+02     4.288262E+02
  1.611414E+02     4.248729E+02
  1.633854E+02     4.209700E+02
  1.656606E+02     4.171162E+02
  1.679675E+02     4.133115E+02
  1.703065E+02     4.095561E+02
  1.726781E+02     4.058497E+02
  1.750827E+02     4.021923E+02
  1.775208E+02     3.985833E+02
  1.799929E+02     3.950221E+02
  1.824993E+02     3.915078E+02
  1.850407E+02     3.880394E+02
  1.876175E+02     3.846154E+02
  1.902301E+02     3.812347E+02
  1.928792E+02     3.778973E+02
  1.955651E+02     3.746032E+02
  1.982884E+02     3.713525E+02
  2.010496E+02     3.681449E+02
  2.038493E+02     3.649800E+02
  2.066880E+02     3.618573E+02
  2.095662E+02     3.587760E+02
  2.124845E+02     3.557353E+02
  2.154435E+02     3.527340E+02
  2.184436E+02     3.497709E+02
  2.214855E+02     3.468460E+02
  2.245698E+02     3.439593E+02
  2.276970E+02     3.411109E+02
  2.308678E+02     3.383007E+02
  2.340827E+02     3.355282E+02
  2.373424E+02     3.327930E+02
  2.406475E+02     3.300946E+02
  2.439986E+02     3.274321E+02
  2.473964E+02     3.248045E+02
  2.508415E+02     3.222108E+02
  2.543346E+02     3.196510E+02
  2.578763E+02     3.171250E+02
  2.614673E+02     3.146329E+02
  2.651084E+02     3.121746E+02
  2.688001E+02     3.097498E+02
  2.725433E+02     3.073581E+02
  2.763385E+02     3.049991E+02
  2.801867E+02     3.026720E+02
  2.840884E+02     3.003759E+02
  2.880444E+02     2.981101E+02
  2.920556E+02     2.958742E+02
  2.961225E+02     2.936685E+02
  3.002462E+02     2.914928E+02
  3.044272E+02     2.893473E+02
  3.086665E+02     2.872315E+02
  3.129648E+02     2.851452E+02
  3.173230E+02     2.830881E+02
  3.217418E+02     2.810594E+02
  3.262222E+02     2.790585E+02
  3.307650E+02     2.770845E+02
  3.353710E+02     2.751373E+02
  3.400412E+02     2.732169E+02
  3.447764E+02     2.713234E+02
  3.495776E+02     2.694568E+02
  3.544456E+02     2.676167E+02
  3.593814E+02     2.658031E+02
  3.643859E+02     2.640155E+02
  3.694601E+02     2.622534E+02
  3.746050E+02     2.605161E+02
  3.798215E+02     2.588031E+02
  3.851107E+02     2.571140E+02
  3.904735E+02     2.554489E+02
  3.959110E+02     2.538079E+02
  4.014242E+02     2.521909E+02
  4.070142E+02     2.505977E+02
  4.126821E+02     2.490281E+02
  4.184289E+02     2.474819E+02
  4.242556E+02     2.459585E+02
  4.301636E+02     2.444574E+02
  4.361538E+02     2.429780E+02
  4.422274E+02     2.415199E+02
  4.483856E+02     2.400834E+02
  4.546295E+02     2.386684E+02
  4.609604E+02     2.372749E+02
  4.673795E+02     2.359027E+02
  4.738880E+02     2.345517E+02
  4.804870E+02     2.332217E+02
  4.871780E+02     2.319122E+02
  4.939622E+02     2.306229E+02
  5.008408E+02     2.293531E+02
  5.078152E+02     2.281025E+02
  5.148867E+02     2.268713E+02
  5.220568E+02     2.256594E+02
  5.293266E+02     2.244669E+02
  5.366977E+02     2.232936E+02
  5.441714E+02     2.221394E+02
  5.517492E+02     2.210040E+02
  5.594326E+02     2.198871E+02
  5.672229E+02     2.187883E+02
  5.751217E+02     2.177071E+02
  5.831305E+02     2.166432E+02
  5.912508E+02     2.155966E+02
  5.994843E+02     2.145674E+02
  6.078323E+02     2.135556E+02
  6.162966E+02     2.125610E+02
  6.248788E+02     2.115836E+02
  6.335805E+02     2.106232E+02
  6.424034E+02     2.096794E+02
  6.513491E+02     2.087519E+02
  6.604194E+02     2.078403E+02
  6.696160E+02     2.069442E+02
  6.789407E+02     2.060637E+02
  6.883952E+02     2.051987E+02
  6.979814E+02     2.043493E+02
  7.077011E+02     2.035151E+02
  7.175561E+02     2.026962E+02
  7.275484E+02     2.018922E+02
  7.376798E+02     2.011028E+02
  7.479523E+02     2.003277E+02
  7.583678E+02     1.995664E+02
  7.689284E+02     1.988185E+02
  7.796360E+02     1.980844E+02
  7.904928E+02     1.973642E+02
  8.015007E+02     1.966582E+02
  8.126619E+02     1.959665E+02
  8.239786E+02     1.952894E+02
  8.354528E+02     1.946270E+02
  8.470868E+02     1.939795E+02
  8.588829E+02     1.933469E+02
  8.708431E+02     1.927292E+02
  8.829700E+02     1.921262E+02
  8.952657E+02     1.915367E+02
  9.077327E+02     1.909591E+02
  9.203732E+02     1.903917E+02
  9.331898E+02     1.898325E+02
  9.461848E+02     1.892795E+02
  9.593608E+02     1.887303E+02
  9.727203E+02     1.881824E+02
  9.862658E+02     1.876330E+02
  1.000000E+03     1.870792E+02
