FILE CREATED BY  : PROGRAM DPASS - VERSION 2.00
DATABASE VERSION : 21.06
DATE AND TIME    : 09/08/2022 21:20:19
PROJECTILE       : Mn
TARGET           : Rh
TARGET AT. MASS  : 1.029055E+02
TARGET DENSITY   : 1.241000E+01 g/cm^3
TABULATED OUTPUT : STOPPING FORCE VERSUS ENERGY
DATA TYPE        : SPLINE INTERPOLATED
ABSCISSA UNITS   : MeV/u
ORDINATE UNITS   : eV/nm


      E/n             S(E/n)

  1.000000E-03     8.452097E+02
  1.013925E-03     8.509497E+02
  1.028045E-03     8.567656E+02
  1.042361E-03     8.626539E+02
  1.056876E-03     8.686112E+02
  1.071593E-03     8.746332E+02
  1.086516E-03     8.807157E+02
  1.101646E-03     8.868538E+02
  1.116987E-03     8.930422E+02
  1.132541E-03     8.992752E+02
  1.148312E-03     9.055465E+02
  1.164303E-03     9.118505E+02
  1.180517E-03     9.181867E+02
  1.196956E-03     9.245562E+02
  1.213624E-03     9.309608E+02
  1.230524E-03     9.374020E+02
  1.247660E-03     9.438816E+02
  1.265034E-03     9.504017E+02
  1.282650E-03     9.569645E+02
  1.300511E-03     9.635723E+02
  1.318621E-03     9.702278E+02
  1.336984E-03     9.769335E+02
  1.355602E-03     9.836902E+02
  1.374479E-03     9.904976E+02
  1.393619E-03     9.973556E+02
  1.413026E-03     1.004264E+03
  1.432703E-03     1.011223E+03
  1.452654E-03     1.018231E+03
  1.472883E-03     1.025290E+03
  1.493393E-03     1.032398E+03
  1.514189E-03     1.039555E+03
  1.535275E-03     1.046761E+03
  1.556654E-03     1.054017E+03
  1.578331E-03     1.061322E+03
  1.600310E-03     1.068677E+03
  1.622595E-03     1.076082E+03
  1.645191E-03     1.083538E+03
  1.668101E-03     1.091046E+03
  1.691330E-03     1.098605E+03
  1.714882E-03     1.106217E+03
  1.738762E-03     1.113883E+03
  1.762975E-03     1.121603E+03
  1.787526E-03     1.129377E+03
  1.812418E-03     1.137206E+03
  1.837656E-03     1.145089E+03
  1.863246E-03     1.153029E+03
  1.889193E-03     1.161023E+03
  1.915501E-03     1.169074E+03
  1.942175E-03     1.177181E+03
  1.969220E-03     1.185344E+03
  1.996642E-03     1.193565E+03
  2.024447E-03     1.201843E+03
  2.052638E-03     1.210179E+03
  2.081222E-03     1.218574E+03
  2.110203E-03     1.227027E+03
  2.139589E-03     1.235540E+03
  2.169384E-03     1.244111E+03
  2.199593E-03     1.252743E+03
  2.230223E-03     1.261435E+03
  2.261280E-03     1.270188E+03
  2.292769E-03     1.279003E+03
  2.324697E-03     1.287879E+03
  2.357069E-03     1.296819E+03
  2.389893E-03     1.305822E+03
  2.423173E-03     1.314888E+03
  2.456916E-03     1.324017E+03
  2.491130E-03     1.333211E+03
  2.525820E-03     1.342469E+03
  2.560993E-03     1.351792E+03
  2.596656E-03     1.361180E+03
  2.632815E-03     1.370635E+03
  2.669478E-03     1.380156E+03
  2.706652E-03     1.389744E+03
  2.744343E-03     1.399400E+03
  2.782559E-03     1.409123E+03
  2.821308E-03     1.418915E+03
  2.860596E-03     1.428775E+03
  2.900430E-03     1.438704E+03
  2.940820E-03     1.448704E+03
  2.981772E-03     1.458773E+03
  3.023295E-03     1.468913E+03
  3.065395E-03     1.479125E+03
  3.108082E-03     1.489409E+03
  3.151363E-03     1.499765E+03
  3.195248E-03     1.510195E+03
  3.239743E-03     1.520698E+03
  3.284857E-03     1.531275E+03
  3.330600E-03     1.541927E+03
  3.376980E-03     1.552653E+03
  3.424006E-03     1.563456E+03
  3.471687E-03     1.574335E+03
  3.520031E-03     1.585291E+03
  3.569049E-03     1.596325E+03
  3.618750E-03     1.607438E+03
  3.669142E-03     1.618630E+03
  3.720237E-03     1.629900E+03
  3.772042E-03     1.641250E+03
  3.824570E-03     1.652681E+03
  3.877828E-03     1.664192E+03
  3.931829E-03     1.675784E+03
  3.986581E-03     1.687459E+03
  4.042096E-03     1.699216E+03
  4.098384E-03     1.711057E+03
  4.155455E-03     1.722981E+03
  4.213322E-03     1.734990E+03
  4.271994E-03     1.747084E+03
  4.331483E-03     1.759264E+03
  4.391801E-03     1.771530E+03
  4.452959E-03     1.783882E+03
  4.514968E-03     1.796323E+03
  4.577841E-03     1.808852E+03
  4.641589E-03     1.821470E+03
  4.706225E-03     1.834179E+03
  4.771761E-03     1.846979E+03
  4.838210E-03     1.859870E+03
  4.905584E-03     1.872853E+03
  4.973896E-03     1.885929E+03
  5.043159E-03     1.899098E+03
  5.113388E-03     1.912360E+03
  5.184594E-03     1.925717E+03
  5.256791E-03     1.939169E+03
  5.329994E-03     1.952717E+03
  5.404216E-03     1.966362E+03
  5.479472E-03     1.980105E+03
  5.555776E-03     1.993946E+03
  5.633143E-03     2.007886E+03
  5.711586E-03     2.021926E+03
  5.791123E-03     2.036065E+03
  5.871766E-03     2.050306E+03
  5.953533E-03     2.064648E+03
  6.036439E-03     2.079094E+03
  6.120498E-03     2.093643E+03
  6.205729E-03     2.108297E+03
  6.292146E-03     2.123057E+03
  6.379767E-03     2.137923E+03
  6.468608E-03     2.152896E+03
  6.558686E-03     2.167976E+03
  6.650018E-03     2.183164E+03
  6.742622E-03     2.198462E+03
  6.836516E-03     2.213869E+03
  6.931717E-03     2.229387E+03
  7.028244E-03     2.245017E+03
  7.126115E-03     2.260760E+03
  7.225349E-03     2.276617E+03
  7.325965E-03     2.292588E+03
  7.427982E-03     2.308674E+03
  7.531420E-03     2.324875E+03
  7.636298E-03     2.341193E+03
  7.742637E-03     2.357628E+03
  7.850456E-03     2.374182E+03
  7.959777E-03     2.390855E+03
  8.070620E-03     2.407648E+03
  8.183007E-03     2.424563E+03
  8.296959E-03     2.441600E+03
  8.412497E-03     2.458761E+03
  8.529644E-03     2.476045E+03
  8.648423E-03     2.493454E+03
  8.768856E-03     2.510989E+03
  8.890966E-03     2.528651E+03
  9.014776E-03     2.546440E+03
  9.140311E-03     2.564357E+03
  9.267593E-03     2.582405E+03
  9.396648E-03     2.600584E+03
  9.527500E-03     2.618896E+03
  9.660175E-03     2.637340E+03
  9.794697E-03     2.655919E+03
  9.931092E-03     2.674633E+03
  1.006939E-02     2.693482E+03
  1.020961E-02     2.712468E+03
  1.035178E-02     2.731593E+03
  1.049593E-02     2.750857E+03
  1.064209E-02     2.770262E+03
  1.079029E-02     2.789809E+03
  1.094055E-02     2.809500E+03
  1.109290E-02     2.829335E+03
  1.124737E-02     2.849315E+03
  1.140400E-02     2.869442E+03
  1.156280E-02     2.889715E+03
  1.172382E-02     2.910137E+03
  1.188708E-02     2.930709E+03
  1.205261E-02     2.951431E+03
  1.222045E-02     2.972305E+03
  1.239062E-02     2.993333E+03
  1.256317E-02     3.014517E+03
  1.273811E-02     3.035856E+03
  1.291550E-02     3.057351E+03
  1.309535E-02     3.079003E+03
  1.327771E-02     3.100814E+03
  1.346261E-02     3.122783E+03
  1.365008E-02     3.144912E+03
  1.384016E-02     3.167202E+03
  1.403289E-02     3.189654E+03
  1.422830E-02     3.212269E+03
  1.442644E-02     3.235049E+03
  1.462733E-02     3.257994E+03
  1.483103E-02     3.281106E+03
  1.503755E-02     3.304384E+03
  1.524696E-02     3.327830E+03
  1.545928E-02     3.351445E+03
  1.567455E-02     3.375231E+03
  1.589283E-02     3.399188E+03
  1.611414E-02     3.423319E+03
  1.633854E-02     3.447624E+03
  1.656606E-02     3.472105E+03
  1.679675E-02     3.496764E+03
  1.703065E-02     3.521599E+03
  1.726781E-02     3.546614E+03
  1.750827E-02     3.571808E+03
  1.775208E-02     3.597182E+03
  1.799929E-02     3.622737E+03
  1.824993E-02     3.648476E+03
  1.850407E-02     3.674398E+03
  1.876175E-02     3.700506E+03
  1.902301E-02     3.726801E+03
  1.928792E-02     3.753284E+03
  1.955651E-02     3.779956E+03
  1.982884E-02     3.806817E+03
  2.010496E-02     3.833869E+03
  2.038493E-02     3.861112E+03
  2.066880E-02     3.888549E+03
  2.095662E-02     3.916179E+03
  2.124845E-02     3.944006E+03
  2.154435E-02     3.972030E+03
  2.184436E-02     4.000253E+03
  2.214855E-02     4.028676E+03
  2.245698E-02     4.057300E+03
  2.276970E-02     4.086127E+03
  2.308678E-02     4.115156E+03
  2.340827E-02     4.144391E+03
  2.373424E-02     4.173831E+03
  2.406475E-02     4.203479E+03
  2.439986E-02     4.233336E+03
  2.473964E-02     4.263405E+03
  2.508415E-02     4.293687E+03
  2.543346E-02     4.324183E+03
  2.578763E-02     4.354895E+03
  2.614673E-02     4.385824E+03
  2.651084E-02     4.416971E+03
  2.688001E-02     4.448337E+03
  2.725433E-02     4.479924E+03
  2.763385E-02     4.511734E+03
  2.801867E-02     4.543768E+03
  2.840884E-02     4.576029E+03
  2.880444E-02     4.608519E+03
  2.920556E-02     4.641239E+03
  2.961225E-02     4.674191E+03
  3.002462E-02     4.707375E+03
  3.044272E-02     4.740794E+03
  3.086665E-02     4.774449E+03
  3.129648E-02     4.808341E+03
  3.173230E-02     4.842472E+03
  3.217418E-02     4.876845E+03
  3.262222E-02     4.911462E+03
  3.307650E-02     4.946325E+03
  3.353710E-02     4.981436E+03
  3.400412E-02     5.016797E+03
  3.447764E-02     5.052408E+03
  3.495776E-02     5.088271E+03
  3.544456E-02     5.124388E+03
  3.593814E-02     5.160761E+03
  3.643859E-02     5.197392E+03
  3.694601E-02     5.234282E+03
  3.746050E-02     5.271436E+03
  3.798215E-02     5.308855E+03
  3.851107E-02     5.346540E+03
  3.904735E-02     5.384495E+03
  3.959110E-02     5.422720E+03
  4.014242E-02     5.461217E+03
  4.070142E-02     5.499987E+03
  4.126821E-02     5.539034E+03
  4.184289E-02     5.578358E+03
  4.242556E-02     5.617963E+03
  4.301636E-02     5.657852E+03
  4.361538E-02     5.698028E+03
  4.422274E-02     5.738492E+03
  4.483856E-02     5.779246E+03
  4.546295E-02     5.820292E+03
  4.609604E-02     5.861632E+03
  4.673795E-02     5.903267E+03
  4.738880E-02     5.945199E+03
  4.804870E-02     5.987432E+03
  4.871780E-02     6.029967E+03
  4.939622E-02     6.072807E+03
  5.008408E-02     6.115955E+03
  5.078152E-02     6.159415E+03
  5.148867E-02     6.203187E+03
  5.220568E-02     6.247272E+03
  5.293266E-02     6.291674E+03
  5.366977E-02     6.336393E+03
  5.441714E-02     6.381432E+03
  5.517492E-02     6.426793E+03
  5.594326E-02     6.472480E+03
  5.672229E-02     6.518494E+03
  5.751217E-02     6.564840E+03
  5.831305E-02     6.611519E+03
  5.912508E-02     6.658533E+03
  5.994843E-02     6.705885E+03
  6.078323E-02     6.753574E+03
  6.162966E-02     6.801605E+03
  6.248788E-02     6.849977E+03
  6.335805E-02     6.898694E+03
  6.424034E-02     6.947759E+03
  6.513491E-02     6.997174E+03
  6.604194E-02     7.046943E+03
  6.696160E-02     7.097067E+03
  6.789407E-02     7.147549E+03
  6.883952E-02     7.198389E+03
  6.979814E-02     7.249590E+03
  7.077011E-02     7.301153E+03
  7.175561E-02     7.353079E+03
  7.275484E-02     7.405372E+03
  7.376798E-02     7.458033E+03
  7.479523E-02     7.511065E+03
  7.583678E-02     7.564471E+03
  7.689284E-02     7.618253E+03
  7.796360E-02     7.672413E+03
  7.904928E-02     7.726952E+03
  8.015007E-02     7.781870E+03
  8.126619E-02     7.837169E+03
  8.239786E-02     7.892850E+03
  8.354528E-02     7.948915E+03
  8.470868E-02     8.005367E+03
  8.588829E-02     8.062206E+03
  8.708431E-02     8.119435E+03
  8.829700E-02     8.177058E+03
  8.952657E-02     8.235073E+03
  9.077327E-02     8.293483E+03
  9.203732E-02     8.352288E+03
  9.331898E-02     8.411489E+03
  9.461848E-02     8.471087E+03
  9.593608E-02     8.531084E+03
  9.727203E-02     8.591481E+03
  9.862658E-02     8.652280E+03
  1.000000E-01     8.713484E+03
  1.013925E-01     8.775094E+03
  1.028045E-01     8.837111E+03
  1.042361E-01     8.899533E+03
  1.056876E-01     8.962360E+03
  1.071593E-01     9.025591E+03
  1.086516E-01     9.089226E+03
  1.101646E-01     9.153265E+03
  1.116987E-01     9.217708E+03
  1.132541E-01     9.282553E+03
  1.148312E-01     9.347803E+03
  1.164303E-01     9.413456E+03
  1.180517E-01     9.479510E+03
  1.196956E-01     9.545963E+03
  1.213624E-01     9.612812E+03
  1.230524E-01     9.680054E+03
  1.247660E-01     9.747686E+03
  1.265034E-01     9.815705E+03
  1.282650E-01     9.884109E+03
  1.300511E-01     9.952894E+03
  1.318621E-01     1.002206E+04
  1.336984E-01     1.009160E+04
  1.355602E-01     1.016151E+04
  1.374479E-01     1.023179E+04
  1.393619E-01     1.030244E+04
  1.413026E-01     1.037345E+04
  1.432703E-01     1.044482E+04
  1.452654E-01     1.051655E+04
  1.472883E-01     1.058863E+04
  1.493393E-01     1.066106E+04
  1.514189E-01     1.073384E+04
  1.535275E-01     1.080697E+04
  1.556654E-01     1.088044E+04
  1.578331E-01     1.095425E+04
  1.600310E-01     1.102840E+04
  1.622595E-01     1.110287E+04
  1.645191E-01     1.117767E+04
  1.668101E-01     1.125280E+04
  1.691330E-01     1.132826E+04
  1.714882E-01     1.140403E+04
  1.738762E-01     1.148012E+04
  1.762975E-01     1.155652E+04
  1.787526E-01     1.163324E+04
  1.812418E-01     1.171026E+04
  1.837656E-01     1.178759E+04
  1.863246E-01     1.186521E+04
  1.889193E-01     1.194313E+04
  1.915501E-01     1.202134E+04
  1.942175E-01     1.209983E+04
  1.969220E-01     1.217861E+04
  1.996642E-01     1.225767E+04
  2.024447E-01     1.233701E+04
  2.052638E-01     1.241662E+04
  2.081222E-01     1.249650E+04
  2.110203E-01     1.257664E+04
  2.139589E-01     1.265704E+04
  2.169384E-01     1.273769E+04
  2.199593E-01     1.281859E+04
  2.230223E-01     1.289972E+04
  2.261280E-01     1.298109E+04
  2.292769E-01     1.306269E+04
  2.324697E-01     1.314452E+04
  2.357069E-01     1.322657E+04
  2.389893E-01     1.330884E+04
  2.423173E-01     1.339131E+04
  2.456916E-01     1.347398E+04
  2.491130E-01     1.355683E+04
  2.525820E-01     1.363987E+04
  2.560993E-01     1.372308E+04
  2.596656E-01     1.380645E+04
  2.632815E-01     1.388999E+04
  2.669478E-01     1.397367E+04
  2.706652E-01     1.405751E+04
  2.744343E-01     1.414147E+04
  2.782559E-01     1.422556E+04
  2.821308E-01     1.430976E+04
  2.860596E-01     1.439406E+04
  2.900430E-01     1.447846E+04
  2.940820E-01     1.456293E+04
  2.981772E-01     1.464748E+04
  3.023295E-01     1.473209E+04
  3.065395E-01     1.481676E+04
  3.108082E-01     1.490146E+04
  3.151363E-01     1.498620E+04
  3.195248E-01     1.507095E+04
  3.239743E-01     1.515570E+04
  3.284857E-01     1.524044E+04
  3.330600E-01     1.532514E+04
  3.376980E-01     1.540980E+04
  3.424006E-01     1.549441E+04
  3.471687E-01     1.557894E+04
  3.520031E-01     1.566339E+04
  3.569049E-01     1.574774E+04
  3.618750E-01     1.583196E+04
  3.669142E-01     1.591605E+04
  3.720237E-01     1.599997E+04
  3.772042E-01     1.608371E+04
  3.824570E-01     1.616724E+04
  3.877828E-01     1.625054E+04
  3.931829E-01     1.633359E+04
  3.986581E-01     1.641637E+04
  4.042096E-01     1.649886E+04
  4.098384E-01     1.658103E+04
  4.155455E-01     1.666288E+04
  4.213322E-01     1.674439E+04
  4.271994E-01     1.682555E+04
  4.331483E-01     1.690637E+04
  4.391801E-01     1.698682E+04
  4.452959E-01     1.706691E+04
  4.514968E-01     1.714664E+04
  4.577841E-01     1.722600E+04
  4.641589E-01     1.730500E+04
  4.706225E-01     1.738363E+04
  4.771761E-01     1.746188E+04
  4.838210E-01     1.753976E+04
  4.905584E-01     1.761725E+04
  4.973896E-01     1.769433E+04
  5.043159E-01     1.777102E+04
  5.113388E-01     1.784730E+04
  5.184594E-01     1.792317E+04
  5.256791E-01     1.799864E+04
  5.329994E-01     1.807370E+04
  5.404216E-01     1.814836E+04
  5.479472E-01     1.822260E+04
  5.555776E-01     1.829639E+04
  5.633143E-01     1.836970E+04
  5.711586E-01     1.844252E+04
  5.791123E-01     1.851482E+04
  5.871766E-01     1.858656E+04
  5.953533E-01     1.865773E+04
  6.036439E-01     1.872831E+04
  6.120498E-01     1.879826E+04
  6.205729E-01     1.886757E+04
  6.292146E-01     1.893620E+04
  6.379767E-01     1.900415E+04
  6.468608E-01     1.907139E+04
  6.558686E-01     1.913789E+04
  6.650018E-01     1.920364E+04
  6.742622E-01     1.926863E+04
  6.836516E-01     1.933282E+04
  6.931717E-01     1.939621E+04
  7.028244E-01     1.945879E+04
  7.126115E-01     1.952054E+04
  7.225349E-01     1.958144E+04
  7.325965E-01     1.964148E+04
  7.427982E-01     1.970064E+04
  7.531420E-01     1.975891E+04
  7.636298E-01     1.981629E+04
  7.742637E-01     1.987275E+04
  7.850456E-01     1.992830E+04
  7.959777E-01     1.998292E+04
  8.070620E-01     2.003662E+04
  8.183007E-01     2.008940E+04
  8.296959E-01     2.014125E+04
  8.412497E-01     2.019215E+04
  8.529644E-01     2.024209E+04
  8.648423E-01     2.029106E+04
  8.768856E-01     2.033905E+04
  8.890966E-01     2.038605E+04
  9.014776E-01     2.043206E+04
  9.140311E-01     2.047708E+04
  9.267593E-01     2.052110E+04
  9.396648E-01     2.056413E+04
  9.527500E-01     2.060617E+04
  9.660175E-01     2.064720E+04
  9.794697E-01     2.068721E+04
  9.931092E-01     2.072621E+04
  1.006939E+00     2.076417E+04
  1.020961E+00     2.080110E+04
  1.035178E+00     2.083699E+04
  1.049593E+00     2.087186E+04
  1.064209E+00     2.090570E+04
  1.079029E+00     2.093852E+04
  1.094055E+00     2.097032E+04
  1.109290E+00     2.100110E+04
  1.124737E+00     2.103085E+04
  1.140400E+00     2.105955E+04
  1.156280E+00     2.108722E+04
  1.172382E+00     2.111384E+04
  1.188708E+00     2.113942E+04
  1.205261E+00     2.116397E+04
  1.222045E+00     2.118749E+04
  1.239062E+00     2.120999E+04
  1.256317E+00     2.123148E+04
  1.273811E+00     2.125195E+04
  1.291550E+00     2.127140E+04
  1.309535E+00     2.128982E+04
  1.327771E+00     2.130721E+04
  1.346261E+00     2.132357E+04
  1.365008E+00     2.133891E+04
  1.384016E+00     2.135323E+04
  1.403289E+00     2.136655E+04
  1.422830E+00     2.137887E+04
  1.442644E+00     2.139021E+04
  1.462733E+00     2.140055E+04
  1.483103E+00     2.140991E+04
  1.503755E+00     2.141826E+04
  1.524696E+00     2.142563E+04
  1.545928E+00     2.143200E+04
  1.567455E+00     2.143739E+04
  1.589283E+00     2.144180E+04
  1.611414E+00     2.144525E+04
  1.633854E+00     2.144775E+04
  1.656606E+00     2.144930E+04
  1.679675E+00     2.144992E+04
  1.703065E+00     2.144959E+04
  1.726781E+00     2.144831E+04
  1.750827E+00     2.144609E+04
  1.775208E+00     2.144294E+04
  1.799929E+00     2.143884E+04
  1.824993E+00     2.143382E+04
  1.850407E+00     2.142788E+04
  1.876175E+00     2.142104E+04
  1.902301E+00     2.141331E+04
  1.928792E+00     2.140469E+04
  1.955651E+00     2.139518E+04
  1.982884E+00     2.138476E+04
  2.010496E+00     2.137346E+04
  2.038493E+00     2.136126E+04
  2.066880E+00     2.134817E+04
  2.095662E+00     2.133420E+04
  2.124845E+00     2.131936E+04
  2.154435E+00     2.130365E+04
  2.184436E+00     2.128710E+04
  2.214855E+00     2.126970E+04
  2.245698E+00     2.125144E+04
  2.276970E+00     2.123233E+04
  2.308678E+00     2.121237E+04
  2.340827E+00     2.119156E+04
  2.373424E+00     2.116990E+04
  2.406475E+00     2.114740E+04
  2.439986E+00     2.112407E+04
  2.473964E+00     2.109992E+04
  2.508415E+00     2.107496E+04
  2.543346E+00     2.104918E+04
  2.578763E+00     2.102260E+04
  2.614673E+00     2.099520E+04
  2.651084E+00     2.096700E+04
  2.688001E+00     2.093799E+04
  2.725433E+00     2.090818E+04
  2.763385E+00     2.087758E+04
  2.801867E+00     2.084619E+04
  2.840884E+00     2.081402E+04
  2.880444E+00     2.078109E+04
  2.920556E+00     2.074740E+04
  2.961225E+00     2.071294E+04
  3.002462E+00     2.067772E+04
  3.044272E+00     2.064172E+04
  3.086665E+00     2.060495E+04
  3.129648E+00     2.056741E+04
  3.173230E+00     2.052911E+04
  3.217418E+00     2.049003E+04
  3.262222E+00     2.045020E+04
  3.307650E+00     2.040962E+04
  3.353710E+00     2.036828E+04
  3.400412E+00     2.032618E+04
  3.447764E+00     2.028334E+04
  3.495776E+00     2.023974E+04
  3.544456E+00     2.019541E+04
  3.593814E+00     2.015033E+04
  3.643859E+00     2.010451E+04
  3.694601E+00     2.005797E+04
  3.746050E+00     2.001071E+04
  3.798215E+00     1.996275E+04
  3.851107E+00     1.991408E+04
  3.904735E+00     1.986470E+04
  3.959110E+00     1.981463E+04
  4.014242E+00     1.976385E+04
  4.070142E+00     1.971237E+04
  4.126821E+00     1.966020E+04
  4.184289E+00     1.960733E+04
  4.242556E+00     1.955378E+04
  4.301636E+00     1.949954E+04
  4.361538E+00     1.944463E+04
  4.422274E+00     1.938905E+04
  4.483856E+00     1.933281E+04
  4.546295E+00     1.927589E+04
  4.609604E+00     1.921831E+04
  4.673795E+00     1.916008E+04
  4.738880E+00     1.910119E+04
  4.804870E+00     1.904164E+04
  4.871780E+00     1.898146E+04
  4.939622E+00     1.892064E+04
  5.008408E+00     1.885919E+04
  5.078152E+00     1.879713E+04
  5.148867E+00     1.873444E+04
  5.220568E+00     1.867114E+04
  5.293266E+00     1.860722E+04
  5.366977E+00     1.854271E+04
  5.441714E+00     1.847759E+04
  5.517492E+00     1.841187E+04
  5.594326E+00     1.834557E+04
  5.672229E+00     1.827869E+04
  5.751217E+00     1.821124E+04
  5.831305E+00     1.814323E+04
  5.912508E+00     1.807465E+04
  5.994843E+00     1.800552E+04
  6.078323E+00     1.793584E+04
  6.162966E+00     1.786561E+04
  6.248788E+00     1.779484E+04
  6.335805E+00     1.772353E+04
  6.424034E+00     1.765170E+04
  6.513491E+00     1.757935E+04
  6.604194E+00     1.750649E+04
  6.696160E+00     1.743312E+04
  6.789407E+00     1.735925E+04
  6.883952E+00     1.728489E+04
  6.979814E+00     1.721004E+04
  7.077011E+00     1.713470E+04
  7.175561E+00     1.705889E+04
  7.275484E+00     1.698262E+04
  7.376798E+00     1.690588E+04
  7.479523E+00     1.682868E+04
  7.583678E+00     1.675104E+04
  7.689284E+00     1.667297E+04
  7.796360E+00     1.659446E+04
  7.904928E+00     1.651553E+04
  8.015007E+00     1.643618E+04
  8.126619E+00     1.635641E+04
  8.239786E+00     1.627625E+04
  8.354528E+00     1.619569E+04
  8.470868E+00     1.611474E+04
  8.588829E+00     1.603341E+04
  8.708431E+00     1.595171E+04
  8.829700E+00     1.586964E+04
  8.952657E+00     1.578722E+04
  9.077327E+00     1.570445E+04
  9.203732E+00     1.562134E+04
  9.331898E+00     1.553789E+04
  9.461848E+00     1.545412E+04
  9.593608E+00     1.537003E+04
  9.727203E+00     1.528563E+04
  9.862658E+00     1.520093E+04
  1.000000E+01     1.511593E+04
  1.013925E+01     1.503064E+04
  1.028045E+01     1.494508E+04
  1.042361E+01     1.485926E+04
  1.056876E+01     1.477317E+04
  1.071593E+01     1.468684E+04
  1.086516E+01     1.460028E+04
  1.101646E+01     1.451349E+04
  1.116987E+01     1.442649E+04
  1.132541E+01     1.433928E+04
  1.148312E+01     1.425188E+04
  1.164303E+01     1.416429E+04
  1.180517E+01     1.407653E+04
  1.196956E+01     1.398861E+04
  1.213624E+01     1.390053E+04
  1.230524E+01     1.381230E+04
  1.247660E+01     1.372394E+04
  1.265034E+01     1.363544E+04
  1.282650E+01     1.354682E+04
  1.300511E+01     1.345809E+04
  1.318621E+01     1.336924E+04
  1.336984E+01     1.328029E+04
  1.355602E+01     1.319124E+04
  1.374479E+01     1.310211E+04
  1.393619E+01     1.301291E+04
  1.413026E+01     1.292365E+04
  1.432703E+01     1.283435E+04
  1.452654E+01     1.274501E+04
  1.472883E+01     1.265564E+04
  1.493393E+01     1.256626E+04
  1.514189E+01     1.247688E+04
  1.535275E+01     1.238749E+04
  1.556654E+01     1.229812E+04
  1.578331E+01     1.220878E+04
  1.600310E+01     1.211949E+04
  1.622595E+01     1.203026E+04
  1.645191E+01     1.194110E+04
  1.668101E+01     1.185203E+04
  1.691330E+01     1.176306E+04
  1.714882E+01     1.167420E+04
  1.738762E+01     1.158547E+04
  1.762975E+01     1.149687E+04
  1.787526E+01     1.140842E+04
  1.812418E+01     1.132013E+04
  1.837656E+01     1.123199E+04
  1.863246E+01     1.114403E+04
  1.889193E+01     1.105624E+04
  1.915501E+01     1.096863E+04
  1.942175E+01     1.088121E+04
  1.969220E+01     1.079397E+04
  1.996642E+01     1.070691E+04
  2.024447E+01     1.062003E+04
  2.052638E+01     1.053334E+04
  2.081222E+01     1.044685E+04
  2.110203E+01     1.036057E+04
  2.139589E+01     1.027452E+04
  2.169384E+01     1.018870E+04
  2.199593E+01     1.010313E+04
  2.230223E+01     1.001782E+04
  2.261280E+01     9.932764E+03
  2.292769E+01     9.847980E+03
  2.324697E+01     9.763470E+03
  2.357069E+01     9.679245E+03
  2.389893E+01     9.595319E+03
  2.423173E+01     9.511708E+03
  2.456916E+01     9.428426E+03
  2.491130E+01     9.345487E+03
  2.525820E+01     9.262903E+03
  2.560993E+01     9.180686E+03
  2.596656E+01     9.098846E+03
  2.632815E+01     9.017393E+03
  2.669478E+01     8.936334E+03
  2.706652E+01     8.855677E+03
  2.744343E+01     8.775433E+03
  2.782559E+01     8.695610E+03
  2.821308E+01     8.616217E+03
  2.860596E+01     8.537259E+03
  2.900430E+01     8.458741E+03
  2.940820E+01     8.380665E+03
  2.981772E+01     8.303031E+03
  3.023295E+01     8.225837E+03
  3.065395E+01     8.149080E+03
  3.108082E+01     8.072758E+03
  3.151363E+01     7.996883E+03
  3.195248E+01     7.921465E+03
  3.239743E+01     7.846513E+03
  3.284857E+01     7.772035E+03
  3.330600E+01     7.698036E+03
  3.376980E+01     7.624521E+03
  3.424006E+01     7.551492E+03
  3.471687E+01     7.478950E+03
  3.520031E+01     7.406893E+03
  3.569049E+01     7.335320E+03
  3.618750E+01     7.264241E+03
  3.669142E+01     7.193665E+03
  3.720237E+01     7.123600E+03
  3.772042E+01     7.054053E+03
  3.824570E+01     6.985028E+03
  3.877828E+01     6.916528E+03
  3.931829E+01     6.848552E+03
  3.986581E+01     6.781101E+03
  4.042096E+01     6.714169E+03
  4.098384E+01     6.647753E+03
  4.155455E+01     6.581862E+03
  4.213322E+01     6.516502E+03
  4.271994E+01     6.451679E+03
  4.331483E+01     6.387397E+03
  4.391801E+01     6.323660E+03
  4.452959E+01     6.260467E+03
  4.514968E+01     6.197817E+03
  4.577841E+01     6.135705E+03
  4.641589E+01     6.074124E+03
  4.706225E+01     6.013068E+03
  4.771761E+01     5.952543E+03
  4.838210E+01     5.892554E+03
  4.905584E+01     5.833106E+03
  4.973896E+01     5.774204E+03
  5.043159E+01     5.715848E+03
  5.113388E+01     5.658038E+03
  5.184594E+01     5.600771E+03
  5.256791E+01     5.544041E+03
  5.329994E+01     5.487841E+03
  5.404216E+01     5.432163E+03
  5.479472E+01     5.377010E+03
  5.555776E+01     5.322387E+03
  5.633143E+01     5.268298E+03
  5.711586E+01     5.214746E+03
  5.791123E+01     5.161730E+03
  5.871766E+01     5.109250E+03
  5.953533E+01     5.057301E+03
  6.036439E+01     5.005878E+03
  6.120498E+01     4.954971E+03
  6.205729E+01     4.904571E+03
  6.292146E+01     4.854680E+03
  6.379767E+01     4.805301E+03
  6.468608E+01     4.756439E+03
  6.558686E+01     4.708094E+03
  6.650018E+01     4.660268E+03
  6.742622E+01     4.612957E+03
  6.836516E+01     4.566157E+03
  6.931717E+01     4.519863E+03
  7.028244E+01     4.474065E+03
  7.126115E+01     4.428753E+03
  7.225349E+01     4.383926E+03
  7.325965E+01     4.339587E+03
  7.427982E+01     4.295737E+03
  7.531420E+01     4.252377E+03
  7.636298E+01     4.209505E+03
  7.742637E+01     4.167116E+03
  7.850456E+01     4.125206E+03
  7.959777E+01     4.083767E+03
  8.070620E+01     4.042787E+03
  8.183007E+01     4.002254E+03
  8.296959E+01     3.962166E+03
  8.412497E+01     3.922526E+03
  8.529644E+01     3.883336E+03
  8.648423E+01     3.844597E+03
  8.768856E+01     3.806308E+03
  8.890966E+01     3.768466E+03
  9.014776E+01     3.731067E+03
  9.140311E+01     3.694104E+03
  9.267593E+01     3.657570E+03
  9.396648E+01     3.621453E+03
  9.527500E+01     3.585750E+03
  9.660175E+01     3.550463E+03
  9.794697E+01     3.515593E+03
  9.931092E+01     3.481139E+03
  1.006939E+02     3.447099E+03
  1.020961E+02     3.413470E+03
  1.035178E+02     3.380247E+03
  1.049593E+02     3.347422E+03
  1.064209E+02     3.314986E+03
  1.079029E+02     3.282927E+03
  1.094055E+02     3.251240E+03
  1.109290E+02     3.219927E+03
  1.124737E+02     3.188989E+03
  1.140400E+02     3.158426E+03
  1.156280E+02     3.128236E+03
  1.172382E+02     3.098416E+03
  1.188708E+02     3.068962E+03
  1.205261E+02     3.039867E+03
  1.222045E+02     3.011123E+03
  1.239062E+02     2.982721E+03
  1.256317E+02     2.954655E+03
  1.273811E+02     2.926925E+03
  1.291550E+02     2.899534E+03
  1.309535E+02     2.872480E+03
  1.327771E+02     2.845762E+03
  1.346261E+02     2.819378E+03
  1.365008E+02     2.793323E+03
  1.384016E+02     2.767592E+03
  1.403289E+02     2.742178E+03
  1.422830E+02     2.717071E+03
  1.442644E+02     2.692266E+03
  1.462733E+02     2.667763E+03
  1.483103E+02     2.643562E+03
  1.503755E+02     2.619664E+03
  1.524696E+02     2.596067E+03
  1.545928E+02     2.572769E+03
  1.567455E+02     2.549766E+03
  1.589283E+02     2.527051E+03
  1.611414E+02     2.504620E+03
  1.633854E+02     2.482464E+03
  1.656606E+02     2.460575E+03
  1.679675E+02     2.438955E+03
  1.703065E+02     2.417605E+03
  1.726781E+02     2.396524E+03
  1.750827E+02     2.375710E+03
  1.775208E+02     2.355163E+03
  1.799929E+02     2.334879E+03
  1.824993E+02     2.314853E+03
  1.850407E+02     2.295079E+03
  1.876175E+02     2.275551E+03
  1.902301E+02     2.256263E+03
  1.928792E+02     2.237213E+03
  1.955651E+02     2.218404E+03
  1.982884E+02     2.199836E+03
  2.010496E+02     2.181506E+03
  2.038493E+02     2.163414E+03
  2.066880E+02     2.145556E+03
  2.095662E+02     2.127929E+03
  2.124845E+02     2.110528E+03
  2.154435E+02     2.093347E+03
  2.184436E+02     2.076380E+03
  2.214855E+02     2.059626E+03
  2.245698E+02     2.043087E+03
  2.276970E+02     2.026762E+03
  2.308678E+02     2.010650E+03
  2.340827E+02     1.994751E+03
  2.373424E+02     1.979061E+03
  2.406475E+02     1.963579E+03
  2.439986E+02     1.948298E+03
  2.473964E+02     1.933214E+03
  2.508415E+02     1.918322E+03
  2.543346E+02     1.903621E+03
  2.578763E+02     1.889111E+03
  2.614673E+02     1.874793E+03
  2.651084E+02     1.860667E+03
  2.688001E+02     1.846730E+03
  2.725433E+02     1.832981E+03
  2.763385E+02     1.819417E+03
  2.801867E+02     1.806034E+03
  2.840884E+02     1.792829E+03
  2.880444E+02     1.779794E+03
  2.920556E+02     1.766931E+03
  2.961225E+02     1.754239E+03
  3.002462E+02     1.741719E+03
  3.044272E+02     1.729370E+03
  3.086665E+02     1.717191E+03
  3.129648E+02     1.705180E+03
  3.173230E+02     1.693336E+03
  3.217418E+02     1.681653E+03
  3.262222E+02     1.670130E+03
  3.307650E+02     1.658760E+03
  3.353710E+02     1.647543E+03
  3.400412E+02     1.636480E+03
  3.447764E+02     1.625570E+03
  3.495776E+02     1.614814E+03
  3.544456E+02     1.604211E+03
  3.593814E+02     1.593759E+03
  3.643859E+02     1.583457E+03
  3.694601E+02     1.573301E+03
  3.746050E+02     1.563288E+03
  3.798215E+02     1.553415E+03
  3.851107E+02     1.543679E+03
  3.904735E+02     1.534082E+03
  3.959110E+02     1.524624E+03
  4.014242E+02     1.515304E+03
  4.070142E+02     1.506122E+03
  4.126821E+02     1.497076E+03
  4.184289E+02     1.488165E+03
  4.242556E+02     1.479386E+03
  4.301636E+02     1.470735E+03
  4.361538E+02     1.462210E+03
  4.422274E+02     1.453809E+03
  4.483856E+02     1.445533E+03
  4.546295E+02     1.437381E+03
  4.609604E+02     1.429353E+03
  4.673795E+02     1.421449E+03
  4.738880E+02     1.413667E+03
  4.804870E+02     1.406007E+03
  4.871780E+02     1.398466E+03
  4.939622E+02     1.391042E+03
  5.008408E+02     1.383730E+03
  5.078152E+02     1.376531E+03
  5.148867E+02     1.369443E+03
  5.220568E+02     1.362468E+03
  5.293266E+02     1.355605E+03
  5.366977E+02     1.348853E+03
  5.441714E+02     1.342211E+03
  5.517492E+02     1.335678E+03
  5.594326E+02     1.329253E+03
  5.672229E+02     1.322932E+03
  5.751217E+02     1.316714E+03
  5.831305E+02     1.310595E+03
  5.912508E+02     1.304577E+03
  5.994843E+02     1.298659E+03
  6.078323E+02     1.292841E+03
  6.162966E+02     1.287124E+03
  6.248788E+02     1.281506E+03
  6.335805E+02     1.275985E+03
  6.424034E+02     1.270561E+03
  6.513491E+02     1.265231E+03
  6.604194E+02     1.259993E+03
  6.696160E+02     1.254845E+03
  6.789407E+02     1.249786E+03
  6.883952E+02     1.244817E+03
  6.979814E+02     1.239937E+03
  7.077011E+02     1.235145E+03
  7.175561E+02     1.230439E+03
  7.275484E+02     1.225818E+03
  7.376798E+02     1.221280E+03
  7.479523E+02     1.216823E+03
  7.583678E+02     1.212444E+03
  7.689284E+02     1.208140E+03
  7.796360E+02     1.203913E+03
  7.904928E+02     1.199764E+03
  8.015007E+02     1.195694E+03
  8.126619E+02     1.191706E+03
  8.239786E+02     1.187799E+03
  8.354528E+02     1.183975E+03
  8.470868E+02     1.180235E+03
  8.588829E+02     1.176578E+03
  8.708431E+02     1.173007E+03
  8.829700E+02     1.169518E+03
  8.952657E+02     1.166105E+03
  9.077327E+02     1.162760E+03
  9.203732E+02     1.159472E+03
  9.331898E+02     1.156230E+03
  9.461848E+02     1.153022E+03
  9.593608E+02     1.149835E+03
  9.727203E+02     1.146655E+03
  9.862658E+02     1.143466E+03
  1.000000E+03     1.140251E+03
