FILE CREATED BY  : PROGRAM DPASS - VERSION 2.00
DATABASE VERSION : 21.06
DATE AND TIME    : 09/08/2022 21:24:51
PROJECTILE       : Fe
TARGET           : Sm
TARGET AT. MASS  : 1.504000E+02
TARGET DENSITY   : 7.520000E+00 g/cm^3
TABULATED OUTPUT : STOPPING FORCE VERSUS ENERGY
DATA TYPE        : SPLINE INTERPOLATED
ABSCISSA UNITS   : MeV/u
ORDINATE UNITS   : eV/nm


      E/n             S(E/n)

  1.000000E-03     4.097384E+02
  1.013925E-03     4.125341E+02
  1.028045E-03     4.153668E+02
  1.042361E-03     4.182348E+02
  1.056876E-03     4.211365E+02
  1.071593E-03     4.240699E+02
  1.086516E-03     4.270329E+02
  1.101646E-03     4.300232E+02
  1.116987E-03     4.330383E+02
  1.132541E-03     4.360754E+02
  1.148312E-03     4.391316E+02
  1.164303E-03     4.422041E+02
  1.180517E-03     4.452927E+02
  1.196956E-03     4.483981E+02
  1.213624E-03     4.515210E+02
  1.230524E-03     4.546622E+02
  1.247660E-03     4.578226E+02
  1.265034E-03     4.610033E+02
  1.282650E-03     4.642052E+02
  1.300511E-03     4.674295E+02
  1.318621E-03     4.706776E+02
  1.336984E-03     4.739507E+02
  1.355602E-03     4.772490E+02
  1.374479E-03     4.805727E+02
  1.393619E-03     4.839214E+02
  1.413026E-03     4.872952E+02
  1.432703E-03     4.906940E+02
  1.452654E-03     4.941175E+02
  1.472883E-03     4.975658E+02
  1.493393E-03     5.010386E+02
  1.514189E-03     5.045358E+02
  1.535275E-03     5.080573E+02
  1.556654E-03     5.116031E+02
  1.578331E-03     5.151735E+02
  1.600310E-03     5.187687E+02
  1.622595E-03     5.223890E+02
  1.645191E-03     5.260346E+02
  1.668101E-03     5.297058E+02
  1.691330E-03     5.334030E+02
  1.714882E-03     5.371265E+02
  1.738762E-03     5.408768E+02
  1.762975E-03     5.446543E+02
  1.787526E-03     5.484592E+02
  1.812418E-03     5.522917E+02
  1.837656E-03     5.561518E+02
  1.863246E-03     5.600397E+02
  1.889193E-03     5.639555E+02
  1.915501E-03     5.678994E+02
  1.942175E-03     5.718715E+02
  1.969220E-03     5.758720E+02
  1.996642E-03     5.799012E+02
  2.024447E-03     5.839593E+02
  2.052638E-03     5.880464E+02
  2.081222E-03     5.921627E+02
  2.110203E-03     5.963084E+02
  2.139589E-03     6.004837E+02
  2.169384E-03     6.046887E+02
  2.199593E-03     6.089237E+02
  2.230223E-03     6.131889E+02
  2.261280E-03     6.174847E+02
  2.292769E-03     6.218113E+02
  2.324697E-03     6.261690E+02
  2.357069E-03     6.305581E+02
  2.389893E-03     6.349788E+02
  2.423173E-03     6.394312E+02
  2.456916E-03     6.439157E+02
  2.491130E-03     6.484324E+02
  2.525820E-03     6.529815E+02
  2.560993E-03     6.575634E+02
  2.596656E-03     6.621784E+02
  2.632815E-03     6.668269E+02
  2.669478E-03     6.715091E+02
  2.706652E-03     6.762254E+02
  2.744343E-03     6.809760E+02
  2.782559E-03     6.857611E+02
  2.821308E-03     6.905808E+02
  2.860596E-03     6.954354E+02
  2.900430E-03     7.003251E+02
  2.940820E-03     7.052502E+02
  2.981772E-03     7.102110E+02
  3.023295E-03     7.152078E+02
  3.065395E-03     7.202410E+02
  3.108082E-03     7.253109E+02
  3.151363E-03     7.304176E+02
  3.195248E-03     7.355615E+02
  3.239743E-03     7.407427E+02
  3.284857E-03     7.459616E+02
  3.330600E-03     7.512184E+02
  3.376980E-03     7.565134E+02
  3.424006E-03     7.618470E+02
  3.471687E-03     7.672196E+02
  3.520031E-03     7.726316E+02
  3.569049E-03     7.780834E+02
  3.618750E-03     7.835752E+02
  3.669142E-03     7.891072E+02
  3.720237E-03     7.946797E+02
  3.772042E-03     8.002930E+02
  3.824570E-03     8.059473E+02
  3.877828E-03     8.116429E+02
  3.931829E-03     8.173803E+02
  3.986581E-03     8.231597E+02
  4.042096E-03     8.289817E+02
  4.098384E-03     8.348465E+02
  4.155455E-03     8.407546E+02
  4.213322E-03     8.467061E+02
  4.271994E-03     8.527013E+02
  4.331483E-03     8.587405E+02
  4.391801E-03     8.648241E+02
  4.452959E-03     8.709524E+02
  4.514968E-03     8.771258E+02
  4.577841E-03     8.833448E+02
  4.641589E-03     8.896099E+02
  4.706225E-03     8.959215E+02
  4.771761E-03     9.022799E+02
  4.838210E-03     9.086854E+02
  4.905584E-03     9.151383E+02
  4.973896E-03     9.216390E+02
  5.043159E-03     9.281878E+02
  5.113388E-03     9.347851E+02
  5.184594E-03     9.414314E+02
  5.256791E-03     9.481270E+02
  5.329994E-03     9.548726E+02
  5.404216E-03     9.616687E+02
  5.479472E-03     9.685156E+02
  5.555776E-03     9.754135E+02
  5.633143E-03     9.823628E+02
  5.711586E-03     9.893638E+02
  5.791123E-03     9.964169E+02
  5.871766E-03     1.003523E+03
  5.953533E-03     1.010681E+03
  6.036439E-03     1.017893E+03
  6.120498E-03     1.025159E+03
  6.205729E-03     1.032479E+03
  6.292146E-03     1.039855E+03
  6.379767E-03     1.047285E+03
  6.468608E-03     1.054771E+03
  6.558686E-03     1.062313E+03
  6.650018E-03     1.069911E+03
  6.742622E-03     1.077566E+03
  6.836516E-03     1.085278E+03
  6.931717E-03     1.093048E+03
  7.028244E-03     1.100877E+03
  7.126115E-03     1.108764E+03
  7.225349E-03     1.116711E+03
  7.325965E-03     1.124718E+03
  7.427982E-03     1.132784E+03
  7.531420E-03     1.140912E+03
  7.636298E-03     1.149101E+03
  7.742637E-03     1.157351E+03
  7.850456E-03     1.165664E+03
  7.959777E-03     1.174039E+03
  8.070620E-03     1.182478E+03
  8.183007E-03     1.190982E+03
  8.296959E-03     1.199550E+03
  8.412497E-03     1.208183E+03
  8.529644E-03     1.216881E+03
  8.648423E-03     1.225645E+03
  8.768856E-03     1.234476E+03
  8.890966E-03     1.243373E+03
  9.014776E-03     1.252337E+03
  9.140311E-03     1.261368E+03
  9.267593E-03     1.270468E+03
  9.396648E-03     1.279637E+03
  9.527500E-03     1.288874E+03
  9.660175E-03     1.298182E+03
  9.794697E-03     1.307559E+03
  9.931092E-03     1.317008E+03
  1.006939E-02     1.326527E+03
  1.020961E-02     1.336118E+03
  1.035178E-02     1.345782E+03
  1.049593E-02     1.355519E+03
  1.064209E-02     1.365330E+03
  1.079029E-02     1.375216E+03
  1.094055E-02     1.385177E+03
  1.109290E-02     1.395214E+03
  1.124737E-02     1.405328E+03
  1.140400E-02     1.415518E+03
  1.156280E-02     1.425786E+03
  1.172382E-02     1.436132E+03
  1.188708E-02     1.446557E+03
  1.205261E-02     1.457062E+03
  1.222045E-02     1.467647E+03
  1.239062E-02     1.478314E+03
  1.256317E-02     1.489063E+03
  1.273811E-02     1.499894E+03
  1.291550E-02     1.510808E+03
  1.309535E-02     1.521806E+03
  1.327771E-02     1.532888E+03
  1.346261E-02     1.544055E+03
  1.365008E-02     1.555306E+03
  1.384016E-02     1.566644E+03
  1.403289E-02     1.578069E+03
  1.422830E-02     1.589581E+03
  1.442644E-02     1.601181E+03
  1.462733E-02     1.612870E+03
  1.483103E-02     1.624648E+03
  1.503755E-02     1.636515E+03
  1.524696E-02     1.648472E+03
  1.545928E-02     1.660519E+03
  1.567455E-02     1.672657E+03
  1.589283E-02     1.684886E+03
  1.611414E-02     1.697207E+03
  1.633854E-02     1.709621E+03
  1.656606E-02     1.722128E+03
  1.679675E-02     1.734728E+03
  1.703065E-02     1.747422E+03
  1.726781E-02     1.760211E+03
  1.750827E-02     1.773093E+03
  1.775208E-02     1.786071E+03
  1.799929E-02     1.799144E+03
  1.824993E-02     1.812313E+03
  1.850407E-02     1.825578E+03
  1.876175E-02     1.838941E+03
  1.902301E-02     1.852401E+03
  1.928792E-02     1.865959E+03
  1.955651E-02     1.879615E+03
  1.982884E-02     1.893370E+03
  2.010496E-02     1.907224E+03
  2.038493E-02     1.921177E+03
  2.066880E-02     1.935230E+03
  2.095662E-02     1.949384E+03
  2.124845E-02     1.963638E+03
  2.154435E-02     1.977994E+03
  2.184436E-02     1.992452E+03
  2.214855E-02     2.007012E+03
  2.245698E-02     2.021676E+03
  2.276970E-02     2.036442E+03
  2.308678E-02     2.051312E+03
  2.340827E-02     2.066286E+03
  2.373424E-02     2.081365E+03
  2.406475E-02     2.096549E+03
  2.439986E-02     2.111838E+03
  2.473964E-02     2.127234E+03
  2.508415E-02     2.142737E+03
  2.543346E-02     2.158347E+03
  2.578763E-02     2.174066E+03
  2.614673E-02     2.189893E+03
  2.651084E-02     2.205829E+03
  2.688001E-02     2.221874E+03
  2.725433E-02     2.238030E+03
  2.763385E-02     2.254297E+03
  2.801867E-02     2.270676E+03
  2.840884E-02     2.287168E+03
  2.880444E-02     2.303773E+03
  2.920556E-02     2.320493E+03
  2.961225E-02     2.337328E+03
  3.002462E-02     2.354279E+03
  3.044272E-02     2.371345E+03
  3.086665E-02     2.388528E+03
  3.129648E-02     2.405829E+03
  3.173230E-02     2.423249E+03
  3.217418E-02     2.440787E+03
  3.262222E-02     2.458447E+03
  3.307650E-02     2.476228E+03
  3.353710E-02     2.494132E+03
  3.400412E-02     2.512159E+03
  3.447764E-02     2.530310E+03
  3.495776E-02     2.548585E+03
  3.544456E-02     2.566986E+03
  3.593814E-02     2.585514E+03
  3.643859E-02     2.604169E+03
  3.694601E-02     2.622954E+03
  3.746050E-02     2.641868E+03
  3.798215E-02     2.660915E+03
  3.851107E-02     2.680094E+03
  3.904735E-02     2.699406E+03
  3.959110E-02     2.718853E+03
  4.014242E-02     2.738436E+03
  4.070142E-02     2.758155E+03
  4.126821E-02     2.778011E+03
  4.184289E-02     2.798007E+03
  4.242556E-02     2.818142E+03
  4.301636E-02     2.838420E+03
  4.361538E-02     2.858842E+03
  4.422274E-02     2.879408E+03
  4.483856E-02     2.900121E+03
  4.546295E-02     2.920980E+03
  4.609604E-02     2.941988E+03
  4.673795E-02     2.963145E+03
  4.738880E-02     2.984452E+03
  4.804870E-02     3.005912E+03
  4.871780E-02     3.027526E+03
  4.939622E-02     3.049296E+03
  5.008408E-02     3.071224E+03
  5.078152E-02     3.093311E+03
  5.148867E-02     3.115559E+03
  5.220568E-02     3.137968E+03
  5.293266E-02     3.160540E+03
  5.366977E-02     3.183277E+03
  5.441714E-02     3.206180E+03
  5.517492E-02     3.229250E+03
  5.594326E-02     3.252489E+03
  5.672229E-02     3.275900E+03
  5.751217E-02     3.299484E+03
  5.831305E-02     3.323244E+03
  5.912508E-02     3.347180E+03
  5.994843E-02     3.371294E+03
  6.078323E-02     3.395587E+03
  6.162966E-02     3.420060E+03
  6.248788E-02     3.444715E+03
  6.335805E-02     3.469554E+03
  6.424034E-02     3.494579E+03
  6.513491E-02     3.519791E+03
  6.604194E-02     3.545193E+03
  6.696160E-02     3.570787E+03
  6.789407E-02     3.596574E+03
  6.883952E-02     3.622554E+03
  6.979814E-02     3.648730E+03
  7.077011E-02     3.675103E+03
  7.175561E-02     3.701674E+03
  7.275484E-02     3.728446E+03
  7.376798E-02     3.755419E+03
  7.479523E-02     3.782595E+03
  7.583678E-02     3.809978E+03
  7.689284E-02     3.837569E+03
  7.796360E-02     3.865368E+03
  7.904928E-02     3.893377E+03
  8.015007E-02     3.921596E+03
  8.126619E-02     3.950028E+03
  8.239786E-02     3.978672E+03
  8.354528E-02     4.007530E+03
  8.470868E-02     4.036603E+03
  8.588829E-02     4.065894E+03
  8.708431E-02     4.095403E+03
  8.829700E-02     4.125132E+03
  8.952657E-02     4.155082E+03
  9.077327E-02     4.185254E+03
  9.203732E-02     4.215649E+03
  9.331898E-02     4.246269E+03
  9.461848E-02     4.277113E+03
  9.593608E-02     4.308184E+03
  9.727203E-02     4.339483E+03
  9.862658E-02     4.371011E+03
  1.000000E-01     4.402771E+03
  1.013925E-01     4.434764E+03
  1.028045E-01     4.466989E+03
  1.042361E-01     4.499446E+03
  1.056876E-01     4.532135E+03
  1.071593E-01     4.565054E+03
  1.086516E-01     4.598203E+03
  1.101646E-01     4.631580E+03
  1.116987E-01     4.665186E+03
  1.132541E-01     4.699020E+03
  1.148312E-01     4.733080E+03
  1.164303E-01     4.767366E+03
  1.180517E-01     4.801876E+03
  1.196956E-01     4.836608E+03
  1.213624E-01     4.871559E+03
  1.230524E-01     4.906728E+03
  1.247660E-01     4.942113E+03
  1.265034E-01     4.977710E+03
  1.282650E-01     5.013518E+03
  1.300511E-01     5.049534E+03
  1.318621E-01     5.085754E+03
  1.336984E-01     5.122178E+03
  1.355602E-01     5.158801E+03
  1.374479E-01     5.195622E+03
  1.393619E-01     5.232639E+03
  1.413026E-01     5.269850E+03
  1.432703E-01     5.307251E+03
  1.452654E-01     5.344842E+03
  1.472883E-01     5.382619E+03
  1.493393E-01     5.420580E+03
  1.514189E-01     5.458724E+03
  1.535275E-01     5.497048E+03
  1.556654E-01     5.535549E+03
  1.578331E-01     5.574225E+03
  1.600310E-01     5.613073E+03
  1.622595E-01     5.652091E+03
  1.645191E-01     5.691276E+03
  1.668101E-01     5.730626E+03
  1.691330E-01     5.770137E+03
  1.714882E-01     5.809809E+03
  1.738762E-01     5.849638E+03
  1.762975E-01     5.889622E+03
  1.787526E-01     5.929759E+03
  1.812418E-01     5.970045E+03
  1.837656E-01     6.010476E+03
  1.863246E-01     6.051050E+03
  1.889193E-01     6.091763E+03
  1.915501E-01     6.132612E+03
  1.942175E-01     6.173593E+03
  1.969220E-01     6.214704E+03
  1.996642E-01     6.255941E+03
  2.024447E-01     6.297303E+03
  2.052638E-01     6.338785E+03
  2.081222E-01     6.380383E+03
  2.110203E-01     6.422092E+03
  2.139589E-01     6.463907E+03
  2.169384E-01     6.505824E+03
  2.199593E-01     6.547838E+03
  2.230223E-01     6.589946E+03
  2.261280E-01     6.632142E+03
  2.292769E-01     6.674423E+03
  2.324697E-01     6.716784E+03
  2.357069E-01     6.759221E+03
  2.389893E-01     6.801728E+03
  2.423173E-01     6.844299E+03
  2.456916E-01     6.886928E+03
  2.491130E-01     6.929610E+03
  2.525820E-01     6.972337E+03
  2.560993E-01     7.015106E+03
  2.596656E-01     7.057909E+03
  2.632815E-01     7.100743E+03
  2.669478E-01     7.143602E+03
  2.706652E-01     7.186479E+03
  2.744343E-01     7.229369E+03
  2.782559E-01     7.272265E+03
  2.821308E-01     7.315159E+03
  2.860596E-01     7.358045E+03
  2.900430E-01     7.400917E+03
  2.940820E-01     7.443769E+03
  2.981772E-01     7.486594E+03
  3.023295E-01     7.529388E+03
  3.065395E-01     7.572144E+03
  3.108082E-01     7.614857E+03
  3.151363E-01     7.657519E+03
  3.195248E-01     7.700125E+03
  3.239743E-01     7.742668E+03
  3.284857E-01     7.785142E+03
  3.330600E-01     7.827541E+03
  3.376980E-01     7.869860E+03
  3.424006E-01     7.912093E+03
  3.471687E-01     7.954237E+03
  3.520031E-01     7.996287E+03
  3.569049E-01     8.038239E+03
  3.618750E-01     8.080088E+03
  3.669142E-01     8.121827E+03
  3.720237E-01     8.163453E+03
  3.772042E-01     8.204960E+03
  3.824570E-01     8.246345E+03
  3.877828E-01     8.287605E+03
  3.931829E-01     8.328737E+03
  3.986581E-01     8.369740E+03
  4.042096E-01     8.410612E+03
  4.098384E-01     8.451351E+03
  4.155455E-01     8.491955E+03
  4.213322E-01     8.532418E+03
  4.271994E-01     8.572737E+03
  4.331483E-01     8.612909E+03
  4.391801E-01     8.652930E+03
  4.452959E-01     8.692801E+03
  4.514968E-01     8.732519E+03
  4.577841E-01     8.772085E+03
  4.641589E-01     8.811501E+03
  4.706225E-01     8.850767E+03
  4.771761E-01     8.889879E+03
  4.838210E-01     8.928832E+03
  4.905584E-01     8.967621E+03
  4.973896E-01     9.006243E+03
  5.043159E-01     9.044693E+03
  5.113388E-01     9.082971E+03
  5.184594E-01     9.121073E+03
  5.256791E-01     9.159000E+03
  5.329994E-01     9.196750E+03
  5.404216E-01     9.234324E+03
  5.479472E-01     9.271716E+03
  5.555776E-01     9.308917E+03
  5.633143E-01     9.345919E+03
  5.711586E-01     9.382713E+03
  5.791123E-01     9.419293E+03
  5.871766E-01     9.455652E+03
  5.953533E-01     9.491784E+03
  6.036439E-01     9.527681E+03
  6.120498E-01     9.563340E+03
  6.205729E-01     9.598755E+03
  6.292146E-01     9.633924E+03
  6.379767E-01     9.668844E+03
  6.468608E-01     9.703515E+03
  6.558686E-01     9.737938E+03
  6.650018E-01     9.772114E+03
  6.742622E-01     9.806046E+03
  6.836516E-01     9.839738E+03
  6.931717E-01     9.873194E+03
  7.028244E-01     9.906423E+03
  7.126115E-01     9.939433E+03
  7.225349E-01     9.972225E+03
  7.325965E-01     1.000480E+04
  7.427982E-01     1.003716E+04
  7.531420E-01     1.006930E+04
  7.636298E-01     1.010122E+04
  7.742637E-01     1.013294E+04
  7.850456E-01     1.016445E+04
  7.959777E-01     1.019576E+04
  8.070620E-01     1.022689E+04
  8.183007E-01     1.025783E+04
  8.296959E-01     1.028858E+04
  8.412497E-01     1.031914E+04
  8.529644E-01     1.034950E+04
  8.648423E-01     1.037964E+04
  8.768856E-01     1.040955E+04
  8.890966E-01     1.043922E+04
  9.014776E-01     1.046865E+04
  9.140311E-01     1.049781E+04
  9.267593E-01     1.052671E+04
  9.396648E-01     1.055533E+04
  9.527500E-01     1.058366E+04
  9.660175E-01     1.061169E+04
  9.794697E-01     1.063940E+04
  9.931092E-01     1.066680E+04
  1.006939E+00     1.069386E+04
  1.020961E+00     1.072057E+04
  1.035178E+00     1.074693E+04
  1.049593E+00     1.077292E+04
  1.064209E+00     1.079854E+04
  1.079029E+00     1.082378E+04
  1.094055E+00     1.084862E+04
  1.109290E+00     1.087306E+04
  1.124737E+00     1.089708E+04
  1.140400E+00     1.092068E+04
  1.156280E+00     1.094385E+04
  1.172382E+00     1.096659E+04
  1.188708E+00     1.098887E+04
  1.205261E+00     1.101070E+04
  1.222045E+00     1.103208E+04
  1.239062E+00     1.105298E+04
  1.256317E+00     1.107342E+04
  1.273811E+00     1.109337E+04
  1.291550E+00     1.111284E+04
  1.309535E+00     1.113179E+04
  1.327771E+00     1.115024E+04
  1.346261E+00     1.116817E+04
  1.365008E+00     1.118557E+04
  1.384016E+00     1.120243E+04
  1.403289E+00     1.121876E+04
  1.422830E+00     1.123453E+04
  1.442644E+00     1.124975E+04
  1.462733E+00     1.126441E+04
  1.483103E+00     1.127851E+04
  1.503755E+00     1.129202E+04
  1.524696E+00     1.130495E+04
  1.545928E+00     1.131729E+04
  1.567455E+00     1.132904E+04
  1.589283E+00     1.134018E+04
  1.611414E+00     1.135073E+04
  1.633854E+00     1.136068E+04
  1.656606E+00     1.137002E+04
  1.679675E+00     1.137875E+04
  1.703065E+00     1.138687E+04
  1.726781E+00     1.139436E+04
  1.750827E+00     1.140124E+04
  1.775208E+00     1.140748E+04
  1.799929E+00     1.141310E+04
  1.824993E+00     1.141808E+04
  1.850407E+00     1.142244E+04
  1.876175E+00     1.142618E+04
  1.902301E+00     1.142929E+04
  1.928792E+00     1.143178E+04
  1.955651E+00     1.143364E+04
  1.982884E+00     1.143487E+04
  2.010496E+00     1.143547E+04
  2.038493E+00     1.143544E+04
  2.066880E+00     1.143478E+04
  2.095662E+00     1.143349E+04
  2.124845E+00     1.143159E+04
  2.154435E+00     1.142907E+04
  2.184436E+00     1.142594E+04
  2.214855E+00     1.142220E+04
  2.245698E+00     1.141786E+04
  2.276970E+00     1.141291E+04
  2.308678E+00     1.140735E+04
  2.340827E+00     1.140119E+04
  2.373424E+00     1.139442E+04
  2.406475E+00     1.138706E+04
  2.439986E+00     1.137912E+04
  2.473964E+00     1.137059E+04
  2.508415E+00     1.136149E+04
  2.543346E+00     1.135183E+04
  2.578763E+00     1.134160E+04
  2.614673E+00     1.133081E+04
  2.651084E+00     1.131945E+04
  2.688001E+00     1.130753E+04
  2.725433E+00     1.129506E+04
  2.763385E+00     1.128204E+04
  2.801867E+00     1.126848E+04
  2.840884E+00     1.125440E+04
  2.880444E+00     1.123979E+04
  2.920556E+00     1.122467E+04
  2.961225E+00     1.120904E+04
  3.002462E+00     1.119290E+04
  3.044272E+00     1.117624E+04
  3.086665E+00     1.115908E+04
  3.129648E+00     1.114142E+04
  3.173230E+00     1.112327E+04
  3.217418E+00     1.110464E+04
  3.262222E+00     1.108552E+04
  3.307650E+00     1.106595E+04
  3.353710E+00     1.104591E+04
  3.400412E+00     1.102541E+04
  3.447764E+00     1.100445E+04
  3.495776E+00     1.098304E+04
  3.544456E+00     1.096118E+04
  3.593814E+00     1.093887E+04
  3.643859E+00     1.091612E+04
  3.694601E+00     1.089293E+04
  3.746050E+00     1.086932E+04
  3.798215E+00     1.084530E+04
  3.851107E+00     1.082086E+04
  3.904735E+00     1.079601E+04
  3.959110E+00     1.077075E+04
  4.014242E+00     1.074509E+04
  4.070142E+00     1.071903E+04
  4.126821E+00     1.069256E+04
  4.184289E+00     1.066571E+04
  4.242556E+00     1.063846E+04
  4.301636E+00     1.061084E+04
  4.361538E+00     1.058284E+04
  4.422274E+00     1.055447E+04
  4.483856E+00     1.052573E+04
  4.546295E+00     1.049663E+04
  4.609604E+00     1.046716E+04
  4.673795E+00     1.043733E+04
  4.738880E+00     1.040715E+04
  4.804870E+00     1.037661E+04
  4.871780E+00     1.034572E+04
  4.939622E+00     1.031448E+04
  5.008408E+00     1.028291E+04
  5.078152E+00     1.025099E+04
  5.148867E+00     1.021875E+04
  5.220568E+00     1.018617E+04
  5.293266E+00     1.015327E+04
  5.366977E+00     1.012004E+04
  5.441714E+00     1.008648E+04
  5.517492E+00     1.005261E+04
  5.594326E+00     1.001842E+04
  5.672229E+00     9.983919E+03
  5.751217E+00     9.949114E+03
  5.831305E+00     9.914008E+03
  5.912508E+00     9.878602E+03
  5.994843E+00     9.842899E+03
  6.078323E+00     9.806902E+03
  6.162966E+00     9.770612E+03
  6.248788E+00     9.734034E+03
  6.335805E+00     9.697169E+03
  6.424034E+00     9.660022E+03
  6.513491E+00     9.622596E+03
  6.604194E+00     9.584895E+03
  6.696160E+00     9.546924E+03
  6.789407E+00     9.508684E+03
  6.883952E+00     9.470178E+03
  6.979814E+00     9.431410E+03
  7.077011E+00     9.392382E+03
  7.175561E+00     9.353098E+03
  7.275484E+00     9.313561E+03
  7.376798E+00     9.273774E+03
  7.479523E+00     9.233742E+03
  7.583678E+00     9.193468E+03
  7.689284E+00     9.152957E+03
  7.796360E+00     9.112211E+03
  7.904928E+00     9.071234E+03
  8.015007E+00     9.030029E+03
  8.126619E+00     8.988600E+03
  8.239786E+00     8.946949E+03
  8.354528E+00     8.905082E+03
  8.470868E+00     8.863000E+03
  8.588829E+00     8.820709E+03
  8.708431E+00     8.778212E+03
  8.829700E+00     8.735513E+03
  8.952657E+00     8.692615E+03
  9.077327E+00     8.649524E+03
  9.203732E+00     8.606242E+03
  9.331898E+00     8.562775E+03
  9.461848E+00     8.519125E+03
  9.593608E+00     8.475297E+03
  9.727203E+00     8.431295E+03
  9.862658E+00     8.387124E+03
  1.000000E+01     8.342787E+03
  1.013925E+01     8.298289E+03
  1.028045E+01     8.253635E+03
  1.042361E+01     8.208829E+03
  1.056876E+01     8.163877E+03
  1.071593E+01     8.118785E+03
  1.086516E+01     8.073556E+03
  1.101646E+01     8.028196E+03
  1.116987E+01     7.982710E+03
  1.132541E+01     7.937104E+03
  1.148312E+01     7.891382E+03
  1.164303E+01     7.845549E+03
  1.180517E+01     7.799610E+03
  1.196956E+01     7.753570E+03
  1.213624E+01     7.707432E+03
  1.230524E+01     7.661202E+03
  1.247660E+01     7.614882E+03
  1.265034E+01     7.568478E+03
  1.282650E+01     7.521992E+03
  1.300511E+01     7.475428E+03
  1.318621E+01     7.428788E+03
  1.336984E+01     7.382076E+03
  1.355602E+01     7.335297E+03
  1.374479E+01     7.288456E+03
  1.393619E+01     7.241561E+03
  1.413026E+01     7.194616E+03
  1.432703E+01     7.147626E+03
  1.452654E+01     7.100599E+03
  1.472883E+01     7.053538E+03
  1.493393E+01     7.006449E+03
  1.514189E+01     6.959335E+03
  1.535275E+01     6.912203E+03
  1.556654E+01     6.865057E+03
  1.578331E+01     6.817904E+03
  1.600310E+01     6.770750E+03
  1.622595E+01     6.723601E+03
  1.645191E+01     6.676464E+03
  1.668101E+01     6.629342E+03
  1.691330E+01     6.582242E+03
  1.714882E+01     6.535168E+03
  1.738762E+01     6.488125E+03
  1.762975E+01     6.441116E+03
  1.787526E+01     6.394147E+03
  1.812418E+01     6.347224E+03
  1.837656E+01     6.300354E+03
  1.863246E+01     6.253543E+03
  1.889193E+01     6.206795E+03
  1.915501E+01     6.160116E+03
  1.942175E+01     6.113511E+03
  1.969220E+01     6.066984E+03
  1.996642E+01     6.020538E+03
  2.024447E+01     5.974175E+03
  2.052638E+01     5.927902E+03
  2.081222E+01     5.881723E+03
  2.110203E+01     5.835647E+03
  2.139589E+01     5.789679E+03
  2.169384E+01     5.743824E+03
  2.199593E+01     5.698087E+03
  2.230223E+01     5.652473E+03
  2.261280E+01     5.606986E+03
  2.292769E+01     5.561628E+03
  2.324697E+01     5.516402E+03
  2.357069E+01     5.471311E+03
  2.389893E+01     5.426363E+03
  2.423173E+01     5.381562E+03
  2.456916E+01     5.336915E+03
  2.491130E+01     5.292426E+03
  2.525820E+01     5.248099E+03
  2.560993E+01     5.203938E+03
  2.596656E+01     5.159946E+03
  2.632815E+01     5.116123E+03
  2.669478E+01     5.072470E+03
  2.706652E+01     5.028992E+03
  2.744343E+01     4.985693E+03
  2.782559E+01     4.942580E+03
  2.821308E+01     4.899660E+03
  2.860596E+01     4.856937E+03
  2.900430E+01     4.814415E+03
  2.940820E+01     4.772098E+03
  2.981772E+01     4.729990E+03
  3.023295E+01     4.688091E+03
  3.065395E+01     4.646403E+03
  3.108082E+01     4.604927E+03
  3.151363E+01     4.563670E+03
  3.195248E+01     4.522636E+03
  3.239743E+01     4.481829E+03
  3.284857E+01     4.441254E+03
  3.330600E+01     4.400913E+03
  3.376980E+01     4.360808E+03
  3.424006E+01     4.320940E+03
  3.471687E+01     4.281307E+03
  3.520031E+01     4.241910E+03
  3.569049E+01     4.202747E+03
  3.618750E+01     4.163824E+03
  3.669142E+01     4.125147E+03
  3.720237E+01     4.086720E+03
  3.772042E+01     4.048546E+03
  3.824570E+01     4.010630E+03
  3.877828E+01     3.972974E+03
  3.931829E+01     3.935578E+03
  3.986581E+01     3.898443E+03
  4.042096E+01     3.861567E+03
  4.098384E+01     3.824951E+03
  4.155455E+01     3.788598E+03
  4.213322E+01     3.752512E+03
  4.271994E+01     3.716697E+03
  4.331483E+01     3.681154E+03
  4.391801E+01     3.645886E+03
  4.452959E+01     3.610892E+03
  4.514968E+01     3.576172E+03
  4.577841E+01     3.541723E+03
  4.641589E+01     3.507543E+03
  4.706225E+01     3.473628E+03
  4.771761E+01     3.439981E+03
  4.838210E+01     3.406607E+03
  4.905584E+01     3.373509E+03
  4.973896E+01     3.340689E+03
  5.043159E+01     3.308149E+03
  5.113388E+01     3.275889E+03
  5.184594E+01     3.243910E+03
  5.256791E+01     3.212208E+03
  5.329994E+01     3.180782E+03
  5.404216E+01     3.149627E+03
  5.479472E+01     3.118747E+03
  5.555776E+01     3.088144E+03
  5.633143E+01     3.057820E+03
  5.711586E+01     3.027777E+03
  5.791123E+01     2.998015E+03
  5.871766E+01     2.968534E+03
  5.953533E+01     2.939333E+03
  6.036439E+01     2.910407E+03
  6.120498E+01     2.881752E+03
  6.205729E+01     2.853365E+03
  6.292146E+01     2.825245E+03
  6.379767E+01     2.797395E+03
  6.468608E+01     2.769818E+03
  6.558686E+01     2.742515E+03
  6.650018E+01     2.715487E+03
  6.742622E+01     2.688731E+03
  6.836516E+01     2.662248E+03
  6.931717E+01     2.636033E+03
  7.028244E+01     2.610082E+03
  7.126115E+01     2.584391E+03
  7.225349E+01     2.558959E+03
  7.325965E+01     2.533788E+03
  7.427982E+01     2.508879E+03
  7.531420E+01     2.484234E+03
  7.636298E+01     2.459850E+03
  7.742637E+01     2.435728E+03
  7.850456E+01     2.411863E+03
  7.959777E+01     2.388253E+03
  8.070620E+01     2.364893E+03
  8.183007E+01     2.341775E+03
  8.296959E+01     2.318900E+03
  8.412497E+01     2.296268E+03
  8.529644E+01     2.273882E+03
  8.648423E+01     2.251741E+03
  8.768856E+01     2.229847E+03
  8.890966E+01     2.208196E+03
  9.014776E+01     2.186788E+03
  9.140311E+01     2.165619E+03
  9.267593E+01     2.144685E+03
  9.396648E+01     2.123979E+03
  9.527500E+01     2.103500E+03
  9.660175E+01     2.083250E+03
  9.794697E+01     2.063229E+03
  9.931092E+01     2.043438E+03
  1.006939E+02     2.023875E+03
  1.020961E+02     2.004538E+03
  1.035178E+02     1.985426E+03
  1.049593E+02     1.966535E+03
  1.064209E+02     1.947859E+03
  1.079029E+02     1.929392E+03
  1.094055E+02     1.911133E+03
  1.109290E+02     1.893082E+03
  1.124737E+02     1.875239E+03
  1.140400E+02     1.857606E+03
  1.156280E+02     1.840181E+03
  1.172382E+02     1.822963E+03
  1.188708E+02     1.805949E+03
  1.205261E+02     1.789137E+03
  1.222045E+02     1.772522E+03
  1.239062E+02     1.756098E+03
  1.256317E+02     1.739864E+03
  1.273811E+02     1.723819E+03
  1.291550E+02     1.707964E+03
  1.309535E+02     1.692299E+03
  1.327771E+02     1.676824E+03
  1.346261E+02     1.661537E+03
  1.365008E+02     1.646436E+03
  1.384016E+02     1.631519E+03
  1.403289E+02     1.616780E+03
  1.422830E+02     1.602216E+03
  1.442644E+02     1.587823E+03
  1.462733E+02     1.573601E+03
  1.483103E+02     1.559551E+03
  1.503755E+02     1.545673E+03
  1.524696E+02     1.531966E+03
  1.545928E+02     1.518429E+03
  1.567455E+02     1.505060E+03
  1.589283E+02     1.491855E+03
  1.611414E+02     1.478812E+03
  1.633854E+02     1.465926E+03
  1.656606E+02     1.453192E+03
  1.679675E+02     1.440612E+03
  1.703065E+02     1.428186E+03
  1.726781E+02     1.415913E+03
  1.750827E+02     1.403795E+03
  1.775208E+02     1.391828E+03
  1.799929E+02     1.380012E+03
  1.824993E+02     1.368345E+03
  1.850407E+02     1.356822E+03
  1.876175E+02     1.345440E+03
  1.902301E+02     1.334196E+03
  1.928792E+02     1.323090E+03
  1.955651E+02     1.312122E+03
  1.982884E+02     1.301293E+03
  2.010496E+02     1.290601E+03
  2.038493E+02     1.280046E+03
  2.066880E+02     1.269626E+03
  2.095662E+02     1.259339E+03
  2.124845E+02     1.249183E+03
  2.154435E+02     1.239154E+03
  2.184436E+02     1.229248E+03
  2.214855E+02     1.219465E+03
  2.245698E+02     1.209806E+03
  2.276970E+02     1.200272E+03
  2.308678E+02     1.190860E+03
  2.340827E+02     1.181572E+03
  2.373424E+02     1.172405E+03
  2.406475E+02     1.163358E+03
  2.439986E+02     1.154428E+03
  2.473964E+02     1.145612E+03
  2.508415E+02     1.136907E+03
  2.543346E+02     1.128312E+03
  2.578763E+02     1.119829E+03
  2.614673E+02     1.111458E+03
  2.651084E+02     1.103197E+03
  2.688001E+02     1.095046E+03
  2.725433E+02     1.087005E+03
  2.763385E+02     1.079071E+03
  2.801867E+02     1.071242E+03
  2.840884E+02     1.063516E+03
  2.880444E+02     1.055890E+03
  2.920556E+02     1.048364E+03
  2.961225E+02     1.040937E+03
  3.002462E+02     1.033609E+03
  3.044272E+02     1.026382E+03
  3.086665E+02     1.019253E+03
  3.129648E+02     1.012223E+03
  3.173230E+02     1.005290E+03
  3.217418E+02     9.984513E+02
  3.262222E+02     9.917055E+02
  3.307650E+02     9.850498E+02
  3.353710E+02     9.784836E+02
  3.400412E+02     9.720072E+02
  3.447764E+02     9.656208E+02
  3.495776E+02     9.593241E+02
  3.544456E+02     9.531167E+02
  3.593814E+02     9.469977E+02
  3.643859E+02     9.409658E+02
  3.694601E+02     9.350195E+02
  3.746050E+02     9.291568E+02
  3.798215E+02     9.233751E+02
  3.851107E+02     9.176738E+02
  3.904735E+02     9.120533E+02
  3.959110E+02     9.065136E+02
  4.014242E+02     9.010547E+02
  4.070142E+02     8.956762E+02
  4.126821E+02     8.903773E+02
  4.184289E+02     8.851570E+02
  4.242556E+02     8.800141E+02
  4.301636E+02     8.749467E+02
  4.361538E+02     8.699528E+02
  4.422274E+02     8.650315E+02
  4.483856E+02     8.601832E+02
  4.546295E+02     8.554078E+02
  4.609604E+02     8.507054E+02
  4.673795E+02     8.460755E+02
  4.738880E+02     8.415175E+02
  4.804870E+02     8.370304E+02
  4.871780E+02     8.326132E+02
  4.939622E+02     8.282641E+02
  5.008408E+02     8.239812E+02
  5.078152E+02     8.197637E+02
  5.148867E+02     8.156118E+02
  5.220568E+02     8.115254E+02
  5.293266E+02     8.075046E+02
  5.366977E+02     8.035489E+02
  5.441714E+02     7.996578E+02
  5.517492E+02     7.958305E+02
  5.594326E+02     7.920658E+02
  5.672229E+02     7.883624E+02
  5.751217E+02     7.847185E+02
  5.831305E+02     7.811332E+02
  5.912508E+02     7.776065E+02
  5.994843E+02     7.741387E+02
  6.078323E+02     7.707295E+02
  6.162966E+02     7.673787E+02
  6.248788E+02     7.640859E+02
  6.335805E+02     7.608503E+02
  6.424034E+02     7.576711E+02
  6.513491E+02     7.545469E+02
  6.604194E+02     7.514763E+02
  6.696160E+02     7.484582E+02
  6.789407E+02     7.454924E+02
  6.883952E+02     7.425789E+02
  6.979814E+02     7.397172E+02
  7.077011E+02     7.369067E+02
  7.175561E+02     7.341469E+02
  7.275484E+02     7.314366E+02
  7.376798E+02     7.287746E+02
  7.479523E+02     7.261596E+02
  7.583678E+02     7.235897E+02
  7.689284E+02     7.210637E+02
  7.796360E+02     7.185825E+02
  7.904928E+02     7.161467E+02
  8.015007E+02     7.137572E+02
  8.126619E+02     7.114147E+02
  8.239786E+02     7.091198E+02
  8.354528E+02     7.068732E+02
  8.470868E+02     7.046753E+02
  8.588829E+02     7.025264E+02
  8.708431E+02     7.004267E+02
  8.829700E+02     6.983755E+02
  8.952657E+02     6.963685E+02
  9.077327E+02     6.944007E+02
  9.203732E+02     6.924661E+02
  9.331898E+02     6.905584E+02
  9.461848E+02     6.886706E+02
  9.593608E+02     6.867949E+02
  9.727203E+02     6.849230E+02
  9.862658E+02     6.830456E+02
  1.000000E+03     6.811526E+02
