FILE CREATED BY  : PROGRAM DPASS - VERSION 2.00
DATABASE VERSION : 21.06
DATE AND TIME    : 09/08/2022 21:22:36
PROJECTILE       : Fe
TARGET           : O 
TARGET AT. MASS  : 1.599940E+01
TARGET DENSITY   : 1.429000E-03 g/cm^3
TABULATED OUTPUT : STOPPING FORCE VERSUS ENERGY
DATA TYPE        : SPLINE INTERPOLATED
ABSCISSA UNITS   : MeV/u
ORDINATE UNITS   : eV/nm


      E/n             S(E/n)

  1.000000E-03     2.415354E-01
  1.013925E-03     2.431665E-01
  1.028045E-03     2.448192E-01
  1.042361E-03     2.464924E-01
  1.056876E-03     2.481852E-01
  1.071593E-03     2.498963E-01
  1.086516E-03     2.516245E-01
  1.101646E-03     2.533684E-01
  1.116987E-03     2.551264E-01
  1.132541E-03     2.568969E-01
  1.148312E-03     2.586782E-01
  1.164303E-03     2.604685E-01
  1.180517E-03     2.622677E-01
  1.196956E-03     2.640761E-01
  1.213624E-03     2.658943E-01
  1.230524E-03     2.677226E-01
  1.247660E-03     2.695616E-01
  1.265034E-03     2.714119E-01
  1.282650E-03     2.732740E-01
  1.300511E-03     2.751486E-01
  1.318621E-03     2.770365E-01
  1.336984E-03     2.789384E-01
  1.355602E-03     2.808545E-01
  1.374479E-03     2.827847E-01
  1.393619E-03     2.847290E-01
  1.413026E-03     2.866874E-01
  1.432703E-03     2.886597E-01
  1.452654E-03     2.906458E-01
  1.472883E-03     2.926459E-01
  1.493393E-03     2.946597E-01
  1.514189E-03     2.966871E-01
  1.535275E-03     2.987282E-01
  1.556654E-03     3.007830E-01
  1.578331E-03     3.028515E-01
  1.600310E-03     3.049338E-01
  1.622595E-03     3.070301E-01
  1.645191E-03     3.091404E-01
  1.668101E-03     3.112651E-01
  1.691330E-03     3.134041E-01
  1.714882E-03     3.155577E-01
  1.738762E-03     3.177260E-01
  1.762975E-03     3.199094E-01
  1.787526E-03     3.221079E-01
  1.812418E-03     3.243215E-01
  1.837656E-03     3.265504E-01
  1.863246E-03     3.287946E-01
  1.889193E-03     3.310541E-01
  1.915501E-03     3.333292E-01
  1.942175E-03     3.356198E-01
  1.969220E-03     3.379261E-01
  1.996642E-03     3.402482E-01
  2.024447E-03     3.425863E-01
  2.052638E-03     3.449405E-01
  2.081222E-03     3.473107E-01
  2.110203E-03     3.496972E-01
  2.139589E-03     3.521000E-01
  2.169384E-03     3.545191E-01
  2.199593E-03     3.569547E-01
  2.230223E-03     3.594070E-01
  2.261280E-03     3.618759E-01
  2.292769E-03     3.643618E-01
  2.324697E-03     3.668646E-01
  2.357069E-03     3.693847E-01
  2.389893E-03     3.719220E-01
  2.423173E-03     3.744766E-01
  2.456916E-03     3.770486E-01
  2.491130E-03     3.796382E-01
  2.525820E-03     3.822454E-01
  2.560993E-03     3.848703E-01
  2.596656E-03     3.875132E-01
  2.632815E-03     3.901742E-01
  2.669478E-03     3.928534E-01
  2.706652E-03     3.955511E-01
  2.744343E-03     3.982672E-01
  2.782559E-03     4.010019E-01
  2.821308E-03     4.037552E-01
  2.860596E-03     4.065273E-01
  2.900430E-03     4.093183E-01
  2.940820E-03     4.121282E-01
  2.981772E-03     4.149574E-01
  3.023295E-03     4.178058E-01
  3.065395E-03     4.206737E-01
  3.108082E-03     4.235612E-01
  3.151363E-03     4.264685E-01
  3.195248E-03     4.293956E-01
  3.239743E-03     4.323427E-01
  3.284857E-03     4.353099E-01
  3.330600E-03     4.382972E-01
  3.376980E-03     4.413050E-01
  3.424006E-03     4.443333E-01
  3.471687E-03     4.473824E-01
  3.520031E-03     4.504525E-01
  3.569049E-03     4.535438E-01
  3.618750E-03     4.566564E-01
  3.669142E-03     4.597902E-01
  3.720237E-03     4.629456E-01
  3.772042E-03     4.661224E-01
  3.824570E-03     4.693210E-01
  3.877828E-03     4.725413E-01
  3.931829E-03     4.757836E-01
  3.986581E-03     4.790480E-01
  4.042096E-03     4.823347E-01
  4.098384E-03     4.856439E-01
  4.155455E-03     4.889757E-01
  4.213322E-03     4.923302E-01
  4.271994E-03     4.957075E-01
  4.331483E-03     4.991079E-01
  4.391801E-03     5.025314E-01
  4.452959E-03     5.059782E-01
  4.514968E-03     5.094486E-01
  4.577841E-03     5.129427E-01
  4.641589E-03     5.164608E-01
  4.706225E-03     5.200032E-01
  4.771761E-03     5.235700E-01
  4.838210E-03     5.271612E-01
  4.905584E-03     5.307770E-01
  4.973896E-03     5.344176E-01
  5.043159E-03     5.380830E-01
  5.113388E-03     5.417734E-01
  5.184594E-03     5.454891E-01
  5.256791E-03     5.492301E-01
  5.329994E-03     5.529969E-01
  5.404216E-03     5.567895E-01
  5.479472E-03     5.606081E-01
  5.555776E-03     5.644529E-01
  5.633143E-03     5.683240E-01
  5.711586E-03     5.722215E-01
  5.791123E-03     5.761456E-01
  5.871766E-03     5.800966E-01
  5.953533E-03     5.840746E-01
  6.036439E-03     5.880798E-01
  6.120498E-03     5.921126E-01
  6.205729E-03     5.961732E-01
  6.292146E-03     6.002619E-01
  6.379767E-03     6.043786E-01
  6.468608E-03     6.085236E-01
  6.558686E-03     6.126969E-01
  6.650018E-03     6.168989E-01
  6.742622E-03     6.211296E-01
  6.836516E-03     6.253894E-01
  6.931717E-03     6.296784E-01
  7.028244E-03     6.339969E-01
  7.126115E-03     6.383452E-01
  7.225349E-03     6.427235E-01
  7.325965E-03     6.471320E-01
  7.427982E-03     6.515707E-01
  7.531420E-03     6.560399E-01
  7.636298E-03     6.605398E-01
  7.742637E-03     6.650706E-01
  7.850456E-03     6.696325E-01
  7.959777E-03     6.742258E-01
  8.070620E-03     6.788508E-01
  8.183007E-03     6.835079E-01
  8.296959E-03     6.881972E-01
  8.412497E-03     6.929189E-01
  8.529644E-03     6.976732E-01
  8.648423E-03     7.024601E-01
  8.768856E-03     7.072800E-01
  8.890966E-03     7.121330E-01
  9.014776E-03     7.170194E-01
  9.140311E-03     7.219394E-01
  9.267593E-03     7.268934E-01
  9.396648E-03     7.318816E-01
  9.527500E-03     7.369044E-01
  9.660175E-03     7.419619E-01
  9.794697E-03     7.470542E-01
  9.931092E-03     7.521817E-01
  1.006939E-02     7.573446E-01
  1.020961E-02     7.625430E-01
  1.035178E-02     7.677774E-01
  1.049593E-02     7.730481E-01
  1.064209E-02     7.783554E-01
  1.079029E-02     7.836998E-01
  1.094055E-02     7.890815E-01
  1.109290E-02     7.945007E-01
  1.124737E-02     7.999577E-01
  1.140400E-02     8.054526E-01
  1.156280E-02     8.109856E-01
  1.172382E-02     8.165570E-01
  1.188708E-02     8.221672E-01
  1.205261E-02     8.278163E-01
  1.222045E-02     8.335048E-01
  1.239062E-02     8.392332E-01
  1.256317E-02     8.450016E-01
  1.273811E-02     8.508103E-01
  1.291550E-02     8.566595E-01
  1.309535E-02     8.625495E-01
  1.327771E-02     8.684804E-01
  1.346261E-02     8.744527E-01
  1.365008E-02     8.804665E-01
  1.384016E-02     8.865224E-01
  1.403289E-02     8.926206E-01
  1.422830E-02     8.987616E-01
  1.442644E-02     9.049459E-01
  1.462733E-02     9.111735E-01
  1.483103E-02     9.174448E-01
  1.503755E-02     9.237601E-01
  1.524696E-02     9.301196E-01
  1.545928E-02     9.365236E-01
  1.567455E-02     9.429725E-01
  1.589283E-02     9.494668E-01
  1.611414E-02     9.560068E-01
  1.633854E-02     9.625931E-01
  1.656606E-02     9.692261E-01
  1.679675E-02     9.759061E-01
  1.703065E-02     9.826333E-01
  1.726781E-02     9.894079E-01
  1.750827E-02     9.962304E-01
  1.775208E-02     1.003101E+00
  1.799929E-02     1.010020E+00
  1.824993E-02     1.016988E+00
  1.850407E-02     1.024006E+00
  1.876175E-02     1.031073E+00
  1.902301E-02     1.038191E+00
  1.928792E-02     1.045360E+00
  1.955651E-02     1.052580E+00
  1.982884E-02     1.059851E+00
  2.010496E-02     1.067173E+00
  2.038493E-02     1.074548E+00
  2.066880E-02     1.081975E+00
  2.095662E-02     1.089455E+00
  2.124845E-02     1.096988E+00
  2.154435E-02     1.104576E+00
  2.184436E-02     1.112218E+00
  2.214855E-02     1.119915E+00
  2.245698E-02     1.127667E+00
  2.276970E-02     1.135475E+00
  2.308678E-02     1.143339E+00
  2.340827E-02     1.151259E+00
  2.373424E-02     1.159236E+00
  2.406475E-02     1.167271E+00
  2.439986E-02     1.175365E+00
  2.473964E-02     1.183517E+00
  2.508415E-02     1.191728E+00
  2.543346E-02     1.199999E+00
  2.578763E-02     1.208331E+00
  2.614673E-02     1.216724E+00
  2.651084E-02     1.225177E+00
  2.688001E-02     1.233693E+00
  2.725433E-02     1.242271E+00
  2.763385E-02     1.250911E+00
  2.801867E-02     1.259615E+00
  2.840884E-02     1.268383E+00
  2.880444E-02     1.277217E+00
  2.920556E-02     1.286116E+00
  2.961225E-02     1.295081E+00
  3.002462E-02     1.304112E+00
  3.044272E-02     1.313211E+00
  3.086665E-02     1.322377E+00
  3.129648E-02     1.331613E+00
  3.173230E-02     1.340917E+00
  3.217418E-02     1.350292E+00
  3.262222E-02     1.359737E+00
  3.307650E-02     1.369255E+00
  3.353710E-02     1.378845E+00
  3.400412E-02     1.388509E+00
  3.447764E-02     1.398247E+00
  3.495776E-02     1.408061E+00
  3.544456E-02     1.417950E+00
  3.593814E-02     1.427916E+00
  3.643859E-02     1.437959E+00
  3.694601E-02     1.448082E+00
  3.746050E-02     1.458285E+00
  3.798215E-02     1.468570E+00
  3.851107E-02     1.478937E+00
  3.904735E-02     1.489387E+00
  3.959110E-02     1.499922E+00
  4.014242E-02     1.510542E+00
  4.070142E-02     1.521249E+00
  4.126821E-02     1.532043E+00
  4.184289E-02     1.542927E+00
  4.242556E-02     1.553901E+00
  4.301636E-02     1.564967E+00
  4.361538E-02     1.576126E+00
  4.422274E-02     1.587380E+00
  4.483856E-02     1.598731E+00
  4.546295E-02     1.610178E+00
  4.609604E-02     1.621724E+00
  4.673795E-02     1.633370E+00
  4.738880E-02     1.645117E+00
  4.804870E-02     1.656967E+00
  4.871780E-02     1.668921E+00
  4.939622E-02     1.680982E+00
  5.008408E-02     1.693150E+00
  5.078152E-02     1.705428E+00
  5.148867E-02     1.717816E+00
  5.220568E-02     1.730316E+00
  5.293266E-02     1.742928E+00
  5.366977E-02     1.755655E+00
  5.441714E-02     1.768496E+00
  5.517492E-02     1.781455E+00
  5.594326E-02     1.794531E+00
  5.672229E-02     1.807726E+00
  5.751217E-02     1.821043E+00
  5.831305E-02     1.834481E+00
  5.912508E-02     1.848042E+00
  5.994843E-02     1.861727E+00
  6.078323E-02     1.875536E+00
  6.162966E-02     1.889469E+00
  6.248788E-02     1.903527E+00
  6.335805E-02     1.917711E+00
  6.424034E-02     1.932021E+00
  6.513491E-02     1.946458E+00
  6.604194E-02     1.961023E+00
  6.696160E-02     1.975715E+00
  6.789407E-02     1.990536E+00
  6.883952E-02     2.005484E+00
  6.979814E-02     2.020560E+00
  7.077011E-02     2.035763E+00
  7.175561E-02     2.051093E+00
  7.275484E-02     2.066549E+00
  7.376798E-02     2.082132E+00
  7.479523E-02     2.097841E+00
  7.583678E-02     2.113676E+00
  7.689284E-02     2.129634E+00
  7.796360E-02     2.145718E+00
  7.904928E-02     2.161924E+00
  8.015007E-02     2.178254E+00
  8.126619E-02     2.194705E+00
  8.239786E-02     2.211278E+00
  8.354528E-02     2.227971E+00
  8.470868E-02     2.244783E+00
  8.588829E-02     2.261713E+00
  8.708431E-02     2.278761E+00
  8.829700E-02     2.295924E+00
  8.952657E-02     2.313203E+00
  9.077327E-02     2.330596E+00
  9.203732E-02     2.348103E+00
  9.331898E-02     2.365722E+00
  9.461848E-02     2.383452E+00
  9.593608E-02     2.401294E+00
  9.727203E-02     2.419245E+00
  9.862658E-02     2.437304E+00
  1.000000E-01     2.455471E+00
  1.013925E-01     2.473744E+00
  1.028045E-01     2.492124E+00
  1.042361E-01     2.510609E+00
  1.056876E-01     2.529199E+00
  1.071593E-01     2.547894E+00
  1.086516E-01     2.566694E+00
  1.101646E-01     2.585598E+00
  1.116987E-01     2.604606E+00
  1.132541E-01     2.623719E+00
  1.148312E-01     2.642936E+00
  1.164303E-01     2.662257E+00
  1.180517E-01     2.681682E+00
  1.196956E-01     2.701210E+00
  1.213624E-01     2.720840E+00
  1.230524E-01     2.740573E+00
  1.247660E-01     2.760408E+00
  1.265034E-01     2.780344E+00
  1.282650E-01     2.800381E+00
  1.300511E-01     2.820518E+00
  1.318621E-01     2.840757E+00
  1.336984E-01     2.861096E+00
  1.355602E-01     2.881535E+00
  1.374479E-01     2.902074E+00
  1.393619E-01     2.922713E+00
  1.413026E-01     2.943450E+00
  1.432703E-01     2.964286E+00
  1.452654E-01     2.985221E+00
  1.472883E-01     3.006254E+00
  1.493393E-01     3.027387E+00
  1.514189E-01     3.048618E+00
  1.535275E-01     3.069948E+00
  1.556654E-01     3.091377E+00
  1.578331E-01     3.112903E+00
  1.600310E-01     3.134525E+00
  1.622595E-01     3.156241E+00
  1.645191E-01     3.178051E+00
  1.668101E-01     3.199952E+00
  1.691330E-01     3.221945E+00
  1.714882E-01     3.244027E+00
  1.738762E-01     3.266197E+00
  1.762975E-01     3.288455E+00
  1.787526E-01     3.310798E+00
  1.812418E-01     3.333224E+00
  1.837656E-01     3.355731E+00
  1.863246E-01     3.378315E+00
  1.889193E-01     3.400973E+00
  1.915501E-01     3.423704E+00
  1.942175E-01     3.446504E+00
  1.969220E-01     3.469370E+00
  1.996642E-01     3.492299E+00
  2.024447E-01     3.515289E+00
  2.052638E-01     3.538336E+00
  2.081222E-01     3.561436E+00
  2.110203E-01     3.584584E+00
  2.139589E-01     3.607776E+00
  2.169384E-01     3.631008E+00
  2.199593E-01     3.654274E+00
  2.230223E-01     3.677571E+00
  2.261280E-01     3.700893E+00
  2.292769E-01     3.724235E+00
  2.324697E-01     3.747592E+00
  2.357069E-01     3.770960E+00
  2.389893E-01     3.794332E+00
  2.423173E-01     3.817703E+00
  2.456916E-01     3.841067E+00
  2.491130E-01     3.864418E+00
  2.525820E-01     3.887749E+00
  2.560993E-01     3.911056E+00
  2.596656E-01     3.934330E+00
  2.632815E-01     3.957567E+00
  2.669478E-01     3.980759E+00
  2.706652E-01     4.003901E+00
  2.744343E-01     4.026985E+00
  2.782559E-01     4.050006E+00
  2.821308E-01     4.072957E+00
  2.860596E-01     4.095830E+00
  2.900430E-01     4.118621E+00
  2.940820E-01     4.141321E+00
  2.981772E-01     4.163926E+00
  3.023295E-01     4.186427E+00
  3.065395E-01     4.208818E+00
  3.108082E-01     4.231094E+00
  3.151363E-01     4.253247E+00
  3.195248E-01     4.275271E+00
  3.239743E-01     4.297161E+00
  3.284857E-01     4.318909E+00
  3.330600E-01     4.340510E+00
  3.376980E-01     4.361958E+00
  3.424006E-01     4.383247E+00
  3.471687E-01     4.404373E+00
  3.520031E-01     4.425329E+00
  3.569049E-01     4.446110E+00
  3.618750E-01     4.466711E+00
  3.669142E-01     4.487127E+00
  3.720237E-01     4.507351E+00
  3.772042E-01     4.527378E+00
  3.824570E-01     4.547205E+00
  3.877828E-01     4.566826E+00
  3.931829E-01     4.586238E+00
  3.986581E-01     4.605438E+00
  4.042096E-01     4.624421E+00
  4.098384E-01     4.643185E+00
  4.155455E-01     4.661725E+00
  4.213322E-01     4.680037E+00
  4.271994E-01     4.698117E+00
  4.331483E-01     4.715962E+00
  4.391801E-01     4.733567E+00
  4.452959E-01     4.750930E+00
  4.514968E-01     4.768050E+00
  4.577841E-01     4.784926E+00
  4.641589E-01     4.801555E+00
  4.706225E-01     4.817939E+00
  4.771761E-01     4.834073E+00
  4.838210E-01     4.849955E+00
  4.905584E-01     4.865581E+00
  4.973896E-01     4.880949E+00
  5.043159E-01     4.896058E+00
  5.113388E-01     4.910906E+00
  5.184594E-01     4.925493E+00
  5.256791E-01     4.939820E+00
  5.329994E-01     4.953889E+00
  5.404216E-01     4.967700E+00
  5.479472E-01     4.981252E+00
  5.555776E-01     4.994543E+00
  5.633143E-01     5.007570E+00
  5.711586E-01     5.020334E+00
  5.791123E-01     5.032832E+00
  5.871766E-01     5.045065E+00
  5.953533E-01     5.057035E+00
  6.036439E-01     5.068743E+00
  6.120498E-01     5.080192E+00
  6.205729E-01     5.091385E+00
  6.292146E-01     5.102322E+00
  6.379767E-01     5.113001E+00
  6.468608E-01     5.123421E+00
  6.558686E-01     5.133582E+00
  6.650018E-01     5.143484E+00
  6.742622E-01     5.153127E+00
  6.836516E-01     5.162515E+00
  6.931717E-01     5.171649E+00
  7.028244E-01     5.180533E+00
  7.126115E-01     5.189171E+00
  7.225349E-01     5.197565E+00
  7.325965E-01     5.205712E+00
  7.427982E-01     5.213613E+00
  7.531420E-01     5.221267E+00
  7.636298E-01     5.228675E+00
  7.742637E-01     5.235839E+00
  7.850456E-01     5.242760E+00
  7.959777E-01     5.249442E+00
  8.070620E-01     5.255889E+00
  8.183007E-01     5.262106E+00
  8.296959E-01     5.268093E+00
  8.412497E-01     5.273849E+00
  8.529644E-01     5.279375E+00
  8.648423E-01     5.284671E+00
  8.768856E-01     5.289737E+00
  8.890966E-01     5.294574E+00
  9.014776E-01     5.299185E+00
  9.140311E-01     5.303572E+00
  9.267593E-01     5.307739E+00
  9.396648E-01     5.311690E+00
  9.527500E-01     5.315428E+00
  9.660175E-01     5.318951E+00
  9.794697E-01     5.322258E+00
  9.931092E-01     5.325351E+00
  1.006939E+00     5.328229E+00
  1.020961E+00     5.330894E+00
  1.035178E+00     5.333348E+00
  1.049593E+00     5.335593E+00
  1.064209E+00     5.337633E+00
  1.079029E+00     5.339471E+00
  1.094055E+00     5.341109E+00
  1.109290E+00     5.342546E+00
  1.124737E+00     5.343782E+00
  1.140400E+00     5.344817E+00
  1.156280E+00     5.345651E+00
  1.172382E+00     5.346285E+00
  1.188708E+00     5.346720E+00
  1.205261E+00     5.346958E+00
  1.222045E+00     5.347002E+00
  1.239062E+00     5.346855E+00
  1.256317E+00     5.346518E+00
  1.273811E+00     5.345991E+00
  1.291550E+00     5.345272E+00
  1.309535E+00     5.344363E+00
  1.327771E+00     5.343262E+00
  1.346261E+00     5.341970E+00
  1.365008E+00     5.340489E+00
  1.384016E+00     5.338818E+00
  1.403289E+00     5.336962E+00
  1.422830E+00     5.334920E+00
  1.442644E+00     5.332697E+00
  1.462733E+00     5.330289E+00
  1.483103E+00     5.327697E+00
  1.503755E+00     5.324920E+00
  1.524696E+00     5.321958E+00
  1.545928E+00     5.318810E+00
  1.567455E+00     5.315478E+00
  1.589283E+00     5.311962E+00
  1.611414E+00     5.308264E+00
  1.633854E+00     5.304385E+00
  1.656606E+00     5.300326E+00
  1.679675E+00     5.296086E+00
  1.703065E+00     5.291665E+00
  1.726781E+00     5.287061E+00
  1.750827E+00     5.282274E+00
  1.775208E+00     5.277304E+00
  1.799929E+00     5.272151E+00
  1.824993E+00     5.266814E+00
  1.850407E+00     5.261296E+00
  1.876175E+00     5.255596E+00
  1.902301E+00     5.249716E+00
  1.928792E+00     5.243656E+00
  1.955651E+00     5.237413E+00
  1.982884E+00     5.230988E+00
  2.010496E+00     5.224381E+00
  2.038493E+00     5.217591E+00
  2.066880E+00     5.210618E+00
  2.095662E+00     5.203464E+00
  2.124845E+00     5.196129E+00
  2.154435E+00     5.188615E+00
  2.184436E+00     5.180922E+00
  2.214855E+00     5.173050E+00
  2.245698E+00     5.164997E+00
  2.276970E+00     5.156764E+00
  2.308678E+00     5.148348E+00
  2.340827E+00     5.139749E+00
  2.373424E+00     5.130968E+00
  2.406475E+00     5.122004E+00
  2.439986E+00     5.112856E+00
  2.473964E+00     5.103526E+00
  2.508415E+00     5.094014E+00
  2.543346E+00     5.084319E+00
  2.578763E+00     5.074441E+00
  2.614673E+00     5.064379E+00
  2.651084E+00     5.054133E+00
  2.688001E+00     5.043703E+00
  2.725433E+00     5.033089E+00
  2.763385E+00     5.022291E+00
  2.801867E+00     5.011311E+00
  2.840884E+00     5.000149E+00
  2.880444E+00     4.988806E+00
  2.920556E+00     4.977282E+00
  2.961225E+00     4.965577E+00
  3.002462E+00     4.953690E+00
  3.044272E+00     4.941621E+00
  3.086665E+00     4.929369E+00
  3.129648E+00     4.916935E+00
  3.173230E+00     4.904319E+00
  3.217418E+00     4.891522E+00
  3.262222E+00     4.878544E+00
  3.307650E+00     4.865386E+00
  3.353710E+00     4.852049E+00
  3.400412E+00     4.838533E+00
  3.447764E+00     4.824837E+00
  3.495776E+00     4.810962E+00
  3.544456E+00     4.796908E+00
  3.593814E+00     4.782676E+00
  3.643859E+00     4.768268E+00
  3.694601E+00     4.753683E+00
  3.746050E+00     4.738924E+00
  3.798215E+00     4.723993E+00
  3.851107E+00     4.708889E+00
  3.904735E+00     4.693612E+00
  3.959110E+00     4.678164E+00
  4.014242E+00     4.662545E+00
  4.070142E+00     4.646755E+00
  4.126821E+00     4.630794E+00
  4.184289E+00     4.614664E+00
  4.242556E+00     4.598366E+00
  4.301636E+00     4.581901E+00
  4.361538E+00     4.565270E+00
  4.422274E+00     4.548475E+00
  4.483856E+00     4.531516E+00
  4.546295E+00     4.514395E+00
  4.609604E+00     4.497113E+00
  4.673795E+00     4.479671E+00
  4.738880E+00     4.462070E+00
  4.804870E+00     4.444313E+00
  4.871780E+00     4.426402E+00
  4.939622E+00     4.408338E+00
  5.008408E+00     4.390125E+00
  5.078152E+00     4.371763E+00
  5.148867E+00     4.353255E+00
  5.220568E+00     4.334600E+00
  5.293266E+00     4.315800E+00
  5.366977E+00     4.296855E+00
  5.441714E+00     4.277768E+00
  5.517492E+00     4.258539E+00
  5.594326E+00     4.239171E+00
  5.672229E+00     4.219663E+00
  5.751217E+00     4.200018E+00
  5.831305E+00     4.180239E+00
  5.912508E+00     4.160326E+00
  5.994843E+00     4.140281E+00
  6.078323E+00     4.120108E+00
  6.162966E+00     4.099809E+00
  6.248788E+00     4.079385E+00
  6.335805E+00     4.058840E+00
  6.424034E+00     4.038176E+00
  6.513491E+00     4.017397E+00
  6.604194E+00     3.996505E+00
  6.696160E+00     3.975503E+00
  6.789407E+00     3.954394E+00
  6.883952E+00     3.933179E+00
  6.979814E+00     3.911860E+00
  7.077011E+00     3.890440E+00
  7.175561E+00     3.868920E+00
  7.275484E+00     3.847303E+00
  7.376798E+00     3.825590E+00
  7.479523E+00     3.803784E+00
  7.583678E+00     3.781888E+00
  7.689284E+00     3.759903E+00
  7.796360E+00     3.737832E+00
  7.904928E+00     3.715678E+00
  8.015007E+00     3.693443E+00
  8.126619E+00     3.671131E+00
  8.239786E+00     3.648743E+00
  8.354528E+00     3.626284E+00
  8.470868E+00     3.603755E+00
  8.588829E+00     3.581159E+00
  8.708431E+00     3.558500E+00
  8.829700E+00     3.535780E+00
  8.952657E+00     3.513002E+00
  9.077327E+00     3.490169E+00
  9.203732E+00     3.467283E+00
  9.331898E+00     3.444348E+00
  9.461848E+00     3.421367E+00
  9.593608E+00     3.398342E+00
  9.727203E+00     3.375275E+00
  9.862658E+00     3.352170E+00
  1.000000E+01     3.329029E+00
  1.013925E+01     3.305854E+00
  1.028045E+01     3.282650E+00
  1.042361E+01     3.259418E+00
  1.056876E+01     3.236163E+00
  1.071593E+01     3.212888E+00
  1.086516E+01     3.189596E+00
  1.101646E+01     3.166289E+00
  1.116987E+01     3.142971E+00
  1.132541E+01     3.119646E+00
  1.148312E+01     3.096315E+00
  1.164303E+01     3.072981E+00
  1.180517E+01     3.049648E+00
  1.196956E+01     3.026320E+00
  1.213624E+01     3.002998E+00
  1.230524E+01     2.979687E+00
  1.247660E+01     2.956389E+00
  1.265034E+01     2.933107E+00
  1.282650E+01     2.909844E+00
  1.300511E+01     2.886601E+00
  1.318621E+01     2.863383E+00
  1.336984E+01     2.840189E+00
  1.355602E+01     2.817024E+00
  1.374479E+01     2.793891E+00
  1.393619E+01     2.770794E+00
  1.413026E+01     2.747735E+00
  1.432703E+01     2.724718E+00
  1.452654E+01     2.701745E+00
  1.472883E+01     2.678818E+00
  1.493393E+01     2.655941E+00
  1.514189E+01     2.633115E+00
  1.535275E+01     2.610342E+00
  1.556654E+01     2.587624E+00
  1.578331E+01     2.564966E+00
  1.600310E+01     2.542370E+00
  1.622595E+01     2.519840E+00
  1.645191E+01     2.497377E+00
  1.668101E+01     2.474985E+00
  1.691330E+01     2.452666E+00
  1.714882E+01     2.430421E+00
  1.738762E+01     2.408252E+00
  1.762975E+01     2.386160E+00
  1.787526E+01     2.364148E+00
  1.812418E+01     2.342219E+00
  1.837656E+01     2.320376E+00
  1.863246E+01     2.298624E+00
  1.889193E+01     2.276964E+00
  1.915501E+01     2.255399E+00
  1.942175E+01     2.233932E+00
  1.969220E+01     2.212565E+00
  1.996642E+01     2.191298E+00
  2.024447E+01     2.170134E+00
  2.052638E+01     2.149074E+00
  2.081222E+01     2.128121E+00
  2.110203E+01     2.107279E+00
  2.139589E+01     2.086551E+00
  2.169384E+01     2.065937E+00
  2.199593E+01     2.045442E+00
  2.230223E+01     2.025065E+00
  2.261280E+01     2.004809E+00
  2.292769E+01     1.984673E+00
  2.324697E+01     1.964657E+00
  2.357069E+01     1.944764E+00
  2.389893E+01     1.924994E+00
  2.423173E+01     1.905352E+00
  2.456916E+01     1.885838E+00
  2.491130E+01     1.866453E+00
  2.525820E+01     1.847200E+00
  2.560993E+01     1.828079E+00
  2.596656E+01     1.809088E+00
  2.632815E+01     1.790229E+00
  2.669478E+01     1.771499E+00
  2.706652E+01     1.752898E+00
  2.744343E+01     1.734430E+00
  2.782559E+01     1.716097E+00
  2.821308E+01     1.697901E+00
  2.860596E+01     1.679846E+00
  2.900430E+01     1.661931E+00
  2.940820E+01     1.644159E+00
  2.981772E+01     1.626529E+00
  3.023295E+01     1.609043E+00
  3.065395E+01     1.591699E+00
  3.108082E+01     1.574498E+00
  3.151363E+01     1.557441E+00
  3.195248E+01     1.540530E+00
  3.239743E+01     1.523766E+00
  3.284857E+01     1.507150E+00
  3.330600E+01     1.490682E+00
  3.376980E+01     1.474362E+00
  3.424006E+01     1.458189E+00
  3.471687E+01     1.442160E+00
  3.520031E+01     1.426274E+00
  3.569049E+01     1.410529E+00
  3.618750E+01     1.394928E+00
  3.669142E+01     1.379471E+00
  3.720237E+01     1.364162E+00
  3.772042E+01     1.349002E+00
  3.824570E+01     1.333993E+00
  3.877828E+01     1.319134E+00
  3.931829E+01     1.304425E+00
  3.986581E+01     1.289868E+00
  4.042096E+01     1.275459E+00
  4.098384E+01     1.261199E+00
  4.155455E+01     1.247088E+00
  4.213322E+01     1.233127E+00
  4.271994E+01     1.219316E+00
  4.331483E+01     1.205655E+00
  4.391801E+01     1.192142E+00
  4.452959E+01     1.178777E+00
  4.514968E+01     1.165558E+00
  4.577841E+01     1.152480E+00
  4.641589E+01     1.139541E+00
  4.706225E+01     1.126738E+00
  4.771761E+01     1.114070E+00
  4.838210E+01     1.101539E+00
  4.905584E+01     1.089146E+00
  4.973896E+01     1.076893E+00
  5.043159E+01     1.064777E+00
  5.113388E+01     1.052800E+00
  5.184594E+01     1.040961E+00
  5.256791E+01     1.029257E+00
  5.329994E+01     1.017687E+00
  5.404216E+01     1.006248E+00
  5.479472E+01     9.949409E-01
  5.555776E+01     9.837660E-01
  5.633143E+01     9.727238E-01
  5.711586E+01     9.618141E-01
  5.791123E+01     9.510364E-01
  5.871766E+01     9.403896E-01
  5.953533E+01     9.298719E-01
  6.036439E+01     9.194813E-01
  6.120498E+01     9.092146E-01
  6.205729E+01     8.990689E-01
  6.292146E+01     8.890438E-01
  6.379767E+01     8.791401E-01
  6.468608E+01     8.693581E-01
  6.558686E+01     8.596978E-01
  6.650018E+01     8.501588E-01
  6.742622E+01     8.407401E-01
  6.836516E+01     8.314404E-01
  6.931717E+01     8.222577E-01
  7.028244E+01     8.131896E-01
  7.126115E+01     8.042330E-01
  7.225349E+01     7.953874E-01
  7.325965E+01     7.866532E-01
  7.427982E+01     7.780303E-01
  7.531420E+01     7.695184E-01
  7.636298E+01     7.611168E-01
  7.742637E+01     7.528243E-01
  7.850456E+01     7.446393E-01
  7.959777E+01     7.365595E-01
  8.070620E+01     7.285821E-01
  8.183007E+01     7.207041E-01
  8.296959E+01     7.129245E-01
  8.412497E+01     7.052435E-01
  8.529644E+01     6.976615E-01
  8.648423E+01     6.901782E-01
  8.768856E+01     6.827932E-01
  8.890966E+01     6.755055E-01
  9.014776E+01     6.683139E-01
  9.140311E+01     6.612166E-01
  9.267593E+01     6.542114E-01
  9.396648E+01     6.472957E-01
  9.527500E+01     6.404683E-01
  9.660175E+01     6.337294E-01
  9.794697E+01     6.270790E-01
  9.931092E+01     6.205168E-01
  1.006939E+02     6.140422E-01
  1.020961E+02     6.076542E-01
  1.035178E+02     6.013514E-01
  1.049593E+02     5.951320E-01
  1.064209E+02     5.889938E-01
  1.079029E+02     5.829342E-01
  1.094055E+02     5.769517E-01
  1.109290E+02     5.710466E-01
  1.124737E+02     5.652189E-01
  1.140400E+02     5.594684E-01
  1.156280E+02     5.537946E-01
  1.172382E+02     5.481968E-01
  1.188708E+02     5.426737E-01
  1.205261E+02     5.372240E-01
  1.222045E+02     5.318457E-01
  1.239062E+02     5.265367E-01
  1.256317E+02     5.212956E-01
  1.273811E+02     5.161224E-01
  1.291550E+02     5.110173E-01
  1.309535E+02     5.059801E-01
  1.327771E+02     5.010103E-01
  1.346261E+02     4.961073E-01
  1.365008E+02     4.912701E-01
  1.384016E+02     4.864974E-01
  1.403289E+02     4.817876E-01
  1.422830E+02     4.771388E-01
  1.442644E+02     4.725495E-01
  1.462733E+02     4.680197E-01
  1.483103E+02     4.635496E-01
  1.503755E+02     4.591390E-01
  1.524696E+02     4.547875E-01
  1.545928E+02     4.504944E-01
  1.567455E+02     4.462590E-01
  1.589283E+02     4.420800E-01
  1.611414E+02     4.379561E-01
  1.633854E+02     4.338855E-01
  1.656606E+02     4.298668E-01
  1.679675E+02     4.259001E-01
  1.703065E+02     4.219854E-01
  1.726781E+02     4.181226E-01
  1.750827E+02     4.143114E-01
  1.775208E+02     4.105514E-01
  1.799929E+02     4.068418E-01
  1.824993E+02     4.031818E-01
  1.850407E+02     3.995701E-01
  1.876175E+02     3.960053E-01
  1.902301E+02     3.924860E-01
  1.928792E+02     3.890124E-01
  1.955651E+02     3.855844E-01
  1.982884E+02     3.822020E-01
  2.010496E+02     3.788650E-01
  2.038493E+02     3.755729E-01
  2.066880E+02     3.723253E-01
  2.095662E+02     3.691212E-01
  2.124845E+02     3.659597E-01
  2.154435E+02     3.628396E-01
  2.184436E+02     3.597596E-01
  2.214855E+02     3.567198E-01
  2.245698E+02     3.537201E-01
  2.276970E+02     3.507606E-01
  2.308678E+02     3.478410E-01
  2.340827E+02     3.449611E-01
  2.373424E+02     3.421203E-01
  2.406475E+02     3.393180E-01
  2.439986E+02     3.365533E-01
  2.473964E+02     3.338252E-01
  2.508415E+02     3.311327E-01
  2.543346E+02     3.284754E-01
  2.578763E+02     3.258537E-01
  2.614673E+02     3.232673E-01
  2.651084E+02     3.207163E-01
  2.688001E+02     3.182003E-01
  2.725433E+02     3.157190E-01
  2.763385E+02     3.132718E-01
  2.801867E+02     3.108579E-01
  2.840884E+02     3.084764E-01
  2.880444E+02     3.061265E-01
  2.920556E+02     3.038079E-01
  2.961225E+02     3.015206E-01
  3.002462E+02     2.992648E-01
  3.044272E+02     2.970403E-01
  3.086665E+02     2.948470E-01
  3.129648E+02     2.926843E-01
  3.173230E+02     2.905520E-01
  3.217418E+02     2.884493E-01
  3.262222E+02     2.863755E-01
  3.307650E+02     2.843298E-01
  3.353710E+02     2.823119E-01
  3.400412E+02     2.803219E-01
  3.447764E+02     2.783598E-01
  3.495776E+02     2.764256E-01
  3.544456E+02     2.745191E-01
  3.593814E+02     2.726400E-01
  3.643859E+02     2.707879E-01
  3.694601E+02     2.689623E-01
  3.746050E+02     2.671625E-01
  3.798215E+02     2.653878E-01
  3.851107E+02     2.636379E-01
  3.904735E+02     2.619128E-01
  3.959110E+02     2.602127E-01
  4.014242E+02     2.585375E-01
  4.070142E+02     2.568870E-01
  4.126821E+02     2.552609E-01
  4.184289E+02     2.536590E-01
  4.242556E+02     2.520808E-01
  4.301636E+02     2.505258E-01
  4.361538E+02     2.489932E-01
  4.422274E+02     2.474827E-01
  4.483856E+02     2.459946E-01
  4.546295E+02     2.445287E-01
  4.609604E+02     2.430851E-01
  4.673795E+02     2.416636E-01
  4.738880E+02     2.402640E-01
  4.804870E+02     2.388861E-01
  4.871780E+02     2.375294E-01
  4.939622E+02     2.361935E-01
  5.008408E+02     2.348778E-01
  5.078152E+02     2.335820E-01
  5.148867E+02     2.323062E-01
  5.220568E+02     2.310503E-01
  5.293266E+02     2.298144E-01
  5.366977E+02     2.285983E-01
  5.441714E+02     2.274019E-01
  5.517492E+02     2.262250E-01
  5.594326E+02     2.250671E-01
  5.672229E+02     2.239280E-01
  5.751217E+02     2.228069E-01
  5.831305E+02     2.217038E-01
  5.912508E+02     2.206185E-01
  5.994843E+02     2.195511E-01
  6.078323E+02     2.185017E-01
  6.162966E+02     2.174701E-01
  6.248788E+02     2.164561E-01
  6.335805E+02     2.154596E-01
  6.424034E+02     2.144802E-01
  6.513491E+02     2.135177E-01
  6.604194E+02     2.125714E-01
  6.696160E+02     2.116412E-01
  6.789407E+02     2.107271E-01
  6.883952E+02     2.098289E-01
  6.979814E+02     2.089467E-01
  7.077011E+02     2.080804E-01
  7.175561E+02     2.072297E-01
  7.275484E+02     2.063945E-01
  7.376798E+02     2.055744E-01
  7.479523E+02     2.047691E-01
  7.583678E+02     2.039781E-01
  7.689284E+02     2.032011E-01
  7.796360E+02     2.024384E-01
  7.904928E+02     2.016902E-01
  8.015007E+02     2.009567E-01
  8.126619E+02     2.002381E-01
  8.239786E+02     1.995347E-01
  8.354528E+02     1.988466E-01
  8.470868E+02     1.981740E-01
  8.588829E+02     1.975168E-01
  8.708431E+02     1.968753E-01
  8.829700E+02     1.962490E-01
  8.952657E+02     1.956368E-01
  9.077327E+02     1.950370E-01
  9.203732E+02     1.944478E-01
  9.331898E+02     1.938672E-01
  9.461848E+02     1.932930E-01
  9.593608E+02     1.927228E-01
  9.727203E+02     1.921540E-01
  9.862658E+02     1.915837E-01
  1.000000E+03     1.910088E-01
