FILE CREATED BY  : PROGRAM DPASS - VERSION 2.00
DATABASE VERSION : 21.06
DATE AND TIME    : 09/08/2022 21:28:02
PROJECTILE       : Co
TARGET           : Pd
TARGET AT. MASS  : 1.064000E+02
TARGET DENSITY   : 1.202000E+01 g/cm^3
TABULATED OUTPUT : STOPPING FORCE VERSUS ENERGY
DATA TYPE        : SPLINE INTERPOLATED
ABSCISSA UNITS   : MeV/u
ORDINATE UNITS   : eV/nm


      E/n             S(E/n)

  1.000000E-03     7.132485E+02
  1.013925E-03     7.180885E+02
  1.028045E-03     7.229923E+02
  1.042361E-03     7.279574E+02
  1.056876E-03     7.329806E+02
  1.071593E-03     7.380585E+02
  1.086516E-03     7.431874E+02
  1.101646E-03     7.483632E+02
  1.116987E-03     7.535816E+02
  1.132541E-03     7.588377E+02
  1.148312E-03     7.641263E+02
  1.164303E-03     7.694426E+02
  1.180517E-03     7.747862E+02
  1.196956E-03     7.801582E+02
  1.213624E-03     7.855599E+02
  1.230524E-03     7.909928E+02
  1.247660E-03     7.964583E+02
  1.265034E-03     8.019584E+02
  1.282650E-03     8.074947E+02
  1.300511E-03     8.130694E+02
  1.318621E-03     8.186848E+02
  1.336984E-03     8.243429E+02
  1.355602E-03     8.300445E+02
  1.374479E-03     8.357894E+02
  1.393619E-03     8.415774E+02
  1.413026E-03     8.474084E+02
  1.432703E-03     8.532821E+02
  1.452654E-03     8.591986E+02
  1.472883E-03     8.651575E+02
  1.493393E-03     8.711586E+02
  1.514189E-03     8.772017E+02
  1.535275E-03     8.832867E+02
  1.556654E-03     8.894136E+02
  1.578331E-03     8.955829E+02
  1.600310E-03     9.017951E+02
  1.622595E-03     9.080505E+02
  1.645191E-03     9.143496E+02
  1.668101E-03     9.206932E+02
  1.691330E-03     9.270817E+02
  1.714882E-03     9.335159E+02
  1.738762E-03     9.399965E+02
  1.762975E-03     9.465244E+02
  1.787526E-03     9.530998E+02
  1.812418E-03     9.597231E+02
  1.837656E-03     9.663944E+02
  1.863246E-03     9.731137E+02
  1.889193E-03     9.798814E+02
  1.915501E-03     9.866977E+02
  1.942175E-03     9.935628E+02
  1.969220E-03     1.000477E+03
  1.996642E-03     1.007441E+03
  2.024447E-03     1.014454E+03
  2.052638E-03     1.021517E+03
  2.081222E-03     1.028631E+03
  2.110203E-03     1.035795E+03
  2.139589E-03     1.043010E+03
  2.169384E-03     1.050277E+03
  2.199593E-03     1.057595E+03
  2.230223E-03     1.064965E+03
  2.261280E-03     1.072388E+03
  2.292769E-03     1.079864E+03
  2.324697E-03     1.087394E+03
  2.357069E-03     1.094978E+03
  2.389893E-03     1.102616E+03
  2.423173E-03     1.110309E+03
  2.456916E-03     1.118057E+03
  2.491130E-03     1.125861E+03
  2.525820E-03     1.133721E+03
  2.560993E-03     1.141637E+03
  2.596656E-03     1.149609E+03
  2.632815E-03     1.157639E+03
  2.669478E-03     1.165727E+03
  2.706652E-03     1.173874E+03
  2.744343E-03     1.182079E+03
  2.782559E-03     1.190343E+03
  2.821308E-03     1.198666E+03
  2.860596E-03     1.207048E+03
  2.900430E-03     1.215491E+03
  2.940820E-03     1.223993E+03
  2.981772E-03     1.232557E+03
  3.023295E-03     1.241181E+03
  3.065395E-03     1.249868E+03
  3.108082E-03     1.258616E+03
  3.151363E-03     1.267427E+03
  3.195248E-03     1.276300E+03
  3.239743E-03     1.285237E+03
  3.284857E-03     1.294237E+03
  3.330600E-03     1.303301E+03
  3.376980E-03     1.312429E+03
  3.424006E-03     1.321622E+03
  3.471687E-03     1.330880E+03
  3.520031E-03     1.340205E+03
  3.569049E-03     1.349595E+03
  3.618750E-03     1.359053E+03
  3.669142E-03     1.368577E+03
  3.720237E-03     1.378169E+03
  3.772042E-03     1.387829E+03
  3.824570E-03     1.397557E+03
  3.877828E-03     1.407353E+03
  3.931829E-03     1.417219E+03
  3.986581E-03     1.427154E+03
  4.042096E-03     1.437160E+03
  4.098384E-03     1.447236E+03
  4.155455E-03     1.457384E+03
  4.213322E-03     1.467603E+03
  4.271994E-03     1.477894E+03
  4.331483E-03     1.488257E+03
  4.391801E-03     1.498692E+03
  4.452959E-03     1.509201E+03
  4.514968E-03     1.519783E+03
  4.577841E-03     1.530440E+03
  4.641589E-03     1.541171E+03
  4.706225E-03     1.551977E+03
  4.771761E-03     1.562860E+03
  4.838210E-03     1.573818E+03
  4.905584E-03     1.584853E+03
  4.973896E-03     1.595965E+03
  5.043159E-03     1.607153E+03
  5.113388E-03     1.618420E+03
  5.184594E-03     1.629764E+03
  5.256791E-03     1.641187E+03
  5.329994E-03     1.652689E+03
  5.404216E-03     1.664272E+03
  5.479472E-03     1.675934E+03
  5.555776E-03     1.687678E+03
  5.633143E-03     1.699503E+03
  5.711586E-03     1.711409E+03
  5.791123E-03     1.723398E+03
  5.871766E-03     1.735470E+03
  5.953533E-03     1.747626E+03
  6.036439E-03     1.759866E+03
  6.120498E-03     1.772191E+03
  6.205729E-03     1.784603E+03
  6.292146E-03     1.797102E+03
  6.379767E-03     1.809687E+03
  6.468608E-03     1.822361E+03
  6.558686E-03     1.835122E+03
  6.650018E-03     1.847972E+03
  6.742622E-03     1.860912E+03
  6.836516E-03     1.873941E+03
  6.931717E-03     1.887062E+03
  7.028244E-03     1.900274E+03
  7.126115E-03     1.913578E+03
  7.225349E-03     1.926976E+03
  7.325965E-03     1.940467E+03
  7.427982E-03     1.954053E+03
  7.531420E-03     1.967734E+03
  7.636298E-03     1.981510E+03
  7.742637E-03     1.995382E+03
  7.850456E-03     2.009351E+03
  7.959777E-03     2.023418E+03
  8.070620E-03     2.037585E+03
  8.183007E-03     2.051851E+03
  8.296959E-03     2.066218E+03
  8.412497E-03     2.080687E+03
  8.529644E-03     2.095258E+03
  8.648423E-03     2.109932E+03
  8.768856E-03     2.124709E+03
  8.890966E-03     2.139591E+03
  9.014776E-03     2.154579E+03
  9.140311E-03     2.169674E+03
  9.267593E-03     2.184876E+03
  9.396648E-03     2.200188E+03
  9.527500E-03     2.215610E+03
  9.660175E-03     2.231144E+03
  9.794697E-03     2.246789E+03
  9.931092E-03     2.262546E+03
  1.006939E-02     2.278418E+03
  1.020961E-02     2.294404E+03
  1.035178E-02     2.310505E+03
  1.049593E-02     2.326724E+03
  1.064209E-02     2.343062E+03
  1.079029E-02     2.359519E+03
  1.094055E-02     2.376098E+03
  1.109290E-02     2.392799E+03
  1.124737E-02     2.409623E+03
  1.140400E-02     2.426571E+03
  1.156280E-02     2.443644E+03
  1.172382E-02     2.460844E+03
  1.188708E-02     2.478172E+03
  1.205261E-02     2.495629E+03
  1.222045E-02     2.513218E+03
  1.239062E-02     2.530939E+03
  1.256317E-02     2.548795E+03
  1.273811E-02     2.566787E+03
  1.291550E-02     2.584915E+03
  1.309535E-02     2.603181E+03
  1.327771E-02     2.621587E+03
  1.346261E-02     2.640134E+03
  1.365008E-02     2.658824E+03
  1.384016E-02     2.677658E+03
  1.403289E-02     2.696639E+03
  1.422830E-02     2.715769E+03
  1.442644E-02     2.735049E+03
  1.462733E-02     2.754481E+03
  1.483103E-02     2.774066E+03
  1.503755E-02     2.793806E+03
  1.524696E-02     2.813702E+03
  1.545928E-02     2.833757E+03
  1.567455E-02     2.853972E+03
  1.589283E-02     2.874349E+03
  1.611414E-02     2.894891E+03
  1.633854E-02     2.915599E+03
  1.656606E-02     2.936477E+03
  1.679675E-02     2.957525E+03
  1.703065E-02     2.978745E+03
  1.726781E-02     3.000140E+03
  1.750827E-02     3.021711E+03
  1.775208E-02     3.043460E+03
  1.799929E-02     3.065390E+03
  1.824993E-02     3.087502E+03
  1.850407E-02     3.109800E+03
  1.876175E-02     3.132286E+03
  1.902301E-02     3.154963E+03
  1.928792E-02     3.177833E+03
  1.955651E-02     3.200897E+03
  1.982884E-02     3.224158E+03
  2.010496E-02     3.247618E+03
  2.038493E-02     3.271279E+03
  2.066880E-02     3.295144E+03
  2.095662E-02     3.319216E+03
  2.124845E-02     3.343496E+03
  2.154435E-02     3.367988E+03
  2.184436E-02     3.392696E+03
  2.214855E-02     3.417621E+03
  2.245698E-02     3.442766E+03
  2.276970E-02     3.468133E+03
  2.308678E-02     3.493725E+03
  2.340827E-02     3.519544E+03
  2.373424E-02     3.545593E+03
  2.406475E-02     3.571875E+03
  2.439986E-02     3.598394E+03
  2.473964E-02     3.625153E+03
  2.508415E-02     3.652156E+03
  2.543346E-02     3.679404E+03
  2.578763E-02     3.706901E+03
  2.614673E-02     3.734650E+03
  2.651084E-02     3.762652E+03
  2.688001E-02     3.790912E+03
  2.725433E-02     3.819432E+03
  2.763385E-02     3.848216E+03
  2.801867E-02     3.877267E+03
  2.840884E-02     3.906589E+03
  2.880444E-02     3.936185E+03
  2.920556E-02     3.966060E+03
  2.961225E-02     3.996215E+03
  3.002462E-02     4.026653E+03
  3.044272E-02     4.057379E+03
  3.086665E-02     4.088394E+03
  3.129648E-02     4.119703E+03
  3.173230E-02     4.151309E+03
  3.217418E-02     4.183217E+03
  3.262222E-02     4.215429E+03
  3.307650E-02     4.247951E+03
  3.353710E-02     4.280785E+03
  3.400412E-02     4.313935E+03
  3.447764E-02     4.347404E+03
  3.495776E-02     4.381195E+03
  3.544456E-02     4.415313E+03
  3.593814E-02     4.449760E+03
  3.643859E-02     4.484542E+03
  3.694601E-02     4.519661E+03
  3.746050E-02     4.555122E+03
  3.798215E-02     4.590929E+03
  3.851107E-02     4.627087E+03
  3.904735E-02     4.663599E+03
  3.959110E-02     4.700467E+03
  4.014242E-02     4.737697E+03
  4.070142E-02     4.775292E+03
  4.126821E-02     4.813255E+03
  4.184289E-02     4.851591E+03
  4.242556E-02     4.890304E+03
  4.301636E-02     4.929399E+03
  4.361538E-02     4.968880E+03
  4.422274E-02     5.008751E+03
  4.483856E-02     5.049017E+03
  4.546295E-02     5.089679E+03
  4.609604E-02     5.130744E+03
  4.673795E-02     5.172213E+03
  4.738880E-02     5.214092E+03
  4.804870E-02     5.256384E+03
  4.871780E-02     5.299094E+03
  4.939622E-02     5.342227E+03
  5.008408E-02     5.385786E+03
  5.078152E-02     5.429776E+03
  5.148867E-02     5.474201E+03
  5.220568E-02     5.519065E+03
  5.293266E-02     5.564371E+03
  5.366977E-02     5.610124E+03
  5.441714E-02     5.656327E+03
  5.517492E-02     5.702984E+03
  5.594326E-02     5.750101E+03
  5.672229E-02     5.797681E+03
  5.751217E-02     5.845729E+03
  5.831305E-02     5.894249E+03
  5.912508E-02     5.943245E+03
  5.994843E-02     5.992721E+03
  6.078323E-02     6.042680E+03
  6.162966E-02     6.093125E+03
  6.248788E-02     6.144060E+03
  6.335805E-02     6.195490E+03
  6.424034E-02     6.247418E+03
  6.513491E-02     6.299848E+03
  6.604194E-02     6.352785E+03
  6.696160E-02     6.406231E+03
  6.789407E-02     6.460192E+03
  6.883952E-02     6.514669E+03
  6.979814E-02     6.569666E+03
  7.077011E-02     6.625187E+03
  7.175561E-02     6.681235E+03
  7.275484E-02     6.737813E+03
  7.376798E-02     6.794925E+03
  7.479523E-02     6.852575E+03
  7.583678E-02     6.910767E+03
  7.689284E-02     6.969503E+03
  7.796360E-02     7.028787E+03
  7.904928E-02     7.088620E+03
  8.015007E-02     7.149006E+03
  8.126619E-02     7.209945E+03
  8.239786E-02     7.271442E+03
  8.354528E-02     7.333497E+03
  8.470868E-02     7.396114E+03
  8.588829E-02     7.459294E+03
  8.708431E-02     7.523039E+03
  8.829700E-02     7.587353E+03
  8.952657E-02     7.652237E+03
  9.077327E-02     7.717692E+03
  9.203732E-02     7.783721E+03
  9.331898E-02     7.850326E+03
  9.461848E-02     7.917508E+03
  9.593608E-02     7.985269E+03
  9.727203E-02     8.053612E+03
  9.862658E-02     8.122537E+03
  1.000000E-01     8.192048E+03
  1.013925E-01     8.262145E+03
  1.028045E-01     8.332828E+03
  1.042361E-01     8.404098E+03
  1.056876E-01     8.475954E+03
  1.071593E-01     8.548396E+03
  1.086516E-01     8.621422E+03
  1.101646E-01     8.695031E+03
  1.116987E-01     8.769224E+03
  1.132541E-01     8.843998E+03
  1.148312E-01     8.919352E+03
  1.164303E-01     8.995285E+03
  1.180517E-01     9.071796E+03
  1.196956E-01     9.148883E+03
  1.213624E-01     9.226545E+03
  1.230524E-01     9.304780E+03
  1.247660E-01     9.383587E+03
  1.265034E-01     9.462964E+03
  1.282650E-01     9.542909E+03
  1.300511E-01     9.623420E+03
  1.318621E-01     9.704495E+03
  1.336984E-01     9.786132E+03
  1.355602E-01     9.868328E+03
  1.374479E-01     9.951079E+03
  1.393619E-01     1.003438E+04
  1.413026E-01     1.011823E+04
  1.432703E-01     1.020262E+04
  1.452654E-01     1.028755E+04
  1.472883E-01     1.037301E+04
  1.493393E-01     1.045900E+04
  1.514189E-01     1.054552E+04
  1.535275E-01     1.063255E+04
  1.556654E-01     1.072009E+04
  1.578331E-01     1.080814E+04
  1.600310E-01     1.089670E+04
  1.622595E-01     1.098574E+04
  1.645191E-01     1.107528E+04
  1.668101E-01     1.116530E+04
  1.691330E-01     1.125579E+04
  1.714882E-01     1.134675E+04
  1.738762E-01     1.143817E+04
  1.762975E-01     1.153005E+04
  1.787526E-01     1.162237E+04
  1.812418E-01     1.171514E+04
  1.837656E-01     1.180833E+04
  1.863246E-01     1.190194E+04
  1.889193E-01     1.199597E+04
  1.915501E-01     1.209039E+04
  1.942175E-01     1.218521E+04
  1.969220E-01     1.228042E+04
  1.996642E-01     1.237600E+04
  2.024447E-01     1.247194E+04
  2.052638E-01     1.256824E+04
  2.081222E-01     1.266488E+04
  2.110203E-01     1.276185E+04
  2.139589E-01     1.285915E+04
  2.169384E-01     1.295676E+04
  2.199593E-01     1.305466E+04
  2.230223E-01     1.315286E+04
  2.261280E-01     1.325133E+04
  2.292769E-01     1.335007E+04
  2.324697E-01     1.344906E+04
  2.357069E-01     1.354829E+04
  2.389893E-01     1.364776E+04
  2.423173E-01     1.374743E+04
  2.456916E-01     1.384731E+04
  2.491130E-01     1.394736E+04
  2.525820E-01     1.404759E+04
  2.560993E-01     1.414797E+04
  2.596656E-01     1.424848E+04
  2.632815E-01     1.434912E+04
  2.669478E-01     1.444987E+04
  2.706652E-01     1.455071E+04
  2.744343E-01     1.465161E+04
  2.782559E-01     1.475255E+04
  2.821308E-01     1.485350E+04
  2.860596E-01     1.495443E+04
  2.900430E-01     1.505531E+04
  2.940820E-01     1.515612E+04
  2.981772E-01     1.525683E+04
  3.023295E-01     1.535740E+04
  3.065395E-01     1.545780E+04
  3.108082E-01     1.555801E+04
  3.151363E-01     1.565799E+04
  3.195248E-01     1.575774E+04
  3.239743E-01     1.585723E+04
  3.284857E-01     1.595643E+04
  3.330600E-01     1.605534E+04
  3.376980E-01     1.615392E+04
  3.424006E-01     1.625217E+04
  3.471687E-01     1.635005E+04
  3.520031E-01     1.644756E+04
  3.569049E-01     1.654467E+04
  3.618750E-01     1.664137E+04
  3.669142E-01     1.673763E+04
  3.720237E-01     1.683343E+04
  3.772042E-01     1.692876E+04
  3.824570E-01     1.702358E+04
  3.877828E-01     1.711789E+04
  3.931829E-01     1.721166E+04
  3.986581E-01     1.730488E+04
  4.042096E-01     1.739754E+04
  4.098384E-01     1.748962E+04
  4.155455E-01     1.758110E+04
  4.213322E-01     1.767199E+04
  4.271994E-01     1.776226E+04
  4.331483E-01     1.785191E+04
  4.391801E-01     1.794093E+04
  4.452959E-01     1.802933E+04
  4.514968E-01     1.811710E+04
  4.577841E-01     1.820424E+04
  4.641589E-01     1.829076E+04
  4.706225E-01     1.837666E+04
  4.771761E-01     1.846195E+04
  4.838210E-01     1.854660E+04
  4.905584E-01     1.863063E+04
  4.973896E-01     1.871402E+04
  5.043159E-01     1.879678E+04
  5.113388E-01     1.887892E+04
  5.184594E-01     1.896043E+04
  5.256791E-01     1.904133E+04
  5.329994E-01     1.912164E+04
  5.404216E-01     1.920136E+04
  5.479472E-01     1.928049E+04
  5.555776E-01     1.935900E+04
  5.633143E-01     1.943688E+04
  5.711586E-01     1.951411E+04
  5.791123E-01     1.959068E+04
  5.871766E-01     1.966657E+04
  5.953533E-01     1.974177E+04
  6.036439E-01     1.981627E+04
  6.120498E-01     1.989005E+04
  6.205729E-01     1.996312E+04
  6.292146E-01     2.003545E+04
  6.379767E-01     2.010703E+04
  6.468608E-01     2.017782E+04
  6.558686E-01     2.024781E+04
  6.650018E-01     2.031699E+04
  6.742622E-01     2.038534E+04
  6.836516E-01     2.045284E+04
  6.931717E-01     2.051947E+04
  7.028244E-01     2.058523E+04
  7.126115E-01     2.065011E+04
  7.225349E-01     2.071410E+04
  7.325965E-01     2.077716E+04
  7.427982E-01     2.083931E+04
  7.531420E-01     2.090051E+04
  7.636298E-01     2.096077E+04
  7.742637E-01     2.102007E+04
  7.850456E-01     2.107840E+04
  7.959777E-01     2.113578E+04
  8.070620E-01     2.119219E+04
  8.183007E-01     2.124764E+04
  8.296959E-01     2.130213E+04
  8.412497E-01     2.135563E+04
  8.529644E-01     2.140814E+04
  8.648423E-01     2.145965E+04
  8.768856E-01     2.151016E+04
  8.890966E-01     2.155965E+04
  9.014776E-01     2.160812E+04
  9.140311E-01     2.165559E+04
  9.267593E-01     2.170204E+04
  9.396648E-01     2.174749E+04
  9.527500E-01     2.179193E+04
  9.660175E-01     2.183536E+04
  9.794697E-01     2.187776E+04
  9.931092E-01     2.191912E+04
  1.006939E+00     2.195944E+04
  1.020961E+00     2.199872E+04
  1.035178E+00     2.203695E+04
  1.049593E+00     2.207413E+04
  1.064209E+00     2.211028E+04
  1.079029E+00     2.214540E+04
  1.094055E+00     2.217949E+04
  1.109290E+00     2.221254E+04
  1.124737E+00     2.224455E+04
  1.140400E+00     2.227551E+04
  1.156280E+00     2.230542E+04
  1.172382E+00     2.233427E+04
  1.188708E+00     2.236208E+04
  1.205261E+00     2.238884E+04
  1.222045E+00     2.241457E+04
  1.239062E+00     2.243929E+04
  1.256317E+00     2.246298E+04
  1.273811E+00     2.248566E+04
  1.291550E+00     2.250731E+04
  1.309535E+00     2.252793E+04
  1.327771E+00     2.254752E+04
  1.346261E+00     2.256609E+04
  1.365008E+00     2.258362E+04
  1.384016E+00     2.260014E+04
  1.403289E+00     2.261566E+04
  1.422830E+00     2.263018E+04
  1.442644E+00     2.264371E+04
  1.462733E+00     2.265625E+04
  1.483103E+00     2.266779E+04
  1.503755E+00     2.267834E+04
  1.524696E+00     2.268787E+04
  1.545928E+00     2.269640E+04
  1.567455E+00     2.270393E+04
  1.589283E+00     2.271046E+04
  1.611414E+00     2.271600E+04
  1.633854E+00     2.272056E+04
  1.656606E+00     2.272414E+04
  1.679675E+00     2.272675E+04
  1.703065E+00     2.272838E+04
  1.726781E+00     2.272904E+04
  1.750827E+00     2.272872E+04
  1.775208E+00     2.272743E+04
  1.799929E+00     2.272518E+04
  1.824993E+00     2.272197E+04
  1.850407E+00     2.271782E+04
  1.876175E+00     2.271275E+04
  1.902301E+00     2.270677E+04
  1.928792E+00     2.269987E+04
  1.955651E+00     2.269205E+04
  1.982884E+00     2.268332E+04
  2.010496E+00     2.267367E+04
  2.038493E+00     2.266311E+04
  2.066880E+00     2.265164E+04
  2.095662E+00     2.263926E+04
  2.124845E+00     2.262599E+04
  2.154435E+00     2.261183E+04
  2.184436E+00     2.259680E+04
  2.214855E+00     2.258090E+04
  2.245698E+00     2.256412E+04
  2.276970E+00     2.254647E+04
  2.308678E+00     2.252794E+04
  2.340827E+00     2.250854E+04
  2.373424E+00     2.248828E+04
  2.406475E+00     2.246715E+04
  2.439986E+00     2.244517E+04
  2.473964E+00     2.242236E+04
  2.508415E+00     2.239871E+04
  2.543346E+00     2.237423E+04
  2.578763E+00     2.234892E+04
  2.614673E+00     2.232279E+04
  2.651084E+00     2.229582E+04
  2.688001E+00     2.226802E+04
  2.725433E+00     2.223940E+04
  2.763385E+00     2.220997E+04
  2.801867E+00     2.217972E+04
  2.840884E+00     2.214867E+04
  2.880444E+00     2.211683E+04
  2.920556E+00     2.208420E+04
  2.961225E+00     2.205078E+04
  3.002462E+00     2.201657E+04
  3.044272E+00     2.198157E+04
  3.086665E+00     2.194577E+04
  3.129648E+00     2.190919E+04
  3.173230E+00     2.187182E+04
  3.217418E+00     2.183368E+04
  3.262222E+00     2.179476E+04
  3.307650E+00     2.175508E+04
  3.353710E+00     2.171464E+04
  3.400412E+00     2.167344E+04
  3.447764E+00     2.163148E+04
  3.495776E+00     2.158876E+04
  3.544456E+00     2.154528E+04
  3.593814E+00     2.150104E+04
  3.643859E+00     2.145606E+04
  3.694601E+00     2.141033E+04
  3.746050E+00     2.136387E+04
  3.798215E+00     2.131668E+04
  3.851107E+00     2.126876E+04
  3.904735E+00     2.122013E+04
  3.959110E+00     2.117076E+04
  4.014242E+00     2.112067E+04
  4.070142E+00     2.106987E+04
  4.126821E+00     2.101834E+04
  4.184289E+00     2.096610E+04
  4.242556E+00     2.091315E+04
  4.301636E+00     2.085949E+04
  4.361538E+00     2.080514E+04
  4.422274E+00     2.075010E+04
  4.483856E+00     2.069436E+04
  4.546295E+00     2.063794E+04
  4.609604E+00     2.058083E+04
  4.673795E+00     2.052303E+04
  4.738880E+00     2.046456E+04
  4.804870E+00     2.040541E+04
  4.871780E+00     2.034559E+04
  4.939622E+00     2.028512E+04
  5.008408E+00     2.022399E+04
  5.078152E+00     2.016221E+04
  5.148867E+00     2.009979E+04
  5.220568E+00     2.003673E+04
  5.293266E+00     1.997302E+04
  5.366977E+00     1.990868E+04
  5.441714E+00     1.984370E+04
  5.517492E+00     1.977810E+04
  5.594326E+00     1.971186E+04
  5.672229E+00     1.964501E+04
  5.751217E+00     1.957755E+04
  5.831305E+00     1.950948E+04
  5.912508E+00     1.944080E+04
  5.994843E+00     1.937153E+04
  6.078323E+00     1.930165E+04
  6.162966E+00     1.923119E+04
  6.248788E+00     1.916014E+04
  6.335805E+00     1.908851E+04
  6.424034E+00     1.901631E+04
  6.513491E+00     1.894354E+04
  6.604194E+00     1.887022E+04
  6.696160E+00     1.879634E+04
  6.789407E+00     1.872191E+04
  6.883952E+00     1.864694E+04
  6.979814E+00     1.857143E+04
  7.077011E+00     1.849539E+04
  7.175561E+00     1.841883E+04
  7.275484E+00     1.834174E+04
  7.376798E+00     1.826415E+04
  7.479523E+00     1.818604E+04
  7.583678E+00     1.810743E+04
  7.689284E+00     1.802834E+04
  7.796360E+00     1.794875E+04
  7.904928E+00     1.786869E+04
  8.015007E+00     1.778816E+04
  8.126619E+00     1.770715E+04
  8.239786E+00     1.762569E+04
  8.354528E+00     1.754378E+04
  8.470868E+00     1.746143E+04
  8.588829E+00     1.737863E+04
  8.708431E+00     1.729541E+04
  8.829700E+00     1.721177E+04
  8.952657E+00     1.712772E+04
  9.077327E+00     1.704327E+04
  9.203732E+00     1.695841E+04
  9.331898E+00     1.687316E+04
  9.461848E+00     1.678753E+04
  9.593608E+00     1.670153E+04
  9.727203E+00     1.661515E+04
  9.862658E+00     1.652841E+04
  1.000000E+01     1.644132E+04
  1.013925E+01     1.635388E+04
  1.028045E+01     1.626610E+04
  1.042361E+01     1.617799E+04
  1.056876E+01     1.608955E+04
  1.071593E+01     1.600081E+04
  1.086516E+01     1.591176E+04
  1.101646E+01     1.582242E+04
  1.116987E+01     1.573279E+04
  1.132541E+01     1.564288E+04
  1.148312E+01     1.555270E+04
  1.164303E+01     1.546225E+04
  1.180517E+01     1.537156E+04
  1.196956E+01     1.528062E+04
  1.213624E+01     1.518945E+04
  1.230524E+01     1.509806E+04
  1.247660E+01     1.500645E+04
  1.265034E+01     1.491464E+04
  1.282650E+01     1.482264E+04
  1.300511E+01     1.473045E+04
  1.318621E+01     1.463809E+04
  1.336984E+01     1.454556E+04
  1.355602E+01     1.445287E+04
  1.374479E+01     1.436003E+04
  1.393619E+01     1.426707E+04
  1.413026E+01     1.417398E+04
  1.432703E+01     1.408077E+04
  1.452654E+01     1.398747E+04
  1.472883E+01     1.389408E+04
  1.493393E+01     1.380060E+04
  1.514189E+01     1.370705E+04
  1.535275E+01     1.361344E+04
  1.556654E+01     1.351978E+04
  1.578331E+01     1.342608E+04
  1.600310E+01     1.333235E+04
  1.622595E+01     1.323860E+04
  1.645191E+01     1.314485E+04
  1.668101E+01     1.305111E+04
  1.691330E+01     1.295738E+04
  1.714882E+01     1.286367E+04
  1.738762E+01     1.277000E+04
  1.762975E+01     1.267637E+04
  1.787526E+01     1.258279E+04
  1.812418E+01     1.248927E+04
  1.837656E+01     1.239583E+04
  1.863246E+01     1.230248E+04
  1.889193E+01     1.220923E+04
  1.915501E+01     1.211610E+04
  1.942175E+01     1.202308E+04
  1.969220E+01     1.193019E+04
  1.996642E+01     1.183743E+04
  2.024447E+01     1.174482E+04
  2.052638E+01     1.165236E+04
  2.081222E+01     1.156006E+04
  2.110203E+01     1.146795E+04
  2.139589E+01     1.137603E+04
  2.169384E+01     1.128431E+04
  2.199593E+01     1.119280E+04
  2.230223E+01     1.110152E+04
  2.261280E+01     1.101047E+04
  2.292769E+01     1.091967E+04
  2.324697E+01     1.082910E+04
  2.357069E+01     1.073880E+04
  2.389893E+01     1.064876E+04
  2.423173E+01     1.055900E+04
  2.456916E+01     1.046953E+04
  2.491130E+01     1.038037E+04
  2.525820E+01     1.029151E+04
  2.560993E+01     1.020297E+04
  2.596656E+01     1.011476E+04
  2.632815E+01     1.002687E+04
  2.669478E+01     9.939312E+03
  2.706652E+01     9.852092E+03
  2.744343E+01     9.765222E+03
  2.782559E+01     9.678717E+03
  2.821308E+01     9.592589E+03
  2.860596E+01     9.506850E+03
  2.900430E+01     9.421511E+03
  2.940820E+01     9.336580E+03
  2.981772E+01     9.252065E+03
  3.023295E+01     9.167971E+03
  3.065395E+01     9.084303E+03
  3.108082E+01     9.001066E+03
  3.151363E+01     8.918272E+03
  3.195248E+01     8.835931E+03
  3.239743E+01     8.754054E+03
  3.284857E+01     8.672648E+03
  3.330600E+01     8.591718E+03
  3.376980E+01     8.511271E+03
  3.424006E+01     8.431307E+03
  3.471687E+01     8.351826E+03
  3.520031E+01     8.272828E+03
  3.569049E+01     8.194311E+03
  3.618750E+01     8.116287E+03
  3.669142E+01     8.038765E+03
  3.720237E+01     7.961756E+03
  3.772042E+01     7.885266E+03
  3.824570E+01     7.809302E+03
  3.877828E+01     7.733867E+03
  3.931829E+01     7.658964E+03
  3.986581E+01     7.584591E+03
  4.042096E+01     7.510747E+03
  4.098384E+01     7.437429E+03
  4.155455E+01     7.364645E+03
  4.213322E+01     7.292405E+03
  4.271994E+01     7.220716E+03
  4.331483E+01     7.149583E+03
  4.391801E+01     7.079010E+03
  4.452959E+01     7.008998E+03
  4.514968E+01     6.939546E+03
  4.577841E+01     6.870651E+03
  4.641589E+01     6.802307E+03
  4.706225E+01     6.734509E+03
  4.771761E+01     6.667264E+03
  4.838210E+01     6.600579E+03
  4.905584E+01     6.534463E+03
  4.973896E+01     6.468919E+03
  5.043159E+01     6.403951E+03
  5.113388E+01     6.339560E+03
  5.184594E+01     6.275745E+03
  5.256791E+01     6.212503E+03
  5.329994E+01     6.149827E+03
  5.404216E+01     6.087711E+03
  5.479472E+01     6.026159E+03
  5.555776E+01     5.965177E+03
  5.633143E+01     5.904768E+03
  5.711586E+01     5.844936E+03
  5.791123E+01     5.785680E+03
  5.871766E+01     5.727000E+03
  5.953533E+01     5.668890E+03
  6.036439E+01     5.611344E+03
  6.120498E+01     5.554353E+03
  6.205729E+01     5.497906E+03
  6.292146E+01     5.442005E+03
  6.379767E+01     5.386656E+03
  6.468608E+01     5.331864E+03
  6.558686E+01     5.277633E+03
  6.650018E+01     5.223965E+03
  6.742622E+01     5.170857E+03
  6.836516E+01     5.118309E+03
  6.931717E+01     5.066314E+03
  7.028244E+01     5.014866E+03
  7.126115E+01     4.963954E+03
  7.225349E+01     4.913579E+03
  7.325965E+01     4.863744E+03
  7.427982E+01     4.814451E+03
  7.531420E+01     4.765701E+03
  7.636298E+01     4.717490E+03
  7.742637E+01     4.669817E+03
  7.850456E+01     4.622673E+03
  7.959777E+01     4.576051E+03
  8.070620E+01     4.529939E+03
  8.183007E+01     4.484323E+03
  8.296959E+01     4.439202E+03
  8.412497E+01     4.394577E+03
  8.529644E+01     4.350454E+03
  8.648423E+01     4.306832E+03
  8.768856E+01     4.263712E+03
  8.890966E+01     4.221090E+03
  9.014776E+01     4.178964E+03
  9.140311E+01     4.137326E+03
  9.267593E+01     4.096167E+03
  9.396648E+01     4.055478E+03
  9.527500E+01     4.015253E+03
  9.660175E+01     3.975495E+03
  9.794697E+01     3.936206E+03
  9.931092E+01     3.897385E+03
  1.006939E+02     3.859030E+03
  1.020961E+02     3.821137E+03
  1.035178E+02     3.783702E+03
  1.049593E+02     3.746714E+03
  1.064209E+02     3.710165E+03
  1.079029E+02     3.674042E+03
  1.094055E+02     3.638339E+03
  1.109290E+02     3.603058E+03
  1.124737E+02     3.568200E+03
  1.140400E+02     3.533766E+03
  1.156280E+02     3.499753E+03
  1.172382E+02     3.466159E+03
  1.188708E+02     3.432979E+03
  1.205261E+02     3.400206E+03
  1.222045E+02     3.367831E+03
  1.239062E+02     3.335844E+03
  1.256317E+02     3.304237E+03
  1.273811E+02     3.273013E+03
  1.291550E+02     3.242173E+03
  1.309535E+02     3.211716E+03
  1.327771E+02     3.181641E+03
  1.346261E+02     3.151945E+03
  1.365008E+02     3.122622E+03
  1.384016E+02     3.093668E+03
  1.403289E+02     3.065074E+03
  1.422830E+02     3.036829E+03
  1.442644E+02     3.008928E+03
  1.462733E+02     2.981369E+03
  1.483103E+02     2.954155E+03
  1.503755E+02     2.927285E+03
  1.524696E+02     2.900757E+03
  1.545928E+02     2.874568E+03
  1.567455E+02     2.848715E+03
  1.589283E+02     2.823189E+03
  1.611414E+02     2.797985E+03
  1.633854E+02     2.773093E+03
  1.656606E+02     2.748505E+03
  1.679675E+02     2.724222E+03
  1.703065E+02     2.700245E+03
  1.726781E+02     2.676573E+03
  1.750827E+02     2.653206E+03
  1.775208E+02     2.630140E+03
  1.799929E+02     2.607373E+03
  1.824993E+02     2.584899E+03
  1.850407E+02     2.562712E+03
  1.876175E+02     2.540804E+03
  1.902301E+02     2.519168E+03
  1.928792E+02     2.497804E+03
  1.955651E+02     2.476713E+03
  1.982884E+02     2.455894E+03
  2.010496E+02     2.435345E+03
  2.038493E+02     2.415066E+03
  2.066880E+02     2.395052E+03
  2.095662E+02     2.375298E+03
  2.124845E+02     2.355799E+03
  2.154435E+02     2.336548E+03
  2.184436E+02     2.317537E+03
  2.214855E+02     2.298767E+03
  2.245698E+02     2.280238E+03
  2.276970E+02     2.261952E+03
  2.308678E+02     2.243906E+03
  2.340827E+02     2.226101E+03
  2.373424E+02     2.208534E+03
  2.406475E+02     2.191202E+03
  2.439986E+02     2.174099E+03
  2.473964E+02     2.157222E+03
  2.508415E+02     2.140564E+03
  2.543346E+02     2.124124E+03
  2.578763E+02     2.107903E+03
  2.614673E+02     2.091900E+03
  2.651084E+02     2.076115E+03
  2.688001E+02     2.060544E+03
  2.725433E+02     2.045187E+03
  2.763385E+02     2.030038E+03
  2.801867E+02     2.015093E+03
  2.840884E+02     2.000345E+03
  2.880444E+02     1.985790E+03
  2.920556E+02     1.971424E+03
  2.961225E+02     1.957250E+03
  3.002462E+02     1.943268E+03
  3.044272E+02     1.929477E+03
  3.086665E+02     1.915876E+03
  3.129648E+02     1.902464E+03
  3.173230E+02     1.889239E+03
  3.217418E+02     1.876195E+03
  3.262222E+02     1.863331E+03
  3.307650E+02     1.850640E+03
  3.353710E+02     1.838121E+03
  3.400412E+02     1.825776E+03
  3.447764E+02     1.813604E+03
  3.495776E+02     1.801604E+03
  3.544456E+02     1.789777E+03
  3.593814E+02     1.778119E+03
  3.643859E+02     1.766629E+03
  3.694601E+02     1.755304E+03
  3.746050E+02     1.744139E+03
  3.798215E+02     1.733129E+03
  3.851107E+02     1.722274E+03
  3.904735E+02     1.711573E+03
  3.959110E+02     1.701027E+03
  4.014242E+02     1.690636E+03
  4.070142E+02     1.680399E+03
  4.126821E+02     1.670314E+03
  4.184289E+02     1.660380E+03
  4.242556E+02     1.650594E+03
  4.301636E+02     1.640952E+03
  4.361538E+02     1.631450E+03
  4.422274E+02     1.622087E+03
  4.483856E+02     1.612863E+03
  4.546295E+02     1.603778E+03
  4.609604E+02     1.594832E+03
  4.673795E+02     1.586025E+03
  4.738880E+02     1.577355E+03
  4.804870E+02     1.568821E+03
  4.871780E+02     1.560419E+03
  4.939622E+02     1.552148E+03
  5.008408E+02     1.544003E+03
  5.078152E+02     1.535983E+03
  5.148867E+02     1.528087E+03
  5.220568E+02     1.520317E+03
  5.293266E+02     1.512672E+03
  5.366977E+02     1.505152E+03
  5.441714E+02     1.497754E+03
  5.517492E+02     1.490479E+03
  5.594326E+02     1.483322E+03
  5.672229E+02     1.476283E+03
  5.751217E+02     1.469357E+03
  5.831305E+02     1.462543E+03
  5.912508E+02     1.455841E+03
  5.994843E+02     1.449252E+03
  6.078323E+02     1.442774E+03
  6.162966E+02     1.436407E+03
  6.248788E+02     1.430151E+03
  6.335805E+02     1.424003E+03
  6.424034E+02     1.417963E+03
  6.513491E+02     1.412028E+03
  6.604194E+02     1.406195E+03
  6.696160E+02     1.400461E+03
  6.789407E+02     1.394827E+03
  6.883952E+02     1.389293E+03
  6.979814E+02     1.383857E+03
  7.077011E+02     1.378519E+03
  7.175561E+02     1.373278E+03
  7.275484E+02     1.368132E+03
  7.376798E+02     1.363078E+03
  7.479523E+02     1.358114E+03
  7.583678E+02     1.353238E+03
  7.689284E+02     1.348446E+03
  7.796360E+02     1.343740E+03
  7.904928E+02     1.339122E+03
  8.015007E+02     1.334593E+03
  8.126619E+02     1.330154E+03
  8.239786E+02     1.325807E+03
  8.354528E+02     1.321553E+03
  8.470868E+02     1.317392E+03
  8.588829E+02     1.313325E+03
  8.708431E+02     1.309353E+03
  8.829700E+02     1.305474E+03
  8.952657E+02     1.301679E+03
  9.077327E+02     1.297960E+03
  9.203732E+02     1.294304E+03
  9.331898E+02     1.290700E+03
  9.461848E+02     1.287135E+03
  9.593608E+02     1.283593E+03
  9.727203E+02     1.280059E+03
  9.862658E+02     1.276515E+03
  1.000000E+03     1.272942E+03
