FILE CREATED BY  : PROGRAM DPASS - VERSION 2.00
DATABASE VERSION : 21.06
DATE AND TIME    : 09/08/2022 21:29:37
PROJECTILE       : Co
TARGET           : Po
TARGET AT. MASS  : 2.089820E+02
TARGET DENSITY   : 9.300000E+00 g/cm^3
TABULATED OUTPUT : STOPPING FORCE VERSUS ENERGY
DATA TYPE        : SPLINE INTERPOLATED
ABSCISSA UNITS   : MeV/u
ORDINATE UNITS   : eV/nm


      E/n             S(E/n)

  1.000000E-03     4.101984E+02
  1.013925E-03     4.130016E+02
  1.028045E-03     4.158419E+02
  1.042361E-03     4.187177E+02
  1.056876E-03     4.216273E+02
  1.071593E-03     4.245687E+02
  1.086516E-03     4.275398E+02
  1.101646E-03     4.305384E+02
  1.116987E-03     4.335620E+02
  1.132541E-03     4.366077E+02
  1.148312E-03     4.396727E+02
  1.164303E-03     4.427542E+02
  1.180517E-03     4.458520E+02
  1.196956E-03     4.489668E+02
  1.213624E-03     4.520991E+02
  1.230524E-03     4.552500E+02
  1.247660E-03     4.584202E+02
  1.265034E-03     4.616106E+02
  1.282650E-03     4.648225E+02
  1.300511E-03     4.680568E+02
  1.318621E-03     4.713150E+02
  1.336984E-03     4.745981E+02
  1.355602E-03     4.779066E+02
  1.374479E-03     4.812404E+02
  1.393619E-03     4.845994E+02
  1.413026E-03     4.879835E+02
  1.432703E-03     4.913928E+02
  1.452654E-03     4.948270E+02
  1.472883E-03     4.982862E+02
  1.493393E-03     5.017701E+02
  1.514189E-03     5.052788E+02
  1.535275E-03     5.088121E+02
  1.556654E-03     5.123702E+02
  1.578331E-03     5.159531E+02
  1.600310E-03     5.195612E+02
  1.622595E-03     5.231946E+02
  1.645191E-03     5.268537E+02
  1.668101E-03     5.305387E+02
  1.691330E-03     5.342499E+02
  1.714882E-03     5.379877E+02
  1.738762E-03     5.417525E+02
  1.762975E-03     5.455447E+02
  1.787526E-03     5.493644E+02
  1.812418E-03     5.532119E+02
  1.837656E-03     5.570873E+02
  1.863246E-03     5.609907E+02
  1.889193E-03     5.649223E+02
  1.915501E-03     5.688822E+02
  1.942175E-03     5.728707E+02
  1.969220E-03     5.768880E+02
  1.996642E-03     5.809343E+02
  2.024447E-03     5.850099E+02
  2.052638E-03     5.891150E+02
  2.081222E-03     5.932497E+02
  2.110203E-03     5.974143E+02
  2.139589E-03     6.016089E+02
  2.169384E-03     6.058338E+02
  2.199593E-03     6.100891E+02
  2.230223E-03     6.143753E+02
  2.261280E-03     6.186924E+02
  2.292769E-03     6.230409E+02
  2.324697E-03     6.274212E+02
  2.357069E-03     6.318334E+02
  2.389893E-03     6.362778E+02
  2.423173E-03     6.407545E+02
  2.456916E-03     6.452637E+02
  2.491130E-03     6.498057E+02
  2.525820E-03     6.543806E+02
  2.560993E-03     6.589888E+02
  2.596656E-03     6.636306E+02
  2.632815E-03     6.683062E+02
  2.669478E-03     6.730160E+02
  2.706652E-03     6.777603E+02
  2.744343E-03     6.825394E+02
  2.782559E-03     6.873534E+02
  2.821308E-03     6.922025E+02
  2.860596E-03     6.970871E+02
  2.900430E-03     7.020073E+02
  2.940820E-03     7.069636E+02
  2.981772E-03     7.119563E+02
  3.023295E-03     7.169857E+02
  3.065395E-03     7.220523E+02
  3.108082E-03     7.271563E+02
  3.151363E-03     7.322981E+02
  3.195248E-03     7.374779E+02
  3.239743E-03     7.426958E+02
  3.284857E-03     7.479522E+02
  3.330600E-03     7.532474E+02
  3.376980E-03     7.585816E+02
  3.424006E-03     7.639552E+02
  3.471687E-03     7.693686E+02
  3.520031E-03     7.748222E+02
  3.569049E-03     7.803165E+02
  3.618750E-03     7.858515E+02
  3.669142E-03     7.914277E+02
  3.720237E-03     7.970453E+02
  3.772042E-03     8.027045E+02
  3.824570E-03     8.084057E+02
  3.877828E-03     8.141493E+02
  3.931829E-03     8.199356E+02
  3.986581E-03     8.257651E+02
  4.042096E-03     8.316382E+02
  4.098384E-03     8.375554E+02
  4.155455E-03     8.435170E+02
  4.213322E-03     8.495232E+02
  4.271994E-03     8.555743E+02
  4.331483E-03     8.616708E+02
  4.391801E-03     8.678128E+02
  4.452959E-03     8.740009E+02
  4.514968E-03     8.802354E+02
  4.577841E-03     8.865168E+02
  4.641589E-03     8.928456E+02
  4.706225E-03     8.992223E+02
  4.771761E-03     9.056473E+02
  4.838210E-03     9.121208E+02
  4.905584E-03     9.186431E+02
  4.973896E-03     9.252147E+02
  5.043159E-03     9.318359E+02
  5.113388E-03     9.385071E+02
  5.184594E-03     9.452288E+02
  5.256791E-03     9.520016E+02
  5.329994E-03     9.588259E+02
  5.404216E-03     9.657023E+02
  5.479472E-03     9.726312E+02
  5.555776E-03     9.796129E+02
  5.633143E-03     9.866478E+02
  5.711586E-03     9.937362E+02
  5.791123E-03     1.000879E+03
  5.871766E-03     1.008075E+03
  5.953533E-03     1.015327E+03
  6.036439E-03     1.022634E+03
  6.120498E-03     1.029997E+03
  6.205729E-03     1.037417E+03
  6.292146E-03     1.044893E+03
  6.379767E-03     1.052428E+03
  6.468608E-03     1.060020E+03
  6.558686E-03     1.067670E+03
  6.650018E-03     1.075379E+03
  6.742622E-03     1.083148E+03
  6.836516E-03     1.090976E+03
  6.931717E-03     1.098865E+03
  7.028244E-03     1.106816E+03
  7.126115E-03     1.114828E+03
  7.225349E-03     1.122903E+03
  7.325965E-03     1.131040E+03
  7.427982E-03     1.139241E+03
  7.531420E-03     1.147505E+03
  7.636298E-03     1.155833E+03
  7.742637E-03     1.164226E+03
  7.850456E-03     1.172683E+03
  7.959777E-03     1.181206E+03
  8.070620E-03     1.189794E+03
  8.183007E-03     1.198449E+03
  8.296959E-03     1.207171E+03
  8.412497E-03     1.215961E+03
  8.529644E-03     1.224818E+03
  8.648423E-03     1.233744E+03
  8.768856E-03     1.242740E+03
  8.890966E-03     1.251806E+03
  9.014776E-03     1.260943E+03
  9.140311E-03     1.270152E+03
  9.267593E-03     1.279434E+03
  9.396648E-03     1.288789E+03
  9.527500E-03     1.298219E+03
  9.660175E-03     1.307724E+03
  9.794697E-03     1.317305E+03
  9.931092E-03     1.326961E+03
  1.006939E-02     1.336695E+03
  1.020961E-02     1.346506E+03
  1.035178E-02     1.356395E+03
  1.049593E-02     1.366363E+03
  1.064209E-02     1.376411E+03
  1.079029E-02     1.386540E+03
  1.094055E-02     1.396750E+03
  1.109290E-02     1.407042E+03
  1.124737E-02     1.417417E+03
  1.140400E-02     1.427874E+03
  1.156280E-02     1.438416E+03
  1.172382E-02     1.449041E+03
  1.188708E-02     1.459752E+03
  1.205261E-02     1.470548E+03
  1.222045E-02     1.481431E+03
  1.239062E-02     1.492402E+03
  1.256317E-02     1.503460E+03
  1.273811E-02     1.514608E+03
  1.291550E-02     1.525844E+03
  1.309535E-02     1.537170E+03
  1.327771E-02     1.548587E+03
  1.346261E-02     1.560094E+03
  1.365008E-02     1.571692E+03
  1.384016E-02     1.583383E+03
  1.403289E-02     1.595166E+03
  1.422830E-02     1.607043E+03
  1.442644E-02     1.619014E+03
  1.462733E-02     1.631079E+03
  1.483103E-02     1.643240E+03
  1.503755E-02     1.655496E+03
  1.524696E-02     1.667848E+03
  1.545928E-02     1.680297E+03
  1.567455E-02     1.692842E+03
  1.589283E-02     1.705485E+03
  1.611414E-02     1.718227E+03
  1.633854E-02     1.731067E+03
  1.656606E-02     1.744008E+03
  1.679675E-02     1.757048E+03
  1.703065E-02     1.770188E+03
  1.726781E-02     1.783430E+03
  1.750827E-02     1.796772E+03
  1.775208E-02     1.810217E+03
  1.799929E-02     1.823764E+03
  1.824993E-02     1.837413E+03
  1.850407E-02     1.851167E+03
  1.876175E-02     1.865024E+03
  1.902301E-02     1.878987E+03
  1.928792E-02     1.893054E+03
  1.955651E-02     1.907228E+03
  1.982884E-02     1.921507E+03
  2.010496E-02     1.935894E+03
  2.038493E-02     1.950387E+03
  2.066880E-02     1.964989E+03
  2.095662E-02     1.979698E+03
  2.124845E-02     1.994517E+03
  2.154435E-02     2.009446E+03
  2.184436E-02     2.024485E+03
  2.214855E-02     2.039636E+03
  2.245698E-02     2.054898E+03
  2.276970E-02     2.070272E+03
  2.308678E-02     2.085759E+03
  2.340827E-02     2.101359E+03
  2.373424E-02     2.117074E+03
  2.406475E-02     2.132903E+03
  2.439986E-02     2.148847E+03
  2.473964E-02     2.164908E+03
  2.508415E-02     2.181086E+03
  2.543346E-02     2.197382E+03
  2.578763E-02     2.213797E+03
  2.614673E-02     2.230330E+03
  2.651084E-02     2.246983E+03
  2.688001E-02     2.263756E+03
  2.725433E-02     2.280650E+03
  2.763385E-02     2.297666E+03
  2.801867E-02     2.314805E+03
  2.840884E-02     2.332067E+03
  2.880444E-02     2.349454E+03
  2.920556E-02     2.366967E+03
  2.961225E-02     2.384605E+03
  3.002462E-02     2.402370E+03
  3.044272E-02     2.420263E+03
  3.086665E-02     2.438283E+03
  3.129648E-02     2.456432E+03
  3.173230E-02     2.474711E+03
  3.217418E-02     2.493120E+03
  3.262222E-02     2.511661E+03
  3.307650E-02     2.530335E+03
  3.353710E-02     2.549143E+03
  3.400412E-02     2.568085E+03
  3.447764E-02     2.587162E+03
  3.495776E-02     2.606375E+03
  3.544456E-02     2.625724E+03
  3.593814E-02     2.645209E+03
  3.643859E-02     2.664833E+03
  3.694601E-02     2.684596E+03
  3.746050E-02     2.704499E+03
  3.798215E-02     2.724543E+03
  3.851107E-02     2.744730E+03
  3.904735E-02     2.765059E+03
  3.959110E-02     2.785531E+03
  4.014242E-02     2.806148E+03
  4.070142E-02     2.826910E+03
  4.126821E-02     2.847817E+03
  4.184289E-02     2.868872E+03
  4.242556E-02     2.890074E+03
  4.301636E-02     2.911426E+03
  4.361538E-02     2.932929E+03
  4.422274E-02     2.954583E+03
  4.483856E-02     2.976390E+03
  4.546295E-02     2.998349E+03
  4.609604E-02     3.020463E+03
  4.673795E-02     3.042731E+03
  4.738880E-02     3.065154E+03
  4.804870E-02     3.087734E+03
  4.871780E-02     3.110472E+03
  4.939622E-02     3.133369E+03
  5.008408E-02     3.156426E+03
  5.078152E-02     3.179645E+03
  5.148867E-02     3.203026E+03
  5.220568E-02     3.226570E+03
  5.293266E-02     3.250278E+03
  5.366977E-02     3.274151E+03
  5.441714E-02     3.298190E+03
  5.517492E-02     3.322395E+03
  5.594326E-02     3.346769E+03
  5.672229E-02     3.371312E+03
  5.751217E-02     3.396027E+03
  5.831305E-02     3.420914E+03
  5.912508E-02     3.445974E+03
  5.994843E-02     3.471208E+03
  6.078323E-02     3.496618E+03
  6.162966E-02     3.522204E+03
  6.248788E-02     3.547968E+03
  6.335805E-02     3.573910E+03
  6.424034E-02     3.600033E+03
  6.513491E-02     3.626338E+03
  6.604194E-02     3.652827E+03
  6.696160E-02     3.679501E+03
  6.789407E-02     3.706362E+03
  6.883952E-02     3.733411E+03
  6.979814E-02     3.760649E+03
  7.077011E-02     3.788076E+03
  7.175561E-02     3.815695E+03
  7.275484E-02     3.843508E+03
  7.376798E-02     3.871515E+03
  7.479523E-02     3.899719E+03
  7.583678E-02     3.928122E+03
  7.689284E-02     3.956726E+03
  7.796360E-02     3.985532E+03
  7.904928E-02     4.014542E+03
  8.015007E-02     4.043757E+03
  8.126619E-02     4.073177E+03
  8.239786E-02     4.102806E+03
  8.354528E-02     4.132645E+03
  8.470868E-02     4.162695E+03
  8.588829E-02     4.192960E+03
  8.708431E-02     4.223440E+03
  8.829700E-02     4.254140E+03
  8.952657E-02     4.285059E+03
  9.077327E-02     4.316199E+03
  9.203732E-02     4.347561E+03
  9.331898E-02     4.379145E+03
  9.461848E-02     4.410953E+03
  9.593608E-02     4.442986E+03
  9.727203E-02     4.475246E+03
  9.862658E-02     4.507734E+03
  1.000000E-01     4.540453E+03
  1.013925E-01     4.573403E+03
  1.028045E-01     4.606586E+03
  1.042361E-01     4.640001E+03
  1.056876E-01     4.673650E+03
  1.071593E-01     4.707532E+03
  1.086516E-01     4.741648E+03
  1.101646E-01     4.775999E+03
  1.116987E-01     4.810585E+03
  1.132541E-01     4.845408E+03
  1.148312E-01     4.880468E+03
  1.164303E-01     4.915766E+03
  1.180517E-01     4.951302E+03
  1.196956E-01     4.987076E+03
  1.213624E-01     5.023086E+03
  1.230524E-01     5.059333E+03
  1.247660E-01     5.095817E+03
  1.265034E-01     5.132535E+03
  1.282650E-01     5.169490E+03
  1.300511E-01     5.206679E+03
  1.318621E-01     5.244104E+03
  1.336984E-01     5.281763E+03
  1.355602E-01     5.319653E+03
  1.374479E-01     5.357770E+03
  1.393619E-01     5.396109E+03
  1.413026E-01     5.434665E+03
  1.432703E-01     5.473432E+03
  1.452654E-01     5.512405E+03
  1.472883E-01     5.551577E+03
  1.493393E-01     5.590943E+03
  1.514189E-01     5.630496E+03
  1.535275E-01     5.670228E+03
  1.556654E-01     5.710134E+03
  1.578331E-01     5.750209E+03
  1.600310E-01     5.790447E+03
  1.622595E-01     5.830842E+03
  1.645191E-01     5.871389E+03
  1.668101E-01     5.912081E+03
  1.691330E-01     5.952912E+03
  1.714882E-01     5.993876E+03
  1.738762E-01     6.034966E+03
  1.762975E-01     6.076175E+03
  1.787526E-01     6.117497E+03
  1.812418E-01     6.158928E+03
  1.837656E-01     6.200463E+03
  1.863246E-01     6.242095E+03
  1.889193E-01     6.283821E+03
  1.915501E-01     6.325635E+03
  1.942175E-01     6.367532E+03
  1.969220E-01     6.409508E+03
  1.996642E-01     6.451557E+03
  2.024447E-01     6.493676E+03
  2.052638E-01     6.535859E+03
  2.081222E-01     6.578101E+03
  2.110203E-01     6.620400E+03
  2.139589E-01     6.662750E+03
  2.169384E-01     6.705148E+03
  2.199593E-01     6.747590E+03
  2.230223E-01     6.790073E+03
  2.261280E-01     6.832593E+03
  2.292769E-01     6.875149E+03
  2.324697E-01     6.917738E+03
  2.357069E-01     6.960357E+03
  2.389893E-01     7.003001E+03
  2.423173E-01     7.045668E+03
  2.456916E-01     7.088355E+03
  2.491130E-01     7.131057E+03
  2.525820E-01     7.173772E+03
  2.560993E-01     7.216499E+03
  2.596656E-01     7.259236E+03
  2.632815E-01     7.301982E+03
  2.669478E-01     7.344735E+03
  2.706652E-01     7.387496E+03
  2.744343E-01     7.430259E+03
  2.782559E-01     7.473022E+03
  2.821308E-01     7.515782E+03
  2.860596E-01     7.558535E+03
  2.900430E-01     7.601281E+03
  2.940820E-01     7.644017E+03
  2.981772E-01     7.686743E+03
  3.023295E-01     7.729458E+03
  3.065395E-01     7.772163E+03
  3.108082E-01     7.814856E+03
  3.151363E-01     7.857536E+03
  3.195248E-01     7.900198E+03
  3.239743E-01     7.942839E+03
  3.284857E-01     7.985458E+03
  3.330600E-01     8.028052E+03
  3.376980E-01     8.070619E+03
  3.424006E-01     8.113160E+03
  3.471687E-01     8.155674E+03
  3.520031E-01     8.198163E+03
  3.569049E-01     8.240626E+03
  3.618750E-01     8.283060E+03
  3.669142E-01     8.325462E+03
  3.720237E-01     8.367828E+03
  3.772042E-01     8.410158E+03
  3.824570E-01     8.452448E+03
  3.877828E-01     8.494698E+03
  3.931829E-01     8.536907E+03
  3.986581E-01     8.579076E+03
  4.042096E-01     8.621205E+03
  4.098384E-01     8.663296E+03
  4.155455E-01     8.705344E+03
  4.213322E-01     8.747346E+03
  4.271994E-01     8.789296E+03
  4.331483E-01     8.831191E+03
  4.391801E-01     8.873029E+03
  4.452959E-01     8.914806E+03
  4.514968E-01     8.956522E+03
  4.577841E-01     8.998174E+03
  4.641589E-01     9.039763E+03
  4.706225E-01     9.081287E+03
  4.771761E-01     9.122739E+03
  4.838210E-01     9.164110E+03
  4.905584E-01     9.205391E+03
  4.973896E-01     9.246576E+03
  5.043159E-01     9.287655E+03
  5.113388E-01     9.328622E+03
  5.184594E-01     9.369467E+03
  5.256791E-01     9.410184E+03
  5.329994E-01     9.450766E+03
  5.404216E-01     9.491205E+03
  5.479472E-01     9.531494E+03
  5.555776E-01     9.571622E+03
  5.633143E-01     9.611581E+03
  5.711586E-01     9.651362E+03
  5.791123E-01     9.690956E+03
  5.871766E-01     9.730356E+03
  5.953533E-01     9.769553E+03
  6.036439E-01     9.808541E+03
  6.120498E-01     9.847311E+03
  6.205729E-01     9.885859E+03
  6.292146E-01     9.924175E+03
  6.379767E-01     9.962251E+03
  6.468608E-01     1.000008E+04
  6.558686E-01     1.003765E+04
  6.650018E-01     1.007497E+04
  6.742622E-01     1.011201E+04
  6.836516E-01     1.014878E+04
  6.931717E-01     1.018527E+04
  7.028244E-01     1.022147E+04
  7.126115E-01     1.025739E+04
  7.225349E-01     1.029302E+04
  7.325965E-01     1.032835E+04
  7.427982E-01     1.036337E+04
  7.531420E-01     1.039808E+04
  7.636298E-01     1.043247E+04
  7.742637E-01     1.046654E+04
  7.850456E-01     1.050028E+04
  7.959777E-01     1.053370E+04
  8.070620E-01     1.056679E+04
  8.183007E-01     1.059955E+04
  8.296959E-01     1.063197E+04
  8.412497E-01     1.066405E+04
  8.529644E-01     1.069577E+04
  8.648423E-01     1.072712E+04
  8.768856E-01     1.075810E+04
  8.890966E-01     1.078869E+04
  9.014776E-01     1.081888E+04
  9.140311E-01     1.084867E+04
  9.267593E-01     1.087805E+04
  9.396648E-01     1.090701E+04
  9.527500E-01     1.093555E+04
  9.660175E-01     1.096367E+04
  9.794697E-01     1.099136E+04
  9.931092E-01     1.101863E+04
  1.006939E+00     1.104548E+04
  1.020961E+00     1.107191E+04
  1.035178E+00     1.109794E+04
  1.049593E+00     1.112356E+04
  1.064209E+00     1.114878E+04
  1.079029E+00     1.117363E+04
  1.094055E+00     1.119810E+04
  1.109290E+00     1.122219E+04
  1.124737E+00     1.124591E+04
  1.140400E+00     1.126925E+04
  1.156280E+00     1.129222E+04
  1.172382E+00     1.131483E+04
  1.188708E+00     1.133707E+04
  1.205261E+00     1.135896E+04
  1.222045E+00     1.138050E+04
  1.239062E+00     1.140171E+04
  1.256317E+00     1.142259E+04
  1.273811E+00     1.144314E+04
  1.291550E+00     1.146334E+04
  1.309535E+00     1.148319E+04
  1.327771E+00     1.150270E+04
  1.346261E+00     1.152184E+04
  1.365008E+00     1.154062E+04
  1.384016E+00     1.155904E+04
  1.403289E+00     1.157710E+04
  1.422830E+00     1.159478E+04
  1.442644E+00     1.161209E+04
  1.462733E+00     1.162902E+04
  1.483103E+00     1.164557E+04
  1.503755E+00     1.166171E+04
  1.524696E+00     1.167745E+04
  1.545928E+00     1.169278E+04
  1.567455E+00     1.170769E+04
  1.589283E+00     1.172217E+04
  1.611414E+00     1.173621E+04
  1.633854E+00     1.174982E+04
  1.656606E+00     1.176299E+04
  1.679675E+00     1.177570E+04
  1.703065E+00     1.178797E+04
  1.726781E+00     1.179978E+04
  1.750827E+00     1.181112E+04
  1.775208E+00     1.182201E+04
  1.799929E+00     1.183243E+04
  1.824993E+00     1.184240E+04
  1.850407E+00     1.185190E+04
  1.876175E+00     1.186094E+04
  1.902301E+00     1.186952E+04
  1.928792E+00     1.187765E+04
  1.955651E+00     1.188530E+04
  1.982884E+00     1.189247E+04
  2.010496E+00     1.189916E+04
  2.038493E+00     1.190537E+04
  2.066880E+00     1.191108E+04
  2.095662E+00     1.191629E+04
  2.124845E+00     1.192100E+04
  2.154435E+00     1.192521E+04
  2.184436E+00     1.192891E+04
  2.214855E+00     1.193210E+04
  2.245698E+00     1.193477E+04
  2.276970E+00     1.193693E+04
  2.308678E+00     1.193856E+04
  2.340827E+00     1.193966E+04
  2.373424E+00     1.194024E+04
  2.406475E+00     1.194028E+04
  2.439986E+00     1.193979E+04
  2.473964E+00     1.193878E+04
  2.508415E+00     1.193724E+04
  2.543346E+00     1.193517E+04
  2.578763E+00     1.193256E+04
  2.614673E+00     1.192942E+04
  2.651084E+00     1.192573E+04
  2.688001E+00     1.192150E+04
  2.725433E+00     1.191673E+04
  2.763385E+00     1.191142E+04
  2.801867E+00     1.190556E+04
  2.840884E+00     1.189917E+04
  2.880444E+00     1.189224E+04
  2.920556E+00     1.188478E+04
  2.961225E+00     1.187677E+04
  3.002462E+00     1.186822E+04
  3.044272E+00     1.185913E+04
  3.086665E+00     1.184949E+04
  3.129648E+00     1.183931E+04
  3.173230E+00     1.182858E+04
  3.217418E+00     1.181732E+04
  3.262222E+00     1.180552E+04
  3.307650E+00     1.179319E+04
  3.353710E+00     1.178033E+04
  3.400412E+00     1.176693E+04
  3.447764E+00     1.175301E+04
  3.495776E+00     1.173855E+04
  3.544456E+00     1.172356E+04
  3.593814E+00     1.170805E+04
  3.643859E+00     1.169200E+04
  3.694601E+00     1.167544E+04
  3.746050E+00     1.165837E+04
  3.798215E+00     1.164079E+04
  3.851107E+00     1.162270E+04
  3.904735E+00     1.160411E+04
  3.959110E+00     1.158501E+04
  4.014242E+00     1.156541E+04
  4.070142E+00     1.154530E+04
  4.126821E+00     1.152470E+04
  4.184289E+00     1.150359E+04
  4.242556E+00     1.148200E+04
  4.301636E+00     1.145992E+04
  4.361538E+00     1.143737E+04
  4.422274E+00     1.141434E+04
  4.483856E+00     1.139083E+04
  4.546295E+00     1.136685E+04
  4.609604E+00     1.134239E+04
  4.673795E+00     1.131747E+04
  4.738880E+00     1.129208E+04
  4.804870E+00     1.126623E+04
  4.871780E+00     1.123992E+04
  4.939622E+00     1.121316E+04
  5.008408E+00     1.118596E+04
  5.078152E+00     1.115832E+04
  5.148867E+00     1.113024E+04
  5.220568E+00     1.110172E+04
  5.293266E+00     1.107277E+04
  5.366977E+00     1.104339E+04
  5.441714E+00     1.101359E+04
  5.517492E+00     1.098336E+04
  5.594326E+00     1.095271E+04
  5.672229E+00     1.092165E+04
  5.751217E+00     1.089019E+04
  5.831305E+00     1.085833E+04
  5.912508E+00     1.082607E+04
  5.994843E+00     1.079342E+04
  6.078323E+00     1.076038E+04
  6.162966E+00     1.072694E+04
  6.248788E+00     1.069312E+04
  6.335805E+00     1.065892E+04
  6.424034E+00     1.062434E+04
  6.513491E+00     1.058939E+04
  6.604194E+00     1.055408E+04
  6.696160E+00     1.051840E+04
  6.789407E+00     1.048237E+04
  6.883952E+00     1.044598E+04
  6.979814E+00     1.040925E+04
  7.077011E+00     1.037216E+04
  7.175561E+00     1.033473E+04
  7.275484E+00     1.029697E+04
  7.376798E+00     1.025887E+04
  7.479523E+00     1.022045E+04
  7.583678E+00     1.018171E+04
  7.689284E+00     1.014265E+04
  7.796360E+00     1.010328E+04
  7.904928E+00     1.006361E+04
  8.015007E+00     1.002363E+04
  8.126619E+00     9.983345E+03
  8.239786E+00     9.942766E+03
  8.354528E+00     9.901894E+03
  8.470868E+00     9.860734E+03
  8.588829E+00     9.819290E+03
  8.708431E+00     9.777567E+03
  8.829700E+00     9.735570E+03
  8.952657E+00     9.693304E+03
  9.077327E+00     9.650772E+03
  9.203732E+00     9.607977E+03
  9.331898E+00     9.564926E+03
  9.461848E+00     9.521621E+03
  9.593608E+00     9.478068E+03
  9.727203E+00     9.434271E+03
  9.862658E+00     9.390236E+03
  1.000000E+01     9.345968E+03
  1.013925E+01     9.301473E+03
  1.028045E+01     9.256755E+03
  1.042361E+01     9.211818E+03
  1.056876E+01     9.166666E+03
  1.071593E+01     9.121305E+03
  1.086516E+01     9.075738E+03
  1.101646E+01     9.029970E+03
  1.116987E+01     8.984005E+03
  1.132541E+01     8.937850E+03
  1.148312E+01     8.891507E+03
  1.164303E+01     8.844983E+03
  1.180517E+01     8.798282E+03
  1.196956E+01     8.751410E+03
  1.213624E+01     8.704372E+03
  1.230524E+01     8.657174E+03
  1.247660E+01     8.609820E+03
  1.265034E+01     8.562316E+03
  1.282650E+01     8.514668E+03
  1.300511E+01     8.466881E+03
  1.318621E+01     8.418960E+03
  1.336984E+01     8.370912E+03
  1.355602E+01     8.322741E+03
  1.374479E+01     8.274452E+03
  1.393619E+01     8.226051E+03
  1.413026E+01     8.177543E+03
  1.432703E+01     8.128932E+03
  1.452654E+01     8.080224E+03
  1.472883E+01     8.031424E+03
  1.493393E+01     7.982535E+03
  1.514189E+01     7.933561E+03
  1.535275E+01     7.884508E+03
  1.556654E+01     7.835380E+03
  1.578331E+01     7.786184E+03
  1.600310E+01     7.736927E+03
  1.622595E+01     7.687614E+03
  1.645191E+01     7.638253E+03
  1.668101E+01     7.588848E+03
  1.691330E+01     7.539407E+03
  1.714882E+01     7.489934E+03
  1.738762E+01     7.440434E+03
  1.762975E+01     7.390913E+03
  1.787526E+01     7.341377E+03
  1.812418E+01     7.291833E+03
  1.837656E+01     7.242285E+03
  1.863246E+01     7.192742E+03
  1.889193E+01     7.143208E+03
  1.915501E+01     7.093689E+03
  1.942175E+01     7.044189E+03
  1.969220E+01     6.994714E+03
  1.996642E+01     6.945268E+03
  2.024447E+01     6.895854E+03
  2.052638E+01     6.846478E+03
  2.081222E+01     6.797147E+03
  2.110203E+01     6.747867E+03
  2.139589E+01     6.698646E+03
  2.169384E+01     6.649489E+03
  2.199593E+01     6.600403E+03
  2.230223E+01     6.551392E+03
  2.261280E+01     6.502462E+03
  2.292769E+01     6.453616E+03
  2.324697E+01     6.404858E+03
  2.357069E+01     6.356193E+03
  2.389893E+01     6.307628E+03
  2.423173E+01     6.259169E+03
  2.456916E+01     6.210823E+03
  2.491130E+01     6.162594E+03
  2.525820E+01     6.114488E+03
  2.560993E+01     6.066508E+03
  2.596656E+01     6.018658E+03
  2.632815E+01     5.970941E+03
  2.669478E+01     5.923358E+03
  2.706652E+01     5.875914E+03
  2.744343E+01     5.828616E+03
  2.782559E+01     5.781470E+03
  2.821308E+01     5.734484E+03
  2.860596E+01     5.687664E+03
  2.900430E+01     5.641015E+03
  2.940820E+01     5.594542E+03
  2.981772E+01     5.548250E+03
  3.023295E+01     5.502141E+03
  3.065395E+01     5.456218E+03
  3.108082E+01     5.410484E+03
  3.151363E+01     5.364946E+03
  3.195248E+01     5.319608E+03
  3.239743E+01     5.274475E+03
  3.284857E+01     5.229551E+03
  3.330600E+01     5.184840E+03
  3.376980E+01     5.140343E+03
  3.424006E+01     5.096061E+03
  3.471687E+01     5.051995E+03
  3.520031E+01     5.008142E+03
  3.569049E+01     4.964505E+03
  3.618750E+01     4.921089E+03
  3.669142E+01     4.877901E+03
  3.720237E+01     4.834949E+03
  3.772042E+01     4.792238E+03
  3.824570E+01     4.749774E+03
  3.877828E+01     4.707561E+03
  3.931829E+01     4.665603E+03
  3.986581E+01     4.623902E+03
  4.042096E+01     4.582460E+03
  4.098384E+01     4.541279E+03
  4.155455E+01     4.500363E+03
  4.213322E+01     4.459716E+03
  4.271994E+01     4.419341E+03
  4.331483E+01     4.379239E+03
  4.391801E+01     4.339413E+03
  4.452959E+01     4.299860E+03
  4.514968E+01     4.260581E+03
  4.577841E+01     4.221572E+03
  4.641589E+01     4.182828E+03
  4.706225E+01     4.144347E+03
  4.771761E+01     4.106131E+03
  4.838210E+01     4.068187E+03
  4.905584E+01     4.030519E+03
  4.973896E+01     3.993131E+03
  5.043159E+01     3.956028E+03
  5.113388E+01     3.919210E+03
  5.184594E+01     3.882680E+03
  5.256791E+01     3.846437E+03
  5.329994E+01     3.810479E+03
  5.404216E+01     3.774807E+03
  5.479472E+01     3.739421E+03
  5.555776E+01     3.704327E+03
  5.633143E+01     3.669525E+03
  5.711586E+01     3.635019E+03
  5.791123E+01     3.600808E+03
  5.871766E+01     3.566892E+03
  5.953533E+01     3.533269E+03
  6.036439E+01     3.499936E+03
  6.120498E+01     3.466888E+03
  6.205729E+01     3.434120E+03
  6.292146E+01     3.401633E+03
  6.379767E+01     3.369431E+03
  6.468608E+01     3.337517E+03
  6.558686E+01     3.305894E+03
  6.650018E+01     3.274562E+03
  6.742622E+01     3.243522E+03
  6.836516E+01     3.212773E+03
  6.931717E+01     3.182312E+03
  7.028244E+01     3.152136E+03
  7.126115E+01     3.122241E+03
  7.225349E+01     3.092627E+03
  7.325965E+01     3.063297E+03
  7.427982E+01     3.034252E+03
  7.531420E+01     3.005493E+03
  7.636298E+01     2.977020E+03
  7.742637E+01     2.948833E+03
  7.850456E+01     2.920927E+03
  7.959777E+01     2.893301E+03
  8.070620E+01     2.865948E+03
  8.183007E+01     2.838862E+03
  8.296959E+01     2.812042E+03
  8.412497E+01     2.785492E+03
  8.529644E+01     2.759211E+03
  8.648423E+01     2.733203E+03
  8.768856E+01     2.707466E+03
  8.890966E+01     2.682000E+03
  9.014776E+01     2.656803E+03
  9.140311E+01     2.631872E+03
  9.267593E+01     2.607201E+03
  9.396648E+01     2.582785E+03
  9.527500E+01     2.558624E+03
  9.660175E+01     2.534717E+03
  9.794697E+01     2.511067E+03
  9.931092E+01     2.487675E+03
  1.006939E+02     2.464540E+03
  1.020961E+02     2.441659E+03
  1.035178E+02     2.419032E+03
  1.049593E+02     2.396654E+03
  1.064209E+02     2.374520E+03
  1.079029E+02     2.352624E+03
  1.094055E+02     2.330964E+03
  1.109290E+02     2.309541E+03
  1.124737E+02     2.288356E+03
  1.140400E+02     2.267409E+03
  1.156280E+02     2.246700E+03
  1.172382E+02     2.226226E+03
  1.188708E+02     2.205986E+03
  1.205261E+02     2.185976E+03
  1.222045E+02     2.166191E+03
  1.239062E+02     2.146625E+03
  1.256317E+02     2.127275E+03
  1.273811E+02     2.108141E+03
  1.291550E+02     2.089226E+03
  1.309535E+02     2.070529E+03
  1.327771E+02     2.052050E+03
  1.346261E+02     2.033787E+03
  1.365008E+02     2.015739E+03
  1.384016E+02     1.997903E+03
  1.403289E+02     1.980273E+03
  1.422830E+02     1.962845E+03
  1.442644E+02     1.945616E+03
  1.462733E+02     1.928586E+03
  1.483103E+02     1.911756E+03
  1.503755E+02     1.895125E+03
  1.524696E+02     1.878694E+03
  1.545928E+02     1.862461E+03
  1.567455E+02     1.846423E+03
  1.589283E+02     1.830577E+03
  1.611414E+02     1.814919E+03
  1.633854E+02     1.799445E+03
  1.656606E+02     1.784150E+03
  1.679675E+02     1.769034E+03
  1.703065E+02     1.754098E+03
  1.726781E+02     1.739343E+03
  1.750827E+02     1.724768E+03
  1.775208E+02     1.710372E+03
  1.799929E+02     1.696152E+03
  1.824993E+02     1.682107E+03
  1.850407E+02     1.668233E+03
  1.876175E+02     1.654524E+03
  1.902301E+02     1.640978E+03
  1.928792E+02     1.627595E+03
  1.955651E+02     1.614375E+03
  1.982884E+02     1.601318E+03
  2.010496E+02     1.588424E+03
  2.038493E+02     1.575692E+03
  2.066880E+02     1.563120E+03
  2.095662E+02     1.550706E+03
  2.124845E+02     1.538446E+03
  2.154435E+02     1.526337E+03
  2.184436E+02     1.514375E+03
  2.214855E+02     1.502560E+03
  2.245698E+02     1.490891E+03
  2.276970E+02     1.479371E+03
  2.308678E+02     1.467997E+03
  2.340827E+02     1.456770E+03
  2.373424E+02     1.445687E+03
  2.406475E+02     1.434747E+03
  2.439986E+02     1.423947E+03
  2.473964E+02     1.413283E+03
  2.508415E+02     1.402751E+03
  2.543346E+02     1.392352E+03
  2.578763E+02     1.382086E+03
  2.614673E+02     1.371952E+03
  2.651084E+02     1.361952E+03
  2.688001E+02     1.352083E+03
  2.725433E+02     1.342345E+03
  2.763385E+02     1.332736E+03
  2.801867E+02     1.323253E+03
  2.840884E+02     1.313893E+03
  2.880444E+02     1.304653E+03
  2.920556E+02     1.295533E+03
  2.961225E+02     1.286532E+03
  3.002462E+02     1.277652E+03
  3.044272E+02     1.268891E+03
  3.086665E+02     1.260250E+03
  3.129648E+02     1.251726E+03
  3.173230E+02     1.243319E+03
  3.217418E+02     1.235026E+03
  3.262222E+02     1.226844E+03
  3.307650E+02     1.218772E+03
  3.353710E+02     1.210806E+03
  3.400412E+02     1.202949E+03
  3.447764E+02     1.195201E+03
  3.495776E+02     1.187560E+03
  3.544456E+02     1.180027E+03
  3.593814E+02     1.172601E+03
  3.643859E+02     1.165280E+03
  3.694601E+02     1.158063E+03
  3.746050E+02     1.150947E+03
  3.798215E+02     1.143928E+03
  3.851107E+02     1.137007E+03
  3.904735E+02     1.130184E+03
  3.959110E+02     1.123459E+03
  4.014242E+02     1.116832E+03
  4.070142E+02     1.110302E+03
  4.126821E+02     1.103868E+03
  4.184289E+02     1.097530E+03
  4.242556E+02     1.091285E+03
  4.301636E+02     1.085131E+03
  4.361538E+02     1.079067E+03
  4.422274E+02     1.073090E+03
  4.483856E+02     1.067202E+03
  4.546295E+02     1.061402E+03
  4.609604E+02     1.055690E+03
  4.673795E+02     1.050066E+03
  4.738880E+02     1.044530E+03
  4.804870E+02     1.039079E+03
  4.871780E+02     1.033713E+03
  4.939622E+02     1.028429E+03
  5.008408E+02     1.023226E+03
  5.078152E+02     1.018103E+03
  5.148867E+02     1.013058E+03
  5.220568E+02     1.008094E+03
  5.293266E+02     1.003209E+03
  5.366977E+02     9.984028E+02
  5.441714E+02     9.936752E+02
  5.517492E+02     9.890250E+02
  5.594326E+02     9.844508E+02
  5.672229E+02     9.799510E+02
  5.751217E+02     9.755234E+02
  5.831305E+02     9.711668E+02
  5.912508E+02     9.668814E+02
  5.994843E+02     9.626673E+02
  6.078323E+02     9.585244E+02
  6.162966E+02     9.544523E+02
  6.248788E+02     9.504505E+02
  6.335805E+02     9.465180E+02
  6.424034E+02     9.426538E+02
  6.513491E+02     9.388563E+02
  6.604194E+02     9.351237E+02
  6.696160E+02     9.314547E+02
  6.789407E+02     9.278490E+02
  6.883952E+02     9.243064E+02
  6.979814E+02     9.208265E+02
  7.077011E+02     9.174085E+02
  7.175561E+02     9.140516E+02
  7.275484E+02     9.107543E+02
  7.376798E+02     9.075153E+02
  7.479523E+02     9.043327E+02
  7.583678E+02     9.012043E+02
  7.689284E+02     8.981286E+02
  7.796360E+02     8.951066E+02
  7.904928E+02     8.921392E+02
  8.015007E+02     8.892274E+02
  8.126619E+02     8.863722E+02
  8.239786E+02     8.835744E+02
  8.354528E+02     8.808348E+02
  8.470868E+02     8.781539E+02
  8.588829E+02     8.755322E+02
  8.708431E+02     8.729702E+02
  8.829700E+02     8.704668E+02
  8.952657E+02     8.680171E+02
  9.077327E+02     8.656146E+02
  9.203732E+02     8.632524E+02
  9.331898E+02     8.609227E+02
  9.461848E+02     8.586170E+02
  9.593608E+02     8.563259E+02
  9.727203E+02     8.540390E+02
  9.862658E+02     8.517454E+02
  1.000000E+03     8.494327E+02
