FILE CREATED BY  : PROGRAM DPASS - VERSION 2.00
DATABASE VERSION : 21.06
DATE AND TIME    : 09/08/2022 21:32:39
PROJECTILE       : Ni
TARGET           : Tb
TARGET AT. MASS  : 1.589254E+02
TARGET DENSITY   : 8.230000E+00 g/cm^3
TABULATED OUTPUT : STOPPING FORCE VERSUS ENERGY
DATA TYPE        : SPLINE INTERPOLATED
ABSCISSA UNITS   : MeV/u
ORDINATE UNITS   : eV/nm


      E/n             S(E/n)

  1.000000E-03     4.491703E+02
  1.013925E-03     4.522345E+02
  1.028045E-03     4.553393E+02
  1.042361E-03     4.584828E+02
  1.056876E-03     4.616632E+02
  1.071593E-03     4.648784E+02
  1.086516E-03     4.681260E+02
  1.101646E-03     4.714034E+02
  1.116987E-03     4.747080E+02
  1.132541E-03     4.780367E+02
  1.148312E-03     4.813862E+02
  1.164303E-03     4.847535E+02
  1.180517E-03     4.881384E+02
  1.196956E-03     4.915417E+02
  1.213624E-03     4.949640E+02
  1.230524E-03     4.984062E+02
  1.247660E-03     5.018695E+02
  1.265034E-03     5.053547E+02
  1.282650E-03     5.088632E+02
  1.300511E-03     5.123961E+02
  1.318621E-03     5.159549E+02
  1.336984E-03     5.195410E+02
  1.355602E-03     5.231546E+02
  1.374479E-03     5.267958E+02
  1.393619E-03     5.304644E+02
  1.413026E-03     5.341604E+02
  1.432703E-03     5.378836E+02
  1.452654E-03     5.416340E+02
  1.472883E-03     5.454115E+02
  1.493393E-03     5.492158E+02
  1.514189E-03     5.530470E+02
  1.535275E-03     5.569048E+02
  1.556654E-03     5.607894E+02
  1.578331E-03     5.647010E+02
  1.600310E-03     5.686398E+02
  1.622595E-03     5.726060E+02
  1.645191E-03     5.766000E+02
  1.668101E-03     5.806220E+02
  1.691330E-03     5.846724E+02
  1.714882E-03     5.887516E+02
  1.738762E-03     5.928599E+02
  1.762975E-03     5.969979E+02
  1.787526E-03     6.011657E+02
  1.812418E-03     6.053636E+02
  1.837656E-03     6.095915E+02
  1.863246E-03     6.138497E+02
  1.889193E-03     6.181383E+02
  1.915501E-03     6.224576E+02
  1.942175E-03     6.268076E+02
  1.969220E-03     6.311887E+02
  1.996642E-03     6.356010E+02
  2.024447E-03     6.400449E+02
  2.052638E-03     6.445205E+02
  2.081222E-03     6.490281E+02
  2.110203E-03     6.535679E+02
  2.139589E-03     6.581400E+02
  2.169384E-03     6.627447E+02
  2.199593E-03     6.673824E+02
  2.230223E-03     6.720534E+02
  2.261280E-03     6.767578E+02
  2.292769E-03     6.814963E+02
  2.324697E-03     6.862691E+02
  2.357069E-03     6.910765E+02
  2.389893E-03     6.959186E+02
  2.423173E-03     7.007956E+02
  2.456916E-03     7.057075E+02
  2.491130E-03     7.106544E+02
  2.525820E-03     7.156366E+02
  2.560993E-03     7.206542E+02
  2.596656E-03     7.257073E+02
  2.632815E-03     7.307962E+02
  2.669478E-03     7.359211E+02
  2.706652E-03     7.410823E+02
  2.744343E-03     7.462801E+02
  2.782559E-03     7.515149E+02
  2.821308E-03     7.567871E+02
  2.860596E-03     7.620973E+02
  2.900430E-03     7.674460E+02
  2.940820E-03     7.728336E+02
  2.981772E-03     7.782609E+02
  3.023295E-03     7.837286E+02
  3.065395E-03     7.892372E+02
  3.108082E-03     7.947875E+02
  3.151363E-03     8.003795E+02
  3.195248E-03     8.060131E+02
  3.239743E-03     8.116885E+02
  3.284857E-03     8.174058E+02
  3.330600E-03     8.231648E+02
  3.376980E-03     8.289658E+02
  3.424006E-03     8.348088E+02
  3.471687E-03     8.406939E+02
  3.520031E-03     8.466211E+02
  3.569049E-03     8.525907E+02
  3.618750E-03     8.586029E+02
  3.669142E-03     8.646582E+02
  3.720237E-03     8.707568E+02
  3.772042E-03     8.768993E+02
  3.824570E-03     8.830862E+02
  3.877828E-03     8.893179E+02
  3.931829E-03     8.955951E+02
  3.986581E-03     9.019184E+02
  4.042096E-03     9.082885E+02
  4.098384E-03     9.147060E+02
  4.155455E-03     9.211711E+02
  4.213322E-03     9.276840E+02
  4.271994E-03     9.342450E+02
  4.331483E-03     9.408541E+02
  4.391801E-03     9.475117E+02
  4.452959E-03     9.542179E+02
  4.514968E-03     9.609730E+02
  4.577841E-03     9.677774E+02
  4.641589E-03     9.746314E+02
  4.706225E-03     9.815353E+02
  4.771761E-03     9.884895E+02
  4.838210E-03     9.954943E+02
  4.905584E-03     1.002550E+03
  4.973896E-03     1.009658E+03
  5.043159E-03     1.016817E+03
  5.113388E-03     1.024029E+03
  5.184594E-03     1.031294E+03
  5.256791E-03     1.038613E+03
  5.329994E-03     1.045987E+03
  5.404216E-03     1.053416E+03
  5.479472E-03     1.060900E+03
  5.555776E-03     1.068440E+03
  5.633143E-03     1.076037E+03
  5.711586E-03     1.083690E+03
  5.791123E-03     1.091400E+03
  5.871766E-03     1.099167E+03
  5.953533E-03     1.106992E+03
  6.036439E-03     1.114875E+03
  6.120498E-03     1.122816E+03
  6.205729E-03     1.130817E+03
  6.292146E-03     1.138878E+03
  6.379767E-03     1.146998E+03
  6.468608E-03     1.155179E+03
  6.558686E-03     1.163420E+03
  6.650018E-03     1.171723E+03
  6.742622E-03     1.180087E+03
  6.836516E-03     1.188514E+03
  6.931717E-03     1.197003E+03
  7.028244E-03     1.205555E+03
  7.126115E-03     1.214172E+03
  7.225349E-03     1.222853E+03
  7.325965E-03     1.231599E+03
  7.427982E-03     1.240410E+03
  7.531420E-03     1.249287E+03
  7.636298E-03     1.258230E+03
  7.742637E-03     1.267240E+03
  7.850456E-03     1.276318E+03
  7.959777E-03     1.285463E+03
  8.070620E-03     1.294677E+03
  8.183007E-03     1.303961E+03
  8.296959E-03     1.313315E+03
  8.412497E-03     1.322740E+03
  8.529644E-03     1.332235E+03
  8.648423E-03     1.341802E+03
  8.768856E-03     1.351440E+03
  8.890966E-03     1.361152E+03
  9.014776E-03     1.370936E+03
  9.140311E-03     1.380794E+03
  9.267593E-03     1.390726E+03
  9.396648E-03     1.400733E+03
  9.527500E-03     1.410817E+03
  9.660175E-03     1.420976E+03
  9.794697E-03     1.431212E+03
  9.931092E-03     1.441524E+03
  1.006939E-02     1.451915E+03
  1.020961E-02     1.462382E+03
  1.035178E-02     1.472929E+03
  1.049593E-02     1.483554E+03
  1.064209E-02     1.494259E+03
  1.079029E-02     1.505044E+03
  1.094055E-02     1.515910E+03
  1.109290E-02     1.526857E+03
  1.124737E-02     1.537886E+03
  1.140400E-02     1.548998E+03
  1.156280E-02     1.560193E+03
  1.172382E-02     1.571472E+03
  1.188708E-02     1.582835E+03
  1.205261E-02     1.594285E+03
  1.222045E-02     1.605821E+03
  1.239062E-02     1.617444E+03
  1.256317E-02     1.629155E+03
  1.273811E-02     1.640956E+03
  1.291550E-02     1.652846E+03
  1.309535E-02     1.664826E+03
  1.327771E-02     1.676896E+03
  1.346261E-02     1.689057E+03
  1.365008E-02     1.701311E+03
  1.384016E-02     1.713656E+03
  1.403289E-02     1.726096E+03
  1.422830E-02     1.738629E+03
  1.442644E-02     1.751258E+03
  1.462733E-02     1.763983E+03
  1.483103E-02     1.776804E+03
  1.503755E-02     1.789721E+03
  1.524696E-02     1.802736E+03
  1.545928E-02     1.815848E+03
  1.567455E-02     1.829060E+03
  1.589283E-02     1.842371E+03
  1.611414E-02     1.855782E+03
  1.633854E-02     1.869294E+03
  1.656606E-02     1.882909E+03
  1.679675E-02     1.896626E+03
  1.703065E-02     1.910446E+03
  1.726781E-02     1.924369E+03
  1.750827E-02     1.938396E+03
  1.775208E-02     1.952527E+03
  1.799929E-02     1.966763E+03
  1.824993E-02     1.981104E+03
  1.850407E-02     1.995552E+03
  1.876175E-02     2.010106E+03
  1.902301E-02     2.024767E+03
  1.928792E-02     2.039537E+03
  1.955651E-02     2.054414E+03
  1.982884E-02     2.069400E+03
  2.010496E-02     2.084494E+03
  2.038493E-02     2.099698E+03
  2.066880E-02     2.115011E+03
  2.095662E-02     2.130434E+03
  2.124845E-02     2.145968E+03
  2.154435E-02     2.161613E+03
  2.184436E-02     2.177370E+03
  2.214855E-02     2.193239E+03
  2.245698E-02     2.209220E+03
  2.276970E-02     2.225314E+03
  2.308678E-02     2.241521E+03
  2.340827E-02     2.257842E+03
  2.373424E-02     2.274276E+03
  2.406475E-02     2.290825E+03
  2.439986E-02     2.307489E+03
  2.473964E-02     2.324268E+03
  2.508415E-02     2.341164E+03
  2.543346E-02     2.358176E+03
  2.578763E-02     2.375305E+03
  2.614673E-02     2.392552E+03
  2.651084E-02     2.409916E+03
  2.688001E-02     2.427398E+03
  2.725433E-02     2.444999E+03
  2.763385E-02     2.462720E+03
  2.801867E-02     2.480560E+03
  2.840884E-02     2.498522E+03
  2.880444E-02     2.516605E+03
  2.920556E-02     2.534810E+03
  2.961225E-02     2.553138E+03
  3.002462E-02     2.571589E+03
  3.044272E-02     2.590164E+03
  3.086665E-02     2.608863E+03
  3.129648E-02     2.627687E+03
  3.173230E-02     2.646636E+03
  3.217418E-02     2.665712E+03
  3.262222E-02     2.684916E+03
  3.307650E-02     2.704249E+03
  3.353710E-02     2.723711E+03
  3.400412E-02     2.743303E+03
  3.447764E-02     2.763025E+03
  3.495776E-02     2.782879E+03
  3.544456E-02     2.802865E+03
  3.593814E-02     2.822985E+03
  3.643859E-02     2.843238E+03
  3.694601E-02     2.863627E+03
  3.746050E-02     2.884152E+03
  3.798215E-02     2.904815E+03
  3.851107E-02     2.925618E+03
  3.904735E-02     2.946560E+03
  3.959110E-02     2.967642E+03
  4.014242E-02     2.988866E+03
  4.070142E-02     3.010232E+03
  4.126821E-02     3.031741E+03
  4.184289E-02     3.053395E+03
  4.242556E-02     3.075194E+03
  4.301636E-02     3.097142E+03
  4.361538E-02     3.119238E+03
  4.422274E-02     3.141484E+03
  4.483856E-02     3.163882E+03
  4.546295E-02     3.186432E+03
  4.609604E-02     3.209135E+03
  4.673795E-02     3.231994E+03
  4.738880E-02     3.255009E+03
  4.804870E-02     3.278181E+03
  4.871780E-02     3.301514E+03
  4.939622E-02     3.325008E+03
  5.008408E-02     3.348666E+03
  5.078152E-02     3.372490E+03
  5.148867E-02     3.396480E+03
  5.220568E-02     3.420639E+03
  5.293266E-02     3.444966E+03
  5.366977E-02     3.469464E+03
  5.441714E-02     3.494134E+03
  5.517492E-02     3.518979E+03
  5.594326E-02     3.543999E+03
  5.672229E-02     3.569197E+03
  5.751217E-02     3.594575E+03
  5.831305E-02     3.620136E+03
  5.912508E-02     3.645880E+03
  5.994843E-02     3.671809E+03
  6.078323E-02     3.697924E+03
  6.162966E-02     3.724227E+03
  6.248788E-02     3.750720E+03
  6.335805E-02     3.777405E+03
  6.424034E-02     3.804284E+03
  6.513491E-02     3.831359E+03
  6.604194E-02     3.858633E+03
  6.696160E-02     3.886108E+03
  6.789407E-02     3.913785E+03
  6.883952E-02     3.941667E+03
  6.979814E-02     3.969753E+03
  7.077011E-02     3.998047E+03
  7.175561E-02     4.026550E+03
  7.275484E-02     4.055263E+03
  7.376798E-02     4.084190E+03
  7.479523E-02     4.113332E+03
  7.583678E-02     4.142692E+03
  7.689284E-02     4.172273E+03
  7.796360E-02     4.202075E+03
  7.904928E-02     4.232100E+03
  8.015007E-02     4.262350E+03
  8.126619E-02     4.292825E+03
  8.239786E-02     4.323529E+03
  8.354528E-02     4.354462E+03
  8.470868E-02     4.385626E+03
  8.588829E-02     4.417024E+03
  8.708431E-02     4.448659E+03
  8.829700E-02     4.480531E+03
  8.952657E-02     4.512644E+03
  9.077327E-02     4.544997E+03
  9.203732E-02     4.577593E+03
  9.331898E-02     4.610432E+03
  9.461848E-02     4.643516E+03
  9.593608E-02     4.676847E+03
  9.727203E-02     4.710428E+03
  9.862658E-02     4.744259E+03
  1.000000E-01     4.778343E+03
  1.013925E-01     4.812682E+03
  1.028045E-01     4.847278E+03
  1.042361E-01     4.882130E+03
  1.056876E-01     4.917240E+03
  1.071593E-01     4.952609E+03
  1.086516E-01     4.988237E+03
  1.101646E-01     5.024125E+03
  1.116987E-01     5.060275E+03
  1.132541E-01     5.096688E+03
  1.148312E-01     5.133365E+03
  1.164303E-01     5.170307E+03
  1.180517E-01     5.207514E+03
  1.196956E-01     5.244985E+03
  1.213624E-01     5.282716E+03
  1.230524E-01     5.320707E+03
  1.247660E-01     5.358955E+03
  1.265034E-01     5.397459E+03
  1.282650E-01     5.436217E+03
  1.300511E-01     5.475226E+03
  1.318621E-01     5.514484E+03
  1.336984E-01     5.553990E+03
  1.355602E-01     5.593739E+03
  1.374479E-01     5.633731E+03
  1.393619E-01     5.673964E+03
  1.413026E-01     5.714435E+03
  1.432703E-01     5.755142E+03
  1.452654E-01     5.796082E+03
  1.472883E-01     5.837254E+03
  1.493393E-01     5.878655E+03
  1.514189E-01     5.920282E+03
  1.535275E-01     5.962133E+03
  1.556654E-01     6.004206E+03
  1.578331E-01     6.046499E+03
  1.600310E-01     6.089010E+03
  1.622595E-01     6.131735E+03
  1.645191E-01     6.174673E+03
  1.668101E-01     6.217823E+03
  1.691330E-01     6.261181E+03
  1.714882E-01     6.304746E+03
  1.738762E-01     6.348516E+03
  1.762975E-01     6.392490E+03
  1.787526E-01     6.436664E+03
  1.812418E-01     6.481036E+03
  1.837656E-01     6.525604E+03
  1.863246E-01     6.570365E+03
  1.889193E-01     6.615316E+03
  1.915501E-01     6.660456E+03
  1.942175E-01     6.705781E+03
  1.969220E-01     6.751290E+03
  1.996642E-01     6.796980E+03
  2.024447E-01     6.842850E+03
  2.052638E-01     6.888898E+03
  2.081222E-01     6.935119E+03
  2.110203E-01     6.981510E+03
  2.139589E-01     7.028068E+03
  2.169384E-01     7.074788E+03
  2.199593E-01     7.121669E+03
  2.230223E-01     7.168706E+03
  2.261280E-01     7.215897E+03
  2.292769E-01     7.263239E+03
  2.324697E-01     7.310729E+03
  2.357069E-01     7.358364E+03
  2.389893E-01     7.406138E+03
  2.423173E-01     7.454048E+03
  2.456916E-01     7.502087E+03
  2.491130E-01     7.550252E+03
  2.525820E-01     7.598538E+03
  2.560993E-01     7.646939E+03
  2.596656E-01     7.695452E+03
  2.632815E-01     7.744072E+03
  2.669478E-01     7.792796E+03
  2.706652E-01     7.841619E+03
  2.744343E-01     7.890533E+03
  2.782559E-01     7.939533E+03
  2.821308E-01     7.988613E+03
  2.860596E-01     8.037766E+03
  2.900430E-01     8.086985E+03
  2.940820E-01     8.136265E+03
  2.981772E-01     8.185601E+03
  3.023295E-01     8.234985E+03
  3.065395E-01     8.284414E+03
  3.108082E-01     8.333880E+03
  3.151363E-01     8.383376E+03
  3.195248E-01     8.432896E+03
  3.239743E-01     8.482432E+03
  3.284857E-01     8.531978E+03
  3.330600E-01     8.581525E+03
  3.376980E-01     8.631069E+03
  3.424006E-01     8.680603E+03
  3.471687E-01     8.730120E+03
  3.520031E-01     8.779616E+03
  3.569049E-01     8.829083E+03
  3.618750E-01     8.878517E+03
  3.669142E-01     8.927908E+03
  3.720237E-01     8.977251E+03
  3.772042E-01     9.026540E+03
  3.824570E-01     9.075768E+03
  3.877828E-01     9.124931E+03
  3.931829E-01     9.174022E+03
  3.986581E-01     9.223038E+03
  4.042096E-01     9.271975E+03
  4.098384E-01     9.320828E+03
  4.155455E-01     9.369592E+03
  4.213322E-01     9.418260E+03
  4.271994E-01     9.466825E+03
  4.331483E-01     9.515283E+03
  4.391801E-01     9.563629E+03
  4.452959E-01     9.611858E+03
  4.514968E-01     9.659967E+03
  4.577841E-01     9.707953E+03
  4.641589E-01     9.755813E+03
  4.706225E-01     9.803547E+03
  4.771761E-01     9.851146E+03
  4.838210E-01     9.898605E+03
  4.905584E-01     9.945918E+03
  4.973896E-01     9.993078E+03
  5.043159E-01     1.004008E+04
  5.113388E-01     1.008692E+04
  5.184594E-01     1.013359E+04
  5.256791E-01     1.018010E+04
  5.329994E-01     1.022643E+04
  5.404216E-01     1.027259E+04
  5.479472E-01     1.031857E+04
  5.555776E-01     1.036436E+04
  5.633143E-01     1.040996E+04
  5.711586E-01     1.045535E+04
  5.791123E-01     1.050053E+04
  5.871766E-01     1.054550E+04
  5.953533E-01     1.059024E+04
  6.036439E-01     1.063476E+04
  6.120498E-01     1.067905E+04
  6.205729E-01     1.072310E+04
  6.292146E-01     1.076692E+04
  6.379767E-01     1.081049E+04
  6.468608E-01     1.085381E+04
  6.558686E-01     1.089687E+04
  6.650018E-01     1.093967E+04
  6.742622E-01     1.098220E+04
  6.836516E-01     1.102447E+04
  6.931717E-01     1.106647E+04
  7.028244E-01     1.110820E+04
  7.126115E-01     1.114966E+04
  7.225349E-01     1.119085E+04
  7.325965E-01     1.123178E+04
  7.427982E-01     1.127243E+04
  7.531420E-01     1.131283E+04
  7.636298E-01     1.135296E+04
  7.742637E-01     1.139284E+04
  7.850456E-01     1.143247E+04
  7.959777E-01     1.147186E+04
  8.070620E-01     1.151102E+04
  8.183007E-01     1.154997E+04
  8.296959E-01     1.158871E+04
  8.412497E-01     1.162722E+04
  8.529644E-01     1.166552E+04
  8.648423E-01     1.170358E+04
  8.768856E-01     1.174142E+04
  8.890966E-01     1.177902E+04
  9.014776E-01     1.181639E+04
  9.140311E-01     1.185353E+04
  9.267593E-01     1.189043E+04
  9.396648E-01     1.192710E+04
  9.527500E-01     1.196353E+04
  9.660175E-01     1.199971E+04
  9.794697E-01     1.203562E+04
  9.931092E-01     1.207124E+04
  1.006939E+00     1.210657E+04
  1.020961E+00     1.214158E+04
  1.035178E+00     1.217627E+04
  1.049593E+00     1.221061E+04
  1.064209E+00     1.224459E+04
  1.079029E+00     1.227819E+04
  1.094055E+00     1.231141E+04
  1.109290E+00     1.234423E+04
  1.124737E+00     1.237664E+04
  1.140400E+00     1.240863E+04
  1.156280E+00     1.244019E+04
  1.172382E+00     1.247132E+04
  1.188708E+00     1.250200E+04
  1.205261E+00     1.253222E+04
  1.222045E+00     1.256199E+04
  1.239062E+00     1.259130E+04
  1.256317E+00     1.262013E+04
  1.273811E+00     1.264849E+04
  1.291550E+00     1.267634E+04
  1.309535E+00     1.270369E+04
  1.327771E+00     1.273053E+04
  1.346261E+00     1.275683E+04
  1.365008E+00     1.278260E+04
  1.384016E+00     1.280782E+04
  1.403289E+00     1.283249E+04
  1.422830E+00     1.285659E+04
  1.442644E+00     1.288013E+04
  1.462733E+00     1.290309E+04
  1.483103E+00     1.292546E+04
  1.503755E+00     1.294722E+04
  1.524696E+00     1.296838E+04
  1.545928E+00     1.298891E+04
  1.567455E+00     1.300882E+04
  1.589283E+00     1.302809E+04
  1.611414E+00     1.304673E+04
  1.633854E+00     1.306472E+04
  1.656606E+00     1.308206E+04
  1.679675E+00     1.309874E+04
  1.703065E+00     1.311476E+04
  1.726781E+00     1.313010E+04
  1.750827E+00     1.314475E+04
  1.775208E+00     1.315872E+04
  1.799929E+00     1.317199E+04
  1.824993E+00     1.318456E+04
  1.850407E+00     1.319642E+04
  1.876175E+00     1.320759E+04
  1.902301E+00     1.321805E+04
  1.928792E+00     1.322780E+04
  1.955651E+00     1.323683E+04
  1.982884E+00     1.324513E+04
  2.010496E+00     1.325271E+04
  2.038493E+00     1.325956E+04
  2.066880E+00     1.326568E+04
  2.095662E+00     1.327107E+04
  2.124845E+00     1.327573E+04
  2.154435E+00     1.327967E+04
  2.184436E+00     1.328289E+04
  2.214855E+00     1.328538E+04
  2.245698E+00     1.328715E+04
  2.276970E+00     1.328818E+04
  2.308678E+00     1.328849E+04
  2.340827E+00     1.328806E+04
  2.373424E+00     1.328691E+04
  2.406475E+00     1.328502E+04
  2.439986E+00     1.328242E+04
  2.473964E+00     1.327911E+04
  2.508415E+00     1.327508E+04
  2.543346E+00     1.327035E+04
  2.578763E+00     1.326492E+04
  2.614673E+00     1.325878E+04
  2.651084E+00     1.325193E+04
  2.688001E+00     1.324438E+04
  2.725433E+00     1.323613E+04
  2.763385E+00     1.322719E+04
  2.801867E+00     1.321757E+04
  2.840884E+00     1.320727E+04
  2.880444E+00     1.319631E+04
  2.920556E+00     1.318470E+04
  2.961225E+00     1.317242E+04
  3.002462E+00     1.315949E+04
  3.044272E+00     1.314590E+04
  3.086665E+00     1.313167E+04
  3.129648E+00     1.311678E+04
  3.173230E+00     1.310126E+04
  3.217418E+00     1.308511E+04
  3.262222E+00     1.306835E+04
  3.307650E+00     1.305097E+04
  3.353710E+00     1.303300E+04
  3.400412E+00     1.301442E+04
  3.447764E+00     1.299524E+04
  3.495776E+00     1.297547E+04
  3.544456E+00     1.295511E+04
  3.593814E+00     1.293416E+04
  3.643859E+00     1.291263E+04
  3.694601E+00     1.289054E+04
  3.746050E+00     1.286788E+04
  3.798215E+00     1.284468E+04
  3.851107E+00     1.282093E+04
  3.904735E+00     1.279664E+04
  3.959110E+00     1.277182E+04
  4.014242E+00     1.274646E+04
  4.070142E+00     1.272057E+04
  4.126821E+00     1.269415E+04
  4.184289E+00     1.266721E+04
  4.242556E+00     1.263976E+04
  4.301636E+00     1.261181E+04
  4.361538E+00     1.258337E+04
  4.422274E+00     1.255444E+04
  4.483856E+00     1.252503E+04
  4.546295E+00     1.249513E+04
  4.609604E+00     1.246476E+04
  4.673795E+00     1.243390E+04
  4.738880E+00     1.240257E+04
  4.804870E+00     1.237077E+04
  4.871780E+00     1.233851E+04
  4.939622E+00     1.230579E+04
  5.008408E+00     1.227262E+04
  5.078152E+00     1.223900E+04
  5.148867E+00     1.220495E+04
  5.220568E+00     1.217046E+04
  5.293266E+00     1.213553E+04
  5.366977E+00     1.210017E+04
  5.441714E+00     1.206439E+04
  5.517492E+00     1.202819E+04
  5.594326E+00     1.199158E+04
  5.672229E+00     1.195457E+04
  5.751217E+00     1.191716E+04
  5.831305E+00     1.187937E+04
  5.912508E+00     1.184118E+04
  5.994843E+00     1.180261E+04
  6.078323E+00     1.176366E+04
  6.162966E+00     1.172432E+04
  6.248788E+00     1.168461E+04
  6.335805E+00     1.164452E+04
  6.424034E+00     1.160405E+04
  6.513491E+00     1.156322E+04
  6.604194E+00     1.152201E+04
  6.696160E+00     1.148045E+04
  6.789407E+00     1.143853E+04
  6.883952E+00     1.139625E+04
  6.979814E+00     1.135362E+04
  7.077011E+00     1.131063E+04
  7.175561E+00     1.126731E+04
  7.275484E+00     1.122364E+04
  7.376798E+00     1.117963E+04
  7.479523E+00     1.113530E+04
  7.583678E+00     1.109064E+04
  7.689284E+00     1.104566E+04
  7.796360E+00     1.100036E+04
  7.904928E+00     1.095476E+04
  8.015007E+00     1.090884E+04
  8.126619E+00     1.086262E+04
  8.239786E+00     1.081610E+04
  8.354528E+00     1.076929E+04
  8.470868E+00     1.072218E+04
  8.588829E+00     1.067480E+04
  8.708431E+00     1.062713E+04
  8.829700E+00     1.057919E+04
  8.952657E+00     1.053098E+04
  9.077327E+00     1.048250E+04
  9.203732E+00     1.043376E+04
  9.331898E+00     1.038476E+04
  9.461848E+00     1.033551E+04
  9.593608E+00     1.028600E+04
  9.727203E+00     1.023625E+04
  9.862658E+00     1.018625E+04
  1.000000E+01     1.013601E+04
  1.013925E+01     1.008554E+04
  1.028045E+01     1.003484E+04
  1.042361E+01     9.983906E+03
  1.056876E+01     9.932757E+03
  1.071593E+01     9.881395E+03
  1.086516E+01     9.829825E+03
  1.101646E+01     9.778053E+03
  1.116987E+01     9.726085E+03
  1.132541E+01     9.673928E+03
  1.148312E+01     9.621587E+03
  1.164303E+01     9.569070E+03
  1.180517E+01     9.516381E+03
  1.196956E+01     9.463526E+03
  1.213624E+01     9.410511E+03
  1.230524E+01     9.357339E+03
  1.247660E+01     9.304018E+03
  1.265034E+01     9.250551E+03
  1.282650E+01     9.196944E+03
  1.300511E+01     9.143201E+03
  1.318621E+01     9.089327E+03
  1.336984E+01     9.035327E+03
  1.355602E+01     8.981206E+03
  1.374479E+01     8.926972E+03
  1.393619E+01     8.872630E+03
  1.413026E+01     8.818187E+03
  1.432703E+01     8.763649E+03
  1.452654E+01     8.709022E+03
  1.472883E+01     8.654313E+03
  1.493393E+01     8.599527E+03
  1.514189E+01     8.544669E+03
  1.535275E+01     8.489745E+03
  1.556654E+01     8.434761E+03
  1.578331E+01     8.379725E+03
  1.600310E+01     8.324643E+03
  1.622595E+01     8.269523E+03
  1.645191E+01     8.214371E+03
  1.668101E+01     8.159194E+03
  1.691330E+01     8.103998E+03
  1.714882E+01     8.048788E+03
  1.738762E+01     7.993570E+03
  1.762975E+01     7.938348E+03
  1.787526E+01     7.883129E+03
  1.812418E+01     7.827919E+03
  1.837656E+01     7.772724E+03
  1.863246E+01     7.717549E+03
  1.889193E+01     7.662399E+03
  1.915501E+01     7.607279E+03
  1.942175E+01     7.552192E+03
  1.969220E+01     7.497141E+03
  1.996642E+01     7.442129E+03
  2.024447E+01     7.387158E+03
  2.052638E+01     7.332235E+03
  2.081222E+01     7.277369E+03
  2.110203E+01     7.222572E+03
  2.139589E+01     7.167855E+03
  2.169384E+01     7.113227E+03
  2.199593E+01     7.058699E+03
  2.230223E+01     7.004282E+03
  2.261280E+01     6.949985E+03
  2.292769E+01     6.895818E+03
  2.324697E+01     6.841789E+03
  2.357069E+01     6.787906E+03
  2.389893E+01     6.734174E+03
  2.423173E+01     6.680596E+03
  2.456916E+01     6.627176E+03
  2.491130E+01     6.573916E+03
  2.525820E+01     6.520817E+03
  2.560993E+01     6.467878E+03
  2.596656E+01     6.415099E+03
  2.632815E+01     6.362476E+03
  2.669478E+01     6.310006E+03
  2.706652E+01     6.257689E+03
  2.744343E+01     6.205535E+03
  2.782559E+01     6.153554E+03
  2.821308E+01     6.101753E+03
  2.860596E+01     6.050142E+03
  2.900430E+01     5.998728E+03
  2.940820E+01     5.947520E+03
  2.981772E+01     5.896523E+03
  3.023295E+01     5.845744E+03
  3.065395E+01     5.795188E+03
  3.108082E+01     5.744860E+03
  3.151363E+01     5.694768E+03
  3.195248E+01     5.644916E+03
  3.239743E+01     5.595311E+03
  3.284857E+01     5.545956E+03
  3.330600E+01     5.496854E+03
  3.376980E+01     5.448008E+03
  3.424006E+01     5.399418E+03
  3.471687E+01     5.351084E+03
  3.520031E+01     5.303005E+03
  3.569049E+01     5.255180E+03
  3.618750E+01     5.207616E+03
  3.669142E+01     5.160320E+03
  3.720237E+01     5.113298E+03
  3.772042E+01     5.066556E+03
  3.824570E+01     5.020099E+03
  3.877828E+01     4.973929E+03
  3.931829E+01     4.928050E+03
  3.986581E+01     4.882462E+03
  4.042096E+01     4.837166E+03
  4.098384E+01     4.792161E+03
  4.155455E+01     4.747454E+03
  4.213322E+01     4.703049E+03
  4.271994E+01     4.658951E+03
  4.331483E+01     4.615162E+03
  4.391801E+01     4.571686E+03
  4.452959E+01     4.528524E+03
  4.514968E+01     4.485674E+03
  4.577841E+01     4.443135E+03
  4.641589E+01     4.400904E+03
  4.706225E+01     4.358978E+03
  4.771761E+01     4.317361E+03
  4.838210E+01     4.276059E+03
  4.905584E+01     4.235076E+03
  4.973896E+01     4.194417E+03
  5.043159E+01     4.154084E+03
  5.113388E+01     4.114077E+03
  5.184594E+01     4.074399E+03
  5.256791E+01     4.035046E+03
  5.329994E+01     3.996017E+03
  5.404216E+01     3.957308E+03
  5.479472E+01     3.918923E+03
  5.555776E+01     3.880866E+03
  5.633143E+01     3.843139E+03
  5.711586E+01     3.805745E+03
  5.791123E+01     3.768684E+03
  5.871766E+01     3.731956E+03
  5.953533E+01     3.695559E+03
  6.036439E+01     3.659490E+03
  6.120498E+01     3.623743E+03
  6.205729E+01     3.588314E+03
  6.292146E+01     3.553204E+03
  6.379767E+01     3.518416E+03
  6.468608E+01     3.483955E+03
  6.558686E+01     3.449821E+03
  6.650018E+01     3.416016E+03
  6.742622E+01     3.382540E+03
  6.836516E+01     3.349390E+03
  6.931717E+01     3.316565E+03
  7.028244E+01     3.284060E+03
  7.126115E+01     3.251869E+03
  7.225349E+01     3.219993E+03
  7.325965E+01     3.188434E+03
  7.427982E+01     3.157194E+03
  7.531420E+01     3.126275E+03
  7.636298E+01     3.095676E+03
  7.742637E+01     3.065395E+03
  7.850456E+01     3.035431E+03
  7.959777E+01     3.005778E+03
  8.070620E+01     2.976432E+03
  8.183007E+01     2.947384E+03
  8.296959E+01     2.918634E+03
  8.412497E+01     2.890185E+03
  8.529644E+01     2.862039E+03
  8.648423E+01     2.834196E+03
  8.768856E+01     2.806656E+03
  8.890966E+01     2.779418E+03
  9.014776E+01     2.752479E+03
  9.140311E+01     2.725837E+03
  9.267593E+01     2.699485E+03
  9.396648E+01     2.673417E+03
  9.527500E+01     2.647630E+03
  9.660175E+01     2.622128E+03
  9.794697E+01     2.596910E+03
  9.931092E+01     2.571978E+03
  1.006939E+02     2.547330E+03
  1.020961E+02     2.522964E+03
  1.035178E+02     2.498879E+03
  1.049593E+02     2.475068E+03
  1.064209E+02     2.451527E+03
  1.079029E+02     2.428248E+03
  1.094055E+02     2.405229E+03
  1.109290E+02     2.382470E+03
  1.124737E+02     2.359973E+03
  1.140400E+02     2.337739E+03
  1.156280E+02     2.315766E+03
  1.172382E+02     2.294052E+03
  1.188708E+02     2.272595E+03
  1.205261E+02     2.251391E+03
  1.222045E+02     2.230435E+03
  1.239062E+02     2.209720E+03
  1.256317E+02     2.189243E+03
  1.273811E+02     2.169004E+03
  1.291550E+02     2.149005E+03
  1.309535E+02     2.129245E+03
  1.327771E+02     2.109725E+03
  1.346261E+02     2.090441E+03
  1.365008E+02     2.071392E+03
  1.384016E+02     2.052575E+03
  1.403289E+02     2.033983E+03
  1.422830E+02     2.015611E+03
  1.442644E+02     1.997456E+03
  1.462733E+02     1.979517E+03
  1.483103E+02     1.961795E+03
  1.503755E+02     1.944291E+03
  1.524696E+02     1.927003E+03
  1.545928E+02     1.909930E+03
  1.567455E+02     1.893069E+03
  1.589283E+02     1.876416E+03
  1.611414E+02     1.859968E+03
  1.633854E+02     1.843718E+03
  1.656606E+02     1.827662E+03
  1.679675E+02     1.811800E+03
  1.703065E+02     1.796133E+03
  1.726781E+02     1.780661E+03
  1.750827E+02     1.765384E+03
  1.775208E+02     1.750300E+03
  1.799929E+02     1.735406E+03
  1.824993E+02     1.720700E+03
  1.850407E+02     1.706178E+03
  1.876175E+02     1.691834E+03
  1.902301E+02     1.677665E+03
  1.928792E+02     1.663671E+03
  1.955651E+02     1.649851E+03
  1.982884E+02     1.636207E+03
  2.010496E+02     1.622737E+03
  2.038493E+02     1.609441E+03
  2.066880E+02     1.596317E+03
  2.095662E+02     1.583361E+03
  2.124845E+02     1.570570E+03
  2.154435E+02     1.557940E+03
  2.184436E+02     1.545467E+03
  2.214855E+02     1.533150E+03
  2.245698E+02     1.520990E+03
  2.276970E+02     1.508987E+03
  2.308678E+02     1.497141E+03
  2.340827E+02     1.485451E+03
  2.373424E+02     1.473914E+03
  2.406475E+02     1.462529E+03
  2.439986E+02     1.451293E+03
  2.473964E+02     1.440201E+03
  2.508415E+02     1.429249E+03
  2.543346E+02     1.418438E+03
  2.578763E+02     1.407768E+03
  2.614673E+02     1.397238E+03
  2.651084E+02     1.386849E+03
  2.688001E+02     1.376599E+03
  2.725433E+02     1.366487E+03
  2.763385E+02     1.356511E+03
  2.801867E+02     1.346669E+03
  2.840884E+02     1.336956E+03
  2.880444E+02     1.327369E+03
  2.920556E+02     1.317907E+03
  2.961225E+02     1.308571E+03
  3.002462E+02     1.299362E+03
  3.044272E+02     1.290278E+03
  3.086665E+02     1.281320E+03
  3.129648E+02     1.272485E+03
  3.173230E+02     1.263773E+03
  3.217418E+02     1.255180E+03
  3.262222E+02     1.246704E+03
  3.307650E+02     1.238342E+03
  3.353710E+02     1.230093E+03
  3.400412E+02     1.221958E+03
  3.447764E+02     1.213936E+03
  3.495776E+02     1.206027E+03
  3.544456E+02     1.198230E+03
  3.593814E+02     1.190545E+03
  3.643859E+02     1.182971E+03
  3.694601E+02     1.175504E+03
  3.746050E+02     1.168142E+03
  3.798215E+02     1.160883E+03
  3.851107E+02     1.153725E+03
  3.904735E+02     1.146669E+03
  3.959110E+02     1.139715E+03
  4.014242E+02     1.132863E+03
  4.070142E+02     1.126112E+03
  4.126821E+02     1.119462E+03
  4.184289E+02     1.112910E+03
  4.242556E+02     1.106456E+03
  4.301636E+02     1.100096E+03
  4.361538E+02     1.093830E+03
  4.422274E+02     1.087654E+03
  4.483856E+02     1.081570E+03
  4.546295E+02     1.075578E+03
  4.609604E+02     1.069678E+03
  4.673795E+02     1.063868E+03
  4.738880E+02     1.058149E+03
  4.804870E+02     1.052519E+03
  4.871780E+02     1.046977E+03
  4.939622E+02     1.041521E+03
  5.008408E+02     1.036148E+03
  5.078152E+02     1.030857E+03
  5.148867E+02     1.025648E+03
  5.220568E+02     1.020521E+03
  5.293266E+02     1.015477E+03
  5.366977E+02     1.010515E+03
  5.441714E+02     1.005634E+03
  5.517492E+02     1.000833E+03
  5.594326E+02     9.961105E+02
  5.672229E+02     9.914650E+02
  5.751217E+02     9.868944E+02
  5.831305E+02     9.823972E+02
  5.912508E+02     9.779737E+02
  5.994843E+02     9.736240E+02
  6.078323E+02     9.693479E+02
  6.162966E+02     9.651452E+02
  6.248788E+02     9.610152E+02
  6.335805E+02     9.569571E+02
  6.424034E+02     9.529695E+02
  6.513491E+02     9.490511E+02
  6.604194E+02     9.452000E+02
  6.696160E+02     9.414147E+02
  6.789407E+02     9.376950E+02
  6.883952E+02     9.340409E+02
  6.979814E+02     9.304517E+02
  7.077011E+02     9.269267E+02
  7.175561E+02     9.234651E+02
  7.275484E+02     9.200656E+02
  7.376798E+02     9.167266E+02
  7.479523E+02     9.134462E+02
  7.583678E+02     9.102223E+02
  7.689284E+02     9.070534E+02
  7.796360E+02     9.039402E+02
  7.904928E+02     9.008839E+02
  8.015007E+02     8.978855E+02
  8.126619E+02     8.949458E+02
  8.239786E+02     8.920657E+02
  8.354528E+02     8.892459E+02
  8.470868E+02     8.864870E+02
  8.588829E+02     8.837895E+02
  8.708431E+02     8.811536E+02
  8.829700E+02     8.785783E+02
  8.952657E+02     8.760585E+02
  9.077327E+02     8.735875E+02
  9.203732E+02     8.711582E+02
  9.331898E+02     8.687625E+02
  9.461848E+02     8.663917E+02
  9.593608E+02     8.640360E+02
  9.727203E+02     8.616849E+02
  9.862658E+02     8.593268E+02
  1.000000E+03     8.569492E+02
