FILE CREATED BY  : PROGRAM DPASS - VERSION 2.00
DATABASE VERSION : 21.06
DATE AND TIME    : 09/08/2022 19:53:34
PROJECTILE       : He
TARGET           : Hg
TARGET AT. MASS  : 2.005900E+02
TARGET DENSITY   : 1.354600E+01 g/cm^3
TABULATED OUTPUT : STOPPING FORCE VERSUS ENERGY
DATA TYPE        : SPLINE INTERPOLATED
ABSCISSA UNITS   : MeV/u
ORDINATE UNITS   : eV/nm


      E/n             S(E/n)

  1.000000E-03     7.467085E+01
  1.013925E-03     7.516124E+01
  1.028045E-03     7.565810E+01
  1.042361E-03     7.616111E+01
  1.056876E-03     7.666996E+01
  1.071593E-03     7.718426E+01
  1.086516E-03     7.770364E+01
  1.101646E-03     7.822763E+01
  1.116987E-03     7.875578E+01
  1.132541E-03     7.928755E+01
  1.148312E-03     7.982239E+01
  1.164303E-03     8.035979E+01
  1.180517E-03     8.089968E+01
  1.196956E-03     8.144219E+01
  1.213624E-03     8.198745E+01
  1.230524E-03     8.253559E+01
  1.247660E-03     8.308679E+01
  1.265034E-03     8.364121E+01
  1.282650E-03     8.419905E+01
  1.300511E-03     8.476052E+01
  1.318621E-03     8.532585E+01
  1.336984E-03     8.589527E+01
  1.355602E-03     8.646883E+01
  1.374479E-03     8.704651E+01
  1.393619E-03     8.762830E+01
  1.413026E-03     8.821416E+01
  1.432703E-03     8.880409E+01
  1.452654E-03     8.939804E+01
  1.472883E-03     8.999601E+01
  1.493393E-03     9.059796E+01
  1.514189E-03     9.120387E+01
  1.535275E-03     9.181371E+01
  1.556654E-03     9.242747E+01
  1.578331E-03     9.304519E+01
  1.600310E-03     9.366688E+01
  1.622595E-03     9.429258E+01
  1.645191E-03     9.492230E+01
  1.668101E-03     9.555608E+01
  1.691330E-03     9.619397E+01
  1.714882E-03     9.683600E+01
  1.738762E-03     9.748222E+01
  1.762975E-03     9.813269E+01
  1.787526E-03     9.878744E+01
  1.812418E-03     9.944646E+01
  1.837656E-03     1.001098E+02
  1.863246E-03     1.007774E+02
  1.889193E-03     1.014493E+02
  1.915501E-03     1.021256E+02
  1.942175E-03     1.028062E+02
  1.969220E-03     1.034912E+02
  1.996642E-03     1.041806E+02
  2.024447E-03     1.048745E+02
  2.052638E-03     1.055728E+02
  2.081222E-03     1.062756E+02
  2.110203E-03     1.069829E+02
  2.139589E-03     1.076946E+02
  2.169384E-03     1.084109E+02
  2.199593E-03     1.091318E+02
  2.230223E-03     1.098572E+02
  2.261280E-03     1.105872E+02
  2.292769E-03     1.113219E+02
  2.324697E-03     1.120613E+02
  2.357069E-03     1.128053E+02
  2.389893E-03     1.135541E+02
  2.423173E-03     1.143076E+02
  2.456916E-03     1.150659E+02
  2.491130E-03     1.158289E+02
  2.525820E-03     1.165967E+02
  2.560993E-03     1.173693E+02
  2.596656E-03     1.181467E+02
  2.632815E-03     1.189290E+02
  2.669478E-03     1.197162E+02
  2.706652E-03     1.205083E+02
  2.744343E-03     1.213054E+02
  2.782559E-03     1.221074E+02
  2.821308E-03     1.229144E+02
  2.860596E-03     1.237263E+02
  2.900430E-03     1.245432E+02
  2.940820E-03     1.253652E+02
  2.981772E-03     1.261922E+02
  3.023295E-03     1.270243E+02
  3.065395E-03     1.278615E+02
  3.108082E-03     1.287039E+02
  3.151363E-03     1.295514E+02
  3.195248E-03     1.304041E+02
  3.239743E-03     1.312620E+02
  3.284857E-03     1.321250E+02
  3.330600E-03     1.329933E+02
  3.376980E-03     1.338668E+02
  3.424006E-03     1.347456E+02
  3.471687E-03     1.356296E+02
  3.520031E-03     1.365190E+02
  3.569049E-03     1.374138E+02
  3.618750E-03     1.383139E+02
  3.669142E-03     1.392194E+02
  3.720237E-03     1.401302E+02
  3.772042E-03     1.410465E+02
  3.824570E-03     1.419681E+02
  3.877828E-03     1.428952E+02
  3.931829E-03     1.438277E+02
  3.986581E-03     1.447658E+02
  4.042096E-03     1.457093E+02
  4.098384E-03     1.466584E+02
  4.155455E-03     1.476130E+02
  4.213322E-03     1.485732E+02
  4.271994E-03     1.495390E+02
  4.331483E-03     1.505103E+02
  4.391801E-03     1.514872E+02
  4.452959E-03     1.524697E+02
  4.514968E-03     1.534578E+02
  4.577841E-03     1.544515E+02
  4.641589E-03     1.554510E+02
  4.706225E-03     1.564561E+02
  4.771761E-03     1.574669E+02
  4.838210E-03     1.584834E+02
  4.905584E-03     1.595057E+02
  4.973896E-03     1.605336E+02
  5.043159E-03     1.615672E+02
  5.113388E-03     1.626066E+02
  5.184594E-03     1.636517E+02
  5.256791E-03     1.647026E+02
  5.329994E-03     1.657593E+02
  5.404216E-03     1.668218E+02
  5.479472E-03     1.678902E+02
  5.555776E-03     1.689644E+02
  5.633143E-03     1.700444E+02
  5.711586E-03     1.711302E+02
  5.791123E-03     1.722217E+02
  5.871766E-03     1.733192E+02
  5.953533E-03     1.744224E+02
  6.036439E-03     1.755314E+02
  6.120498E-03     1.766464E+02
  6.205729E-03     1.777672E+02
  6.292146E-03     1.788939E+02
  6.379767E-03     1.800264E+02
  6.468608E-03     1.811648E+02
  6.558686E-03     1.823090E+02
  6.650018E-03     1.834591E+02
  6.742622E-03     1.846149E+02
  6.836516E-03     1.857766E+02
  6.931717E-03     1.869442E+02
  7.028244E-03     1.881176E+02
  7.126115E-03     1.892969E+02
  7.225349E-03     1.904821E+02
  7.325965E-03     1.916732E+02
  7.427982E-03     1.928701E+02
  7.531420E-03     1.940727E+02
  7.636298E-03     1.952812E+02
  7.742637E-03     1.964954E+02
  7.850456E-03     1.977155E+02
  7.959777E-03     1.989413E+02
  8.070620E-03     2.001728E+02
  8.183007E-03     2.014102E+02
  8.296959E-03     2.026534E+02
  8.412497E-03     2.039023E+02
  8.529644E-03     2.051570E+02
  8.648423E-03     2.064173E+02
  8.768856E-03     2.076832E+02
  8.890966E-03     2.089548E+02
  9.014776E-03     2.102320E+02
  9.140311E-03     2.115149E+02
  9.267593E-03     2.128033E+02
  9.396648E-03     2.140974E+02
  9.527500E-03     2.153970E+02
  9.660175E-03     2.167023E+02
  9.794697E-03     2.180130E+02
  9.931092E-03     2.193291E+02
  1.006939E-02     2.206507E+02
  1.020961E-02     2.219777E+02
  1.035178E-02     2.233100E+02
  1.049593E-02     2.246477E+02
  1.064209E-02     2.259907E+02
  1.079029E-02     2.273390E+02
  1.094055E-02     2.286926E+02
  1.109290E-02     2.300515E+02
  1.124737E-02     2.314155E+02
  1.140400E-02     2.327847E+02
  1.156280E-02     2.341589E+02
  1.172382E-02     2.355381E+02
  1.188708E-02     2.369223E+02
  1.205261E-02     2.383115E+02
  1.222045E-02     2.397056E+02
  1.239062E-02     2.411046E+02
  1.256317E-02     2.425085E+02
  1.273811E-02     2.439172E+02
  1.291550E-02     2.453306E+02
  1.309535E-02     2.467486E+02
  1.327771E-02     2.481713E+02
  1.346261E-02     2.495984E+02
  1.365008E-02     2.510300E+02
  1.384016E-02     2.524660E+02
  1.403289E-02     2.539063E+02
  1.422830E-02     2.553510E+02
  1.442644E-02     2.568000E+02
  1.462733E-02     2.582532E+02
  1.483103E-02     2.597105E+02
  1.503755E-02     2.611719E+02
  1.524696E-02     2.626371E+02
  1.545928E-02     2.641062E+02
  1.567455E-02     2.655790E+02
  1.589283E-02     2.670556E+02
  1.611414E-02     2.685358E+02
  1.633854E-02     2.700197E+02
  1.656606E-02     2.715071E+02
  1.679675E-02     2.729980E+02
  1.703065E-02     2.744922E+02
  1.726781E-02     2.759896E+02
  1.750827E-02     2.774902E+02
  1.775208E-02     2.789937E+02
  1.799929E-02     2.805002E+02
  1.824993E-02     2.820094E+02
  1.850407E-02     2.835215E+02
  1.876175E-02     2.850362E+02
  1.902301E-02     2.865535E+02
  1.928792E-02     2.880734E+02
  1.955651E-02     2.895955E+02
  1.982884E-02     2.911199E+02
  2.010496E-02     2.926463E+02
  2.038493E-02     2.941746E+02
  2.066880E-02     2.957048E+02
  2.095662E-02     2.972366E+02
  2.124845E-02     2.987701E+02
  2.154435E-02     3.003052E+02
  2.184436E-02     3.018416E+02
  2.214855E-02     3.033794E+02
  2.245698E-02     3.049183E+02
  2.276970E-02     3.064581E+02
  2.308678E-02     3.079987E+02
  2.340827E-02     3.095399E+02
  2.373424E-02     3.110816E+02
  2.406475E-02     3.126236E+02
  2.439986E-02     3.141658E+02
  2.473964E-02     3.157080E+02
  2.508415E-02     3.172503E+02
  2.543346E-02     3.187924E+02
  2.578763E-02     3.203340E+02
  2.614673E-02     3.218750E+02
  2.651084E-02     3.234151E+02
  2.688001E-02     3.249542E+02
  2.725433E-02     3.264921E+02
  2.763385E-02     3.280285E+02
  2.801867E-02     3.295634E+02
  2.840884E-02     3.310966E+02
  2.880444E-02     3.326280E+02
  2.920556E-02     3.341573E+02
  2.961225E-02     3.356843E+02
  3.002462E-02     3.372087E+02
  3.044272E-02     3.387305E+02
  3.086665E-02     3.402492E+02
  3.129648E-02     3.417649E+02
  3.173230E-02     3.432772E+02
  3.217418E-02     3.447860E+02
  3.262222E-02     3.462912E+02
  3.307650E-02     3.477926E+02
  3.353710E-02     3.492900E+02
  3.400412E-02     3.507830E+02
  3.447764E-02     3.522714E+02
  3.495776E-02     3.537547E+02
  3.544456E-02     3.552326E+02
  3.593814E-02     3.567049E+02
  3.643859E-02     3.581712E+02
  3.694601E-02     3.596313E+02
  3.746050E-02     3.610848E+02
  3.798215E-02     3.625315E+02
  3.851107E-02     3.639712E+02
  3.904735E-02     3.654037E+02
  3.959110E-02     3.668288E+02
  4.014242E-02     3.682463E+02
  4.070142E-02     3.696563E+02
  4.126821E-02     3.710585E+02
  4.184289E-02     3.724529E+02
  4.242556E-02     3.738395E+02
  4.301636E-02     3.752183E+02
  4.361538E-02     3.765895E+02
  4.422274E-02     3.779529E+02
  4.483856E-02     3.793085E+02
  4.546295E-02     3.806562E+02
  4.609604E-02     3.819961E+02
  4.673795E-02     3.833281E+02
  4.738880E-02     3.846523E+02
  4.804870E-02     3.859689E+02
  4.871780E-02     3.872779E+02
  4.939622E-02     3.885796E+02
  5.008408E-02     3.898742E+02
  5.078152E-02     3.911618E+02
  5.148867E-02     3.924424E+02
  5.220568E-02     3.937157E+02
  5.293266E-02     3.949817E+02
  5.366977E-02     3.962403E+02
  5.441714E-02     3.974915E+02
  5.517492E-02     3.987353E+02
  5.594326E-02     3.999717E+02
  5.672229E-02     4.012008E+02
  5.751217E-02     4.024228E+02
  5.831305E-02     4.036376E+02
  5.912508E-02     4.048451E+02
  5.994843E-02     4.060452E+02
  6.078323E-02     4.072376E+02
  6.162966E-02     4.084225E+02
  6.248788E-02     4.095995E+02
  6.335805E-02     4.107688E+02
  6.424034E-02     4.119303E+02
  6.513491E-02     4.130841E+02
  6.604194E-02     4.142301E+02
  6.696160E-02     4.153684E+02
  6.789407E-02     4.164989E+02
  6.883952E-02     4.176213E+02
  6.979814E-02     4.187354E+02
  7.077011E-02     4.198411E+02
  7.175561E-02     4.209383E+02
  7.275484E-02     4.220269E+02
  7.376798E-02     4.231067E+02
  7.479523E-02     4.241779E+02
  7.583678E-02     4.252402E+02
  7.689284E-02     4.262938E+02
  7.796360E-02     4.273384E+02
  7.904928E-02     4.283737E+02
  8.015007E-02     4.293996E+02
  8.126619E-02     4.304159E+02
  8.239786E-02     4.314224E+02
  8.354528E-02     4.324190E+02
  8.470868E-02     4.334056E+02
  8.588829E-02     4.343820E+02
  8.708431E-02     4.353484E+02
  8.829700E-02     4.363044E+02
  8.952657E-02     4.372500E+02
  9.077327E-02     4.381849E+02
  9.203732E-02     4.391088E+02
  9.331898E-02     4.400215E+02
  9.461848E-02     4.409228E+02
  9.593608E-02     4.418124E+02
  9.727203E-02     4.426903E+02
  9.862658E-02     4.435563E+02
  1.000000E-01     4.444103E+02
  1.013925E-01     4.452521E+02
  1.028045E-01     4.460816E+02
  1.042361E-01     4.468983E+02
  1.056876E-01     4.477021E+02
  1.071593E-01     4.484926E+02
  1.086516E-01     4.492697E+02
  1.101646E-01     4.500330E+02
  1.116987E-01     4.507825E+02
  1.132541E-01     4.515178E+02
  1.148312E-01     4.522390E+02
  1.164303E-01     4.529457E+02
  1.180517E-01     4.536378E+02
  1.196956E-01     4.543150E+02
  1.213624E-01     4.549768E+02
  1.230524E-01     4.556231E+02
  1.247660E-01     4.562535E+02
  1.265034E-01     4.568679E+02
  1.282650E-01     4.574660E+02
  1.300511E-01     4.580475E+02
  1.318621E-01     4.586125E+02
  1.336984E-01     4.591606E+02
  1.355602E-01     4.596916E+02
  1.374479E-01     4.602052E+02
  1.393619E-01     4.607011E+02
  1.413026E-01     4.611790E+02
  1.432703E-01     4.616385E+02
  1.452654E-01     4.620796E+02
  1.472883E-01     4.625020E+02
  1.493393E-01     4.629054E+02
  1.514189E-01     4.632898E+02
  1.535275E-01     4.636550E+02
  1.556654E-01     4.640008E+02
  1.578331E-01     4.643268E+02
  1.600310E-01     4.646328E+02
  1.622595E-01     4.649185E+02
  1.645191E-01     4.651836E+02
  1.668101E-01     4.654279E+02
  1.691330E-01     4.656513E+02
  1.714882E-01     4.658536E+02
  1.738762E-01     4.660347E+02
  1.762975E-01     4.661945E+02
  1.787526E-01     4.663329E+02
  1.812418E-01     4.664494E+02
  1.837656E-01     4.665439E+02
  1.863246E-01     4.666162E+02
  1.889193E-01     4.666661E+02
  1.915501E-01     4.666934E+02
  1.942175E-01     4.666980E+02
  1.969220E-01     4.666798E+02
  1.996642E-01     4.666388E+02
  2.024447E-01     4.665749E+02
  2.052638E-01     4.664882E+02
  2.081222E-01     4.663782E+02
  2.110203E-01     4.662449E+02
  2.139589E-01     4.660881E+02
  2.169384E-01     4.659076E+02
  2.199593E-01     4.657034E+02
  2.230223E-01     4.654754E+02
  2.261280E-01     4.652237E+02
  2.292769E-01     4.649481E+02
  2.324697E-01     4.646489E+02
  2.357069E-01     4.643261E+02
  2.389893E-01     4.639794E+02
  2.423173E-01     4.636088E+02
  2.456916E-01     4.632142E+02
  2.491130E-01     4.627955E+02
  2.525820E-01     4.623527E+02
  2.560993E-01     4.618859E+02
  2.596656E-01     4.613952E+02
  2.632815E-01     4.608807E+02
  2.669478E-01     4.603426E+02
  2.706652E-01     4.597810E+02
  2.744343E-01     4.591958E+02
  2.782559E-01     4.585871E+02
  2.821308E-01     4.579548E+02
  2.860596E-01     4.572991E+02
  2.900430E-01     4.566198E+02
  2.940820E-01     4.559174E+02
  2.981772E-01     4.551918E+02
  3.023295E-01     4.544434E+02
  3.065395E-01     4.536725E+02
  3.108082E-01     4.528793E+02
  3.151363E-01     4.520639E+02
  3.195248E-01     4.512262E+02
  3.239743E-01     4.503664E+02
  3.284857E-01     4.494847E+02
  3.330600E-01     4.485811E+02
  3.376980E-01     4.476559E+02
  3.424006E-01     4.467094E+02
  3.471687E-01     4.457419E+02
  3.520031E-01     4.447537E+02
  3.569049E-01     4.437453E+02
  3.618750E-01     4.427166E+02
  3.669142E-01     4.416680E+02
  3.720237E-01     4.405994E+02
  3.772042E-01     4.395112E+02
  3.824570E-01     4.384036E+02
  3.877828E-01     4.372768E+02
  3.931829E-01     4.361311E+02
  3.986581E-01     4.349671E+02
  4.042096E-01     4.337851E+02
  4.098384E-01     4.325855E+02
  4.155455E-01     4.313686E+02
  4.213322E-01     4.301344E+02
  4.271994E-01     4.288833E+02
  4.331483E-01     4.276153E+02
  4.391801E-01     4.263309E+02
  4.452959E-01     4.250302E+02
  4.514968E-01     4.237137E+02
  4.577841E-01     4.223817E+02
  4.641589E-01     4.210347E+02
  4.706225E-01     4.196731E+02
  4.771761E-01     4.182971E+02
  4.838210E-01     4.169069E+02
  4.905584E-01     4.155028E+02
  4.973896E-01     4.140849E+02
  5.043159E-01     4.126537E+02
  5.113388E-01     4.112093E+02
  5.184594E-01     4.097522E+02
  5.256791E-01     4.082827E+02
  5.329994E-01     4.068012E+02
  5.404216E-01     4.053082E+02
  5.479472E-01     4.038038E+02
  5.555776E-01     4.022884E+02
  5.633143E-01     4.007622E+02
  5.711586E-01     3.992255E+02
  5.791123E-01     3.976785E+02
  5.871766E-01     3.961216E+02
  5.953533E-01     3.945550E+02
  6.036439E-01     3.929793E+02
  6.120498E-01     3.913947E+02
  6.205729E-01     3.898016E+02
  6.292146E-01     3.882004E+02
  6.379767E-01     3.865912E+02
  6.468608E-01     3.849744E+02
  6.558686E-01     3.833503E+02
  6.650018E-01     3.817190E+02
  6.742622E-01     3.800810E+02
  6.836516E-01     3.784365E+02
  6.931717E-01     3.767858E+02
  7.028244E-01     3.751293E+02
  7.126115E-01     3.734675E+02
  7.225349E-01     3.718004E+02
  7.325965E-01     3.701284E+02
  7.427982E-01     3.684518E+02
  7.531420E-01     3.667709E+02
  7.636298E-01     3.650858E+02
  7.742637E-01     3.633969E+02
  7.850456E-01     3.617044E+02
  7.959777E-01     3.600086E+02
  8.070620E-01     3.583099E+02
  8.183007E-01     3.566085E+02
  8.296959E-01     3.549046E+02
  8.412497E-01     3.531985E+02
  8.529644E-01     3.514905E+02
  8.648423E-01     3.497808E+02
  8.768856E-01     3.480695E+02
  8.890966E-01     3.463570E+02
  9.014776E-01     3.446435E+02
  9.140311E-01     3.429291E+02
  9.267593E-01     3.412141E+02
  9.396648E-01     3.394987E+02
  9.527500E-01     3.377831E+02
  9.660175E-01     3.360675E+02
  9.794697E-01     3.343521E+02
  9.931092E-01     3.326371E+02
  1.006939E+00     3.309227E+02
  1.020961E+00     3.292090E+02
  1.035178E+00     3.274962E+02
  1.049593E+00     3.257845E+02
  1.064209E+00     3.240739E+02
  1.079029E+00     3.223646E+02
  1.094055E+00     3.206566E+02
  1.109290E+00     3.189502E+02
  1.124737E+00     3.172455E+02
  1.140400E+00     3.155427E+02
  1.156280E+00     3.138418E+02
  1.172382E+00     3.121429E+02
  1.188708E+00     3.104463E+02
  1.205261E+00     3.087517E+02
  1.222045E+00     3.070594E+02
  1.239062E+00     3.053692E+02
  1.256317E+00     3.036813E+02
  1.273811E+00     3.019957E+02
  1.291550E+00     3.003125E+02
  1.309535E+00     2.986319E+02
  1.327771E+00     2.969540E+02
  1.346261E+00     2.952787E+02
  1.365008E+00     2.936060E+02
  1.384016E+00     2.919361E+02
  1.403289E+00     2.902687E+02
  1.422830E+00     2.886038E+02
  1.442644E+00     2.869414E+02
  1.462733E+00     2.852816E+02
  1.483103E+00     2.836246E+02
  1.503755E+00     2.819704E+02
  1.524696E+00     2.803192E+02
  1.545928E+00     2.786710E+02
  1.567455E+00     2.770258E+02
  1.589283E+00     2.753837E+02
  1.611414E+00     2.737446E+02
  1.633854E+00     2.721084E+02
  1.656606E+00     2.704752E+02
  1.679675E+00     2.688450E+02
  1.703065E+00     2.672180E+02
  1.726781E+00     2.655943E+02
  1.750827E+00     2.639740E+02
  1.775208E+00     2.623571E+02
  1.799929E+00     2.607437E+02
  1.824993E+00     2.591338E+02
  1.850407E+00     2.575273E+02
  1.876175E+00     2.559241E+02
  1.902301E+00     2.543242E+02
  1.928792E+00     2.527278E+02
  1.955651E+00     2.511349E+02
  1.982884E+00     2.495456E+02
  2.010496E+00     2.479600E+02
  2.038493E+00     2.463781E+02
  2.066880E+00     2.448000E+02
  2.095662E+00     2.432257E+02
  2.124845E+00     2.416550E+02
  2.154435E+00     2.400879E+02
  2.184436E+00     2.385243E+02
  2.214855E+00     2.369643E+02
  2.245698E+00     2.354080E+02
  2.276970E+00     2.338555E+02
  2.308678E+00     2.323070E+02
  2.340827E+00     2.307625E+02
  2.373424E+00     2.292220E+02
  2.406475E+00     2.276855E+02
  2.439986E+00     2.261530E+02
  2.473964E+00     2.246244E+02
  2.508415E+00     2.230996E+02
  2.543346E+00     2.215788E+02
  2.578763E+00     2.200621E+02
  2.614673E+00     2.185495E+02
  2.651084E+00     2.170412E+02
  2.688001E+00     2.155373E+02
  2.725433E+00     2.140378E+02
  2.763385E+00     2.125428E+02
  2.801867E+00     2.110521E+02
  2.840884E+00     2.095657E+02
  2.880444E+00     2.080836E+02
  2.920556E+00     2.066059E+02
  2.961225E+00     2.051327E+02
  3.002462E+00     2.036641E+02
  3.044272E+00     2.022003E+02
  3.086665E+00     2.007413E+02
  3.129648E+00     1.992872E+02
  3.173230E+00     1.978380E+02
  3.217418E+00     1.963937E+02
  3.262222E+00     1.949542E+02
  3.307650E+00     1.935195E+02
  3.353710E+00     1.920897E+02
  3.400412E+00     1.906649E+02
  3.447764E+00     1.892453E+02
  3.495776E+00     1.878309E+02
  3.544456E+00     1.864219E+02
  3.593814E+00     1.850184E+02
  3.643859E+00     1.836203E+02
  3.694601E+00     1.822277E+02
  3.746050E+00     1.808406E+02
  3.798215E+00     1.794588E+02
  3.851107E+00     1.780825E+02
  3.904735E+00     1.767118E+02
  3.959110E+00     1.753468E+02
  4.014242E+00     1.739877E+02
  4.070142E+00     1.726345E+02
  4.126821E+00     1.712874E+02
  4.184289E+00     1.699462E+02
  4.242556E+00     1.686111E+02
  4.301636E+00     1.672820E+02
  4.361538E+00     1.659587E+02
  4.422274E+00     1.646415E+02
  4.483856E+00     1.633303E+02
  4.546295E+00     1.620254E+02
  4.609604E+00     1.607268E+02
  4.673795E+00     1.594347E+02
  4.738880E+00     1.581490E+02
  4.804870E+00     1.568699E+02
  4.871780E+00     1.555973E+02
  4.939622E+00     1.543311E+02
  5.008408E+00     1.530713E+02
  5.078152E+00     1.518180E+02
  5.148867E+00     1.505711E+02
  5.220568E+00     1.493309E+02
  5.293266E+00     1.480975E+02
  5.366977E+00     1.468709E+02
  5.441714E+00     1.456512E+02
  5.517492E+00     1.444384E+02
  5.594326E+00     1.432325E+02
  5.672229E+00     1.420334E+02
  5.751217E+00     1.408410E+02
  5.831305E+00     1.396553E+02
  5.912508E+00     1.384765E+02
  5.994843E+00     1.373046E+02
  6.078323E+00     1.361397E+02
  6.162966E+00     1.349820E+02
  6.248788E+00     1.338313E+02
  6.335805E+00     1.326878E+02
  6.424034E+00     1.315514E+02
  6.513491E+00     1.304220E+02
  6.604194E+00     1.292995E+02
  6.696160E+00     1.281839E+02
  6.789407E+00     1.270753E+02
  6.883952E+00     1.259737E+02
  6.979814E+00     1.248793E+02
  7.077011E+00     1.237921E+02
  7.175561E+00     1.227121E+02
  7.275484E+00     1.216394E+02
  7.376798E+00     1.205738E+02
  7.479523E+00     1.195153E+02
  7.583678E+00     1.184638E+02
  7.689284E+00     1.174192E+02
  7.796360E+00     1.163816E+02
  7.904928E+00     1.153510E+02
  8.015007E+00     1.143276E+02
  8.126619E+00     1.133114E+02
  8.239786E+00     1.123024E+02
  8.354528E+00     1.113006E+02
  8.470868E+00     1.103059E+02
  8.588829E+00     1.093182E+02
  8.708431E+00     1.083375E+02
  8.829700E+00     1.073635E+02
  8.952657E+00     1.063964E+02
  9.077327E+00     1.054363E+02
  9.203732E+00     1.044833E+02
  9.331898E+00     1.035372E+02
  9.461848E+00     1.025983E+02
  9.593608E+00     1.016664E+02
  9.727203E+00     1.007414E+02
  9.862658E+00     9.982340E+01
  1.000000E+01     9.891212E+01
  1.013925E+01     9.800750E+01
  1.028045E+01     9.710956E+01
  1.042361E+01     9.621840E+01
  1.056876E+01     9.533406E+01
  1.071593E+01     9.445657E+01
  1.086516E+01     9.358594E+01
  1.101646E+01     9.272214E+01
  1.116987E+01     9.186510E+01
  1.132541E+01     9.101475E+01
  1.148312E+01     9.017094E+01
  1.164303E+01     8.933355E+01
  1.180517E+01     8.850260E+01
  1.196956E+01     8.767817E+01
  1.213624E+01     8.686030E+01
  1.230524E+01     8.604903E+01
  1.247660E+01     8.524435E+01
  1.265034E+01     8.444623E+01
  1.282650E+01     8.365462E+01
  1.300511E+01     8.286942E+01
  1.318621E+01     8.209052E+01
  1.336984E+01     8.131777E+01
  1.355602E+01     8.055119E+01
  1.374479E+01     7.979084E+01
  1.393619E+01     7.903676E+01
  1.413026E+01     7.828898E+01
  1.432703E+01     7.754750E+01
  1.452654E+01     7.681227E+01
  1.472883E+01     7.608326E+01
  1.493393E+01     7.536036E+01
  1.514189E+01     7.464346E+01
  1.535275E+01     7.393242E+01
  1.556654E+01     7.322724E+01
  1.578331E+01     7.252796E+01
  1.600310E+01     7.183462E+01
  1.622595E+01     7.114726E+01
  1.645191E+01     7.046586E+01
  1.668101E+01     6.979040E+01
  1.691330E+01     6.912082E+01
  1.714882E+01     6.845704E+01
  1.738762E+01     6.779894E+01
  1.762975E+01     6.714638E+01
  1.787526E+01     6.649935E+01
  1.812418E+01     6.585789E+01
  1.837656E+01     6.522205E+01
  1.863246E+01     6.459184E+01
  1.889193E+01     6.396726E+01
  1.915501E+01     6.334830E+01
  1.942175E+01     6.273489E+01
  1.969220E+01     6.212697E+01
  1.996642E+01     6.152443E+01
  2.024447E+01     6.092715E+01
  2.052638E+01     6.033507E+01
  2.081222E+01     5.974823E+01
  2.110203E+01     5.916666E+01
  2.139589E+01     5.859036E+01
  2.169384E+01     5.801931E+01
  2.199593E+01     5.745347E+01
  2.230223E+01     5.689277E+01
  2.261280E+01     5.633713E+01
  2.292769E+01     5.578643E+01
  2.324697E+01     5.524051E+01
  2.357069E+01     5.469933E+01
  2.389893E+01     5.416295E+01
  2.423173E+01     5.363142E+01
  2.456916E+01     5.310478E+01
  2.491130E+01     5.258307E+01
  2.525820E+01     5.206629E+01
  2.560993E+01     5.155443E+01
  2.596656E+01     5.104746E+01
  2.632815E+01     5.054533E+01
  2.669478E+01     5.004796E+01
  2.706652E+01     4.955532E+01
  2.744343E+01     4.906740E+01
  2.782559E+01     4.858422E+01
  2.821308E+01     4.810576E+01
  2.860596E+01     4.763198E+01
  2.900430E+01     4.716282E+01
  2.940820E+01     4.669821E+01
  2.981772E+01     4.623804E+01
  3.023295E+01     4.578217E+01
  3.065395E+01     4.533045E+01
  3.108082E+01     4.488277E+01
  3.151363E+01     4.443918E+01
  3.195248E+01     4.399971E+01
  3.239743E+01     4.356438E+01
  3.284857E+01     4.313322E+01
  3.330600E+01     4.270623E+01
  3.376980E+01     4.228338E+01
  3.424006E+01     4.186464E+01
  3.471687E+01     4.144995E+01
  3.520031E+01     4.103925E+01
  3.569049E+01     4.063247E+01
  3.618750E+01     4.022963E+01
  3.669142E+01     3.983075E+01
  3.720237E+01     3.943585E+01
  3.772042E+01     3.904490E+01
  3.824570E+01     3.865789E+01
  3.877828E+01     3.827478E+01
  3.931829E+01     3.789549E+01
  3.986581E+01     3.751996E+01
  4.042096E+01     3.714807E+01
  4.098384E+01     3.677975E+01
  4.155455E+01     3.641500E+01
  4.213322E+01     3.605385E+01
  4.271994E+01     3.569632E+01
  4.331483E+01     3.534240E+01
  4.391801E+01     3.499207E+01
  4.452959E+01     3.464532E+01
  4.514968E+01     3.430208E+01
  4.577841E+01     3.396231E+01
  4.641589E+01     3.362591E+01
  4.706225E+01     3.329282E+01
  4.771761E+01     3.296304E+01
  4.838210E+01     3.263658E+01
  4.905584E+01     3.231346E+01
  4.973896E+01     3.199368E+01
  5.043159E+01     3.167722E+01
  5.113388E+01     3.136405E+01
  5.184594E+01     3.105412E+01
  5.256791E+01     3.074739E+01
  5.329994E+01     3.044376E+01
  5.404216E+01     3.014316E+01
  5.479472E+01     2.984559E+01
  5.555776E+01     2.955107E+01
  5.633143E+01     2.925961E+01
  5.711586E+01     2.897120E+01
  5.791123E+01     2.868584E+01
  5.871766E+01     2.840349E+01
  5.953533E+01     2.812411E+01
  6.036439E+01     2.784766E+01
  6.120498E+01     2.757406E+01
  6.205729E+01     2.730323E+01
  6.292146E+01     2.703518E+01
  6.379767E+01     2.676991E+01
  6.468608E+01     2.650744E+01
  6.558686E+01     2.624777E+01
  6.650018E+01     2.599088E+01
  6.742622E+01     2.573676E+01
  6.836516E+01     2.548537E+01
  6.931717E+01     2.523666E+01
  7.028244E+01     2.499058E+01
  7.126115E+01     2.474705E+01
  7.225349E+01     2.450606E+01
  7.325965E+01     2.426762E+01
  7.427982E+01     2.403175E+01
  7.531420E+01     2.379844E+01
  7.636298E+01     2.356767E+01
  7.742637E+01     2.333944E+01
  7.850456E+01     2.311370E+01
  7.959777E+01     2.289041E+01
  8.070620E+01     2.266951E+01
  8.183007E+01     2.245094E+01
  8.296959E+01     2.223467E+01
  8.412497E+01     2.202073E+01
  8.529644E+01     2.180911E+01
  8.648423E+01     2.159982E+01
  8.768856E+01     2.139285E+01
  8.890966E+01     2.118818E+01
  9.014776E+01     2.098578E+01
  9.140311E+01     2.078563E+01
  9.267593E+01     2.058765E+01
  9.396648E+01     2.039181E+01
  9.527500E+01     2.019806E+01
  9.660175E+01     2.000644E+01
  9.794697E+01     1.981693E+01
  9.931092E+01     1.962955E+01
  1.006939E+02     1.944428E+01
  1.020961E+02     1.926111E+01
  1.035178E+02     1.908002E+01
  1.049593E+02     1.890096E+01
  1.064209E+02     1.872390E+01
  1.079029E+02     1.854878E+01
  1.094055E+02     1.837557E+01
  1.109290E+02     1.820428E+01
  1.124737E+02     1.803493E+01
  1.140400E+02     1.786750E+01
  1.156280E+02     1.770199E+01
  1.172382E+02     1.753839E+01
  1.188708E+02     1.737668E+01
  1.205261E+02     1.721682E+01
  1.222045E+02     1.705878E+01
  1.239062E+02     1.690250E+01
  1.256317E+02     1.674796E+01
  1.273811E+02     1.659516E+01
  1.291550E+02     1.644410E+01
  1.309535E+02     1.629480E+01
  1.327771E+02     1.614725E+01
  1.346261E+02     1.600143E+01
  1.365008E+02     1.585732E+01
  1.384016E+02     1.571490E+01
  1.403289E+02     1.557413E+01
  1.422830E+02     1.543496E+01
  1.442644E+02     1.529737E+01
  1.462733E+02     1.516137E+01
  1.483103E+02     1.502696E+01
  1.503755E+02     1.489413E+01
  1.524696E+02     1.476290E+01
  1.545928E+02     1.463324E+01
  1.567455E+02     1.450513E+01
  1.589283E+02     1.437857E+01
  1.611414E+02     1.425350E+01
  1.633854E+02     1.412991E+01
  1.656606E+02     1.400774E+01
  1.679675E+02     1.388702E+01
  1.703065E+02     1.376773E+01
  1.726781E+02     1.364989E+01
  1.750827E+02     1.353348E+01
  1.775208E+02     1.341850E+01
  1.799929E+02     1.330493E+01
  1.824993E+02     1.319275E+01
  1.850407E+02     1.308192E+01
  1.876175E+02     1.297241E+01
  1.902301E+02     1.286419E+01
  1.928792E+02     1.275727E+01
  1.955651E+02     1.265163E+01
  1.982884E+02     1.254729E+01
  2.010496E+02     1.244425E+01
  2.038493E+02     1.234249E+01
  2.066880E+02     1.224201E+01
  2.095662E+02     1.214278E+01
  2.124845E+02     1.204478E+01
  2.154435E+02     1.194797E+01
  2.184436E+02     1.185234E+01
  2.214855E+02     1.175787E+01
  2.245698E+02     1.166458E+01
  2.276970E+02     1.157246E+01
  2.308678E+02     1.148151E+01
  2.340827E+02     1.139173E+01
  2.373424E+02     1.130310E+01
  2.406475E+02     1.121560E+01
  2.439986E+02     1.112921E+01
  2.473964E+02     1.104391E+01
  2.508415E+02     1.095966E+01
  2.543346E+02     1.087647E+01
  2.578763E+02     1.079434E+01
  2.614673E+02     1.071326E+01
  2.651084E+02     1.063325E+01
  2.688001E+02     1.055429E+01
  2.725433E+02     1.047637E+01
  2.763385E+02     1.039949E+01
  2.801867E+02     1.032362E+01
  2.840884E+02     1.024874E+01
  2.880444E+02     1.017482E+01
  2.920556E+02     1.010187E+01
  2.961225E+02     1.002988E+01
  3.002462E+02     9.958857E+00
  3.044272E+02     9.888799E+00
  3.086665E+02     9.819702E+00
  3.129648E+02     9.751557E+00
  3.173230E+02     9.684350E+00
  3.217418E+02     9.618066E+00
  3.262222E+02     9.552682E+00
  3.307650E+02     9.488174E+00
  3.353710E+02     9.424538E+00
  3.400412E+02     9.361775E+00
  3.447764E+02     9.299888E+00
  3.495776E+02     9.238875E+00
  3.544456E+02     9.178732E+00
  3.593814E+02     9.119449E+00
  3.643859E+02     9.061017E+00
  3.694601E+02     9.003419E+00
  3.746050E+02     8.946636E+00
  3.798215E+02     8.890645E+00
  3.851107E+02     8.835439E+00
  3.904735E+02     8.781022E+00
  3.959110E+02     8.727393E+00
  4.014242E+02     8.674553E+00
  4.070142E+02     8.622497E+00
  4.126821E+02     8.571218E+00
  4.184289E+02     8.520706E+00
  4.242556E+02     8.470948E+00
  4.301636E+02     8.421925E+00
  4.361538E+02     8.373618E+00
  4.422274E+02     8.326019E+00
  4.483856E+02     8.279130E+00
  4.546295E+02     8.232952E+00
  4.609604E+02     8.187484E+00
  4.673795E+02     8.142723E+00
  4.738880E+02     8.098663E+00
  4.804870E+02     8.055295E+00
  4.871780E+02     8.012607E+00
  4.939622E+02     7.970584E+00
  5.008408E+02     7.929208E+00
  5.078152E+02     7.888469E+00
  5.148867E+02     7.848370E+00
  5.220568E+02     7.808912E+00
  5.293266E+02     7.770092E+00
  5.366977E+02     7.731908E+00
  5.441714E+02     7.694353E+00
  5.517492E+02     7.657421E+00
  5.594326E+02     7.621099E+00
  5.672229E+02     7.585373E+00
  5.751217E+02     7.550228E+00
  5.831305E+02     7.515653E+00
  5.912508E+02     7.481649E+00
  5.994843E+02     7.448217E+00
  6.078323E+02     7.415357E+00
  6.162966E+02     7.383064E+00
  6.248788E+02     7.351335E+00
  6.335805E+02     7.320162E+00
  6.424034E+02     7.289536E+00
  6.513491E+02     7.259445E+00
  6.604194E+02     7.229874E+00
  6.696160E+02     7.200812E+00
  6.789407E+02     7.172258E+00
  6.883952E+02     7.144210E+00
  6.979814E+02     7.116664E+00
  7.077011E+02     7.089614E+00
  7.175561E+02     7.063053E+00
  7.275484E+02     7.036972E+00
  7.376798E+02     7.011357E+00
  7.479523E+02     6.986196E+00
  7.583678E+02     6.961469E+00
  7.689284E+02     6.937166E+00
  7.796360E+02     6.913293E+00
  7.904928E+02     6.889857E+00
  8.015007E+02     6.866867E+00
  8.126619E+02     6.844329E+00
  8.239786E+02     6.822250E+00
  8.354528E+02     6.800633E+00
  8.470868E+02     6.779485E+00
  8.588829E+02     6.758808E+00
  8.708431E+02     6.738604E+00
  8.829700E+02     6.718864E+00
  8.952657E+02     6.699550E+00
  9.077327E+02     6.680611E+00
  9.203732E+02     6.661991E+00
  9.331898E+02     6.643629E+00
  9.461848E+02     6.625457E+00
  9.593608E+02     6.607402E+00
  9.727203E+02     6.589383E+00
  9.862658E+02     6.571309E+00
  1.000000E+03     6.553087E+00
