FILE CREATED BY  : PROGRAM DPASS - VERSION 2.00
DATABASE VERSION : 21.06
DATE AND TIME    : 09/08/2022 21:43:09
PROJECTILE       : Ga
TARGET           : Nb
TARGET AT. MASS  : 9.290640E+01
TARGET DENSITY   : 8.570000E+00 g/cm^3
TABULATED OUTPUT : STOPPING FORCE VERSUS ENERGY
DATA TYPE        : SPLINE INTERPOLATED
ABSCISSA UNITS   : MeV/u
ORDINATE UNITS   : eV/nm


      E/n             S(E/n)

  1.000000E-03     6.871574E+02
  1.013925E-03     6.918329E+02
  1.028045E-03     6.965702E+02
  1.042361E-03     7.013665E+02
  1.056876E-03     7.062189E+02
  1.071593E-03     7.111242E+02
  1.086516E-03     7.160787E+02
  1.101646E-03     7.210785E+02
  1.116987E-03     7.261194E+02
  1.132541E-03     7.311966E+02
  1.148312E-03     7.363050E+02
  1.164303E-03     7.414402E+02
  1.180517E-03     7.466016E+02
  1.196956E-03     7.517904E+02
  1.213624E-03     7.570080E+02
  1.230524E-03     7.622557E+02
  1.247660E-03     7.675351E+02
  1.265034E-03     7.728480E+02
  1.282650E-03     7.781962E+02
  1.300511E-03     7.835817E+02
  1.318621E-03     7.890069E+02
  1.336984E-03     7.944738E+02
  1.355602E-03     7.999831E+02
  1.374479E-03     8.055345E+02
  1.393619E-03     8.111278E+02
  1.413026E-03     8.167628E+02
  1.432703E-03     8.224392E+02
  1.452654E-03     8.281568E+02
  1.472883E-03     8.339151E+02
  1.493393E-03     8.397140E+02
  1.514189E-03     8.455530E+02
  1.535275E-03     8.514319E+02
  1.556654E-03     8.573508E+02
  1.578331E-03     8.633100E+02
  1.600310E-03     8.693098E+02
  1.622595E-03     8.753509E+02
  1.645191E-03     8.814336E+02
  1.668101E-03     8.875586E+02
  1.691330E-03     8.937264E+02
  1.714882E-03     8.999377E+02
  1.738762E-03     9.061932E+02
  1.762975E-03     9.124937E+02
  1.787526E-03     9.188396E+02
  1.812418E-03     9.252311E+02
  1.837656E-03     9.316682E+02
  1.863246E-03     9.381512E+02
  1.889193E-03     9.446803E+02
  1.915501E-03     9.512555E+02
  1.942175E-03     9.578773E+02
  1.969220E-03     9.645458E+02
  1.996642E-03     9.712613E+02
  2.024447E-03     9.780241E+02
  2.052638E-03     9.848345E+02
  2.081222E-03     9.916929E+02
  2.110203E-03     9.985995E+02
  2.139589E-03     1.005555E+03
  2.169384E-03     1.012559E+03
  2.199593E-03     1.019612E+03
  2.230223E-03     1.026716E+03
  2.261280E-03     1.033869E+03
  2.292769E-03     1.041074E+03
  2.324697E-03     1.048330E+03
  2.357069E-03     1.055638E+03
  2.389893E-03     1.062999E+03
  2.423173E-03     1.070411E+03
  2.456916E-03     1.077877E+03
  2.491130E-03     1.085396E+03
  2.525820E-03     1.092968E+03
  2.560993E-03     1.100593E+03
  2.596656E-03     1.108273E+03
  2.632815E-03     1.116008E+03
  2.669478E-03     1.123798E+03
  2.706652E-03     1.131643E+03
  2.744343E-03     1.139544E+03
  2.782559E-03     1.147501E+03
  2.821308E-03     1.155515E+03
  2.860596E-03     1.163585E+03
  2.900430E-03     1.171713E+03
  2.940820E-03     1.179899E+03
  2.981772E-03     1.188143E+03
  3.023295E-03     1.196445E+03
  3.065395E-03     1.204808E+03
  3.108082E-03     1.213230E+03
  3.151363E-03     1.221713E+03
  3.195248E-03     1.230256E+03
  3.239743E-03     1.238861E+03
  3.284857E-03     1.247527E+03
  3.330600E-03     1.256255E+03
  3.376980E-03     1.265045E+03
  3.424006E-03     1.273899E+03
  3.471687E-03     1.282815E+03
  3.520031E-03     1.291796E+03
  3.569049E-03     1.300842E+03
  3.618750E-03     1.309953E+03
  3.669142E-03     1.319129E+03
  3.720237E-03     1.328371E+03
  3.772042E-03     1.337679E+03
  3.824570E-03     1.347055E+03
  3.877828E-03     1.356497E+03
  3.931829E-03     1.366007E+03
  3.986581E-03     1.375585E+03
  4.042096E-03     1.385233E+03
  4.098384E-03     1.394951E+03
  4.155455E-03     1.404738E+03
  4.213322E-03     1.414597E+03
  4.271994E-03     1.424526E+03
  4.331483E-03     1.434527E+03
  4.391801E-03     1.444599E+03
  4.452959E-03     1.454744E+03
  4.514968E-03     1.464963E+03
  4.577841E-03     1.475255E+03
  4.641589E-03     1.485621E+03
  4.706225E-03     1.496063E+03
  4.771761E-03     1.506581E+03
  4.838210E-03     1.517175E+03
  4.905584E-03     1.527845E+03
  4.973896E-03     1.538593E+03
  5.043159E-03     1.549418E+03
  5.113388E-03     1.560322E+03
  5.184594E-03     1.571304E+03
  5.256791E-03     1.582367E+03
  5.329994E-03     1.593510E+03
  5.404216E-03     1.604734E+03
  5.479472E-03     1.616040E+03
  5.555776E-03     1.627428E+03
  5.633143E-03     1.638899E+03
  5.711586E-03     1.650454E+03
  5.791123E-03     1.662092E+03
  5.871766E-03     1.673815E+03
  5.953533E-03     1.685624E+03
  6.036439E-03     1.697519E+03
  6.120498E-03     1.709501E+03
  6.205729E-03     1.721570E+03
  6.292146E-03     1.733729E+03
  6.379767E-03     1.745976E+03
  6.468608E-03     1.758314E+03
  6.558686E-03     1.770741E+03
  6.650018E-03     1.783259E+03
  6.742622E-03     1.795868E+03
  6.836516E-03     1.808570E+03
  6.931717E-03     1.821364E+03
  7.028244E-03     1.834252E+03
  7.126115E-03     1.847236E+03
  7.225349E-03     1.860314E+03
  7.325965E-03     1.873489E+03
  7.427982E-03     1.886760E+03
  7.531420E-03     1.900127E+03
  7.636298E-03     1.913593E+03
  7.742637E-03     1.927156E+03
  7.850456E-03     1.940819E+03
  7.959777E-03     1.954581E+03
  8.070620E-03     1.968444E+03
  8.183007E-03     1.982408E+03
  8.296959E-03     1.996475E+03
  8.412497E-03     2.010644E+03
  8.529644E-03     2.024918E+03
  8.648423E-03     2.039295E+03
  8.768856E-03     2.053777E+03
  8.890966E-03     2.068365E+03
  9.014776E-03     2.083060E+03
  9.140311E-03     2.097863E+03
  9.267593E-03     2.112775E+03
  9.396648E-03     2.127797E+03
  9.527500E-03     2.142930E+03
  9.660175E-03     2.158174E+03
  9.794697E-03     2.173531E+03
  9.931092E-03     2.189002E+03
  1.006939E-02     2.204586E+03
  1.020961E-02     2.220286E+03
  1.035178E-02     2.236102E+03
  1.049593E-02     2.252035E+03
  1.064209E-02     2.268087E+03
  1.079029E-02     2.284259E+03
  1.094055E-02     2.300552E+03
  1.109290E-02     2.316966E+03
  1.124737E-02     2.333503E+03
  1.140400E-02     2.350162E+03
  1.156280E-02     2.366946E+03
  1.172382E-02     2.383854E+03
  1.188708E-02     2.400888E+03
  1.205261E-02     2.418048E+03
  1.222045E-02     2.435336E+03
  1.239062E-02     2.452753E+03
  1.256317E-02     2.470301E+03
  1.273811E-02     2.487978E+03
  1.291550E-02     2.505788E+03
  1.309535E-02     2.523729E+03
  1.327771E-02     2.541804E+03
  1.346261E-02     2.560013E+03
  1.365008E-02     2.578356E+03
  1.384016E-02     2.596836E+03
  1.403289E-02     2.615453E+03
  1.422830E-02     2.634209E+03
  1.442644E-02     2.653104E+03
  1.462733E-02     2.672141E+03
  1.483103E-02     2.691318E+03
  1.503755E-02     2.710639E+03
  1.524696E-02     2.730102E+03
  1.545928E-02     2.749710E+03
  1.567455E-02     2.769464E+03
  1.589283E-02     2.789366E+03
  1.611414E-02     2.809415E+03
  1.633854E-02     2.829615E+03
  1.656606E-02     2.849966E+03
  1.679675E-02     2.870470E+03
  1.703065E-02     2.891127E+03
  1.726781E-02     2.911938E+03
  1.750827E-02     2.932905E+03
  1.775208E-02     2.954028E+03
  1.799929E-02     2.975309E+03
  1.824993E-02     2.996749E+03
  1.850407E-02     3.018350E+03
  1.876175E-02     3.040113E+03
  1.902301E-02     3.062039E+03
  1.928792E-02     3.084130E+03
  1.955651E-02     3.106387E+03
  1.982884E-02     3.128810E+03
  2.010496E-02     3.151400E+03
  2.038493E-02     3.174158E+03
  2.066880E-02     3.197086E+03
  2.095662E-02     3.220185E+03
  2.124845E-02     3.243456E+03
  2.154435E-02     3.266900E+03
  2.184436E-02     3.290520E+03
  2.214855E-02     3.314315E+03
  2.245698E-02     3.338287E+03
  2.276970E-02     3.362436E+03
  2.308678E-02     3.386763E+03
  2.340827E-02     3.411270E+03
  2.373424E-02     3.435956E+03
  2.406475E-02     3.460823E+03
  2.439986E-02     3.485873E+03
  2.473964E-02     3.511106E+03
  2.508415E-02     3.536524E+03
  2.543346E-02     3.562127E+03
  2.578763E-02     3.587917E+03
  2.614673E-02     3.613895E+03
  2.651084E-02     3.640060E+03
  2.688001E-02     3.666415E+03
  2.725433E-02     3.692960E+03
  2.763385E-02     3.719696E+03
  2.801867E-02     3.746625E+03
  2.840884E-02     3.773749E+03
  2.880444E-02     3.801068E+03
  2.920556E-02     3.828584E+03
  2.961225E-02     3.856297E+03
  3.002462E-02     3.884209E+03
  3.044272E-02     3.912320E+03
  3.086665E-02     3.940632E+03
  3.129648E-02     3.969145E+03
  3.173230E-02     3.997861E+03
  3.217418E-02     4.026782E+03
  3.262222E-02     4.055909E+03
  3.307650E-02     4.085243E+03
  3.353710E-02     4.114787E+03
  3.400412E-02     4.144541E+03
  3.447764E-02     4.174506E+03
  3.495776E-02     4.204683E+03
  3.544456E-02     4.235074E+03
  3.593814E-02     4.265680E+03
  3.643859E-02     4.296504E+03
  3.694601E-02     4.327546E+03
  3.746050E-02     4.358809E+03
  3.798215E-02     4.390296E+03
  3.851107E-02     4.422007E+03
  3.904735E-02     4.453945E+03
  3.959110E-02     4.486110E+03
  4.014242E-02     4.518504E+03
  4.070142E-02     4.551129E+03
  4.126821E-02     4.583986E+03
  4.184289E-02     4.617078E+03
  4.242556E-02     4.650408E+03
  4.301636E-02     4.683976E+03
  4.361538E-02     4.717787E+03
  4.422274E-02     4.751842E+03
  4.483856E-02     4.786143E+03
  4.546295E-02     4.820692E+03
  4.609604E-02     4.855490E+03
  4.673795E-02     4.890540E+03
  4.738880E-02     4.925844E+03
  4.804870E-02     4.961403E+03
  4.871780E-02     4.997222E+03
  4.939622E-02     5.033303E+03
  5.008408E-02     5.069649E+03
  5.078152E-02     5.106264E+03
  5.148867E-02     5.143147E+03
  5.220568E-02     5.180303E+03
  5.293266E-02     5.217732E+03
  5.366977E-02     5.255438E+03
  5.441714E-02     5.293422E+03
  5.517492E-02     5.331687E+03
  5.594326E-02     5.370238E+03
  5.672229E-02     5.409076E+03
  5.751217E-02     5.448205E+03
  5.831305E-02     5.487630E+03
  5.912508E-02     5.527350E+03
  5.994843E-02     5.567370E+03
  6.078323E-02     5.607691E+03
  6.162966E-02     5.648316E+03
  6.248788E-02     5.689247E+03
  6.335805E-02     5.730489E+03
  6.424034E-02     5.772043E+03
  6.513491E-02     5.813914E+03
  6.604194E-02     5.856105E+03
  6.696160E-02     5.898621E+03
  6.789407E-02     5.941463E+03
  6.883952E-02     5.984633E+03
  6.979814E-02     6.028135E+03
  7.077011E-02     6.071970E+03
  7.175561E-02     6.116141E+03
  7.275484E-02     6.160652E+03
  7.376798E-02     6.205507E+03
  7.479523E-02     6.250707E+03
  7.583678E-02     6.296259E+03
  7.689284E-02     6.342164E+03
  7.796360E-02     6.388426E+03
  7.904928E-02     6.435047E+03
  8.015007E-02     6.482027E+03
  8.126619E-02     6.529371E+03
  8.239786E-02     6.577080E+03
  8.354528E-02     6.625157E+03
  8.470868E-02     6.673606E+03
  8.588829E-02     6.722429E+03
  8.708431E-02     6.771630E+03
  8.829700E-02     6.821213E+03
  8.952657E-02     6.871178E+03
  9.077327E-02     6.921530E+03
  9.203732E-02     6.972269E+03
  9.331898E-02     7.023399E+03
  9.461848E-02     7.074921E+03
  9.593608E-02     7.126838E+03
  9.727203E-02     7.179154E+03
  9.862658E-02     7.231872E+03
  1.000000E-01     7.284995E+03
  1.013925E-01     7.338527E+03
  1.028045E-01     7.392469E+03
  1.042361E-01     7.446824E+03
  1.056876E-01     7.501594E+03
  1.071593E-01     7.556779E+03
  1.086516E-01     7.612383E+03
  1.101646E-01     7.668408E+03
  1.116987E-01     7.724857E+03
  1.132541E-01     7.781731E+03
  1.148312E-01     7.839035E+03
  1.164303E-01     7.896771E+03
  1.180517E-01     7.954940E+03
  1.196956E-01     8.013541E+03
  1.213624E-01     8.072573E+03
  1.230524E-01     8.132036E+03
  1.247660E-01     8.191929E+03
  1.265034E-01     8.252251E+03
  1.282650E-01     8.313003E+03
  1.300511E-01     8.374183E+03
  1.318621E-01     8.435791E+03
  1.336984E-01     8.497826E+03
  1.355602E-01     8.560287E+03
  1.374479E-01     8.623171E+03
  1.393619E-01     8.686476E+03
  1.413026E-01     8.750201E+03
  1.432703E-01     8.814342E+03
  1.452654E-01     8.878898E+03
  1.472883E-01     8.943865E+03
  1.493393E-01     9.009243E+03
  1.514189E-01     9.075027E+03
  1.535275E-01     9.141216E+03
  1.556654E-01     9.207807E+03
  1.578331E-01     9.274797E+03
  1.600310E-01     9.342183E+03
  1.622595E-01     9.409963E+03
  1.645191E-01     9.478133E+03
  1.668101E-01     9.546690E+03
  1.691330E-01     9.615633E+03
  1.714882E-01     9.684957E+03
  1.738762E-01     9.754661E+03
  1.762975E-01     9.824742E+03
  1.787526E-01     9.895196E+03
  1.812418E-01     9.966020E+03
  1.837656E-01     1.003721E+04
  1.863246E-01     1.010876E+04
  1.889193E-01     1.018067E+04
  1.915501E-01     1.025293E+04
  1.942175E-01     1.032554E+04
  1.969220E-01     1.039850E+04
  1.996642E-01     1.047180E+04
  2.024447E-01     1.054544E+04
  2.052638E-01     1.061942E+04
  2.081222E-01     1.069372E+04
  2.110203E-01     1.076835E+04
  2.139589E-01     1.084330E+04
  2.169384E-01     1.091856E+04
  2.199593E-01     1.099412E+04
  2.230223E-01     1.106999E+04
  2.261280E-01     1.114615E+04
  2.292769E-01     1.122261E+04
  2.324697E-01     1.129935E+04
  2.357069E-01     1.137637E+04
  2.389893E-01     1.145366E+04
  2.423173E-01     1.153121E+04
  2.456916E-01     1.160902E+04
  2.491130E-01     1.168707E+04
  2.525820E-01     1.176536E+04
  2.560993E-01     1.184388E+04
  2.596656E-01     1.192263E+04
  2.632815E-01     1.200158E+04
  2.669478E-01     1.208074E+04
  2.706652E-01     1.216009E+04
  2.744343E-01     1.223963E+04
  2.782559E-01     1.231934E+04
  2.821308E-01     1.239920E+04
  2.860596E-01     1.247921E+04
  2.900430E-01     1.255936E+04
  2.940820E-01     1.263962E+04
  2.981772E-01     1.271999E+04
  3.023295E-01     1.280046E+04
  3.065395E-01     1.288100E+04
  3.108082E-01     1.296162E+04
  3.151363E-01     1.304229E+04
  3.195248E-01     1.312300E+04
  3.239743E-01     1.320374E+04
  3.284857E-01     1.328448E+04
  3.330600E-01     1.336523E+04
  3.376980E-01     1.344595E+04
  3.424006E-01     1.352665E+04
  3.471687E-01     1.360730E+04
  3.520031E-01     1.368789E+04
  3.569049E-01     1.376841E+04
  3.618750E-01     1.384885E+04
  3.669142E-01     1.392920E+04
  3.720237E-01     1.400944E+04
  3.772042E-01     1.408957E+04
  3.824570E-01     1.416957E+04
  3.877828E-01     1.424944E+04
  3.931829E-01     1.432918E+04
  3.986581E-01     1.440877E+04
  4.042096E-01     1.448821E+04
  4.098384E-01     1.456750E+04
  4.155455E-01     1.464662E+04
  4.213322E-01     1.472557E+04
  4.271994E-01     1.480433E+04
  4.331483E-01     1.488291E+04
  4.391801E-01     1.496130E+04
  4.452959E-01     1.503949E+04
  4.514968E-01     1.511747E+04
  4.577841E-01     1.519526E+04
  4.641589E-01     1.527283E+04
  4.706225E-01     1.535021E+04
  4.771761E-01     1.542736E+04
  4.838210E-01     1.550428E+04
  4.905584E-01     1.558094E+04
  4.973896E-01     1.565733E+04
  5.043159E-01     1.573344E+04
  5.113388E-01     1.580925E+04
  5.184594E-01     1.588474E+04
  5.256791E-01     1.595991E+04
  5.329994E-01     1.603473E+04
  5.404216E-01     1.610919E+04
  5.479472E-01     1.618328E+04
  5.555776E-01     1.625696E+04
  5.633143E-01     1.633023E+04
  5.711586E-01     1.640306E+04
  5.791123E-01     1.647543E+04
  5.871766E-01     1.654731E+04
  5.953533E-01     1.661869E+04
  6.036439E-01     1.668954E+04
  6.120498E-01     1.675986E+04
  6.205729E-01     1.682961E+04
  6.292146E-01     1.689879E+04
  6.379767E-01     1.696738E+04
  6.468608E-01     1.703535E+04
  6.558686E-01     1.710271E+04
  6.650018E-01     1.716942E+04
  6.742622E-01     1.723549E+04
  6.836516E-01     1.730090E+04
  6.931717E-01     1.736564E+04
  7.028244E-01     1.742970E+04
  7.126115E-01     1.749309E+04
  7.225349E-01     1.755579E+04
  7.325965E-01     1.761778E+04
  7.427982E-01     1.767906E+04
  7.531420E-01     1.773962E+04
  7.636298E-01     1.779945E+04
  7.742637E-01     1.785853E+04
  7.850456E-01     1.791688E+04
  7.959777E-01     1.797448E+04
  8.070620E-01     1.803134E+04
  8.183007E-01     1.808746E+04
  8.296959E-01     1.814284E+04
  8.412497E-01     1.819746E+04
  8.529644E-01     1.825132E+04
  8.648423E-01     1.830440E+04
  8.768856E-01     1.835672E+04
  8.890966E-01     1.840825E+04
  9.014776E-01     1.845900E+04
  9.140311E-01     1.850898E+04
  9.267593E-01     1.855819E+04
  9.396648E-01     1.860663E+04
  9.527500E-01     1.865431E+04
  9.660175E-01     1.870121E+04
  9.794697E-01     1.874733E+04
  9.931092E-01     1.879265E+04
  1.006939E+00     1.883717E+04
  1.020961E+00     1.888088E+04
  1.035178E+00     1.892380E+04
  1.049593E+00     1.896590E+04
  1.064209E+00     1.900721E+04
  1.079029E+00     1.904772E+04
  1.094055E+00     1.908744E+04
  1.109290E+00     1.912635E+04
  1.124737E+00     1.916444E+04
  1.140400E+00     1.920173E+04
  1.156280E+00     1.923819E+04
  1.172382E+00     1.927383E+04
  1.188708E+00     1.930865E+04
  1.205261E+00     1.934266E+04
  1.222045E+00     1.937585E+04
  1.239062E+00     1.940825E+04
  1.256317E+00     1.943984E+04
  1.273811E+00     1.947063E+04
  1.291550E+00     1.950061E+04
  1.309535E+00     1.952976E+04
  1.327771E+00     1.955808E+04
  1.346261E+00     1.958557E+04
  1.365008E+00     1.961222E+04
  1.384016E+00     1.963805E+04
  1.403289E+00     1.966304E+04
  1.422830E+00     1.968720E+04
  1.442644E+00     1.971054E+04
  1.462733E+00     1.973305E+04
  1.483103E+00     1.975473E+04
  1.503755E+00     1.977555E+04
  1.524696E+00     1.979553E+04
  1.545928E+00     1.981466E+04
  1.567455E+00     1.983293E+04
  1.589283E+00     1.985036E+04
  1.611414E+00     1.986695E+04
  1.633854E+00     1.988269E+04
  1.656606E+00     1.989761E+04
  1.679675E+00     1.991168E+04
  1.703065E+00     1.992491E+04
  1.726781E+00     1.993729E+04
  1.750827E+00     1.994882E+04
  1.775208E+00     1.995949E+04
  1.799929E+00     1.996930E+04
  1.824993E+00     1.997826E+04
  1.850407E+00     1.998637E+04
  1.876175E+00     1.999365E+04
  1.902301E+00     2.000008E+04
  1.928792E+00     2.000568E+04
  1.955651E+00     2.001043E+04
  1.982884E+00     2.001433E+04
  2.010496E+00     2.001738E+04
  2.038493E+00     2.001957E+04
  2.066880E+00     2.002091E+04
  2.095662E+00     2.002141E+04
  2.124845E+00     2.002106E+04
  2.154435E+00     2.001987E+04
  2.184436E+00     2.001785E+04
  2.214855E+00     2.001500E+04
  2.245698E+00     2.001131E+04
  2.276970E+00     2.000679E+04
  2.308678E+00     2.000142E+04
  2.340827E+00     1.999521E+04
  2.373424E+00     1.998817E+04
  2.406475E+00     1.998029E+04
  2.439986E+00     1.997159E+04
  2.473964E+00     1.996207E+04
  2.508415E+00     1.995174E+04
  2.543346E+00     1.994059E+04
  2.578763E+00     1.992864E+04
  2.614673E+00     1.991587E+04
  2.651084E+00     1.990229E+04
  2.688001E+00     1.988789E+04
  2.725433E+00     1.987268E+04
  2.763385E+00     1.985667E+04
  2.801867E+00     1.983986E+04
  2.840884E+00     1.982227E+04
  2.880444E+00     1.980389E+04
  2.920556E+00     1.978474E+04
  2.961225E+00     1.976480E+04
  3.002462E+00     1.974409E+04
  3.044272E+00     1.972259E+04
  3.086665E+00     1.970031E+04
  3.129648E+00     1.967725E+04
  3.173230E+00     1.965342E+04
  3.217418E+00     1.962881E+04
  3.262222E+00     1.960345E+04
  3.307650E+00     1.957733E+04
  3.353710E+00     1.955046E+04
  3.400412E+00     1.952284E+04
  3.447764E+00     1.949447E+04
  3.495776E+00     1.946535E+04
  3.544456E+00     1.943549E+04
  3.593814E+00     1.940489E+04
  3.643859E+00     1.937356E+04
  3.694601E+00     1.934150E+04
  3.746050E+00     1.930873E+04
  3.798215E+00     1.927526E+04
  3.851107E+00     1.924110E+04
  3.904735E+00     1.920623E+04
  3.959110E+00     1.917066E+04
  4.014242E+00     1.913439E+04
  4.070142E+00     1.909743E+04
  4.126821E+00     1.905976E+04
  4.184289E+00     1.902141E+04
  4.242556E+00     1.898236E+04
  4.301636E+00     1.894263E+04
  4.361538E+00     1.890222E+04
  4.422274E+00     1.886114E+04
  4.483856E+00     1.881938E+04
  4.546295E+00     1.877695E+04
  4.609604E+00     1.873385E+04
  4.673795E+00     1.869009E+04
  4.738880E+00     1.864567E+04
  4.804870E+00     1.860060E+04
  4.871780E+00     1.855487E+04
  4.939622E+00     1.850851E+04
  5.008408E+00     1.846152E+04
  5.078152E+00     1.841391E+04
  5.148867E+00     1.836568E+04
  5.220568E+00     1.831682E+04
  5.293266E+00     1.826735E+04
  5.366977E+00     1.821726E+04
  5.441714E+00     1.816656E+04
  5.517492E+00     1.811525E+04
  5.594326E+00     1.806334E+04
  5.672229E+00     1.801084E+04
  5.751217E+00     1.795775E+04
  5.831305E+00     1.790407E+04
  5.912508E+00     1.784982E+04
  5.994843E+00     1.779498E+04
  6.078323E+00     1.773957E+04
  6.162966E+00     1.768358E+04
  6.248788E+00     1.762701E+04
  6.335805E+00     1.756988E+04
  6.424034E+00     1.751218E+04
  6.513491E+00     1.745392E+04
  6.604194E+00     1.739510E+04
  6.696160E+00     1.733573E+04
  6.789407E+00     1.727582E+04
  6.883952E+00     1.721535E+04
  6.979814E+00     1.715435E+04
  7.077011E+00     1.709281E+04
  7.175561E+00     1.703074E+04
  7.275484E+00     1.696815E+04
  7.376798E+00     1.690503E+04
  7.479523E+00     1.684140E+04
  7.583678E+00     1.677726E+04
  7.689284E+00     1.671262E+04
  7.796360E+00     1.664749E+04
  7.904928E+00     1.658186E+04
  8.015007E+00     1.651575E+04
  8.126619E+00     1.644915E+04
  8.239786E+00     1.638206E+04
  8.354528E+00     1.631450E+04
  8.470868E+00     1.624646E+04
  8.588829E+00     1.617796E+04
  8.708431E+00     1.610900E+04
  8.829700E+00     1.603957E+04
  8.952657E+00     1.596970E+04
  9.077327E+00     1.589938E+04
  9.203732E+00     1.582861E+04
  9.331898E+00     1.575741E+04
  9.461848E+00     1.568578E+04
  9.593608E+00     1.561373E+04
  9.727203E+00     1.554126E+04
  9.862658E+00     1.546837E+04
  1.000000E+01     1.539508E+04
  1.013925E+01     1.532139E+04
  1.028045E+01     1.524732E+04
  1.042361E+01     1.517285E+04
  1.056876E+01     1.509801E+04
  1.071593E+01     1.502280E+04
  1.086516E+01     1.494723E+04
  1.101646E+01     1.487129E+04
  1.116987E+01     1.479501E+04
  1.132541E+01     1.471839E+04
  1.148312E+01     1.464143E+04
  1.164303E+01     1.456415E+04
  1.180517E+01     1.448655E+04
  1.196956E+01     1.440864E+04
  1.213624E+01     1.433042E+04
  1.230524E+01     1.425190E+04
  1.247660E+01     1.417310E+04
  1.265034E+01     1.409401E+04
  1.282650E+01     1.401465E+04
  1.300511E+01     1.393502E+04
  1.318621E+01     1.385513E+04
  1.336984E+01     1.377499E+04
  1.355602E+01     1.369460E+04
  1.374479E+01     1.361398E+04
  1.393619E+01     1.353313E+04
  1.413026E+01     1.345206E+04
  1.432703E+01     1.337079E+04
  1.452654E+01     1.328931E+04
  1.472883E+01     1.320765E+04
  1.493393E+01     1.312581E+04
  1.514189E+01     1.304380E+04
  1.535275E+01     1.296162E+04
  1.556654E+01     1.287929E+04
  1.578331E+01     1.279683E+04
  1.600310E+01     1.271423E+04
  1.622595E+01     1.263150E+04
  1.645191E+01     1.254867E+04
  1.668101E+01     1.246574E+04
  1.691330E+01     1.238271E+04
  1.714882E+01     1.229960E+04
  1.738762E+01     1.221642E+04
  1.762975E+01     1.213317E+04
  1.787526E+01     1.204987E+04
  1.812418E+01     1.196651E+04
  1.837656E+01     1.188313E+04
  1.863246E+01     1.179971E+04
  1.889193E+01     1.171628E+04
  1.915501E+01     1.163284E+04
  1.942175E+01     1.154939E+04
  1.969220E+01     1.146595E+04
  1.996642E+01     1.138253E+04
  2.024447E+01     1.129912E+04
  2.052638E+01     1.121573E+04
  2.081222E+01     1.113239E+04
  2.110203E+01     1.104909E+04
  2.139589E+01     1.096587E+04
  2.169384E+01     1.088273E+04
  2.199593E+01     1.079968E+04
  2.230223E+01     1.071673E+04
  2.261280E+01     1.063390E+04
  2.292769E+01     1.055120E+04
  2.324697E+01     1.046863E+04
  2.357069E+01     1.038621E+04
  2.389893E+01     1.030395E+04
  2.423173E+01     1.022186E+04
  2.456916E+01     1.013995E+04
  2.491130E+01     1.005822E+04
  2.525820E+01     9.976683E+03
  2.560993E+01     9.895345E+03
  2.596656E+01     9.814211E+03
  2.632815E+01     9.733282E+03
  2.669478E+01     9.652561E+03
  2.706652E+01     9.572054E+03
  2.744343E+01     9.491775E+03
  2.782559E+01     9.411736E+03
  2.821308E+01     9.331950E+03
  2.860596E+01     9.252430E+03
  2.900430E+01     9.173186E+03
  2.940820E+01     9.094227E+03
  2.981772E+01     9.015564E+03
  3.023295E+01     8.937203E+03
  3.065395E+01     8.859152E+03
  3.108082E+01     8.781417E+03
  3.151363E+01     8.704009E+03
  3.195248E+01     8.626939E+03
  3.239743E+01     8.550216E+03
  3.284857E+01     8.473847E+03
  3.330600E+01     8.397839E+03
  3.376980E+01     8.322196E+03
  3.424006E+01     8.246922E+03
  3.471687E+01     8.172019E+03
  3.520031E+01     8.097485E+03
  3.569049E+01     8.023323E+03
  3.618750E+01     7.949544E+03
  3.669142E+01     7.876160E+03
  3.720237E+01     7.803180E+03
  3.772042E+01     7.730613E+03
  3.824570E+01     7.658468E+03
  3.877828E+01     7.586750E+03
  3.931829E+01     7.515465E+03
  3.986581E+01     7.444614E+03
  4.042096E+01     7.374201E+03
  4.098384E+01     7.304226E+03
  4.155455E+01     7.234697E+03
  4.213322E+01     7.165624E+03
  4.271994E+01     7.097015E+03
  4.331483E+01     7.028875E+03
  4.391801E+01     6.961208E+03
  4.452959E+01     6.894016E+03
  4.514968E+01     6.827302E+03
  4.577841E+01     6.761062E+03
  4.641589E+01     6.695294E+03
  4.706225E+01     6.629994E+03
  4.771761E+01     6.565169E+03
  4.838210E+01     6.500828E+03
  4.905584E+01     6.436980E+03
  4.973896E+01     6.373629E+03
  5.043159E+01     6.310781E+03
  5.113388E+01     6.248438E+03
  5.184594E+01     6.186602E+03
  5.256791E+01     6.125271E+03
  5.329994E+01     6.064442E+03
  5.404216E+01     6.004111E+03
  5.479472E+01     5.944283E+03
  5.555776E+01     5.884964E+03
  5.633143E+01     5.826160E+03
  5.711586E+01     5.767874E+03
  5.791123E+01     5.710108E+03
  5.871766E+01     5.652862E+03
  5.953533E+01     5.596133E+03
  6.036439E+01     5.539918E+03
  6.120498E+01     5.484208E+03
  6.205729E+01     5.428996E+03
  6.292146E+01     5.374285E+03
  6.379767E+01     5.320081E+03
  6.468608E+01     5.266390E+03
  6.558686E+01     5.213216E+03
  6.650018E+01     5.160560E+03
  6.742622E+01     5.108424E+03
  6.836516E+01     5.056804E+03
  6.931717E+01     5.005698E+03
  7.028244E+01     4.955099E+03
  7.126115E+01     4.905000E+03
  7.225349E+01     4.855401E+03
  7.325965E+01     4.806306E+03
  7.427982E+01     4.757718E+03
  7.531420E+01     4.709638E+03
  7.636298E+01     4.662065E+03
  7.742637E+01     4.614998E+03
  7.850456E+01     4.568430E+03
  7.959777E+01     4.522355E+03
  8.070620E+01     4.476764E+03
  8.183007E+01     4.431645E+03
  8.296959E+01     4.386996E+03
  8.412497E+01     4.342822E+03
  8.529644E+01     4.299126E+03
  8.648423E+01     4.255911E+03
  8.768856E+01     4.213176E+03
  8.890966E+01     4.170920E+03
  9.014776E+01     4.129140E+03
  9.140311E+01     4.087831E+03
  9.267593E+01     4.046985E+03
  9.396648E+01     4.006593E+03
  9.527500E+01     3.966651E+03
  9.660175E+01     3.927164E+03
  9.794697E+01     3.888131E+03
  9.931092E+01     3.849555E+03
  1.006939E+02     3.811432E+03
  1.020961E+02     3.773760E+03
  1.035178E+02     3.736534E+03
  1.049593E+02     3.699747E+03
  1.064209E+02     3.663390E+03
  1.079029E+02     3.627450E+03
  1.094055E+02     3.591923E+03
  1.109290E+02     3.556812E+03
  1.124737E+02     3.522116E+03
  1.140400E+02     3.487838E+03
  1.156280E+02     3.453976E+03
  1.172382E+02     3.420526E+03
  1.188708E+02     3.387485E+03
  1.205261E+02     3.354846E+03
  1.222045E+02     3.322601E+03
  1.239062E+02     3.290740E+03
  1.256317E+02     3.259256E+03
  1.273811E+02     3.228151E+03
  1.291550E+02     3.197427E+03
  1.309535E+02     3.167083E+03
  1.327771E+02     3.137120E+03
  1.346261E+02     3.107533E+03
  1.365008E+02     3.078318E+03
  1.384016E+02     3.049470E+03
  1.403289E+02     3.020982E+03
  1.422830E+02     2.992842E+03
  1.442644E+02     2.965046E+03
  1.462733E+02     2.937593E+03
  1.483103E+02     2.910485E+03
  1.503755E+02     2.883721E+03
  1.524696E+02     2.857299E+03
  1.545928E+02     2.831217E+03
  1.567455E+02     2.805471E+03
  1.589283E+02     2.780054E+03
  1.611414E+02     2.754959E+03
  1.633854E+02     2.730177E+03
  1.656606E+02     2.705701E+03
  1.679675E+02     2.681530E+03
  1.703065E+02     2.657666E+03
  1.726781E+02     2.634110E+03
  1.750827E+02     2.610858E+03
  1.775208E+02     2.587910E+03
  1.799929E+02     2.565262E+03
  1.824993E+02     2.542908E+03
  1.850407E+02     2.520843E+03
  1.876175E+02     2.499058E+03
  1.902301E+02     2.477547E+03
  1.928792E+02     2.456310E+03
  1.955651E+02     2.435346E+03
  1.982884E+02     2.414657E+03
  2.010496E+02     2.394241E+03
  2.038493E+02     2.374096E+03
  2.066880E+02     2.354219E+03
  2.095662E+02     2.334605E+03
  2.124845E+02     2.315249E+03
  2.154435E+02     2.296143E+03
  2.184436E+02     2.277280E+03
  2.214855E+02     2.258661E+03
  2.245698E+02     2.240286E+03
  2.276970E+02     2.222155E+03
  2.308678E+02     2.204267E+03
  2.340827E+02     2.186620E+03
  2.373424E+02     2.169211E+03
  2.406475E+02     2.152037E+03
  2.439986E+02     2.135093E+03
  2.473964E+02     2.118371E+03
  2.508415E+02     2.101867E+03
  2.543346E+02     2.085580E+03
  2.578763E+02     2.069509E+03
  2.614673E+02     2.053655E+03
  2.651084E+02     2.038017E+03
  2.688001E+02     2.022594E+03
  2.725433E+02     2.007384E+03
  2.763385E+02     1.992382E+03
  2.801867E+02     1.977585E+03
  2.840884E+02     1.962987E+03
  2.880444E+02     1.948583E+03
  2.920556E+02     1.934371E+03
  2.961225E+02     1.920352E+03
  3.002462E+02     1.906527E+03
  3.044272E+02     1.892893E+03
  3.086665E+02     1.879451E+03
  3.129648E+02     1.866199E+03
  3.173230E+02     1.853132E+03
  3.217418E+02     1.840249E+03
  3.262222E+02     1.827543E+03
  3.307650E+02     1.815010E+03
  3.353710E+02     1.802649E+03
  3.400412E+02     1.790460E+03
  3.447764E+02     1.778443E+03
  3.495776E+02     1.766598E+03
  3.544456E+02     1.754924E+03
  3.593814E+02     1.743419E+03
  3.643859E+02     1.732081E+03
  3.694601E+02     1.720906E+03
  3.746050E+02     1.709891E+03
  3.798215E+02     1.699030E+03
  3.851107E+02     1.688323E+03
  3.904735E+02     1.677770E+03
  3.959110E+02     1.667371E+03
  4.014242E+02     1.657125E+03
  4.070142E+02     1.647033E+03
  4.126821E+02     1.637092E+03
  4.184289E+02     1.627300E+03
  4.242556E+02     1.617655E+03
  4.301636E+02     1.608152E+03
  4.361538E+02     1.598789E+03
  4.422274E+02     1.589563E+03
  4.483856E+02     1.580475E+03
  4.546295E+02     1.571524E+03
  4.609604E+02     1.562712E+03
  4.673795E+02     1.554036E+03
  4.738880E+02     1.545496E+03
  4.804870E+02     1.537090E+03
  4.871780E+02     1.528816E+03
  4.939622E+02     1.520670E+03
  5.008408E+02     1.512649E+03
  5.078152E+02     1.504752E+03
  5.148867E+02     1.496978E+03
  5.220568E+02     1.489327E+03
  5.293266E+02     1.481800E+03
  5.366977E+02     1.474396E+03
  5.441714E+02     1.467114E+03
  5.517492E+02     1.459952E+03
  5.594326E+02     1.452907E+03
  5.672229E+02     1.445978E+03
  5.751217E+02     1.439161E+03
  5.831305E+02     1.432454E+03
  5.912508E+02     1.425858E+03
  5.994843E+02     1.419372E+03
  6.078323E+02     1.412997E+03
  6.162966E+02     1.406731E+03
  6.248788E+02     1.400575E+03
  6.335805E+02     1.394526E+03
  6.424034E+02     1.388582E+03
  6.513491E+02     1.382743E+03
  6.604194E+02     1.377003E+03
  6.696160E+02     1.371363E+03
  6.789407E+02     1.365821E+03
  6.883952E+02     1.360377E+03
  6.979814E+02     1.355031E+03
  7.077011E+02     1.349781E+03
  7.175561E+02     1.344626E+03
  7.275484E+02     1.339565E+03
  7.376798E+02     1.334595E+03
  7.479523E+02     1.329713E+03
  7.583678E+02     1.324917E+03
  7.689284E+02     1.320203E+03
  7.796360E+02     1.315575E+03
  7.904928E+02     1.311032E+03
  8.015007E+02     1.306576E+03
  8.126619E+02     1.302210E+03
  8.239786E+02     1.297933E+03
  8.354528E+02     1.293747E+03
  8.470868E+02     1.289652E+03
  8.588829E+02     1.285651E+03
  8.708431E+02     1.281741E+03
  8.829700E+02     1.277923E+03
  8.952657E+02     1.274188E+03
  9.077327E+02     1.270527E+03
  9.203732E+02     1.266929E+03
  9.331898E+02     1.263381E+03
  9.461848E+02     1.259871E+03
  9.593608E+02     1.256384E+03
  9.727203E+02     1.252904E+03
  9.862658E+02     1.249415E+03
  1.000000E+03     1.245896E+03
