FILE CREATED BY  : PROGRAM DPASS - VERSION 2.00
DATABASE VERSION : 21.06
DATE AND TIME    : 09/08/2022 21:46:06
PROJECTILE       : Ge
TARGET           : Ca
TARGET AT. MASS  : 4.008000E+01
TARGET DENSITY   : 1.550000E+00 g/cm^3
TABULATED OUTPUT : STOPPING FORCE VERSUS ENERGY
DATA TYPE        : SPLINE INTERPOLATED
ABSCISSA UNITS   : MeV/u
ORDINATE UNITS   : eV/nm


      E/n             S(E/n)

  1.000000E-03     2.069650E+02
  1.013925E-03     2.083890E+02
  1.028045E-03     2.098318E+02
  1.042361E-03     2.112927E+02
  1.056876E-03     2.127708E+02
  1.071593E-03     2.142652E+02
  1.086516E-03     2.157748E+02
  1.101646E-03     2.172986E+02
  1.116987E-03     2.188351E+02
  1.132541E-03     2.203832E+02
  1.148312E-03     2.219413E+02
  1.164303E-03     2.235081E+02
  1.180517E-03     2.250835E+02
  1.196956E-03     2.266678E+02
  1.213624E-03     2.282613E+02
  1.230524E-03     2.298646E+02
  1.247660E-03     2.314779E+02
  1.265034E-03     2.331019E+02
  1.282650E-03     2.347371E+02
  1.300511E-03     2.363839E+02
  1.318621E-03     2.380432E+02
  1.336984E-03     2.397154E+02
  1.355602E-03     2.414008E+02
  1.374479E-03     2.430993E+02
  1.393619E-03     2.448110E+02
  1.413026E-03     2.465358E+02
  1.432703E-03     2.482737E+02
  1.452654E-03     2.500246E+02
  1.472883E-03     2.517885E+02
  1.493393E-03     2.535654E+02
  1.514189E-03     2.553553E+02
  1.535275E-03     2.571581E+02
  1.556654E-03     2.589738E+02
  1.578331E-03     2.608027E+02
  1.600310E-03     2.626447E+02
  1.622595E-03     2.645000E+02
  1.645191E-03     2.663687E+02
  1.668101E-03     2.682510E+02
  1.691330E-03     2.701471E+02
  1.714882E-03     2.720572E+02
  1.738762E-03     2.739813E+02
  1.762975E-03     2.759198E+02
  1.787526E-03     2.778727E+02
  1.812418E-03     2.798401E+02
  1.837656E-03     2.818222E+02
  1.863246E-03     2.838190E+02
  1.889193E-03     2.858307E+02
  1.915501E-03     2.878572E+02
  1.942175E-03     2.898988E+02
  1.969220E-03     2.919556E+02
  1.996642E-03     2.940277E+02
  2.024447E-03     2.961153E+02
  2.052638E-03     2.982185E+02
  2.081222E-03     3.003373E+02
  2.110203E-03     3.024720E+02
  2.139589E-03     3.046226E+02
  2.169384E-03     3.067892E+02
  2.199593E-03     3.089719E+02
  2.230223E-03     3.111709E+02
  2.261280E-03     3.133863E+02
  2.292769E-03     3.156183E+02
  2.324697E-03     3.178671E+02
  2.357069E-03     3.201328E+02
  2.389893E-03     3.224156E+02
  2.423173E-03     3.247154E+02
  2.456916E-03     3.270325E+02
  2.491130E-03     3.293670E+02
  2.525820E-03     3.317190E+02
  2.560993E-03     3.340887E+02
  2.596656E-03     3.364762E+02
  2.632815E-03     3.388818E+02
  2.669478E-03     3.413056E+02
  2.706652E-03     3.437479E+02
  2.744343E-03     3.462086E+02
  2.782559E-03     3.486880E+02
  2.821308E-03     3.511862E+02
  2.860596E-03     3.537033E+02
  2.900430E-03     3.562396E+02
  2.940820E-03     3.587950E+02
  2.981772E-03     3.613700E+02
  3.023295E-03     3.639646E+02
  3.065395E-03     3.665790E+02
  3.108082E-03     3.692136E+02
  3.151363E-03     3.718683E+02
  3.195248E-03     3.745434E+02
  3.239743E-03     3.772389E+02
  3.284857E-03     3.799551E+02
  3.330600E-03     3.826920E+02
  3.376980E-03     3.854499E+02
  3.424006E-03     3.882289E+02
  3.471687E-03     3.910292E+02
  3.520031E-03     3.938512E+02
  3.569049E-03     3.966949E+02
  3.618750E-03     3.995605E+02
  3.669142E-03     4.024482E+02
  3.720237E-03     4.053582E+02
  3.772042E-03     4.082906E+02
  3.824570E-03     4.112455E+02
  3.877828E-03     4.142233E+02
  3.931829E-03     4.172241E+02
  3.986581E-03     4.202481E+02
  4.042096E-03     4.232957E+02
  4.098384E-03     4.263671E+02
  4.155455E-03     4.294623E+02
  4.213322E-03     4.325817E+02
  4.271994E-03     4.357254E+02
  4.331483E-03     4.388935E+02
  4.391801E-03     4.420862E+02
  4.452959E-03     4.453039E+02
  4.514968E-03     4.485466E+02
  4.577841E-03     4.518148E+02
  4.641589E-03     4.551085E+02
  4.706225E-03     4.584282E+02
  4.771761E-03     4.617740E+02
  4.838210E-03     4.651461E+02
  4.905584E-03     4.685446E+02
  4.973896E-03     4.719698E+02
  5.043159E-03     4.754218E+02
  5.113388E-03     4.789010E+02
  5.184594E-03     4.824074E+02
  5.256791E-03     4.859415E+02
  5.329994E-03     4.895035E+02
  5.404216E-03     4.930937E+02
  5.479472E-03     4.967123E+02
  5.555776E-03     5.003594E+02
  5.633143E-03     5.040354E+02
  5.711586E-03     5.077404E+02
  5.791123E-03     5.114747E+02
  5.871766E-03     5.152385E+02
  5.953533E-03     5.190321E+02
  6.036439E-03     5.228559E+02
  6.120498E-03     5.267101E+02
  6.205729E-03     5.305950E+02
  6.292146E-03     5.345110E+02
  6.379767E-03     5.384583E+02
  6.468608E-03     5.424369E+02
  6.558686E-03     5.464472E+02
  6.650018E-03     5.504894E+02
  6.742622E-03     5.545638E+02
  6.836516E-03     5.586707E+02
  6.931717E-03     5.628103E+02
  7.028244E-03     5.669830E+02
  7.126115E-03     5.711891E+02
  7.225349E-03     5.754289E+02
  7.325965E-03     5.797026E+02
  7.427982E-03     5.840104E+02
  7.531420E-03     5.883527E+02
  7.636298E-03     5.927295E+02
  7.742637E-03     5.971413E+02
  7.850456E-03     6.015884E+02
  7.959777E-03     6.060710E+02
  8.070620E-03     6.105896E+02
  8.183007E-03     6.151444E+02
  8.296959E-03     6.197358E+02
  8.412497E-03     6.243640E+02
  8.529644E-03     6.290293E+02
  8.648423E-03     6.337319E+02
  8.768856E-03     6.384720E+02
  8.890966E-03     6.432500E+02
  9.014776E-03     6.480662E+02
  9.140311E-03     6.529209E+02
  9.267593E-03     6.578145E+02
  9.396648E-03     6.627473E+02
  9.527500E-03     6.677198E+02
  9.660175E-03     6.727320E+02
  9.794697E-03     6.777843E+02
  9.931092E-03     6.828770E+02
  1.006939E-02     6.880104E+02
  1.020961E-02     6.931847E+02
  1.035178E-02     6.984003E+02
  1.049593E-02     7.036577E+02
  1.064209E-02     7.089571E+02
  1.079029E-02     7.142990E+02
  1.094055E-02     7.196838E+02
  1.109290E-02     7.251117E+02
  1.124737E-02     7.305829E+02
  1.140400E-02     7.360977E+02
  1.156280E-02     7.416564E+02
  1.172382E-02     7.472594E+02
  1.188708E-02     7.529069E+02
  1.205261E-02     7.585993E+02
  1.222045E-02     7.643370E+02
  1.239062E-02     7.701204E+02
  1.256317E-02     7.759499E+02
  1.273811E-02     7.818256E+02
  1.291550E-02     7.877478E+02
  1.309535E-02     7.937168E+02
  1.327771E-02     7.997328E+02
  1.346261E-02     8.057960E+02
  1.365008E-02     8.119069E+02
  1.384016E-02     8.180657E+02
  1.403289E-02     8.242727E+02
  1.422830E-02     8.305284E+02
  1.442644E-02     8.368331E+02
  1.462733E-02     8.431869E+02
  1.483103E-02     8.495901E+02
  1.503755E-02     8.560429E+02
  1.524696E-02     8.625455E+02
  1.545928E-02     8.690982E+02
  1.567455E-02     8.757012E+02
  1.589283E-02     8.823550E+02
  1.611414E-02     8.890596E+02
  1.633854E-02     8.958157E+02
  1.656606E-02     9.026233E+02
  1.679675E-02     9.094830E+02
  1.703065E-02     9.163949E+02
  1.726781E-02     9.233594E+02
  1.750827E-02     9.303770E+02
  1.775208E-02     9.374479E+02
  1.799929E-02     9.445726E+02
  1.824993E-02     9.517517E+02
  1.850407E-02     9.589855E+02
  1.876175E-02     9.662747E+02
  1.902301E-02     9.736197E+02
  1.928792E-02     9.810209E+02
  1.955651E-02     9.884785E+02
  1.982884E-02     9.959928E+02
  2.010496E-02     1.003564E+03
  2.038493E-02     1.011192E+03
  2.066880E-02     1.018878E+03
  2.095662E-02     1.026622E+03
  2.124845E-02     1.034425E+03
  2.154435E-02     1.042286E+03
  2.184436E-02     1.050206E+03
  2.214855E-02     1.058186E+03
  2.245698E-02     1.066225E+03
  2.276970E-02     1.074324E+03
  2.308678E-02     1.082482E+03
  2.340827E-02     1.090700E+03
  2.373424E-02     1.098977E+03
  2.406475E-02     1.107315E+03
  2.439986E-02     1.115712E+03
  2.473964E-02     1.124170E+03
  2.508415E-02     1.132688E+03
  2.543346E-02     1.141266E+03
  2.578763E-02     1.149904E+03
  2.614673E-02     1.158603E+03
  2.651084E-02     1.167361E+03
  2.688001E-02     1.176180E+03
  2.725433E-02     1.185058E+03
  2.763385E-02     1.193997E+03
  2.801867E-02     1.202995E+03
  2.840884E-02     1.212053E+03
  2.880444E-02     1.221171E+03
  2.920556E-02     1.230349E+03
  2.961225E-02     1.239586E+03
  3.002462E-02     1.248883E+03
  3.044272E-02     1.258239E+03
  3.086665E-02     1.267654E+03
  3.129648E-02     1.277129E+03
  3.173230E-02     1.286662E+03
  3.217418E-02     1.296254E+03
  3.262222E-02     1.305906E+03
  3.307650E-02     1.315616E+03
  3.353710E-02     1.325385E+03
  3.400412E-02     1.335212E+03
  3.447764E-02     1.345099E+03
  3.495776E-02     1.355044E+03
  3.544456E-02     1.365049E+03
  3.593814E-02     1.375112E+03
  3.643859E-02     1.385234E+03
  3.694601E-02     1.395416E+03
  3.746050E-02     1.405657E+03
  3.798215E-02     1.415958E+03
  3.851107E-02     1.426319E+03
  3.904735E-02     1.436740E+03
  3.959110E-02     1.447222E+03
  4.014242E-02     1.457763E+03
  4.070142E-02     1.468366E+03
  4.126821E-02     1.479029E+03
  4.184289E-02     1.489754E+03
  4.242556E-02     1.500540E+03
  4.301636E-02     1.511389E+03
  4.361538E-02     1.522301E+03
  4.422274E-02     1.533276E+03
  4.483856E-02     1.544314E+03
  4.546295E-02     1.555417E+03
  4.609604E-02     1.566584E+03
  4.673795E-02     1.577816E+03
  4.738880E-02     1.589113E+03
  4.804870E-02     1.600476E+03
  4.871780E-02     1.611907E+03
  4.939622E-02     1.623405E+03
  5.008408E-02     1.634973E+03
  5.078152E-02     1.646609E+03
  5.148867E-02     1.658317E+03
  5.220568E-02     1.670095E+03
  5.293266E-02     1.681944E+03
  5.366977E-02     1.693866E+03
  5.441714E-02     1.705861E+03
  5.517492E-02     1.717930E+03
  5.594326E-02     1.730074E+03
  5.672229E-02     1.742295E+03
  5.751217E-02     1.754594E+03
  5.831305E-02     1.766973E+03
  5.912508E-02     1.779431E+03
  5.994843E-02     1.791970E+03
  6.078323E-02     1.804591E+03
  6.162966E-02     1.817295E+03
  6.248788E-02     1.830083E+03
  6.335805E-02     1.842956E+03
  6.424034E-02     1.855916E+03
  6.513491E-02     1.868964E+03
  6.604194E-02     1.882103E+03
  6.696160E-02     1.895332E+03
  6.789407E-02     1.908655E+03
  6.883952E-02     1.922072E+03
  6.979814E-02     1.935583E+03
  7.077011E-02     1.949190E+03
  7.175561E-02     1.962895E+03
  7.275484E-02     1.976699E+03
  7.376798E-02     1.990604E+03
  7.479523E-02     2.004612E+03
  7.583678E-02     2.018724E+03
  7.689284E-02     2.032942E+03
  7.796360E-02     2.047269E+03
  7.904928E-02     2.061703E+03
  8.015007E-02     2.076248E+03
  8.126619E-02     2.090904E+03
  8.239786E-02     2.105673E+03
  8.354528E-02     2.120555E+03
  8.470868E-02     2.135554E+03
  8.588829E-02     2.150670E+03
  8.708431E-02     2.165906E+03
  8.829700E-02     2.181264E+03
  8.952657E-02     2.196744E+03
  9.077327E-02     2.212349E+03
  9.203732E-02     2.228079E+03
  9.331898E-02     2.243935E+03
  9.461848E-02     2.259920E+03
  9.593608E-02     2.276035E+03
  9.727203E-02     2.292282E+03
  9.862658E-02     2.308663E+03
  1.000000E-01     2.325179E+03
  1.013925E-01     2.341833E+03
  1.028045E-01     2.358626E+03
  1.042361E-01     2.375559E+03
  1.056876E-01     2.392635E+03
  1.071593E-01     2.409855E+03
  1.086516E-01     2.427220E+03
  1.101646E-01     2.444732E+03
  1.116987E-01     2.462393E+03
  1.132541E-01     2.480206E+03
  1.148312E-01     2.498172E+03
  1.164303E-01     2.516294E+03
  1.180517E-01     2.534571E+03
  1.196956E-01     2.553004E+03
  1.213624E-01     2.571592E+03
  1.230524E-01     2.590335E+03
  1.247660E-01     2.609231E+03
  1.265034E-01     2.628281E+03
  1.282650E-01     2.647483E+03
  1.300511E-01     2.666837E+03
  1.318621E-01     2.686341E+03
  1.336984E-01     2.705996E+03
  1.355602E-01     2.725799E+03
  1.374479E-01     2.745751E+03
  1.393619E-01     2.765849E+03
  1.413026E-01     2.786093E+03
  1.432703E-01     2.806482E+03
  1.452654E-01     2.827015E+03
  1.472883E-01     2.847690E+03
  1.493393E-01     2.868506E+03
  1.514189E-01     2.889461E+03
  1.535275E-01     2.910553E+03
  1.556654E-01     2.931783E+03
  1.578331E-01     2.953147E+03
  1.600310E-01     2.974646E+03
  1.622595E-01     2.996277E+03
  1.645191E-01     3.018040E+03
  1.668101E-01     3.039933E+03
  1.691330E-01     3.061955E+03
  1.714882E-01     3.084103E+03
  1.738762E-01     3.106378E+03
  1.762975E-01     3.128777E+03
  1.787526E-01     3.151298E+03
  1.812418E-01     3.173940E+03
  1.837656E-01     3.196701E+03
  1.863246E-01     3.219579E+03
  1.889193E-01     3.242573E+03
  1.915501E-01     3.265681E+03
  1.942175E-01     3.288900E+03
  1.969220E-01     3.312230E+03
  1.996642E-01     3.335667E+03
  2.024447E-01     3.359211E+03
  2.052638E-01     3.382858E+03
  2.081222E-01     3.406606E+03
  2.110203E-01     3.430452E+03
  2.139589E-01     3.454393E+03
  2.169384E-01     3.478426E+03
  2.199593E-01     3.502547E+03
  2.230223E-01     3.526753E+03
  2.261280E-01     3.551042E+03
  2.292769E-01     3.575409E+03
  2.324697E-01     3.599851E+03
  2.357069E-01     3.624364E+03
  2.389893E-01     3.648945E+03
  2.423173E-01     3.673588E+03
  2.456916E-01     3.698288E+03
  2.491130E-01     3.723041E+03
  2.525820E-01     3.747843E+03
  2.560993E-01     3.772687E+03
  2.596656E-01     3.797569E+03
  2.632815E-01     3.822484E+03
  2.669478E-01     3.847426E+03
  2.706652E-01     3.872390E+03
  2.744343E-01     3.897370E+03
  2.782559E-01     3.922361E+03
  2.821308E-01     3.947357E+03
  2.860596E-01     3.972351E+03
  2.900430E-01     3.997339E+03
  2.940820E-01     4.022314E+03
  2.981772E-01     4.047270E+03
  3.023295E-01     4.072201E+03
  3.065395E-01     4.097100E+03
  3.108082E-01     4.121962E+03
  3.151363E-01     4.146780E+03
  3.195248E-01     4.171549E+03
  3.239743E-01     4.196262E+03
  3.284857E-01     4.220913E+03
  3.330600E-01     4.245496E+03
  3.376980E-01     4.270006E+03
  3.424006E-01     4.294437E+03
  3.471687E-01     4.318782E+03
  3.520031E-01     4.343036E+03
  3.569049E-01     4.367193E+03
  3.618750E-01     4.391247E+03
  3.669142E-01     4.415193E+03
  3.720237E-01     4.439024E+03
  3.772042E-01     4.462736E+03
  3.824570E-01     4.486323E+03
  3.877828E-01     4.509780E+03
  3.931829E-01     4.533101E+03
  3.986581E-01     4.556283E+03
  4.042096E-01     4.579320E+03
  4.098384E-01     4.602209E+03
  4.155455E-01     4.624944E+03
  4.213322E-01     4.647519E+03
  4.271994E-01     4.669930E+03
  4.331483E-01     4.692172E+03
  4.391801E-01     4.714240E+03
  4.452959E-01     4.736130E+03
  4.514968E-01     4.757838E+03
  4.577841E-01     4.779360E+03
  4.641589E-01     4.800695E+03
  4.706225E-01     4.821839E+03
  4.771761E-01     4.842787E+03
  4.838210E-01     4.863535E+03
  4.905584E-01     4.884077E+03
  4.973896E-01     4.904409E+03
  5.043159E-01     4.924529E+03
  5.113388E-01     4.944431E+03
  5.184594E-01     4.964114E+03
  5.256791E-01     4.983575E+03
  5.329994E-01     5.002812E+03
  5.404216E-01     5.021824E+03
  5.479472E-01     5.040607E+03
  5.555776E-01     5.059157E+03
  5.633143E-01     5.077470E+03
  5.711586E-01     5.095543E+03
  5.791123E-01     5.113372E+03
  5.871766E-01     5.130955E+03
  5.953533E-01     5.148292E+03
  6.036439E-01     5.165380E+03
  6.120498E-01     5.182220E+03
  6.205729E-01     5.198811E+03
  6.292146E-01     5.215152E+03
  6.379767E-01     5.231240E+03
  6.468608E-01     5.247071E+03
  6.558686E-01     5.262645E+03
  6.650018E-01     5.277958E+03
  6.742622E-01     5.293012E+03
  6.836516E-01     5.307806E+03
  6.931717E-01     5.322340E+03
  7.028244E-01     5.336618E+03
  7.126115E-01     5.350641E+03
  7.225349E-01     5.364409E+03
  7.325965E-01     5.377919E+03
  7.427982E-01     5.391168E+03
  7.531420E-01     5.404157E+03
  7.636298E-01     5.416884E+03
  7.742637E-01     5.429349E+03
  7.850456E-01     5.441553E+03
  7.959777E-01     5.453498E+03
  8.070620E-01     5.465186E+03
  8.183007E-01     5.476622E+03
  8.296959E-01     5.487805E+03
  8.412497E-01     5.498733E+03
  8.529644E-01     5.509404E+03
  8.648423E-01     5.519819E+03
  8.768856E-01     5.529977E+03
  8.890966E-01     5.539879E+03
  9.014776E-01     5.549526E+03
  9.140311E-01     5.558920E+03
  9.267593E-01     5.568065E+03
  9.396648E-01     5.576965E+03
  9.527500E-01     5.585620E+03
  9.660175E-01     5.594029E+03
  9.794697E-01     5.602192E+03
  9.931092E-01     5.610108E+03
  1.006939E+00     5.617777E+03
  1.020961E+00     5.625200E+03
  1.035178E+00     5.632379E+03
  1.049593E+00     5.639316E+03
  1.064209E+00     5.646014E+03
  1.079029E+00     5.652479E+03
  1.094055E+00     5.658710E+03
  1.109290E+00     5.664709E+03
  1.124737E+00     5.670472E+03
  1.140400E+00     5.676001E+03
  1.156280E+00     5.681296E+03
  1.172382E+00     5.686356E+03
  1.188708E+00     5.691185E+03
  1.205261E+00     5.695785E+03
  1.222045E+00     5.700157E+03
  1.239062E+00     5.704307E+03
  1.256317E+00     5.708237E+03
  1.273811E+00     5.711944E+03
  1.291550E+00     5.715430E+03
  1.309535E+00     5.718693E+03
  1.327771E+00     5.721734E+03
  1.346261E+00     5.724552E+03
  1.365008E+00     5.727151E+03
  1.384016E+00     5.729531E+03
  1.403289E+00     5.731696E+03
  1.422830E+00     5.733648E+03
  1.442644E+00     5.735390E+03
  1.462733E+00     5.736922E+03
  1.483103E+00     5.738242E+03
  1.503755E+00     5.739349E+03
  1.524696E+00     5.740245E+03
  1.545928E+00     5.740929E+03
  1.567455E+00     5.741402E+03
  1.589283E+00     5.741666E+03
  1.611414E+00     5.741723E+03
  1.633854E+00     5.741576E+03
  1.656606E+00     5.741228E+03
  1.679675E+00     5.740676E+03
  1.703065E+00     5.739922E+03
  1.726781E+00     5.738963E+03
  1.750827E+00     5.737801E+03
  1.775208E+00     5.736435E+03
  1.799929E+00     5.734867E+03
  1.824993E+00     5.733097E+03
  1.850407E+00     5.731129E+03
  1.876175E+00     5.728963E+03
  1.902301E+00     5.726603E+03
  1.928792E+00     5.724047E+03
  1.955651E+00     5.721296E+03
  1.982884E+00     5.718347E+03
  2.010496E+00     5.715202E+03
  2.038493E+00     5.711860E+03
  2.066880E+00     5.708321E+03
  2.095662E+00     5.704587E+03
  2.124845E+00     5.700660E+03
  2.154435E+00     5.696540E+03
  2.184436E+00     5.692231E+03
  2.214855E+00     5.687730E+03
  2.245698E+00     5.683038E+03
  2.276970E+00     5.678153E+03
  2.308678E+00     5.673075E+03
  2.340827E+00     5.667804E+03
  2.373424E+00     5.662340E+03
  2.406475E+00     5.656684E+03
  2.439986E+00     5.650836E+03
  2.473964E+00     5.644799E+03
  2.508415E+00     5.638572E+03
  2.543346E+00     5.632157E+03
  2.578763E+00     5.625551E+03
  2.614673E+00     5.618755E+03
  2.651084E+00     5.611768E+03
  2.688001E+00     5.604591E+03
  2.725433E+00     5.597223E+03
  2.763385E+00     5.589665E+03
  2.801867E+00     5.581918E+03
  2.840884E+00     5.573983E+03
  2.880444E+00     5.565862E+03
  2.920556E+00     5.557555E+03
  2.961225E+00     5.549061E+03
  3.002462E+00     5.540381E+03
  3.044272E+00     5.531514E+03
  3.086665E+00     5.522461E+03
  3.129648E+00     5.513222E+03
  3.173230E+00     5.503799E+03
  3.217418E+00     5.494192E+03
  3.262222E+00     5.484404E+03
  3.307650E+00     5.474436E+03
  3.353710E+00     5.464288E+03
  3.400412E+00     5.453960E+03
  3.447764E+00     5.443451E+03
  3.495776E+00     5.432762E+03
  3.544456E+00     5.421892E+03
  3.593814E+00     5.410841E+03
  3.643859E+00     5.399610E+03
  3.694601E+00     5.388199E+03
  3.746050E+00     5.376609E+03
  3.798215E+00     5.364841E+03
  3.851107E+00     5.352897E+03
  3.904735E+00     5.340774E+03
  3.959110E+00     5.328474E+03
  4.014242E+00     5.315996E+03
  4.070142E+00     5.303341E+03
  4.126821E+00     5.290508E+03
  4.184289E+00     5.277499E+03
  4.242556E+00     5.264314E+03
  4.301636E+00     5.250955E+03
  4.361538E+00     5.237422E+03
  4.422274E+00     5.223717E+03
  4.483856E+00     5.209840E+03
  4.546295E+00     5.195791E+03
  4.609604E+00     5.181569E+03
  4.673795E+00     5.167177E+03
  4.738880E+00     5.152614E+03
  4.804870E+00     5.137882E+03
  4.871780E+00     5.122982E+03
  4.939622E+00     5.107914E+03
  5.008408E+00     5.092682E+03
  5.078152E+00     5.077286E+03
  5.148867E+00     5.061726E+03
  5.220568E+00     5.046003E+03
  5.293266E+00     5.030117E+03
  5.366977E+00     5.014070E+03
  5.441714E+00     4.997862E+03
  5.517492E+00     4.981495E+03
  5.594326E+00     4.964969E+03
  5.672229E+00     4.948286E+03
  5.751217E+00     4.931449E+03
  5.831305E+00     4.914458E+03
  5.912508E+00     4.897313E+03
  5.994843E+00     4.880016E+03
  6.078323E+00     4.862567E+03
  6.162966E+00     4.844967E+03
  6.248788E+00     4.827216E+03
  6.335805E+00     4.809316E+03
  6.424034E+00     4.791268E+03
  6.513491E+00     4.773073E+03
  6.604194E+00     4.754732E+03
  6.696160E+00     4.736247E+03
  6.789407E+00     4.717619E+03
  6.883952E+00     4.698849E+03
  6.979814E+00     4.679939E+03
  7.077011E+00     4.660890E+03
  7.175561E+00     4.641703E+03
  7.275484E+00     4.622380E+03
  7.376798E+00     4.602923E+03
  7.479523E+00     4.583334E+03
  7.583678E+00     4.563616E+03
  7.689284E+00     4.543769E+03
  7.796360E+00     4.523796E+03
  7.904928E+00     4.503697E+03
  8.015007E+00     4.483475E+03
  8.126619E+00     4.463129E+03
  8.239786E+00     4.442663E+03
  8.354528E+00     4.422077E+03
  8.470868E+00     4.401373E+03
  8.588829E+00     4.380553E+03
  8.708431E+00     4.359618E+03
  8.829700E+00     4.338570E+03
  8.952657E+00     4.317410E+03
  9.077327E+00     4.296141E+03
  9.203732E+00     4.274763E+03
  9.331898E+00     4.253279E+03
  9.461848E+00     4.231690E+03
  9.593608E+00     4.209998E+03
  9.727203E+00     4.188204E+03
  9.862658E+00     4.166310E+03
  1.000000E+01     4.144318E+03
  1.013925E+01     4.122229E+03
  1.028045E+01     4.100047E+03
  1.042361E+01     4.077773E+03
  1.056876E+01     4.055410E+03
  1.071593E+01     4.032960E+03
  1.086516E+01     4.010426E+03
  1.101646E+01     3.987811E+03
  1.116987E+01     3.965117E+03
  1.132541E+01     3.942346E+03
  1.148312E+01     3.919502E+03
  1.164303E+01     3.896587E+03
  1.180517E+01     3.873603E+03
  1.196956E+01     3.850553E+03
  1.213624E+01     3.827439E+03
  1.230524E+01     3.804264E+03
  1.247660E+01     3.781029E+03
  1.265034E+01     3.757738E+03
  1.282650E+01     3.734391E+03
  1.300511E+01     3.710991E+03
  1.318621E+01     3.687540E+03
  1.336984E+01     3.664040E+03
  1.355602E+01     3.640493E+03
  1.374479E+01     3.616903E+03
  1.393619E+01     3.593272E+03
  1.413026E+01     3.569605E+03
  1.432703E+01     3.545903E+03
  1.452654E+01     3.522169E+03
  1.472883E+01     3.498407E+03
  1.493393E+01     3.474620E+03
  1.514189E+01     3.450808E+03
  1.535275E+01     3.426977E+03
  1.556654E+01     3.403127E+03
  1.578331E+01     3.379264E+03
  1.600310E+01     3.355388E+03
  1.622595E+01     3.331504E+03
  1.645191E+01     3.307615E+03
  1.668101E+01     3.283722E+03
  1.691330E+01     3.259829E+03
  1.714882E+01     3.235938E+03
  1.738762E+01     3.212051E+03
  1.762975E+01     3.188170E+03
  1.787526E+01     3.164298E+03
  1.812418E+01     3.140438E+03
  1.837656E+01     3.116594E+03
  1.863246E+01     3.092769E+03
  1.889193E+01     3.068965E+03
  1.915501E+01     3.045186E+03
  1.942175E+01     3.021433E+03
  1.969220E+01     2.997710E+03
  1.996642E+01     2.974019E+03
  2.024447E+01     2.950361E+03
  2.052638E+01     2.926739E+03
  2.081222E+01     2.903157E+03
  2.110203E+01     2.879618E+03
  2.139589E+01     2.856126E+03
  2.169384E+01     2.832683E+03
  2.199593E+01     2.809292E+03
  2.230223E+01     2.785956E+03
  2.261280E+01     2.762678E+03
  2.292769E+01     2.739459E+03
  2.324697E+01     2.716300E+03
  2.357069E+01     2.693205E+03
  2.389893E+01     2.670176E+03
  2.423173E+01     2.647218E+03
  2.456916E+01     2.624332E+03
  2.491130E+01     2.601521E+03
  2.525820E+01     2.578789E+03
  2.560993E+01     2.556136E+03
  2.596656E+01     2.533565E+03
  2.632815E+01     2.511076E+03
  2.669478E+01     2.488671E+03
  2.706652E+01     2.466352E+03
  2.744343E+01     2.444121E+03
  2.782559E+01     2.421982E+03
  2.821308E+01     2.399938E+03
  2.860596E+01     2.377992E+03
  2.900430E+01     2.356146E+03
  2.940820E+01     2.334403E+03
  2.981772E+01     2.312764E+03
  3.023295E+01     2.291229E+03
  3.065395E+01     2.269801E+03
  3.108082E+01     2.248480E+03
  3.151363E+01     2.227269E+03
  3.195248E+01     2.206171E+03
  3.239743E+01     2.185189E+03
  3.284857E+01     2.164325E+03
  3.330600E+01     2.143582E+03
  3.376980E+01     2.122960E+03
  3.424006E+01     2.102460E+03
  3.471687E+01     2.082083E+03
  3.520031E+01     2.061829E+03
  3.569049E+01     2.041698E+03
  3.618750E+01     2.021693E+03
  3.669142E+01     2.001817E+03
  3.720237E+01     1.982072E+03
  3.772042E+01     1.962460E+03
  3.824570E+01     1.942983E+03
  3.877828E+01     1.923642E+03
  3.931829E+01     1.904438E+03
  3.986581E+01     1.885371E+03
  4.042096E+01     1.866441E+03
  4.098384E+01     1.847646E+03
  4.155455E+01     1.828989E+03
  4.213322E+01     1.810473E+03
  4.271994E+01     1.792100E+03
  4.331483E+01     1.773870E+03
  4.391801E+01     1.755786E+03
  4.452959E+01     1.737846E+03
  4.514968E+01     1.720052E+03
  4.577841E+01     1.702401E+03
  4.641589E+01     1.684894E+03
  4.706225E+01     1.667528E+03
  4.771761E+01     1.650305E+03
  4.838210E+01     1.633228E+03
  4.905584E+01     1.616298E+03
  4.973896E+01     1.599517E+03
  5.043159E+01     1.582885E+03
  5.113388E+01     1.566403E+03
  5.184594E+01     1.550070E+03
  5.256791E+01     1.533887E+03
  5.329994E+01     1.517850E+03
  5.404216E+01     1.501959E+03
  5.479472E+01     1.486215E+03
  5.555776E+01     1.470619E+03
  5.633143E+01     1.455172E+03
  5.711586E+01     1.439876E+03
  5.791123E+01     1.424729E+03
  5.871766E+01     1.409733E+03
  5.953533E+01     1.394885E+03
  6.036439E+01     1.380184E+03
  6.120498E+01     1.365628E+03
  6.205729E+01     1.351214E+03
  6.292146E+01     1.336942E+03
  6.379767E+01     1.322814E+03
  6.468608E+01     1.308832E+03
  6.558686E+01     1.294996E+03
  6.650018E+01     1.281307E+03
  6.742622E+01     1.267764E+03
  6.836516E+01     1.254366E+03
  6.931717E+01     1.241113E+03
  7.028244E+01     1.228001E+03
  7.126115E+01     1.215030E+03
  7.225349E+01     1.202198E+03
  7.325965E+01     1.189507E+03
  7.427982E+01     1.176957E+03
  7.531420E+01     1.164548E+03
  7.636298E+01     1.152280E+03
  7.742637E+01     1.140152E+03
  7.850456E+01     1.128163E+03
  7.959777E+01     1.116310E+03
  8.070620E+01     1.104590E+03
  8.183007E+01     1.093001E+03
  8.296959E+01     1.081541E+03
  8.412497E+01     1.070211E+03
  8.529644E+01     1.059012E+03
  8.648423E+01     1.047945E+03
  8.768856E+01     1.037009E+03
  8.890966E+01     1.026204E+03
  9.014776E+01     1.015528E+03
  9.140311E+01     1.004980E+03
  9.267593E+01     9.945571E+02
  9.396648E+01     9.842571E+02
  9.527500E+01     9.740786E+02
  9.660175E+01     9.640223E+02
  9.794697E+01     9.540885E+02
  9.931092E+01     9.442771E+02
  1.006939E+02     9.345876E+02
  1.020961E+02     9.250190E+02
  1.035178E+02     9.155697E+02
  1.049593E+02     9.062378E+02
  1.064209E+02     8.970204E+02
  1.079029E+02     8.879146E+02
  1.094055E+02     8.789186E+02
  1.109290E+02     8.700329E+02
  1.124737E+02     8.612579E+02
  1.140400E+02     8.525935E+02
  1.156280E+02     8.440393E+02
  1.172382E+02     8.355943E+02
  1.188708E+02     8.272573E+02
  1.205261E+02     8.190265E+02
  1.222045E+02     8.108995E+02
  1.239062E+02     8.028734E+02
  1.256317E+02     7.949465E+02
  1.273811E+02     7.871192E+02
  1.291550E+02     7.793917E+02
  1.309535E+02     7.717640E+02
  1.327771E+02     7.642355E+02
  1.346261E+02     7.568056E+02
  1.365008E+02     7.494730E+02
  1.384016E+02     7.422361E+02
  1.403289E+02     7.350926E+02
  1.422830E+02     7.280400E+02
  1.442644E+02     7.210764E+02
  1.462733E+02     7.142020E+02
  1.483103E+02     7.074170E+02
  1.503755E+02     7.007211E+02
  1.524696E+02     6.941138E+02
  1.545928E+02     6.875944E+02
  1.567455E+02     6.811617E+02
  1.589283E+02     6.748140E+02
  1.611414E+02     6.685493E+02
  1.633854E+02     6.623651E+02
  1.656606E+02     6.562595E+02
  1.679675E+02     6.502325E+02
  1.703065E+02     6.442843E+02
  1.726781E+02     6.384149E+02
  1.750827E+02     6.326237E+02
  1.775208E+02     6.269103E+02
  1.799929E+02     6.212735E+02
  1.824993E+02     6.157121E+02
  1.850407E+02     6.102243E+02
  1.876175E+02     6.048080E+02
  1.902301E+02     5.994615E+02
  1.928792E+02     5.941846E+02
  1.955651E+02     5.889774E+02
  1.982884E+02     5.838401E+02
  2.010496E+02     5.787721E+02
  2.038493E+02     5.737729E+02
  2.066880E+02     5.688416E+02
  2.095662E+02     5.639771E+02
  2.124845E+02     5.591777E+02
  2.154435E+02     5.544418E+02
  2.184436E+02     5.497675E+02
  2.214855E+02     5.451546E+02
  2.245698E+02     5.406033E+02
  2.276970E+02     5.361136E+02
  2.308678E+02     5.316852E+02
  2.340827E+02     5.273175E+02
  2.373424E+02     5.230099E+02
  2.406475E+02     5.187614E+02
  2.439986E+02     5.145706E+02
  2.473964E+02     5.104359E+02
  2.508415E+02     5.063557E+02
  2.543346E+02     5.023298E+02
  2.578763E+02     4.983583E+02
  2.614673E+02     4.944411E+02
  2.651084E+02     4.905782E+02
  2.688001E+02     4.867689E+02
  2.725433E+02     4.830128E+02
  2.763385E+02     4.793090E+02
  2.801867E+02     4.756562E+02
  2.840884E+02     4.720532E+02
  2.880444E+02     4.684984E+02
  2.920556E+02     4.649915E+02
  2.961225E+02     4.615328E+02
  3.002462E+02     4.581221E+02
  3.044272E+02     4.547594E+02
  3.086665E+02     4.514443E+02
  3.129648E+02     4.481762E+02
  3.173230E+02     4.449546E+02
  3.217418E+02     4.417783E+02
  3.262222E+02     4.386463E+02
  3.307650E+02     4.355572E+02
  3.353710E+02     4.325106E+02
  3.400412E+02     4.295068E+02
  3.447764E+02     4.265457E+02
  3.495776E+02     4.236272E+02
  3.544456E+02     4.207510E+02
  3.593814E+02     4.179167E+02
  3.643859E+02     4.151236E+02
  3.694601E+02     4.123710E+02
  3.746050E+02     4.096577E+02
  3.798215E+02     4.069827E+02
  3.851107E+02     4.043455E+02
  3.904735E+02     4.017463E+02
  3.959110E+02     3.991851E+02
  4.014242E+02     3.966617E+02
  4.070142E+02     3.941761E+02
  4.126821E+02     3.917277E+02
  4.184289E+02     3.893161E+02
  4.242556E+02     3.869406E+02
  4.301636E+02     3.846004E+02
  4.361538E+02     3.822943E+02
  4.422274E+02     3.800220E+02
  4.483856E+02     3.777835E+02
  4.546295E+02     3.755790E+02
  4.609604E+02     3.734083E+02
  4.673795E+02     3.712713E+02
  4.738880E+02     3.691677E+02
  4.804870E+02     3.670970E+02
  4.871780E+02     3.650586E+02
  4.939622E+02     3.630518E+02
  5.008408E+02     3.610757E+02
  5.078152E+02     3.591298E+02
  5.148867E+02     3.572143E+02
  5.220568E+02     3.553292E+02
  5.293266E+02     3.534743E+02
  5.366977E+02     3.516496E+02
  5.441714E+02     3.498548E+02
  5.517492E+02     3.480895E+02
  5.594326E+02     3.463531E+02
  5.672229E+02     3.446450E+02
  5.751217E+02     3.429645E+02
  5.831305E+02     3.413109E+02
  5.912508E+02     3.396845E+02
  5.994843E+02     3.380852E+02
  6.078323E+02     3.365131E+02
  6.162966E+02     3.349678E+02
  6.248788E+02     3.334493E+02
  6.335805E+02     3.319572E+02
  6.424034E+02     3.304911E+02
  6.513491E+02     3.290503E+02
  6.604194E+02     3.276342E+02
  6.696160E+02     3.262424E+02
  6.789407E+02     3.248746E+02
  6.883952E+02     3.235310E+02
  6.979814E+02     3.222114E+02
  7.077011E+02     3.209156E+02
  7.175561E+02     3.196434E+02
  7.275484E+02     3.183942E+02
  7.376798E+02     3.171676E+02
  7.479523E+02     3.159630E+02
  7.583678E+02     3.147797E+02
  7.689284E+02     3.136171E+02
  7.796360E+02     3.124757E+02
  7.904928E+02     3.113557E+02
  8.015007E+02     3.102575E+02
  8.126619E+02     3.091815E+02
  8.239786E+02     3.081279E+02
  8.354528E+02     3.070970E+02
  8.470868E+02     3.060890E+02
  8.588829E+02     3.051041E+02
  8.708431E+02     3.041422E+02
  8.829700E+02     3.032031E+02
  8.952657E+02     3.022848E+02
  9.077327E+02     3.013849E+02
  9.203732E+02     3.005006E+02
  9.331898E+02     2.996291E+02
  9.461848E+02     2.987670E+02
  9.593608E+02     2.979108E+02
  9.727203E+02     2.970565E+02
  9.862658E+02     2.961999E+02
  1.000000E+03     2.953363E+02
