FILE CREATED BY  : PROGRAM DPASS - VERSION 2.00
DATABASE VERSION : 21.06
DATE AND TIME    : 09/08/2022 21:46:39
PROJECTILE       : Ge
TARGET           : As
TARGET AT. MASS  : 7.492160E+01
TARGET DENSITY   : 5.720000E+00 g/cm^3
TABULATED OUTPUT : STOPPING FORCE VERSUS ENERGY
DATA TYPE        : SPLINE INTERPOLATED
ABSCISSA UNITS   : MeV/u
ORDINATE UNITS   : eV/nm


      E/n             S(E/n)

  1.000000E-03     5.012678E+02
  1.013925E-03     5.046839E+02
  1.028045E-03     5.081451E+02
  1.042361E-03     5.116496E+02
  1.056876E-03     5.151952E+02
  1.071593E-03     5.187795E+02
  1.086516E-03     5.224000E+02
  1.101646E-03     5.260539E+02
  1.116987E-03     5.297379E+02
  1.132541E-03     5.334490E+02
  1.148312E-03     5.371832E+02
  1.164303E-03     5.409374E+02
  1.180517E-03     5.447113E+02
  1.196956E-03     5.485055E+02
  1.213624E-03     5.523211E+02
  1.230524E-03     5.561589E+02
  1.247660E-03     5.600202E+02
  1.265034E-03     5.639059E+02
  1.282650E-03     5.678175E+02
  1.300511E-03     5.717563E+02
  1.318621E-03     5.757240E+02
  1.336984E-03     5.797219E+02
  1.355602E-03     5.837505E+02
  1.374479E-03     5.878098E+02
  1.393619E-03     5.918996E+02
  1.413026E-03     5.960199E+02
  1.432703E-03     6.001706E+02
  1.452654E-03     6.043516E+02
  1.472883E-03     6.085627E+02
  1.493393E-03     6.128039E+02
  1.514189E-03     6.170750E+02
  1.535275E-03     6.213760E+02
  1.556654E-03     6.257069E+02
  1.578331E-03     6.300680E+02
  1.600310E-03     6.344594E+02
  1.622595E-03     6.388816E+02
  1.645191E-03     6.433347E+02
  1.668101E-03     6.478191E+02
  1.691330E-03     6.523352E+02
  1.714882E-03     6.568835E+02
  1.738762E-03     6.614642E+02
  1.762975E-03     6.660780E+02
  1.787526E-03     6.707250E+02
  1.812418E-03     6.754055E+02
  1.837656E-03     6.801196E+02
  1.863246E-03     6.848674E+02
  1.889193E-03     6.896491E+02
  1.915501E-03     6.944650E+02
  1.942175E-03     6.993152E+02
  1.969220E-03     7.042000E+02
  1.996642E-03     7.091197E+02
  2.024447E-03     7.140745E+02
  2.052638E-03     7.190649E+02
  2.081222E-03     7.240908E+02
  2.110203E-03     7.291527E+02
  2.139589E-03     7.342507E+02
  2.169384E-03     7.393852E+02
  2.199593E-03     7.445564E+02
  2.230223E-03     7.497648E+02
  2.261280E-03     7.550107E+02
  2.292769E-03     7.602945E+02
  2.324697E-03     7.656167E+02
  2.357069E-03     7.709777E+02
  2.389893E-03     7.763776E+02
  2.423173E-03     7.818166E+02
  2.456916E-03     7.872949E+02
  2.491130E-03     7.928127E+02
  2.525820E-03     7.983703E+02
  2.560993E-03     8.039679E+02
  2.596656E-03     8.096059E+02
  2.632815E-03     8.152846E+02
  2.669478E-03     8.210042E+02
  2.706652E-03     8.267653E+02
  2.744343E-03     8.325679E+02
  2.782559E-03     8.384125E+02
  2.821308E-03     8.442992E+02
  2.860596E-03     8.502284E+02
  2.900430E-03     8.562004E+02
  2.940820E-03     8.622157E+02
  2.981772E-03     8.682747E+02
  3.023295E-03     8.743778E+02
  3.065395E-03     8.805256E+02
  3.108082E-03     8.867184E+02
  3.151363E-03     8.929567E+02
  3.195248E-03     8.992405E+02
  3.239743E-03     9.055701E+02
  3.284857E-03     9.119459E+02
  3.330600E-03     9.183682E+02
  3.376980E-03     9.248373E+02
  3.424006E-03     9.313536E+02
  3.471687E-03     9.379175E+02
  3.520031E-03     9.445296E+02
  3.569049E-03     9.511902E+02
  3.618750E-03     9.578997E+02
  3.669142E-03     9.646583E+02
  3.720237E-03     9.714664E+02
  3.772042E-03     9.783244E+02
  3.824570E-03     9.852326E+02
  3.877828E-03     9.921915E+02
  3.931829E-03     9.992016E+02
  3.986581E-03     1.006263E+03
  4.042096E-03     1.013378E+03
  4.098384E-03     1.020544E+03
  4.155455E-03     1.027764E+03
  4.213322E-03     1.035038E+03
  4.271994E-03     1.042365E+03
  4.331483E-03     1.049747E+03
  4.391801E-03     1.057182E+03
  4.452959E-03     1.064673E+03
  4.514968E-03     1.072219E+03
  4.577841E-03     1.079821E+03
  4.641589E-03     1.087479E+03
  4.706225E-03     1.095195E+03
  4.771761E-03     1.102967E+03
  4.838210E-03     1.110798E+03
  4.905584E-03     1.118686E+03
  4.973896E-03     1.126634E+03
  5.043159E-03     1.134641E+03
  5.113388E-03     1.142707E+03
  5.184594E-03     1.150834E+03
  5.256791E-03     1.159022E+03
  5.329994E-03     1.167272E+03
  5.404216E-03     1.175585E+03
  5.479472E-03     1.183961E+03
  5.555776E-03     1.192401E+03
  5.633143E-03     1.200904E+03
  5.711586E-03     1.209471E+03
  5.791123E-03     1.218103E+03
  5.871766E-03     1.226799E+03
  5.953533E-03     1.235562E+03
  6.036439E-03     1.244390E+03
  6.120498E-03     1.253284E+03
  6.205729E-03     1.262246E+03
  6.292146E-03     1.271275E+03
  6.379767E-03     1.280373E+03
  6.468608E-03     1.289538E+03
  6.558686E-03     1.298774E+03
  6.650018E-03     1.308078E+03
  6.742622E-03     1.317454E+03
  6.836516E-03     1.326900E+03
  6.931717E-03     1.336418E+03
  7.028244E-03     1.346009E+03
  7.126115E-03     1.355674E+03
  7.225349E-03     1.365413E+03
  7.325965E-03     1.375227E+03
  7.427982E-03     1.385116E+03
  7.531420E-03     1.395081E+03
  7.636298E-03     1.405122E+03
  7.742637E-03     1.415240E+03
  7.850456E-03     1.425436E+03
  7.959777E-03     1.435709E+03
  8.070620E-03     1.446063E+03
  8.183007E-03     1.456496E+03
  8.296959E-03     1.467010E+03
  8.412497E-03     1.477605E+03
  8.529644E-03     1.488281E+03
  8.648423E-03     1.499040E+03
  8.768856E-03     1.509882E+03
  8.890966E-03     1.520808E+03
  9.014776E-03     1.531819E+03
  9.140311E-03     1.542915E+03
  9.267593E-03     1.554097E+03
  9.396648E-03     1.565366E+03
  9.527500E-03     1.576724E+03
  9.660175E-03     1.588170E+03
  9.794697E-03     1.599705E+03
  9.931092E-03     1.611329E+03
  1.006939E-02     1.623044E+03
  1.020961E-02     1.634850E+03
  1.035178E-02     1.646747E+03
  1.049593E-02     1.658737E+03
  1.064209E-02     1.670820E+03
  1.079029E-02     1.682996E+03
  1.094055E-02     1.695268E+03
  1.109290E-02     1.707635E+03
  1.124737E-02     1.720099E+03
  1.140400E-02     1.732660E+03
  1.156280E-02     1.745319E+03
  1.172382E-02     1.758078E+03
  1.188708E-02     1.770936E+03
  1.205261E-02     1.783896E+03
  1.222045E-02     1.796959E+03
  1.239062E-02     1.810126E+03
  1.256317E-02     1.823398E+03
  1.273811E-02     1.836776E+03
  1.291550E-02     1.850261E+03
  1.309535E-02     1.863854E+03
  1.327771E-02     1.877554E+03
  1.346261E-02     1.891364E+03
  1.365008E-02     1.905285E+03
  1.384016E-02     1.919317E+03
  1.403289E-02     1.933461E+03
  1.422830E-02     1.947720E+03
  1.442644E-02     1.962093E+03
  1.462733E-02     1.976582E+03
  1.483103E-02     1.991187E+03
  1.503755E-02     2.005910E+03
  1.524696E-02     2.020751E+03
  1.545928E-02     2.035711E+03
  1.567455E-02     2.050791E+03
  1.589283E-02     2.065991E+03
  1.611414E-02     2.081314E+03
  1.633854E-02     2.096761E+03
  1.656606E-02     2.112332E+03
  1.679675E-02     2.128027E+03
  1.703065E-02     2.143849E+03
  1.726781E-02     2.159797E+03
  1.750827E-02     2.175872E+03
  1.775208E-02     2.192074E+03
  1.799929E-02     2.208405E+03
  1.824993E-02     2.224866E+03
  1.850407E-02     2.241457E+03
  1.876175E-02     2.258179E+03
  1.902301E-02     2.275033E+03
  1.928792E-02     2.292020E+03
  1.955651E-02     2.309140E+03
  1.982884E-02     2.326394E+03
  2.010496E-02     2.343782E+03
  2.038493E-02     2.361306E+03
  2.066880E-02     2.378964E+03
  2.095662E-02     2.396759E+03
  2.124845E-02     2.414691E+03
  2.154435E-02     2.432761E+03
  2.184436E-02     2.450970E+03
  2.214855E-02     2.469318E+03
  2.245698E-02     2.487805E+03
  2.276970E-02     2.506433E+03
  2.308678E-02     2.525202E+03
  2.340827E-02     2.544112E+03
  2.373424E-02     2.563165E+03
  2.406475E-02     2.582360E+03
  2.439986E-02     2.601700E+03
  2.473964E-02     2.621184E+03
  2.508415E-02     2.640813E+03
  2.543346E-02     2.660589E+03
  2.578763E-02     2.680512E+03
  2.614673E-02     2.700581E+03
  2.651084E-02     2.720799E+03
  2.688001E-02     2.741165E+03
  2.725433E-02     2.761680E+03
  2.763385E-02     2.782345E+03
  2.801867E-02     2.803161E+03
  2.840884E-02     2.824129E+03
  2.880444E-02     2.845249E+03
  2.920556E-02     2.866522E+03
  2.961225E-02     2.887950E+03
  3.002462E-02     2.909532E+03
  3.044272E-02     2.931269E+03
  3.086665E-02     2.953163E+03
  3.129648E-02     2.975213E+03
  3.173230E-02     2.997420E+03
  3.217418E-02     3.019787E+03
  3.262222E-02     3.042313E+03
  3.307650E-02     3.065001E+03
  3.353710E-02     3.087850E+03
  3.400412E-02     3.110862E+03
  3.447764E-02     3.134037E+03
  3.495776E-02     3.157377E+03
  3.544456E-02     3.180880E+03
  3.593814E-02     3.204550E+03
  3.643859E-02     3.228387E+03
  3.694601E-02     3.252391E+03
  3.746050E-02     3.276565E+03
  3.798215E-02     3.300910E+03
  3.851107E-02     3.325426E+03
  3.904735E-02     3.350114E+03
  3.959110E-02     3.374976E+03
  4.014242E-02     3.400011E+03
  4.070142E-02     3.425221E+03
  4.126821E-02     3.450607E+03
  4.184289E-02     3.476170E+03
  4.242556E-02     3.501910E+03
  4.301636E-02     3.527830E+03
  4.361538E-02     3.553931E+03
  4.422274E-02     3.580215E+03
  4.483856E-02     3.606680E+03
  4.546295E-02     3.633330E+03
  4.609604E-02     3.660163E+03
  4.673795E-02     3.687182E+03
  4.738880E-02     3.714387E+03
  4.804870E-02     3.741780E+03
  4.871780E-02     3.769362E+03
  4.939622E-02     3.797134E+03
  5.008408E-02     3.825099E+03
  5.078152E-02     3.853257E+03
  5.148867E-02     3.881609E+03
  5.220568E-02     3.910156E+03
  5.293266E-02     3.938898E+03
  5.366977E-02     3.967838E+03
  5.441714E-02     3.996975E+03
  5.517492E-02     4.026311E+03
  5.594326E-02     4.055847E+03
  5.672229E-02     4.085586E+03
  5.751217E-02     4.115528E+03
  5.831305E-02     4.145676E+03
  5.912508E-02     4.176030E+03
  5.994843E-02     4.206590E+03
  6.078323E-02     4.237357E+03
  6.162966E-02     4.268333E+03
  6.248788E-02     4.299519E+03
  6.335805E-02     4.330916E+03
  6.424034E-02     4.362525E+03
  6.513491E-02     4.394349E+03
  6.604194E-02     4.426388E+03
  6.696160E-02     4.458644E+03
  6.789407E-02     4.491119E+03
  6.883952E-02     4.523814E+03
  6.979814E-02     4.556728E+03
  7.077011E-02     4.589864E+03
  7.175561E-02     4.623223E+03
  7.275484E-02     4.656807E+03
  7.376798E-02     4.690616E+03
  7.479523E-02     4.724654E+03
  7.583678E-02     4.758921E+03
  7.689284E-02     4.793421E+03
  7.796360E-02     4.828155E+03
  7.904928E-02     4.863122E+03
  8.015007E-02     4.898326E+03
  8.126619E-02     4.933766E+03
  8.239786E-02     4.969444E+03
  8.354528E-02     5.005364E+03
  8.470868E-02     5.041525E+03
  8.588829E-02     5.077931E+03
  8.708431E-02     5.114584E+03
  8.829700E-02     5.151487E+03
  8.952657E-02     5.188641E+03
  9.077327E-02     5.226047E+03
  9.203732E-02     5.263708E+03
  9.331898E-02     5.301625E+03
  9.461848E-02     5.339801E+03
  9.593608E-02     5.378237E+03
  9.727203E-02     5.416936E+03
  9.862658E-02     5.455903E+03
  1.000000E-01     5.495139E+03
  1.013925E-01     5.534647E+03
  1.028045E-01     5.574431E+03
  1.042361E-01     5.614492E+03
  1.056876E-01     5.654832E+03
  1.071593E-01     5.695454E+03
  1.086516E-01     5.736360E+03
  1.101646E-01     5.777552E+03
  1.116987E-01     5.819035E+03
  1.132541E-01     5.860812E+03
  1.148312E-01     5.902887E+03
  1.164303E-01     5.945263E+03
  1.180517E-01     5.987943E+03
  1.196956E-01     6.030927E+03
  1.213624E-01     6.074219E+03
  1.230524E-01     6.117820E+03
  1.247660E-01     6.161732E+03
  1.265034E-01     6.205957E+03
  1.282650E-01     6.250497E+03
  1.300511E-01     6.295357E+03
  1.318621E-01     6.340538E+03
  1.336984E-01     6.386045E+03
  1.355602E-01     6.431878E+03
  1.374479E-01     6.478039E+03
  1.393619E-01     6.524530E+03
  1.413026E-01     6.571351E+03
  1.432703E-01     6.618503E+03
  1.452654E-01     6.665990E+03
  1.472883E-01     6.713812E+03
  1.493393E-01     6.761972E+03
  1.514189E-01     6.810472E+03
  1.535275E-01     6.859314E+03
  1.556654E-01     6.908497E+03
  1.578331E-01     6.958016E+03
  1.600310E-01     7.007867E+03
  1.622595E-01     7.058045E+03
  1.645191E-01     7.108543E+03
  1.668101E-01     7.159358E+03
  1.691330E-01     7.210483E+03
  1.714882E-01     7.261911E+03
  1.738762E-01     7.313636E+03
  1.762975E-01     7.365652E+03
  1.787526E-01     7.417950E+03
  1.812418E-01     7.470522E+03
  1.837656E-01     7.523358E+03
  1.863246E-01     7.576450E+03
  1.889193E-01     7.629787E+03
  1.915501E-01     7.683358E+03
  1.942175E-01     7.737154E+03
  1.969220E-01     7.791161E+03
  1.996642E-01     7.845368E+03
  2.024447E-01     7.899763E+03
  2.052638E-01     7.954334E+03
  2.081222E-01     8.009072E+03
  2.110203E-01     8.063968E+03
  2.139589E-01     8.119013E+03
  2.169384E-01     8.174197E+03
  2.199593E-01     8.229510E+03
  2.230223E-01     8.284942E+03
  2.261280E-01     8.340482E+03
  2.292769E-01     8.396121E+03
  2.324697E-01     8.451846E+03
  2.357069E-01     8.507650E+03
  2.389893E-01     8.563523E+03
  2.423173E-01     8.619461E+03
  2.456916E-01     8.675455E+03
  2.491130E-01     8.731498E+03
  2.525820E-01     8.787585E+03
  2.560993E-01     8.843709E+03
  2.596656E-01     8.899864E+03
  2.632815E-01     8.956045E+03
  2.669478E-01     9.012245E+03
  2.706652E-01     9.068462E+03
  2.744343E-01     9.124689E+03
  2.782559E-01     9.180923E+03
  2.821308E-01     9.237161E+03
  2.860596E-01     9.293401E+03
  2.900430E-01     9.349640E+03
  2.940820E-01     9.405877E+03
  2.981772E-01     9.462111E+03
  3.023295E-01     9.518344E+03
  3.065395E-01     9.574576E+03
  3.108082E-01     9.630809E+03
  3.151363E-01     9.687039E+03
  3.195248E-01     9.743265E+03
  3.239743E-01     9.799486E+03
  3.284857E-01     9.855701E+03
  3.330600E-01     9.911911E+03
  3.376980E-01     9.968117E+03
  3.424006E-01     1.002432E+04
  3.471687E-01     1.008053E+04
  3.520031E-01     1.013674E+04
  3.569049E-01     1.019297E+04
  3.618750E-01     1.024920E+04
  3.669142E-01     1.030543E+04
  3.720237E-01     1.036167E+04
  3.772042E-01     1.041789E+04
  3.824570E-01     1.047411E+04
  3.877828E-01     1.053033E+04
  3.931829E-01     1.058653E+04
  3.986581E-01     1.064272E+04
  4.042096E-01     1.069890E+04
  4.098384E-01     1.075508E+04
  4.155455E-01     1.081123E+04
  4.213322E-01     1.086736E+04
  4.271994E-01     1.092345E+04
  4.331483E-01     1.097950E+04
  4.391801E-01     1.103549E+04
  4.452959E-01     1.109142E+04
  4.514968E-01     1.114728E+04
  4.577841E-01     1.120307E+04
  4.641589E-01     1.125877E+04
  4.706225E-01     1.131438E+04
  4.771761E-01     1.136988E+04
  4.838210E-01     1.142527E+04
  4.905584E-01     1.148054E+04
  4.973896E-01     1.153567E+04
  5.043159E-01     1.159066E+04
  5.113388E-01     1.164548E+04
  5.184594E-01     1.170015E+04
  5.256791E-01     1.175463E+04
  5.329994E-01     1.180894E+04
  5.404216E-01     1.186304E+04
  5.479472E-01     1.191695E+04
  5.555776E-01     1.197064E+04
  5.633143E-01     1.202410E+04
  5.711586E-01     1.207733E+04
  5.791123E-01     1.213031E+04
  5.871766E-01     1.218303E+04
  5.953533E-01     1.223549E+04
  6.036439E-01     1.228768E+04
  6.120498E-01     1.233959E+04
  6.205729E-01     1.239121E+04
  6.292146E-01     1.244253E+04
  6.379767E-01     1.249356E+04
  6.468608E-01     1.254426E+04
  6.558686E-01     1.259464E+04
  6.650018E-01     1.264469E+04
  6.742622E-01     1.269439E+04
  6.836516E-01     1.274375E+04
  6.931717E-01     1.279275E+04
  7.028244E-01     1.284139E+04
  7.126115E-01     1.288968E+04
  7.225349E-01     1.293759E+04
  7.325965E-01     1.298512E+04
  7.427982E-01     1.303226E+04
  7.531420E-01     1.307900E+04
  7.636298E-01     1.312533E+04
  7.742637E-01     1.317125E+04
  7.850456E-01     1.321675E+04
  7.959777E-01     1.326182E+04
  8.070620E-01     1.330646E+04
  8.183007E-01     1.335067E+04
  8.296959E-01     1.339444E+04
  8.412497E-01     1.343777E+04
  8.529644E-01     1.348062E+04
  8.648423E-01     1.352301E+04
  8.768856E-01     1.356492E+04
  8.890966E-01     1.360634E+04
  9.014776E-01     1.364727E+04
  9.140311E-01     1.368769E+04
  9.267593E-01     1.372761E+04
  9.396648E-01     1.376702E+04
  9.527500E-01     1.380592E+04
  9.660175E-01     1.384429E+04
  9.794697E-01     1.388212E+04
  9.931092E-01     1.391940E+04
  1.006939E+00     1.395613E+04
  1.020961E+00     1.399229E+04
  1.035178E+00     1.402787E+04
  1.049593E+00     1.406288E+04
  1.064209E+00     1.409731E+04
  1.079029E+00     1.413114E+04
  1.094055E+00     1.416439E+04
  1.109290E+00     1.419703E+04
  1.124737E+00     1.422906E+04
  1.140400E+00     1.426046E+04
  1.156280E+00     1.429123E+04
  1.172382E+00     1.432135E+04
  1.188708E+00     1.435083E+04
  1.205261E+00     1.437966E+04
  1.222045E+00     1.440784E+04
  1.239062E+00     1.443535E+04
  1.256317E+00     1.446221E+04
  1.273811E+00     1.448840E+04
  1.291550E+00     1.451390E+04
  1.309535E+00     1.453872E+04
  1.327771E+00     1.456284E+04
  1.346261E+00     1.458626E+04
  1.365008E+00     1.460898E+04
  1.384016E+00     1.463099E+04
  1.403289E+00     1.465229E+04
  1.422830E+00     1.467289E+04
  1.442644E+00     1.469278E+04
  1.462733E+00     1.471196E+04
  1.483103E+00     1.473041E+04
  1.503755E+00     1.474814E+04
  1.524696E+00     1.476514E+04
  1.545928E+00     1.478140E+04
  1.567455E+00     1.479693E+04
  1.589283E+00     1.481173E+04
  1.611414E+00     1.482579E+04
  1.633854E+00     1.483913E+04
  1.656606E+00     1.485175E+04
  1.679675E+00     1.486364E+04
  1.703065E+00     1.487479E+04
  1.726781E+00     1.488521E+04
  1.750827E+00     1.489490E+04
  1.775208E+00     1.490384E+04
  1.799929E+00     1.491205E+04
  1.824993E+00     1.491953E+04
  1.850407E+00     1.492628E+04
  1.876175E+00     1.493231E+04
  1.902301E+00     1.493763E+04
  1.928792E+00     1.494223E+04
  1.955651E+00     1.494612E+04
  1.982884E+00     1.494929E+04
  2.010496E+00     1.495174E+04
  2.038493E+00     1.495348E+04
  2.066880E+00     1.495450E+04
  2.095662E+00     1.495481E+04
  2.124845E+00     1.495443E+04
  2.154435E+00     1.495336E+04
  2.184436E+00     1.495160E+04
  2.214855E+00     1.494917E+04
  2.245698E+00     1.494606E+04
  2.276970E+00     1.494226E+04
  2.308678E+00     1.493779E+04
  2.340827E+00     1.493264E+04
  2.373424E+00     1.492682E+04
  2.406475E+00     1.492034E+04
  2.439986E+00     1.491319E+04
  2.473964E+00     1.490541E+04
  2.508415E+00     1.489698E+04
  2.543346E+00     1.488793E+04
  2.578763E+00     1.487824E+04
  2.614673E+00     1.486792E+04
  2.651084E+00     1.485696E+04
  2.688001E+00     1.484538E+04
  2.725433E+00     1.483318E+04
  2.763385E+00     1.482036E+04
  2.801867E+00     1.480693E+04
  2.840884E+00     1.479290E+04
  2.880444E+00     1.477829E+04
  2.920556E+00     1.476309E+04
  2.961225E+00     1.474730E+04
  3.002462E+00     1.473093E+04
  3.044272E+00     1.471398E+04
  3.086665E+00     1.469645E+04
  3.129648E+00     1.467834E+04
  3.173230E+00     1.465966E+04
  3.217418E+00     1.464041E+04
  3.262222E+00     1.462061E+04
  3.307650E+00     1.460025E+04
  3.353710E+00     1.457936E+04
  3.400412E+00     1.455791E+04
  3.447764E+00     1.453593E+04
  3.495776E+00     1.451340E+04
  3.544456E+00     1.449032E+04
  3.593814E+00     1.446672E+04
  3.643859E+00     1.444258E+04
  3.694601E+00     1.441792E+04
  3.746050E+00     1.439273E+04
  3.798215E+00     1.436704E+04
  3.851107E+00     1.434084E+04
  3.904735E+00     1.431413E+04
  3.959110E+00     1.428692E+04
  4.014242E+00     1.425919E+04
  4.070142E+00     1.423097E+04
  4.126821E+00     1.420224E+04
  4.184289E+00     1.417301E+04
  4.242556E+00     1.414329E+04
  4.301636E+00     1.411308E+04
  4.361538E+00     1.408238E+04
  4.422274E+00     1.405120E+04
  4.483856E+00     1.401954E+04
  4.546295E+00     1.398740E+04
  4.609604E+00     1.395479E+04
  4.673795E+00     1.392169E+04
  4.738880E+00     1.388812E+04
  4.804870E+00     1.385408E+04
  4.871780E+00     1.381957E+04
  4.939622E+00     1.378459E+04
  5.008408E+00     1.374916E+04
  5.078152E+00     1.371327E+04
  5.148867E+00     1.367693E+04
  5.220568E+00     1.364013E+04
  5.293266E+00     1.360288E+04
  5.366977E+00     1.356517E+04
  5.441714E+00     1.352702E+04
  5.517492E+00     1.348841E+04
  5.594326E+00     1.344937E+04
  5.672229E+00     1.340988E+04
  5.751217E+00     1.336995E+04
  5.831305E+00     1.332959E+04
  5.912508E+00     1.328879E+04
  5.994843E+00     1.324757E+04
  6.078323E+00     1.320591E+04
  6.162966E+00     1.316382E+04
  6.248788E+00     1.312131E+04
  6.335805E+00     1.307837E+04
  6.424034E+00     1.303500E+04
  6.513491E+00     1.299122E+04
  6.604194E+00     1.294703E+04
  6.696160E+00     1.290243E+04
  6.789407E+00     1.285741E+04
  6.883952E+00     1.281199E+04
  6.979814E+00     1.276616E+04
  7.077011E+00     1.271993E+04
  7.175561E+00     1.267330E+04
  7.275484E+00     1.262627E+04
  7.376798E+00     1.257884E+04
  7.479523E+00     1.253103E+04
  7.583678E+00     1.248283E+04
  7.689284E+00     1.243424E+04
  7.796360E+00     1.238528E+04
  7.904928E+00     1.233594E+04
  8.015007E+00     1.228622E+04
  8.126619E+00     1.223613E+04
  8.239786E+00     1.218568E+04
  8.354528E+00     1.213486E+04
  8.470868E+00     1.208368E+04
  8.588829E+00     1.203215E+04
  8.708431E+00     1.198026E+04
  8.829700E+00     1.192803E+04
  8.952657E+00     1.187546E+04
  9.077327E+00     1.182255E+04
  9.203732E+00     1.176930E+04
  9.331898E+00     1.171573E+04
  9.461848E+00     1.166182E+04
  9.593608E+00     1.160760E+04
  9.727203E+00     1.155305E+04
  9.862658E+00     1.149819E+04
  1.000000E+01     1.144302E+04
  1.013925E+01     1.138754E+04
  1.028045E+01     1.133177E+04
  1.042361E+01     1.127570E+04
  1.056876E+01     1.121935E+04
  1.071593E+01     1.116271E+04
  1.086516E+01     1.110579E+04
  1.101646E+01     1.104861E+04
  1.116987E+01     1.099116E+04
  1.132541E+01     1.093345E+04
  1.148312E+01     1.087549E+04
  1.164303E+01     1.081729E+04
  1.180517E+01     1.075885E+04
  1.196956E+01     1.070017E+04
  1.213624E+01     1.064127E+04
  1.230524E+01     1.058215E+04
  1.247660E+01     1.052281E+04
  1.265034E+01     1.046326E+04
  1.282650E+01     1.040350E+04
  1.300511E+01     1.034354E+04
  1.318621E+01     1.028339E+04
  1.336984E+01     1.022305E+04
  1.355602E+01     1.016253E+04
  1.374479E+01     1.010183E+04
  1.393619E+01     1.004097E+04
  1.413026E+01     9.979946E+03
  1.432703E+01     9.918772E+03
  1.452654E+01     9.857456E+03
  1.472883E+01     9.796004E+03
  1.493393E+01     9.734426E+03
  1.514189E+01     9.672729E+03
  1.535275E+01     9.610920E+03
  1.556654E+01     9.549007E+03
  1.578331E+01     9.486997E+03
  1.600310E+01     9.424898E+03
  1.622595E+01     9.362716E+03
  1.645191E+01     9.300457E+03
  1.668101E+01     9.238127E+03
  1.691330E+01     9.175733E+03
  1.714882E+01     9.113280E+03
  1.738762E+01     9.050773E+03
  1.762975E+01     8.988217E+03
  1.787526E+01     8.925618E+03
  1.812418E+01     8.862988E+03
  1.837656E+01     8.800336E+03
  1.863246E+01     8.737671E+03
  1.889193E+01     8.675002E+03
  1.915501E+01     8.612339E+03
  1.942175E+01     8.549690E+03
  1.969220E+01     8.487064E+03
  1.996642E+01     8.424469E+03
  2.024447E+01     8.361913E+03
  2.052638E+01     8.299403E+03
  2.081222E+01     8.236947E+03
  2.110203E+01     8.174550E+03
  2.139589E+01     8.112220E+03
  2.169384E+01     8.049962E+03
  2.199593E+01     7.987781E+03
  2.230223E+01     7.925680E+03
  2.261280E+01     7.863662E+03
  2.292769E+01     7.801730E+03
  2.324697E+01     7.739885E+03
  2.357069E+01     7.678133E+03
  2.389893E+01     7.616486E+03
  2.423173E+01     7.554953E+03
  2.456916E+01     7.493547E+03
  2.491130E+01     7.432279E+03
  2.525820E+01     7.371158E+03
  2.560993E+01     7.310196E+03
  2.596656E+01     7.249400E+03
  2.632815E+01     7.188781E+03
  2.669478E+01     7.128346E+03
  2.706652E+01     7.068103E+03
  2.744343E+01     7.008062E+03
  2.782559E+01     6.948230E+03
  2.821308E+01     6.888614E+03
  2.860596E+01     6.829220E+03
  2.900430E+01     6.770054E+03
  2.940820E+01     6.711120E+03
  2.981772E+01     6.652421E+03
  3.023295E+01     6.593958E+03
  3.065395E+01     6.535733E+03
  3.108082E+01     6.477749E+03
  3.151363E+01     6.420012E+03
  3.195248E+01     6.362532E+03
  3.239743E+01     6.305315E+03
  3.284857E+01     6.248366E+03
  3.330600E+01     6.191692E+03
  3.376980E+01     6.135296E+03
  3.424006E+01     6.079180E+03
  3.471687E+01     6.023347E+03
  3.520031E+01     5.967796E+03
  3.569049E+01     5.912529E+03
  3.618750E+01     5.857554E+03
  3.669142E+01     5.802881E+03
  3.720237E+01     5.748517E+03
  3.772042E+01     5.694469E+03
  3.824570E+01     5.640743E+03
  3.877828E+01     5.587344E+03
  3.931829E+01     5.534277E+03
  3.986581E+01     5.481543E+03
  4.042096E+01     5.429144E+03
  4.098384E+01     5.377081E+03
  4.155455E+01     5.325360E+03
  4.213322E+01     5.273988E+03
  4.271994E+01     5.222969E+03
  4.331483E+01     5.172306E+03
  4.391801E+01     5.122003E+03
  4.452959E+01     5.072060E+03
  4.514968E+01     5.022476E+03
  4.577841E+01     4.973250E+03
  4.641589E+01     4.924376E+03
  4.706225E+01     4.875853E+03
  4.771761E+01     4.827685E+03
  4.838210E+01     4.779880E+03
  4.905584E+01     4.732443E+03
  4.973896E+01     4.685380E+03
  5.043159E+01     4.638695E+03
  5.113388E+01     4.592391E+03
  5.184594E+01     4.546469E+03
  5.256791E+01     4.500928E+03
  5.329994E+01     4.455768E+03
  5.404216E+01     4.410986E+03
  5.479472E+01     4.366585E+03
  5.555776E+01     4.322570E+03
  5.633143E+01     4.278945E+03
  5.711586E+01     4.235712E+03
  5.791123E+01     4.192871E+03
  5.871766E+01     4.150423E+03
  5.953533E+01     4.108364E+03
  6.036439E+01     4.066691E+03
  6.120498E+01     4.025398E+03
  6.205729E+01     3.984478E+03
  6.292146E+01     3.943933E+03
  6.379767E+01     3.903768E+03
  6.468608E+01     3.863987E+03
  6.558686E+01     3.824593E+03
  6.650018E+01     3.785587E+03
  6.742622E+01     3.746970E+03
  6.836516E+01     3.708740E+03
  6.931717E+01     3.670894E+03
  7.028244E+01     3.633427E+03
  7.126115E+01     3.596334E+03
  7.225349E+01     3.559616E+03
  7.325965E+01     3.523275E+03
  7.427982E+01     3.487313E+03
  7.531420E+01     3.451731E+03
  7.636298E+01     3.416529E+03
  7.742637E+01     3.381706E+03
  7.850456E+01     3.347256E+03
  7.959777E+01     3.313176E+03
  8.070620E+01     3.279458E+03
  8.183007E+01     3.246094E+03
  8.296959E+01     3.213082E+03
  8.412497E+01     3.180426E+03
  8.529644E+01     3.148127E+03
  8.648423E+01     3.116189E+03
  8.768856E+01     3.084609E+03
  8.890966E+01     3.053388E+03
  9.014776E+01     3.022522E+03
  9.140311E+01     2.992008E+03
  9.267593E+01     2.961839E+03
  9.396648E+01     2.932009E+03
  9.527500E+01     2.902514E+03
  9.660175E+01     2.873358E+03
  9.794697E+01     2.844541E+03
  9.931092E+01     2.816063E+03
  1.006939E+02     2.787924E+03
  1.020961E+02     2.760120E+03
  1.035178E+02     2.732649E+03
  1.049593E+02     2.705504E+03
  1.064209E+02     2.678679E+03
  1.079029E+02     2.652166E+03
  1.094055E+02     2.625959E+03
  1.109290E+02     2.600062E+03
  1.124737E+02     2.574475E+03
  1.140400E+02     2.549198E+03
  1.156280E+02     2.524230E+03
  1.172382E+02     2.499570E+03
  1.188708E+02     2.475213E+03
  1.205261E+02     2.451155E+03
  1.222045E+02     2.427389E+03
  1.239062E+02     2.403909E+03
  1.256317E+02     2.380708E+03
  1.273811E+02     2.357790E+03
  1.291550E+02     2.335154E+03
  1.309535E+02     2.312801E+03
  1.327771E+02     2.290729E+03
  1.346261E+02     2.268938E+03
  1.365008E+02     2.247424E+03
  1.384016E+02     2.226182E+03
  1.403289E+02     2.205207E+03
  1.422830E+02     2.184492E+03
  1.442644E+02     2.164032E+03
  1.462733E+02     2.143828E+03
  1.483103E+02     2.123879E+03
  1.503755E+02     2.104187E+03
  1.524696E+02     2.084749E+03
  1.545928E+02     2.065563E+03
  1.567455E+02     2.046627E+03
  1.589283E+02     2.027934E+03
  1.611414E+02     2.009481E+03
  1.633854E+02     1.991259E+03
  1.656606E+02     1.973263E+03
  1.679675E+02     1.955493E+03
  1.703065E+02     1.937951E+03
  1.726781E+02     1.920636E+03
  1.750827E+02     1.903547E+03
  1.775208E+02     1.886683E+03
  1.799929E+02     1.870040E+03
  1.824993E+02     1.853616E+03
  1.850407E+02     1.837404E+03
  1.876175E+02     1.821401E+03
  1.902301E+02     1.805599E+03
  1.928792E+02     1.790000E+03
  1.955651E+02     1.774604E+03
  1.982884E+02     1.759411E+03
  2.010496E+02     1.744420E+03
  2.038493E+02     1.729628E+03
  2.066880E+02     1.715035E+03
  2.095662E+02     1.700636E+03
  2.124845E+02     1.686428E+03
  2.154435E+02     1.672404E+03
  2.184436E+02     1.658561E+03
  2.214855E+02     1.644897E+03
  2.245698E+02     1.631413E+03
  2.276970E+02     1.618109E+03
  2.308678E+02     1.604984E+03
  2.340827E+02     1.592037E+03
  2.373424E+02     1.579267E+03
  2.406475E+02     1.566669E+03
  2.439986E+02     1.554241E+03
  2.473964E+02     1.541977E+03
  2.508415E+02     1.529874E+03
  2.543346E+02     1.517930E+03
  2.578763E+02     1.506146E+03
  2.614673E+02     1.494521E+03
  2.651084E+02     1.483057E+03
  2.688001E+02     1.471750E+03
  2.725433E+02     1.460600E+03
  2.763385E+02     1.449603E+03
  2.801867E+02     1.438758E+03
  2.840884E+02     1.428058E+03
  2.880444E+02     1.417502E+03
  2.920556E+02     1.407086E+03
  2.961225E+02     1.396813E+03
  3.002462E+02     1.386682E+03
  3.044272E+02     1.376692E+03
  3.086665E+02     1.366844E+03
  3.129648E+02     1.357134E+03
  3.173230E+02     1.347561E+03
  3.217418E+02     1.338122E+03
  3.262222E+02     1.328815E+03
  3.307650E+02     1.319634E+03
  3.353710E+02     1.310580E+03
  3.400412E+02     1.301652E+03
  3.447764E+02     1.292850E+03
  3.495776E+02     1.284175E+03
  3.544456E+02     1.275625E+03
  3.593814E+02     1.267199E+03
  3.643859E+02     1.258895E+03
  3.694601E+02     1.250712E+03
  3.746050E+02     1.242646E+03
  3.798215E+02     1.234693E+03
  3.851107E+02     1.226852E+03
  3.904735E+02     1.219125E+03
  3.959110E+02     1.211510E+03
  4.014242E+02     1.204008E+03
  4.070142E+02     1.196618E+03
  4.126821E+02     1.189340E+03
  4.184289E+02     1.182170E+03
  4.242556E+02     1.175108E+03
  4.301636E+02     1.168151E+03
  4.361538E+02     1.161296E+03
  4.422274E+02     1.154542E+03
  4.483856E+02     1.147888E+03
  4.546295E+02     1.141335E+03
  4.609604E+02     1.134884E+03
  4.673795E+02     1.128532E+03
  4.738880E+02     1.122281E+03
  4.804870E+02     1.116127E+03
  4.871780E+02     1.110070E+03
  4.939622E+02     1.104106E+03
  5.008408E+02     1.098235E+03
  5.078152E+02     1.092453E+03
  5.148867E+02     1.086762E+03
  5.220568E+02     1.081162E+03
  5.293266E+02     1.075652E+03
  5.366977E+02     1.070232E+03
  5.441714E+02     1.064900E+03
  5.517492E+02     1.059657E+03
  5.594326E+02     1.054500E+03
  5.672229E+02     1.049428E+03
  5.751217E+02     1.044438E+03
  5.831305E+02     1.039528E+03
  5.912508E+02     1.034699E+03
  5.994843E+02     1.029951E+03
  6.078323E+02     1.025284E+03
  6.162966E+02     1.020697E+03
  6.248788E+02     1.016190E+03
  6.335805E+02     1.011762E+03
  6.424034E+02     1.007412E+03
  6.513491E+02     1.003137E+03
  6.604194E+02     9.989365E+02
  6.696160E+02     9.948082E+02
  6.789407E+02     9.907521E+02
  6.883952E+02     9.867680E+02
  6.979814E+02     9.828555E+02
  7.077011E+02     9.790138E+02
  7.175561E+02     9.752421E+02
  7.275484E+02     9.715391E+02
  7.376798E+02     9.679030E+02
  7.479523E+02     9.643321E+02
  7.583678E+02     9.608240E+02
  7.689284E+02     9.573771E+02
  7.796360E+02     9.539923E+02
  7.904928E+02     9.506708E+02
  8.015007E+02     9.474135E+02
  8.126619E+02     9.442215E+02
  8.239786E+02     9.410956E+02
  8.354528E+02     9.380365E+02
  8.470868E+02     9.350448E+02
  8.588829E+02     9.321208E+02
  8.708431E+02     9.292650E+02
  8.829700E+02     9.264759E+02
  8.952657E+02     9.237481E+02
  9.077327E+02     9.210742E+02
  9.203732E+02     9.184464E+02
  9.331898E+02     9.158559E+02
  9.461848E+02     9.132931E+02
  9.593608E+02     9.107473E+02
  9.727203E+02     9.082071E+02
  9.862658E+02     9.056597E+02
  1.000000E+03     9.030914E+02
