FILE CREATED BY  : PROGRAM DPASS - VERSION 2.00
DATABASE VERSION : 21.06
DATE AND TIME    : 09/08/2022 21:54:40
PROJECTILE       : Se
TARGET           : Mo
TARGET AT. MASS  : 9.594000E+01
TARGET DENSITY   : 1.022000E+01 g/cm^3
TABULATED OUTPUT : STOPPING FORCE VERSUS ENERGY
DATA TYPE        : SPLINE INTERPOLATED
ABSCISSA UNITS   : MeV/u
ORDINATE UNITS   : eV/nm


      E/n             S(E/n)

  1.000000E-03     8.589405E+02
  1.013925E-03     8.647783E+02
  1.028045E-03     8.706933E+02
  1.042361E-03     8.766821E+02
  1.056876E-03     8.827410E+02
  1.071593E-03     8.888660E+02
  1.086516E-03     8.950526E+02
  1.101646E-03     9.012960E+02
  1.116987E-03     9.075907E+02
  1.132541E-03     9.139311E+02
  1.148312E-03     9.203108E+02
  1.164303E-03     9.267242E+02
  1.180517E-03     9.331706E+02
  1.196956E-03     9.396514E+02
  1.213624E-03     9.461682E+02
  1.230524E-03     9.527226E+02
  1.247660E-03     9.593165E+02
  1.265034E-03     9.659518E+02
  1.282650E-03     9.726309E+02
  1.300511E-03     9.793561E+02
  1.318621E-03     9.861301E+02
  1.336984E-03     9.929554E+02
  1.355602E-03     9.998328E+02
  1.374479E-03     1.006762E+03
  1.393619E-03     1.013743E+03
  1.413026E-03     1.020776E+03
  1.432703E-03     1.027860E+03
  1.452654E-03     1.034995E+03
  1.472883E-03     1.042180E+03
  1.493393E-03     1.049417E+03
  1.514189E-03     1.056704E+03
  1.535275E-03     1.064041E+03
  1.556654E-03     1.071428E+03
  1.578331E-03     1.078866E+03
  1.600310E-03     1.086355E+03
  1.622595E-03     1.093895E+03
  1.645191E-03     1.101488E+03
  1.668101E-03     1.109134E+03
  1.691330E-03     1.116832E+03
  1.714882E-03     1.124585E+03
  1.738762E-03     1.132394E+03
  1.762975E-03     1.140257E+03
  1.787526E-03     1.148177E+03
  1.812418E-03     1.156154E+03
  1.837656E-03     1.164187E+03
  1.863246E-03     1.172277E+03
  1.889193E-03     1.180424E+03
  1.915501E-03     1.188629E+03
  1.942175E-03     1.196891E+03
  1.969220E-03     1.205211E+03
  1.996642E-03     1.213590E+03
  2.024447E-03     1.222027E+03
  2.052638E-03     1.230524E+03
  2.081222E-03     1.239080E+03
  2.110203E-03     1.247696E+03
  2.139589E-03     1.256373E+03
  2.169384E-03     1.265110E+03
  2.199593E-03     1.273909E+03
  2.230223E-03     1.282771E+03
  2.261280E-03     1.291694E+03
  2.292769E-03     1.300682E+03
  2.324697E-03     1.309733E+03
  2.357069E-03     1.318850E+03
  2.389893E-03     1.328031E+03
  2.423173E-03     1.337278E+03
  2.456916E-03     1.346591E+03
  2.491130E-03     1.355969E+03
  2.525820E-03     1.365414E+03
  2.560993E-03     1.374926E+03
  2.596656E-03     1.384505E+03
  2.632815E-03     1.394152E+03
  2.669478E-03     1.403867E+03
  2.706652E-03     1.413651E+03
  2.744343E-03     1.423504E+03
  2.782559E-03     1.433426E+03
  2.821308E-03     1.443419E+03
  2.860596E-03     1.453482E+03
  2.900430E-03     1.463616E+03
  2.940820E-03     1.473822E+03
  2.981772E-03     1.484100E+03
  3.023295E-03     1.494451E+03
  3.065395E-03     1.504876E+03
  3.108082E-03     1.515375E+03
  3.151363E-03     1.525950E+03
  3.195248E-03     1.536600E+03
  3.239743E-03     1.547326E+03
  3.284857E-03     1.558128E+03
  3.330600E-03     1.569007E+03
  3.376980E-03     1.579963E+03
  3.424006E-03     1.590997E+03
  3.471687E-03     1.602110E+03
  3.520031E-03     1.613303E+03
  3.569049E-03     1.624576E+03
  3.618750E-03     1.635930E+03
  3.669142E-03     1.647365E+03
  3.720237E-03     1.658882E+03
  3.772042E-03     1.670481E+03
  3.824570E-03     1.682162E+03
  3.877828E-03     1.693927E+03
  3.931829E-03     1.705776E+03
  3.986581E-03     1.717710E+03
  4.042096E-03     1.729729E+03
  4.098384E-03     1.741834E+03
  4.155455E-03     1.754027E+03
  4.213322E-03     1.766306E+03
  4.271994E-03     1.778674E+03
  4.331483E-03     1.791130E+03
  4.391801E-03     1.803675E+03
  4.452959E-03     1.816309E+03
  4.514968E-03     1.829035E+03
  4.577841E-03     1.841851E+03
  4.641589E-03     1.854760E+03
  4.706225E-03     1.867762E+03
  4.771761E-03     1.880858E+03
  4.838210E-03     1.894048E+03
  4.905584E-03     1.907333E+03
  4.973896E-03     1.920713E+03
  5.043159E-03     1.934190E+03
  5.113388E-03     1.947763E+03
  5.184594E-03     1.961434E+03
  5.256791E-03     1.975204E+03
  5.329994E-03     1.989073E+03
  5.404216E-03     2.003043E+03
  5.479472E-03     2.017114E+03
  5.555776E-03     2.031287E+03
  5.633143E-03     2.045562E+03
  5.711586E-03     2.059941E+03
  5.791123E-03     2.074423E+03
  5.871766E-03     2.089009E+03
  5.953533E-03     2.103701E+03
  6.036439E-03     2.118499E+03
  6.120498E-03     2.133404E+03
  6.205729E-03     2.148418E+03
  6.292146E-03     2.163541E+03
  6.379767E-03     2.178774E+03
  6.468608E-03     2.194117E+03
  6.558686E-03     2.209571E+03
  6.650018E-03     2.225137E+03
  6.742622E-03     2.240815E+03
  6.836516E-03     2.256607E+03
  6.931717E-03     2.272514E+03
  7.028244E-03     2.288537E+03
  7.126115E-03     2.304676E+03
  7.225349E-03     2.320934E+03
  7.325965E-03     2.337310E+03
  7.427982E-03     2.353805E+03
  7.531420E-03     2.370421E+03
  7.636298E-03     2.387157E+03
  7.742637E-03     2.404015E+03
  7.850456E-03     2.420995E+03
  7.959777E-03     2.438100E+03
  8.070620E-03     2.455329E+03
  8.183007E-03     2.472685E+03
  8.296959E-03     2.490169E+03
  8.412497E-03     2.507781E+03
  8.529644E-03     2.525521E+03
  8.648423E-03     2.543391E+03
  8.768856E-03     2.561391E+03
  8.890966E-03     2.579523E+03
  9.014776E-03     2.597787E+03
  9.140311E-03     2.616185E+03
  9.267593E-03     2.634717E+03
  9.396648E-03     2.653386E+03
  9.527500E-03     2.672192E+03
  9.660175E-03     2.691136E+03
  9.794697E-03     2.710218E+03
  9.931092E-03     2.729441E+03
  1.006939E-02     2.748804E+03
  1.020961E-02     2.768308E+03
  1.035178E-02     2.787956E+03
  1.049593E-02     2.807748E+03
  1.064209E-02     2.827685E+03
  1.079029E-02     2.847769E+03
  1.094055E-02     2.868002E+03
  1.109290E-02     2.888383E+03
  1.124737E-02     2.908915E+03
  1.140400E-02     2.929597E+03
  1.156280E-02     2.950431E+03
  1.172382E-02     2.971419E+03
  1.188708E-02     2.992560E+03
  1.205261E-02     3.013858E+03
  1.222045E-02     3.035312E+03
  1.239062E-02     3.056926E+03
  1.256317E-02     3.078699E+03
  1.273811E-02     3.100633E+03
  1.291550E-02     3.122729E+03
  1.309535E-02     3.144988E+03
  1.327771E-02     3.167411E+03
  1.346261E-02     3.189998E+03
  1.365008E-02     3.212752E+03
  1.384016E-02     3.235673E+03
  1.403289E-02     3.258762E+03
  1.422830E-02     3.282022E+03
  1.442644E-02     3.305454E+03
  1.462733E-02     3.329059E+03
  1.483103E-02     3.352838E+03
  1.503755E-02     3.376791E+03
  1.524696E-02     3.400921E+03
  1.545928E-02     3.425227E+03
  1.567455E-02     3.449713E+03
  1.589283E-02     3.474378E+03
  1.611414E-02     3.499225E+03
  1.633854E-02     3.524257E+03
  1.656606E-02     3.549473E+03
  1.679675E-02     3.574876E+03
  1.703065E-02     3.600466E+03
  1.726781E-02     3.626245E+03
  1.750827E-02     3.652214E+03
  1.775208E-02     3.678375E+03
  1.799929E-02     3.704728E+03
  1.824993E-02     3.731275E+03
  1.850407E-02     3.758019E+03
  1.876175E-02     3.784961E+03
  1.902301E-02     3.812104E+03
  1.928792E-02     3.839447E+03
  1.955651E-02     3.866994E+03
  1.982884E-02     3.894744E+03
  2.010496E-02     3.922699E+03
  2.038493E-02     3.950861E+03
  2.066880E-02     3.979232E+03
  2.095662E-02     4.007812E+03
  2.124845E-02     4.036605E+03
  2.154435E-02     4.065613E+03
  2.184436E-02     4.094836E+03
  2.214855E-02     4.124278E+03
  2.245698E-02     4.153938E+03
  2.276970E-02     4.183818E+03
  2.308678E-02     4.213918E+03
  2.340827E-02     4.244241E+03
  2.373424E-02     4.274788E+03
  2.406475E-02     4.305560E+03
  2.439986E-02     4.336559E+03
  2.473964E-02     4.367787E+03
  2.508415E-02     4.399246E+03
  2.543346E-02     4.430937E+03
  2.578763E-02     4.462861E+03
  2.614673E-02     4.495019E+03
  2.651084E-02     4.527411E+03
  2.688001E-02     4.560040E+03
  2.725433E-02     4.592906E+03
  2.763385E-02     4.626012E+03
  2.801867E-02     4.659358E+03
  2.840884E-02     4.692946E+03
  2.880444E-02     4.726778E+03
  2.920556E-02     4.760857E+03
  2.961225E-02     4.795181E+03
  3.002462E-02     4.829753E+03
  3.044272E-02     4.864573E+03
  3.086665E-02     4.899643E+03
  3.129648E-02     4.934965E+03
  3.173230E-02     4.970539E+03
  3.217418E-02     5.006367E+03
  3.262222E-02     5.042452E+03
  3.307650E-02     5.078796E+03
  3.353710E-02     5.115400E+03
  3.400412E-02     5.152264E+03
  3.447764E-02     5.189390E+03
  3.495776E-02     5.226780E+03
  3.544456E-02     5.264435E+03
  3.593814E-02     5.302356E+03
  3.643859E-02     5.340546E+03
  3.694601E-02     5.379006E+03
  3.746050E-02     5.417739E+03
  3.798215E-02     5.456747E+03
  3.851107E-02     5.496031E+03
  3.904735E-02     5.535594E+03
  3.959110E-02     5.575436E+03
  4.014242E-02     5.615560E+03
  4.070142E-02     5.655967E+03
  4.126821E-02     5.696659E+03
  4.184289E-02     5.737638E+03
  4.242556E-02     5.778907E+03
  4.301636E-02     5.820470E+03
  4.361538E-02     5.862328E+03
  4.422274E-02     5.904484E+03
  4.483856E-02     5.946939E+03
  4.546295E-02     5.989697E+03
  4.609604E-02     6.032758E+03
  4.673795E-02     6.076125E+03
  4.738880E-02     6.119801E+03
  4.804870E-02     6.163788E+03
  4.871780E-02     6.208089E+03
  4.939622E-02     6.252708E+03
  5.008408E-02     6.297648E+03
  5.078152E-02     6.342913E+03
  5.148867E-02     6.388504E+03
  5.220568E-02     6.434424E+03
  5.293266E-02     6.480675E+03
  5.366977E-02     6.527260E+03
  5.441714E-02     6.574182E+03
  5.517492E-02     6.621444E+03
  5.594326E-02     6.669050E+03
  5.672229E-02     6.717004E+03
  5.751217E-02     6.765310E+03
  5.831305E-02     6.813972E+03
  5.912508E-02     6.862992E+03
  5.994843E-02     6.912373E+03
  6.078323E-02     6.962118E+03
  6.162966E-02     7.012229E+03
  6.248788E-02     7.062711E+03
  6.335805E-02     7.113567E+03
  6.424034E-02     7.164800E+03
  6.513491E-02     7.216416E+03
  6.604194E-02     7.268420E+03
  6.696160E-02     7.320815E+03
  6.789407E-02     7.373604E+03
  6.883952E-02     7.426790E+03
  6.979814E-02     7.480376E+03
  7.077011E-02     7.534366E+03
  7.175561E-02     7.588763E+03
  7.275484E-02     7.643571E+03
  7.376798E-02     7.698794E+03
  7.479523E-02     7.754438E+03
  7.583678E-02     7.810506E+03
  7.689284E-02     7.867004E+03
  7.796360E-02     7.923934E+03
  7.904928E-02     7.981300E+03
  8.015007E-02     8.039105E+03
  8.126619E-02     8.097352E+03
  8.239786E-02     8.156045E+03
  8.354528E-02     8.215188E+03
  8.470868E-02     8.274786E+03
  8.588829E-02     8.334842E+03
  8.708431E-02     8.395363E+03
  8.829700E-02     8.456353E+03
  8.952657E-02     8.517815E+03
  9.077327E-02     8.579751E+03
  9.203732E-02     8.642165E+03
  9.331898E-02     8.705060E+03
  9.461848E-02     8.768439E+03
  9.593608E-02     8.832306E+03
  9.727203E-02     8.896665E+03
  9.862658E-02     8.961519E+03
  1.000000E-01     9.026875E+03
  1.013925E-01     9.092735E+03
  1.028045E-01     9.159104E+03
  1.042361E-01     9.225983E+03
  1.056876E-01     9.293374E+03
  1.071593E-01     9.361281E+03
  1.086516E-01     9.429707E+03
  1.101646E-01     9.498655E+03
  1.116987E-01     9.568128E+03
  1.132541E-01     9.638131E+03
  1.148312E-01     9.708667E+03
  1.164303E-01     9.779740E+03
  1.180517E-01     9.851353E+03
  1.196956E-01     9.923508E+03
  1.213624E-01     9.996206E+03
  1.230524E-01     1.006945E+04
  1.247660E-01     1.014324E+04
  1.265034E-01     1.021758E+04
  1.282650E-01     1.029248E+04
  1.300511E-01     1.036793E+04
  1.318621E-01     1.044395E+04
  1.336984E-01     1.052052E+04
  1.355602E-01     1.059766E+04
  1.374479E-01     1.067536E+04
  1.393619E-01     1.075362E+04
  1.413026E-01     1.083243E+04
  1.432703E-01     1.091181E+04
  1.452654E-01     1.099174E+04
  1.472883E-01     1.107222E+04
  1.493393E-01     1.115325E+04
  1.514189E-01     1.123484E+04
  1.535275E-01     1.131697E+04
  1.556654E-01     1.139965E+04
  1.578331E-01     1.148287E+04
  1.600310E-01     1.156662E+04
  1.622595E-01     1.165092E+04
  1.645191E-01     1.173574E+04
  1.668101E-01     1.182110E+04
  1.691330E-01     1.190698E+04
  1.714882E-01     1.199338E+04
  1.738762E-01     1.208031E+04
  1.762975E-01     1.216775E+04
  1.787526E-01     1.225570E+04
  1.812418E-01     1.234416E+04
  1.837656E-01     1.243312E+04
  1.863246E-01     1.252258E+04
  1.889193E-01     1.261253E+04
  1.915501E-01     1.270298E+04
  1.942175E-01     1.279391E+04
  1.969220E-01     1.288532E+04
  1.996642E-01     1.297721E+04
  2.024447E-01     1.306958E+04
  2.052638E-01     1.316242E+04
  2.081222E-01     1.325571E+04
  2.110203E-01     1.334947E+04
  2.139589E-01     1.344368E+04
  2.169384E-01     1.353833E+04
  2.199593E-01     1.363343E+04
  2.230223E-01     1.372896E+04
  2.261280E-01     1.382492E+04
  2.292769E-01     1.392130E+04
  2.324697E-01     1.401810E+04
  2.357069E-01     1.411531E+04
  2.389893E-01     1.421293E+04
  2.423173E-01     1.431094E+04
  2.456916E-01     1.440934E+04
  2.491130E-01     1.450812E+04
  2.525820E-01     1.460727E+04
  2.560993E-01     1.470678E+04
  2.596656E-01     1.480665E+04
  2.632815E-01     1.490686E+04
  2.669478E-01     1.500741E+04
  2.706652E-01     1.510829E+04
  2.744343E-01     1.520949E+04
  2.782559E-01     1.531100E+04
  2.821308E-01     1.541281E+04
  2.860596E-01     1.551490E+04
  2.900430E-01     1.561727E+04
  2.940820E-01     1.571990E+04
  2.981772E-01     1.582278E+04
  3.023295E-01     1.592591E+04
  3.065395E-01     1.602926E+04
  3.108082E-01     1.613284E+04
  3.151363E-01     1.623663E+04
  3.195248E-01     1.634061E+04
  3.239743E-01     1.644478E+04
  3.284857E-01     1.654912E+04
  3.330600E-01     1.665362E+04
  3.376980E-01     1.675827E+04
  3.424006E-01     1.686306E+04
  3.471687E-01     1.696797E+04
  3.520031E-01     1.707300E+04
  3.569049E-01     1.717814E+04
  3.618750E-01     1.728338E+04
  3.669142E-01     1.738869E+04
  3.720237E-01     1.749407E+04
  3.772042E-01     1.759950E+04
  3.824570E-01     1.770498E+04
  3.877828E-01     1.781049E+04
  3.931829E-01     1.791602E+04
  3.986581E-01     1.802155E+04
  4.042096E-01     1.812709E+04
  4.098384E-01     1.823262E+04
  4.155455E-01     1.833812E+04
  4.213322E-01     1.844358E+04
  4.271994E-01     1.854898E+04
  4.331483E-01     1.865432E+04
  4.391801E-01     1.875956E+04
  4.452959E-01     1.886471E+04
  4.514968E-01     1.896975E+04
  4.577841E-01     1.907466E+04
  4.641589E-01     1.917944E+04
  4.706225E-01     1.928407E+04
  4.771761E-01     1.938853E+04
  4.838210E-01     1.949281E+04
  4.905584E-01     1.959688E+04
  4.973896E-01     1.970073E+04
  5.043159E-01     1.980434E+04
  5.113388E-01     1.990768E+04
  5.184594E-01     2.001075E+04
  5.256791E-01     2.011352E+04
  5.329994E-01     2.021598E+04
  5.404216E-01     2.031811E+04
  5.479472E-01     2.041989E+04
  5.555776E-01     2.052130E+04
  5.633143E-01     2.062229E+04
  5.711586E-01     2.072286E+04
  5.791123E-01     2.082297E+04
  5.871766E-01     2.092259E+04
  5.953533E-01     2.102171E+04
  6.036439E-01     2.112029E+04
  6.120498E-01     2.121831E+04
  6.205729E-01     2.131575E+04
  6.292146E-01     2.141259E+04
  6.379767E-01     2.150878E+04
  6.468608E-01     2.160431E+04
  6.558686E-01     2.169914E+04
  6.650018E-01     2.179326E+04
  6.742622E-01     2.188662E+04
  6.836516E-01     2.197922E+04
  6.931717E-01     2.207102E+04
  7.028244E-01     2.216201E+04
  7.126115E-01     2.225215E+04
  7.225349E-01     2.234143E+04
  7.325965E-01     2.242983E+04
  7.427982E-01     2.251732E+04
  7.531420E-01     2.260389E+04
  7.636298E-01     2.268951E+04
  7.742637E-01     2.277416E+04
  7.850456E-01     2.285785E+04
  7.959777E-01     2.294054E+04
  8.070620E-01     2.302224E+04
  8.183007E-01     2.310293E+04
  8.296959E-01     2.318261E+04
  8.412497E-01     2.326125E+04
  8.529644E-01     2.333884E+04
  8.648423E-01     2.341537E+04
  8.768856E-01     2.349083E+04
  8.890966E-01     2.356521E+04
  9.014776E-01     2.363850E+04
  9.140311E-01     2.371071E+04
  9.267593E-01     2.378183E+04
  9.396648E-01     2.385188E+04
  9.527500E-01     2.392084E+04
  9.660175E-01     2.398871E+04
  9.794697E-01     2.405547E+04
  9.931092E-01     2.412112E+04
  1.006939E+00     2.418565E+04
  1.020961E+00     2.424906E+04
  1.035178E+00     2.431134E+04
  1.049593E+00     2.437251E+04
  1.064209E+00     2.443257E+04
  1.079029E+00     2.449153E+04
  1.094055E+00     2.454940E+04
  1.109290E+00     2.460616E+04
  1.124737E+00     2.466181E+04
  1.140400E+00     2.471634E+04
  1.156280E+00     2.476975E+04
  1.172382E+00     2.482203E+04
  1.188708E+00     2.487319E+04
  1.205261E+00     2.492323E+04
  1.222045E+00     2.497217E+04
  1.239062E+00     2.502002E+04
  1.256317E+00     2.506679E+04
  1.273811E+00     2.511246E+04
  1.291550E+00     2.515703E+04
  1.309535E+00     2.520050E+04
  1.327771E+00     2.524285E+04
  1.346261E+00     2.528409E+04
  1.365008E+00     2.532421E+04
  1.384016E+00     2.536324E+04
  1.403289E+00     2.540117E+04
  1.422830E+00     2.543802E+04
  1.442644E+00     2.547379E+04
  1.462733E+00     2.550848E+04
  1.483103E+00     2.554208E+04
  1.503755E+00     2.557458E+04
  1.524696E+00     2.560597E+04
  1.545928E+00     2.563626E+04
  1.567455E+00     2.566544E+04
  1.589283E+00     2.569352E+04
  1.611414E+00     2.572051E+04
  1.633854E+00     2.574642E+04
  1.656606E+00     2.577124E+04
  1.679675E+00     2.579499E+04
  1.703065E+00     2.581764E+04
  1.726781E+00     2.583919E+04
  1.750827E+00     2.585964E+04
  1.775208E+00     2.587898E+04
  1.799929E+00     2.589722E+04
  1.824993E+00     2.591435E+04
  1.850407E+00     2.593040E+04
  1.876175E+00     2.594536E+04
  1.902301E+00     2.595925E+04
  1.928792E+00     2.597205E+04
  1.955651E+00     2.598376E+04
  1.982884E+00     2.599438E+04
  2.010496E+00     2.600389E+04
  2.038493E+00     2.601231E+04
  2.066880E+00     2.601962E+04
  2.095662E+00     2.602584E+04
  2.124845E+00     2.603096E+04
  2.154435E+00     2.603500E+04
  2.184436E+00     2.603797E+04
  2.214855E+00     2.603986E+04
  2.245698E+00     2.604066E+04
  2.276970E+00     2.604038E+04
  2.308678E+00     2.603900E+04
  2.340827E+00     2.603653E+04
  2.373424E+00     2.603298E+04
  2.406475E+00     2.602835E+04
  2.439986E+00     2.602264E+04
  2.473964E+00     2.601586E+04
  2.508415E+00     2.600803E+04
  2.543346E+00     2.599915E+04
  2.578763E+00     2.598921E+04
  2.614673E+00     2.597821E+04
  2.651084E+00     2.596614E+04
  2.688001E+00     2.595301E+04
  2.725433E+00     2.593882E+04
  2.763385E+00     2.592357E+04
  2.801867E+00     2.590728E+04
  2.840884E+00     2.588995E+04
  2.880444E+00     2.587159E+04
  2.920556E+00     2.585222E+04
  2.961225E+00     2.583181E+04
  3.002462E+00     2.581037E+04
  3.044272E+00     2.578790E+04
  3.086665E+00     2.576439E+04
  3.129648E+00     2.573986E+04
  3.173230E+00     2.571430E+04
  3.217418E+00     2.568773E+04
  3.262222E+00     2.566015E+04
  3.307650E+00     2.563158E+04
  3.353710E+00     2.560201E+04
  3.400412E+00     2.557145E+04
  3.447764E+00     2.553989E+04
  3.495776E+00     2.550734E+04
  3.544456E+00     2.547380E+04
  3.593814E+00     2.543928E+04
  3.643859E+00     2.540377E+04
  3.694601E+00     2.536730E+04
  3.746050E+00     2.532987E+04
  3.798215E+00     2.529150E+04
  3.851107E+00     2.525218E+04
  3.904735E+00     2.521193E+04
  3.959110E+00     2.517074E+04
  4.014242E+00     2.512861E+04
  4.070142E+00     2.508554E+04
  4.126821E+00     2.504155E+04
  4.184289E+00     2.499663E+04
  4.242556E+00     2.495080E+04
  4.301636E+00     2.490407E+04
  4.361538E+00     2.485645E+04
  4.422274E+00     2.480795E+04
  4.483856E+00     2.475856E+04
  4.546295E+00     2.470829E+04
  4.609604E+00     2.465714E+04
  4.673795E+00     2.460510E+04
  4.738880E+00     2.455220E+04
  4.804870E+00     2.449842E+04
  4.871780E+00     2.444379E+04
  4.939622E+00     2.438830E+04
  5.008408E+00     2.433198E+04
  5.078152E+00     2.427482E+04
  5.148867E+00     2.421682E+04
  5.220568E+00     2.415800E+04
  5.293266E+00     2.409834E+04
  5.366977E+00     2.403786E+04
  5.441714E+00     2.397656E+04
  5.517492E+00     2.391445E+04
  5.594326E+00     2.385153E+04
  5.672229E+00     2.378781E+04
  5.751217E+00     2.372331E+04
  5.831305E+00     2.365803E+04
  5.912508E+00     2.359197E+04
  5.994843E+00     2.352513E+04
  6.078323E+00     2.345753E+04
  6.162966E+00     2.338917E+04
  6.248788E+00     2.332006E+04
  6.335805E+00     2.325019E+04
  6.424034E+00     2.317959E+04
  6.513491E+00     2.310826E+04
  6.604194E+00     2.303621E+04
  6.696160E+00     2.296346E+04
  6.789407E+00     2.288999E+04
  6.883952E+00     2.281582E+04
  6.979814E+00     2.274094E+04
  7.077011E+00     2.266536E+04
  7.175561E+00     2.258908E+04
  7.275484E+00     2.251209E+04
  7.376798E+00     2.243440E+04
  7.479523E+00     2.235601E+04
  7.583678E+00     2.227693E+04
  7.689284E+00     2.219716E+04
  7.796360E+00     2.211671E+04
  7.904928E+00     2.203559E+04
  8.015007E+00     2.195380E+04
  8.126619E+00     2.187135E+04
  8.239786E+00     2.178826E+04
  8.354528E+00     2.170454E+04
  8.470868E+00     2.162020E+04
  8.588829E+00     2.153526E+04
  8.708431E+00     2.144972E+04
  8.829700E+00     2.136361E+04
  8.952657E+00     2.127692E+04
  9.077327E+00     2.118966E+04
  9.203732E+00     2.110182E+04
  9.331898E+00     2.101341E+04
  9.461848E+00     2.092442E+04
  9.593608E+00     2.083486E+04
  9.727203E+00     2.074471E+04
  9.862658E+00     2.065399E+04
  1.000000E+01     2.056268E+04
  1.013925E+01     2.047079E+04
  1.028045E+01     2.037833E+04
  1.042361E+01     2.028531E+04
  1.056876E+01     2.019174E+04
  1.071593E+01     2.009764E+04
  1.086516E+01     2.000302E+04
  1.101646E+01     1.990789E+04
  1.116987E+01     1.981228E+04
  1.132541E+01     1.971619E+04
  1.148312E+01     1.961966E+04
  1.164303E+01     1.952268E+04
  1.180517E+01     1.942528E+04
  1.196956E+01     1.932745E+04
  1.213624E+01     1.922921E+04
  1.230524E+01     1.913056E+04
  1.247660E+01     1.903151E+04
  1.265034E+01     1.893206E+04
  1.282650E+01     1.883222E+04
  1.300511E+01     1.873199E+04
  1.318621E+01     1.863137E+04
  1.336984E+01     1.853038E+04
  1.355602E+01     1.842902E+04
  1.374479E+01     1.832729E+04
  1.393619E+01     1.822522E+04
  1.413026E+01     1.812282E+04
  1.432703E+01     1.802009E+04
  1.452654E+01     1.791705E+04
  1.472883E+01     1.781371E+04
  1.493393E+01     1.771008E+04
  1.514189E+01     1.760617E+04
  1.535275E+01     1.750200E+04
  1.556654E+01     1.739757E+04
  1.578331E+01     1.729290E+04
  1.600310E+01     1.718800E+04
  1.622595E+01     1.708288E+04
  1.645191E+01     1.697755E+04
  1.668101E+01     1.687203E+04
  1.691330E+01     1.676631E+04
  1.714882E+01     1.666042E+04
  1.738762E+01     1.655436E+04
  1.762975E+01     1.644815E+04
  1.787526E+01     1.634178E+04
  1.812418E+01     1.623529E+04
  1.837656E+01     1.612868E+04
  1.863246E+01     1.602196E+04
  1.889193E+01     1.591515E+04
  1.915501E+01     1.580826E+04
  1.942175E+01     1.570131E+04
  1.969220E+01     1.559430E+04
  1.996642E+01     1.548725E+04
  2.024447E+01     1.538016E+04
  2.052638E+01     1.527305E+04
  2.081222E+01     1.516594E+04
  2.110203E+01     1.505883E+04
  2.139589E+01     1.495175E+04
  2.169384E+01     1.484470E+04
  2.199593E+01     1.473769E+04
  2.230223E+01     1.463075E+04
  2.261280E+01     1.452387E+04
  2.292769E+01     1.441707E+04
  2.324697E+01     1.431036E+04
  2.357069E+01     1.420374E+04
  2.389893E+01     1.409724E+04
  2.423173E+01     1.399086E+04
  2.456916E+01     1.388463E+04
  2.491130E+01     1.377856E+04
  2.525820E+01     1.367265E+04
  2.560993E+01     1.356693E+04
  2.596656E+01     1.346140E+04
  2.632815E+01     1.335607E+04
  2.669478E+01     1.325095E+04
  2.706652E+01     1.314606E+04
  2.744343E+01     1.304140E+04
  2.782559E+01     1.293699E+04
  2.821308E+01     1.283284E+04
  2.860596E+01     1.272898E+04
  2.900430E+01     1.262540E+04
  2.940820E+01     1.252212E+04
  2.981772E+01     1.241915E+04
  3.023295E+01     1.231650E+04
  3.065395E+01     1.221417E+04
  3.108082E+01     1.211216E+04
  3.151363E+01     1.201050E+04
  3.195248E+01     1.190920E+04
  3.239743E+01     1.180826E+04
  3.284857E+01     1.170771E+04
  3.330600E+01     1.160755E+04
  3.376980E+01     1.150778E+04
  3.424006E+01     1.140842E+04
  3.471687E+01     1.130947E+04
  3.520031E+01     1.121092E+04
  3.569049E+01     1.111280E+04
  3.618750E+01     1.101510E+04
  3.669142E+01     1.091785E+04
  3.720237E+01     1.082106E+04
  3.772042E+01     1.072474E+04
  3.824570E+01     1.062891E+04
  3.877828E+01     1.053357E+04
  3.931829E+01     1.043874E+04
  3.986581E+01     1.034442E+04
  4.042096E+01     1.025061E+04
  4.098384E+01     1.015733E+04
  4.155455E+01     1.006457E+04
  4.213322E+01     9.972355E+03
  4.271994E+01     9.880689E+03
  4.331483E+01     9.789581E+03
  4.391801E+01     9.699035E+03
  4.452959E+01     9.609054E+03
  4.514968E+01     9.519639E+03
  4.577841E+01     9.430787E+03
  4.641589E+01     9.342492E+03
  4.706225E+01     9.254751E+03
  4.771761E+01     9.167574E+03
  4.838210E+01     9.080975E+03
  4.905584E+01     8.994968E+03
  4.973896E+01     8.909562E+03
  5.043159E+01     8.824767E+03
  5.113388E+01     8.740589E+03
  5.184594E+01     8.657034E+03
  5.256791E+01     8.574104E+03
  5.329994E+01     8.491798E+03
  5.404216E+01     8.410117E+03
  5.479472E+01     8.329067E+03
  5.555776E+01     8.248656E+03
  5.633143E+01     8.168891E+03
  5.711586E+01     8.089774E+03
  5.791123E+01     8.011308E+03
  5.871766E+01     7.933491E+03
  5.953533E+01     7.856319E+03
  6.036439E+01     7.779786E+03
  6.120498E+01     7.703882E+03
  6.205729E+01     7.628594E+03
  6.292146E+01     7.553927E+03
  6.379767E+01     7.479893E+03
  6.468608E+01     7.406501E+03
  6.558686E+01     7.333757E+03
  6.650018E+01     7.261666E+03
  6.742622E+01     7.190233E+03
  6.836516E+01     7.119457E+03
  6.931717E+01     7.049337E+03
  7.028244E+01     6.979868E+03
  7.126115E+01     6.911043E+03
  7.225349E+01     6.842865E+03
  7.325965E+01     6.775339E+03
  7.427982E+01     6.708470E+03
  7.531420E+01     6.642260E+03
  7.636298E+01     6.576709E+03
  7.742637E+01     6.511812E+03
  7.850456E+01     6.447566E+03
  7.959777E+01     6.383960E+03
  8.070620E+01     6.320983E+03
  8.183007E+01     6.258621E+03
  8.296959E+01     6.196872E+03
  8.412497E+01     6.135742E+03
  8.529644E+01     6.075238E+03
  8.648423E+01     6.015362E+03
  8.768856E+01     5.956117E+03
  8.890966E+01     5.897501E+03
  9.014776E+01     5.839511E+03
  9.140311E+01     5.782141E+03
  9.267593E+01     5.725383E+03
  9.396648E+01     5.669226E+03
  9.527500E+01     5.613666E+03
  9.660175E+01     5.558708E+03
  9.794697E+01     5.504355E+03
  9.931092E+01     5.450607E+03
  1.006939E+02     5.397463E+03
  1.020961E+02     5.344920E+03
  1.035178E+02     5.292971E+03
  1.049593E+02     5.241608E+03
  1.064209E+02     5.190819E+03
  1.079029E+02     5.140590E+03
  1.094055E+02     5.090914E+03
  1.109290E+02     5.041795E+03
  1.124737E+02     4.993236E+03
  1.140400E+02     4.945239E+03
  1.156280E+02     4.897803E+03
  1.172382E+02     4.850925E+03
  1.188708E+02     4.804601E+03
  1.205261E+02     4.758823E+03
  1.222045E+02     4.713581E+03
  1.239062E+02     4.668862E+03
  1.256317E+02     4.624660E+03
  1.273811E+02     4.580977E+03
  1.291550E+02     4.537815E+03
  1.309535E+02     4.495175E+03
  1.327771E+02     4.453054E+03
  1.346261E+02     4.411450E+03
  1.365008E+02     4.370357E+03
  1.384016E+02     4.329766E+03
  1.403289E+02     4.289668E+03
  1.422830E+02     4.250049E+03
  1.442644E+02     4.210901E+03
  1.462733E+02     4.172225E+03
  1.483103E+02     4.134023E+03
  1.503755E+02     4.096295E+03
  1.524696E+02     4.059038E+03
  1.545928E+02     4.022250E+03
  1.567455E+02     3.985924E+03
  1.589283E+02     3.950053E+03
  1.611414E+02     3.914628E+03
  1.633854E+02     3.879636E+03
  1.656606E+02     3.845067E+03
  1.679675E+02     3.810922E+03
  1.703065E+02     3.777204E+03
  1.726781E+02     3.743911E+03
  1.750827E+02     3.711044E+03
  1.775208E+02     3.678598E+03
  1.799929E+02     3.646569E+03
  1.824993E+02     3.614951E+03
  1.850407E+02     3.583735E+03
  1.876175E+02     3.552910E+03
  1.902301E+02     3.522468E+03
  1.928792E+02     3.492408E+03
  1.955651E+02     3.462732E+03
  1.982884E+02     3.433440E+03
  2.010496E+02     3.404530E+03
  2.038493E+02     3.376000E+03
  2.066880E+02     3.347845E+03
  2.095662E+02     3.320059E+03
  2.124845E+02     3.292635E+03
  2.154435E+02     3.265563E+03
  2.184436E+02     3.238833E+03
  2.214855E+02     3.212445E+03
  2.245698E+02     3.186401E+03
  2.276970E+02     3.160700E+03
  2.308678E+02     3.135341E+03
  2.340827E+02     3.110322E+03
  2.373424E+02     3.085639E+03
  2.406475E+02     3.061286E+03
  2.439986E+02     3.037257E+03
  2.473964E+02     3.013543E+03
  2.508415E+02     2.990135E+03
  2.543346E+02     2.967032E+03
  2.578763E+02     2.944236E+03
  2.614673E+02     2.921746E+03
  2.651084E+02     2.899562E+03
  2.688001E+02     2.877681E+03
  2.725433E+02     2.856100E+03
  2.763385E+02     2.834815E+03
  2.801867E+02     2.813819E+03
  2.840884E+02     2.793104E+03
  2.880444E+02     2.772664E+03
  2.920556E+02     2.752496E+03
  2.961225E+02     2.732601E+03
  3.002462E+02     2.712980E+03
  3.044272E+02     2.693632E+03
  3.086665E+02     2.674554E+03
  3.129648E+02     2.655745E+03
  3.173230E+02     2.637199E+03
  3.217418E+02     2.618913E+03
  3.262222E+02     2.600879E+03
  3.307650E+02     2.583090E+03
  3.353710E+02     2.565545E+03
  3.400412E+02     2.548244E+03
  3.447764E+02     2.531187E+03
  3.495776E+02     2.514373E+03
  3.544456E+02     2.497803E+03
  3.593814E+02     2.481472E+03
  3.643859E+02     2.465377E+03
  3.694601E+02     2.449515E+03
  3.746050E+02     2.433879E+03
  3.798215E+02     2.418462E+03
  3.851107E+02     2.403264E+03
  3.904735E+02     2.388284E+03
  3.959110E+02     2.373522E+03
  4.014242E+02     2.358978E+03
  4.070142E+02     2.344651E+03
  4.126821E+02     2.330539E+03
  4.184289E+02     2.316638E+03
  4.242556E+02     2.302945E+03
  4.301636E+02     2.289455E+03
  4.361538E+02     2.276161E+03
  4.422274E+02     2.263062E+03
  4.483856E+02     2.250158E+03
  4.546295E+02     2.237449E+03
  4.609604E+02     2.224937E+03
  4.673795E+02     2.212619E+03
  4.738880E+02     2.200494E+03
  4.804870E+02     2.188561E+03
  4.871780E+02     2.176815E+03
  4.939622E+02     2.165254E+03
  5.008408E+02     2.153873E+03
  5.078152E+02     2.142668E+03
  5.148867E+02     2.131641E+03
  5.220568E+02     2.120792E+03
  5.293266E+02     2.110119E+03
  5.366977E+02     2.099621E+03
  5.441714E+02     2.089298E+03
  5.517492E+02     2.079146E+03
  5.594326E+02     2.069161E+03
  5.672229E+02     2.059341E+03
  5.751217E+02     2.049679E+03
  5.831305E+02     2.040174E+03
  5.912508E+02     2.030824E+03
  5.994843E+02     2.021630E+03
  6.078323E+02     2.012591E+03
  6.162966E+02     2.003707E+03
  6.248788E+02     1.994975E+03
  6.335805E+02     1.986394E+03
  6.424034E+02     1.977960E+03
  6.513491E+02     1.969669E+03
  6.604194E+02     1.961519E+03
  6.696160E+02     1.953504E+03
  6.789407E+02     1.945626E+03
  6.883952E+02     1.937884E+03
  6.979814E+02     1.930278E+03
  7.077011E+02     1.922807E+03
  7.175561E+02     1.915470E+03
  7.275484E+02     1.908266E+03
  7.376798E+02     1.901190E+03
  7.479523E+02     1.894241E+03
  7.583678E+02     1.887415E+03
  7.689284E+02     1.880709E+03
  7.796360E+02     1.874125E+03
  7.904928E+02     1.867666E+03
  8.015007E+02     1.861332E+03
  8.126619E+02     1.855127E+03
  8.239786E+02     1.849050E+03
  8.354528E+02     1.843104E+03
  8.470868E+02     1.837289E+03
  8.588829E+02     1.831607E+03
  8.708431E+02     1.826057E+03
  8.829700E+02     1.820636E+03
  8.952657E+02     1.815335E+03
  9.077327E+02     1.810138E+03
  9.203732E+02     1.805031E+03
  9.331898E+02     1.799996E+03
  9.461848E+02     1.795014E+03
  9.593608E+02     1.790066E+03
  9.727203E+02     1.785128E+03
  9.862658E+02     1.780177E+03
  1.000000E+03     1.775185E+03
