FILE CREATED BY  : PROGRAM DPASS - VERSION 2.00
DATABASE VERSION : 21.06
DATE AND TIME    : 09/08/2022 21:57:10
PROJECTILE       : Br
TARGET           : Ne
TARGET AT. MASS  : 2.017900E+01
TARGET DENSITY   : 9.000000E-04 g/cm^3
TABULATED OUTPUT : STOPPING FORCE VERSUS ENERGY
DATA TYPE        : SPLINE INTERPOLATED
ABSCISSA UNITS   : MeV/u
ORDINATE UNITS   : eV/nm


      E/n             S(E/n)

  1.000000E-03     1.485247E-01
  1.013925E-03     1.495285E-01
  1.028045E-03     1.505456E-01
  1.042361E-03     1.515753E-01
  1.056876E-03     1.526170E-01
  1.071593E-03     1.536701E-01
  1.086516E-03     1.547336E-01
  1.101646E-03     1.558068E-01
  1.116987E-03     1.568887E-01
  1.132541E-03     1.579784E-01
  1.148312E-03     1.590746E-01
  1.164303E-03     1.601764E-01
  1.180517E-03     1.612837E-01
  1.196956E-03     1.623967E-01
  1.213624E-03     1.635156E-01
  1.230524E-03     1.646409E-01
  1.247660E-03     1.657726E-01
  1.265034E-03     1.669113E-01
  1.282650E-03     1.680573E-01
  1.300511E-03     1.692109E-01
  1.318621E-03     1.703727E-01
  1.336984E-03     1.715431E-01
  1.355602E-03     1.727222E-01
  1.374479E-03     1.739099E-01
  1.393619E-03     1.751064E-01
  1.413026E-03     1.763114E-01
  1.432703E-03     1.775251E-01
  1.452654E-03     1.787473E-01
  1.472883E-03     1.799781E-01
  1.493393E-03     1.812174E-01
  1.514189E-03     1.824652E-01
  1.535275E-03     1.837214E-01
  1.556654E-03     1.849862E-01
  1.578331E-03     1.862594E-01
  1.600310E-03     1.875412E-01
  1.622595E-03     1.888317E-01
  1.645191E-03     1.901309E-01
  1.668101E-03     1.914389E-01
  1.691330E-03     1.927557E-01
  1.714882E-03     1.940816E-01
  1.738762E-03     1.954165E-01
  1.762975E-03     1.967606E-01
  1.787526E-03     1.981139E-01
  1.812418E-03     1.994766E-01
  1.837656E-03     2.008486E-01
  1.863246E-03     2.022301E-01
  1.889193E-03     2.036210E-01
  1.915501E-03     2.050214E-01
  1.942175E-03     2.064314E-01
  1.969220E-03     2.078511E-01
  1.996642E-03     2.092806E-01
  2.024447E-03     2.107200E-01
  2.052638E-03     2.121693E-01
  2.081222E-03     2.136286E-01
  2.110203E-03     2.150979E-01
  2.139589E-03     2.165772E-01
  2.169384E-03     2.180667E-01
  2.199593E-03     2.195663E-01
  2.230223E-03     2.210761E-01
  2.261280E-03     2.225962E-01
  2.292769E-03     2.241267E-01
  2.324697E-03     2.256676E-01
  2.357069E-03     2.272190E-01
  2.389893E-03     2.287810E-01
  2.423173E-03     2.303537E-01
  2.456916E-03     2.319370E-01
  2.491130E-03     2.335311E-01
  2.525820E-03     2.351360E-01
  2.560993E-03     2.367519E-01
  2.596656E-03     2.383787E-01
  2.632815E-03     2.400167E-01
  2.669478E-03     2.416660E-01
  2.706652E-03     2.433266E-01
  2.744343E-03     2.449986E-01
  2.782559E-03     2.466820E-01
  2.821308E-03     2.483770E-01
  2.860596E-03     2.500835E-01
  2.900430E-03     2.518017E-01
  2.940820E-03     2.535316E-01
  2.981772E-03     2.552734E-01
  3.023295E-03     2.570271E-01
  3.065395E-03     2.587929E-01
  3.108082E-03     2.605708E-01
  3.151363E-03     2.623610E-01
  3.195248E-03     2.641634E-01
  3.239743E-03     2.659782E-01
  3.284857E-03     2.678054E-01
  3.330600E-03     2.696450E-01
  3.376980E-03     2.714972E-01
  3.424006E-03     2.733620E-01
  3.471687E-03     2.752397E-01
  3.520031E-03     2.771301E-01
  3.569049E-03     2.790336E-01
  3.618750E-03     2.809501E-01
  3.669142E-03     2.828797E-01
  3.720237E-03     2.848225E-01
  3.772042E-03     2.867785E-01
  3.824570E-03     2.887479E-01
  3.877828E-03     2.907306E-01
  3.931829E-03     2.927269E-01
  3.986581E-03     2.947367E-01
  4.042096E-03     2.967604E-01
  4.098384E-03     2.987979E-01
  4.155455E-03     3.008494E-01
  4.213322E-03     3.029149E-01
  4.271994E-03     3.049945E-01
  4.331483E-03     3.070883E-01
  4.391801E-03     3.091963E-01
  4.452959E-03     3.113187E-01
  4.514968E-03     3.134556E-01
  4.577841E-03     3.156071E-01
  4.641589E-03     3.177734E-01
  4.706225E-03     3.199545E-01
  4.771761E-03     3.221506E-01
  4.838210E-03     3.243618E-01
  4.905584E-03     3.265880E-01
  4.973896E-03     3.288295E-01
  5.043159E-03     3.310862E-01
  5.113388E-03     3.333584E-01
  5.184594E-03     3.356460E-01
  5.256791E-03     3.379494E-01
  5.329994E-03     3.402685E-01
  5.404216E-03     3.426035E-01
  5.479472E-03     3.449546E-01
  5.555776E-03     3.473218E-01
  5.633143E-03     3.497052E-01
  5.711586E-03     3.521049E-01
  5.791123E-03     3.545210E-01
  5.871766E-03     3.569535E-01
  5.953533E-03     3.594027E-01
  6.036439E-03     3.618686E-01
  6.120498E-03     3.643515E-01
  6.205729E-03     3.668515E-01
  6.292146E-03     3.693686E-01
  6.379767E-03     3.719031E-01
  6.468608E-03     3.744549E-01
  6.558686E-03     3.770241E-01
  6.650018E-03     3.796108E-01
  6.742622E-03     3.822153E-01
  6.836516E-03     3.848375E-01
  6.931717E-03     3.874776E-01
  7.028244E-03     3.901359E-01
  7.126115E-03     3.928124E-01
  7.225349E-03     3.955073E-01
  7.325965E-03     3.982207E-01
  7.427982E-03     4.009528E-01
  7.531420E-03     4.037037E-01
  7.636298E-03     4.064734E-01
  7.742637E-03     4.092623E-01
  7.850456E-03     4.120705E-01
  7.959777E-03     4.148981E-01
  8.070620E-03     4.177455E-01
  8.183007E-03     4.206129E-01
  8.296959E-03     4.235003E-01
  8.412497E-03     4.264077E-01
  8.529644E-03     4.293352E-01
  8.648423E-03     4.322826E-01
  8.768856E-03     4.352499E-01
  8.890966E-03     4.382372E-01
  9.014776E-03     4.412444E-01
  9.140311E-03     4.442714E-01
  9.267593E-03     4.473183E-01
  9.396648E-03     4.503851E-01
  9.527500E-03     4.534719E-01
  9.660175E-03     4.565791E-01
  9.794697E-03     4.597070E-01
  9.931092E-03     4.628561E-01
  1.006939E-02     4.660268E-01
  1.020961E-02     4.692195E-01
  1.035178E-02     4.724350E-01
  1.049593E-02     4.756736E-01
  1.064209E-02     4.789362E-01
  1.079029E-02     4.822234E-01
  1.094055E-02     4.855354E-01
  1.109290E-02     4.888723E-01
  1.124737E-02     4.922339E-01
  1.140400E-02     4.956201E-01
  1.156280E-02     4.990307E-01
  1.172382E-02     5.024655E-01
  1.188708E-02     5.059244E-01
  1.205261E-02     5.094072E-01
  1.222045E-02     5.129137E-01
  1.239062E-02     5.164438E-01
  1.256317E-02     5.199972E-01
  1.273811E-02     5.235742E-01
  1.291550E-02     5.271750E-01
  1.309535E-02     5.307996E-01
  1.327771E-02     5.344484E-01
  1.346261E-02     5.381215E-01
  1.365008E-02     5.418192E-01
  1.384016E-02     5.455417E-01
  1.403289E-02     5.492895E-01
  1.422830E-02     5.530628E-01
  1.442644E-02     5.568620E-01
  1.462733E-02     5.606874E-01
  1.483103E-02     5.645394E-01
  1.503755E-02     5.684183E-01
  1.524696E-02     5.723247E-01
  1.545928E-02     5.762589E-01
  1.567455E-02     5.802215E-01
  1.589283E-02     5.842131E-01
  1.611414E-02     5.882341E-01
  1.633854E-02     5.922855E-01
  1.656606E-02     5.963675E-01
  1.679675E-02     6.004803E-01
  1.703065E-02     6.046237E-01
  1.726781E-02     6.087976E-01
  1.750827E-02     6.130020E-01
  1.775208E-02     6.172368E-01
  1.799929E-02     6.215018E-01
  1.824993E-02     6.257970E-01
  1.850407E-02     6.301223E-01
  1.876175E-02     6.344775E-01
  1.902301E-02     6.388625E-01
  1.928792E-02     6.432778E-01
  1.955651E-02     6.477235E-01
  1.982884E-02     6.522000E-01
  2.010496E-02     6.567077E-01
  2.038493E-02     6.612471E-01
  2.066880E-02     6.658186E-01
  2.095662E-02     6.704227E-01
  2.124845E-02     6.750601E-01
  2.154435E-02     6.797313E-01
  2.184436E-02     6.844370E-01
  2.214855E-02     6.891773E-01
  2.245698E-02     6.939525E-01
  2.276970E-02     6.987628E-01
  2.308678E-02     7.036084E-01
  2.340827E-02     7.084895E-01
  2.373424E-02     7.134064E-01
  2.406475E-02     7.183593E-01
  2.439986E-02     7.233487E-01
  2.473964E-02     7.283749E-01
  2.508415E-02     7.334381E-01
  2.543346E-02     7.385387E-01
  2.578763E-02     7.436770E-01
  2.614673E-02     7.488532E-01
  2.651084E-02     7.540677E-01
  2.688001E-02     7.593208E-01
  2.725433E-02     7.646129E-01
  2.763385E-02     7.699444E-01
  2.801867E-02     7.753158E-01
  2.840884E-02     7.807275E-01
  2.880444E-02     7.861801E-01
  2.920556E-02     7.916740E-01
  2.961225E-02     7.972093E-01
  3.002462E-02     8.027865E-01
  3.044272E-02     8.084060E-01
  3.086665E-02     8.140680E-01
  3.129648E-02     8.197731E-01
  3.173230E-02     8.255217E-01
  3.217418E-02     8.313143E-01
  3.262222E-02     8.371514E-01
  3.307650E-02     8.430336E-01
  3.353710E-02     8.489614E-01
  3.400412E-02     8.549349E-01
  3.447764E-02     8.609546E-01
  3.495776E-02     8.670207E-01
  3.544456E-02     8.731337E-01
  3.593814E-02     8.792940E-01
  3.643859E-02     8.855020E-01
  3.694601E-02     8.917581E-01
  3.746050E-02     8.980630E-01
  3.798215E-02     9.044172E-01
  3.851107E-02     9.108211E-01
  3.904735E-02     9.172753E-01
  3.959110E-02     9.237803E-01
  4.014242E-02     9.303366E-01
  4.070142E-02     9.369447E-01
  4.126821E-02     9.436055E-01
  4.184289E-02     9.503195E-01
  4.242556E-02     9.570875E-01
  4.301636E-02     9.639103E-01
  4.361538E-02     9.707888E-01
  4.422274E-02     9.777235E-01
  4.483856E-02     9.847148E-01
  4.546295E-02     9.917629E-01
  4.609604E-02     9.988684E-01
  4.673795E-02     1.006031E+00
  4.738880E-02     1.013252E+00
  4.804870E-02     1.020532E+00
  4.871780E-02     1.027870E+00
  4.939622E-02     1.035268E+00
  5.008408E-02     1.042726E+00
  5.078152E-02     1.050244E+00
  5.148867E-02     1.057823E+00
  5.220568E-02     1.065464E+00
  5.293266E-02     1.073166E+00
  5.366977E-02     1.080931E+00
  5.441714E-02     1.088759E+00
  5.517492E-02     1.096651E+00
  5.594326E-02     1.104607E+00
  5.672229E-02     1.112629E+00
  5.751217E-02     1.120717E+00
  5.831305E-02     1.128871E+00
  5.912508E-02     1.137093E+00
  5.994843E-02     1.145382E+00
  6.078323E-02     1.153740E+00
  6.162966E-02     1.162166E+00
  6.248788E-02     1.170661E+00
  6.335805E-02     1.179225E+00
  6.424034E-02     1.187860E+00
  6.513491E-02     1.196565E+00
  6.604194E-02     1.205342E+00
  6.696160E-02     1.214191E+00
  6.789407E-02     1.223112E+00
  6.883952E-02     1.232106E+00
  6.979814E-02     1.241173E+00
  7.077011E-02     1.250313E+00
  7.175561E-02     1.259528E+00
  7.275484E-02     1.268817E+00
  7.376798E-02     1.278182E+00
  7.479523E-02     1.287622E+00
  7.583678E-02     1.297139E+00
  7.689284E-02     1.306733E+00
  7.796360E-02     1.316404E+00
  7.904928E-02     1.326153E+00
  8.015007E-02     1.335980E+00
  8.126619E-02     1.345885E+00
  8.239786E-02     1.355869E+00
  8.354528E-02     1.365933E+00
  8.470868E-02     1.376076E+00
  8.588829E-02     1.386300E+00
  8.708431E-02     1.396604E+00
  8.829700E-02     1.406990E+00
  8.952657E-02     1.417457E+00
  9.077327E-02     1.428006E+00
  9.203732E-02     1.438637E+00
  9.331898E-02     1.449351E+00
  9.461848E-02     1.460147E+00
  9.593608E-02     1.471026E+00
  9.727203E-02     1.481988E+00
  9.862658E-02     1.493033E+00
  1.000000E-01     1.504163E+00
  1.013925E-01     1.515377E+00
  1.028045E-01     1.526676E+00
  1.042361E-01     1.538059E+00
  1.056876E-01     1.549526E+00
  1.071593E-01     1.561078E+00
  1.086516E-01     1.572715E+00
  1.101646E-01     1.584436E+00
  1.116987E-01     1.596242E+00
  1.132541E-01     1.608133E+00
  1.148312E-01     1.620108E+00
  1.164303E-01     1.632168E+00
  1.180517E-01     1.644313E+00
  1.196956E-01     1.656543E+00
  1.213624E-01     1.668856E+00
  1.230524E-01     1.681253E+00
  1.247660E-01     1.693734E+00
  1.265034E-01     1.706298E+00
  1.282650E-01     1.718945E+00
  1.300511E-01     1.731675E+00
  1.318621E-01     1.744486E+00
  1.336984E-01     1.757380E+00
  1.355602E-01     1.770355E+00
  1.374479E-01     1.783411E+00
  1.393619E-01     1.796547E+00
  1.413026E-01     1.809763E+00
  1.432703E-01     1.823058E+00
  1.452654E-01     1.836431E+00
  1.472883E-01     1.849883E+00
  1.493393E-01     1.863411E+00
  1.514189E-01     1.877016E+00
  1.535275E-01     1.890697E+00
  1.556654E-01     1.904453E+00
  1.578331E-01     1.918284E+00
  1.600310E-01     1.932189E+00
  1.622595E-01     1.946167E+00
  1.645191E-01     1.960217E+00
  1.668101E-01     1.974338E+00
  1.691330E-01     1.988531E+00
  1.714882E-01     2.002794E+00
  1.738762E-01     2.017126E+00
  1.762975E-01     2.031527E+00
  1.787526E-01     2.045997E+00
  1.812418E-01     2.060534E+00
  1.837656E-01     2.075138E+00
  1.863246E-01     2.089808E+00
  1.889193E-01     2.104543E+00
  1.915501E-01     2.119344E+00
  1.942175E-01     2.134209E+00
  1.969220E-01     2.149139E+00
  1.996642E-01     2.164132E+00
  2.024447E-01     2.179188E+00
  2.052638E-01     2.194308E+00
  2.081222E-01     2.209490E+00
  2.110203E-01     2.224733E+00
  2.139589E-01     2.240038E+00
  2.169384E-01     2.255404E+00
  2.199593E-01     2.270830E+00
  2.230223E-01     2.286316E+00
  2.261280E-01     2.301862E+00
  2.292769E-01     2.317468E+00
  2.324697E-01     2.333134E+00
  2.357069E-01     2.348860E+00
  2.389893E-01     2.364644E+00
  2.423173E-01     2.380487E+00
  2.456916E-01     2.396386E+00
  2.491130E-01     2.412343E+00
  2.525820E-01     2.428356E+00
  2.560993E-01     2.444424E+00
  2.596656E-01     2.460548E+00
  2.632815E-01     2.476728E+00
  2.669478E-01     2.492963E+00
  2.706652E-01     2.509252E+00
  2.744343E-01     2.525595E+00
  2.782559E-01     2.541990E+00
  2.821308E-01     2.558435E+00
  2.860596E-01     2.574930E+00
  2.900430E-01     2.591474E+00
  2.940820E-01     2.608064E+00
  2.981772E-01     2.624700E+00
  3.023295E-01     2.641381E+00
  3.065395E-01     2.658107E+00
  3.108082E-01     2.674875E+00
  3.151363E-01     2.691683E+00
  3.195248E-01     2.708530E+00
  3.239743E-01     2.725412E+00
  3.284857E-01     2.742327E+00
  3.330600E-01     2.759274E+00
  3.376980E-01     2.776249E+00
  3.424006E-01     2.793251E+00
  3.471687E-01     2.810277E+00
  3.520031E-01     2.827324E+00
  3.569049E-01     2.844391E+00
  3.618750E-01     2.861473E+00
  3.669142E-01     2.878568E+00
  3.720237E-01     2.895672E+00
  3.772042E-01     2.912781E+00
  3.824570E-01     2.929892E+00
  3.877828E-01     2.947000E+00
  3.931829E-01     2.964104E+00
  3.986581E-01     2.981198E+00
  4.042096E-01     2.998279E+00
  4.098384E-01     3.015343E+00
  4.155455E-01     3.032387E+00
  4.213322E-01     3.049405E+00
  4.271994E-01     3.066394E+00
  4.331483E-01     3.083349E+00
  4.391801E-01     3.100266E+00
  4.452959E-01     3.117139E+00
  4.514968E-01     3.133966E+00
  4.577841E-01     3.150741E+00
  4.641589E-01     3.167460E+00
  4.706225E-01     3.184119E+00
  4.771761E-01     3.200712E+00
  4.838210E-01     3.217236E+00
  4.905584E-01     3.233686E+00
  4.973896E-01     3.250056E+00
  5.043159E-01     3.266344E+00
  5.113388E-01     3.282543E+00
  5.184594E-01     3.298650E+00
  5.256791E-01     3.314660E+00
  5.329994E-01     3.330570E+00
  5.404216E-01     3.346374E+00
  5.479472E-01     3.362069E+00
  5.555776E-01     3.377649E+00
  5.633143E-01     3.393111E+00
  5.711586E-01     3.408451E+00
  5.791123E-01     3.423663E+00
  5.871766E-01     3.438744E+00
  5.953533E-01     3.453691E+00
  6.036439E-01     3.468500E+00
  6.120498E-01     3.483166E+00
  6.205729E-01     3.497689E+00
  6.292146E-01     3.512062E+00
  6.379767E-01     3.526283E+00
  6.468608E-01     3.540348E+00
  6.558686E-01     3.554253E+00
  6.650018E-01     3.567994E+00
  6.742622E-01     3.581570E+00
  6.836516E-01     3.594976E+00
  6.931717E-01     3.608212E+00
  7.028244E-01     3.621274E+00
  7.126115E-01     3.634162E+00
  7.225349E-01     3.646873E+00
  7.325965E-01     3.659403E+00
  7.427982E-01     3.671750E+00
  7.531420E-01     3.683910E+00
  7.636298E-01     3.695882E+00
  7.742637E-01     3.707664E+00
  7.850456E-01     3.719253E+00
  7.959777E-01     3.730650E+00
  8.070620E-01     3.741855E+00
  8.183007E-01     3.752866E+00
  8.296959E-01     3.763682E+00
  8.412497E-01     3.774302E+00
  8.529644E-01     3.784722E+00
  8.648423E-01     3.794942E+00
  8.768856E-01     3.804960E+00
  8.890966E-01     3.814774E+00
  9.014776E-01     3.824386E+00
  9.140311E-01     3.833794E+00
  9.267593E-01     3.843001E+00
  9.396648E-01     3.852008E+00
  9.527500E-01     3.860814E+00
  9.660175E-01     3.869418E+00
  9.794697E-01     3.877817E+00
  9.931092E-01     3.886012E+00
  1.006939E+00     3.894002E+00
  1.020961E+00     3.901785E+00
  1.035178E+00     3.909364E+00
  1.049593E+00     3.916739E+00
  1.064209E+00     3.923911E+00
  1.079029E+00     3.930884E+00
  1.094055E+00     3.937658E+00
  1.109290E+00     3.944232E+00
  1.124737E+00     3.950606E+00
  1.140400E+00     3.956777E+00
  1.156280E+00     3.962747E+00
  1.172382E+00     3.968516E+00
  1.188708E+00     3.974085E+00
  1.205261E+00     3.979456E+00
  1.222045E+00     3.984632E+00
  1.239062E+00     3.989615E+00
  1.256317E+00     3.994407E+00
  1.273811E+00     3.999007E+00
  1.291550E+00     4.003415E+00
  1.309535E+00     4.007630E+00
  1.327771E+00     4.011652E+00
  1.346261E+00     4.015482E+00
  1.365008E+00     4.019120E+00
  1.384016E+00     4.022570E+00
  1.403289E+00     4.025832E+00
  1.422830E+00     4.028911E+00
  1.442644E+00     4.031807E+00
  1.462733E+00     4.034522E+00
  1.483103E+00     4.037053E+00
  1.503755E+00     4.039401E+00
  1.524696E+00     4.041568E+00
  1.545928E+00     4.043552E+00
  1.567455E+00     4.045356E+00
  1.589283E+00     4.046982E+00
  1.611414E+00     4.048432E+00
  1.633854E+00     4.049710E+00
  1.656606E+00     4.050817E+00
  1.679675E+00     4.051754E+00
  1.703065E+00     4.052520E+00
  1.726781E+00     4.053115E+00
  1.750827E+00     4.053539E+00
  1.775208E+00     4.053793E+00
  1.799929E+00     4.053878E+00
  1.824993E+00     4.053796E+00
  1.850407E+00     4.053549E+00
  1.876175E+00     4.053139E+00
  1.902301E+00     4.052570E+00
  1.928792E+00     4.051840E+00
  1.955651E+00     4.050948E+00
  1.982884E+00     4.049895E+00
  2.010496E+00     4.048680E+00
  2.038493E+00     4.047304E+00
  2.066880E+00     4.045767E+00
  2.095662E+00     4.044070E+00
  2.124845E+00     4.042215E+00
  2.154435E+00     4.040202E+00
  2.184436E+00     4.038035E+00
  2.214855E+00     4.035713E+00
  2.245698E+00     4.033236E+00
  2.276970E+00     4.030603E+00
  2.308678E+00     4.027816E+00
  2.340827E+00     4.024874E+00
  2.373424E+00     4.021779E+00
  2.406475E+00     4.018532E+00
  2.439986E+00     4.015134E+00
  2.473964E+00     4.011589E+00
  2.508415E+00     4.007897E+00
  2.543346E+00     4.004060E+00
  2.578763E+00     4.000076E+00
  2.614673E+00     3.995945E+00
  2.651084E+00     3.991667E+00
  2.688001E+00     3.987241E+00
  2.725433E+00     3.982669E+00
  2.763385E+00     3.977950E+00
  2.801867E+00     3.973086E+00
  2.840884E+00     3.968078E+00
  2.880444E+00     3.962927E+00
  2.920556E+00     3.957632E+00
  2.961225E+00     3.952195E+00
  3.002462E+00     3.946613E+00
  3.044272E+00     3.940888E+00
  3.086665E+00     3.935019E+00
  3.129648E+00     3.929007E+00
  3.173230E+00     3.922851E+00
  3.217418E+00     3.916554E+00
  3.262222E+00     3.910116E+00
  3.307650E+00     3.903539E+00
  3.353710E+00     3.896822E+00
  3.400412E+00     3.889966E+00
  3.447764E+00     3.882969E+00
  3.495776E+00     3.875832E+00
  3.544456E+00     3.868554E+00
  3.593814E+00     3.861136E+00
  3.643859E+00     3.853579E+00
  3.694601E+00     3.845883E+00
  3.746050E+00     3.838048E+00
  3.798215E+00     3.830076E+00
  3.851107E+00     3.821967E+00
  3.904735E+00     3.813721E+00
  3.959110E+00     3.805338E+00
  4.014242E+00     3.796818E+00
  4.070142E+00     3.788160E+00
  4.126821E+00     3.779367E+00
  4.184289E+00     3.770437E+00
  4.242556E+00     3.761371E+00
  4.301636E+00     3.752172E+00
  4.361538E+00     3.742839E+00
  4.422274E+00     3.733374E+00
  4.483856E+00     3.723776E+00
  4.546295E+00     3.714046E+00
  4.609604E+00     3.704182E+00
  4.673795E+00     3.694185E+00
  4.738880E+00     3.684056E+00
  4.804870E+00     3.673795E+00
  4.871780E+00     3.663402E+00
  4.939622E+00     3.652878E+00
  5.008408E+00     3.642225E+00
  5.078152E+00     3.631442E+00
  5.148867E+00     3.620531E+00
  5.220568E+00     3.609491E+00
  5.293266E+00     3.598324E+00
  5.366977E+00     3.587032E+00
  5.441714E+00     3.575614E+00
  5.517492E+00     3.564073E+00
  5.594326E+00     3.552409E+00
  5.672229E+00     3.540625E+00
  5.751217E+00     3.528724E+00
  5.831305E+00     3.516704E+00
  5.912508E+00     3.504568E+00
  5.994843E+00     3.492314E+00
  6.078323E+00     3.479942E+00
  6.162966E+00     3.467452E+00
  6.248788E+00     3.454844E+00
  6.335805E+00     3.442118E+00
  6.424034E+00     3.429273E+00
  6.513491E+00     3.416309E+00
  6.604194E+00     3.403227E+00
  6.696160E+00     3.390027E+00
  6.789407E+00     3.376710E+00
  6.883952E+00     3.363277E+00
  6.979814E+00     3.349729E+00
  7.077011E+00     3.336068E+00
  7.175561E+00     3.322296E+00
  7.275484E+00     3.308414E+00
  7.376798E+00     3.294424E+00
  7.479523E+00     3.280329E+00
  7.583678E+00     3.266132E+00
  7.689284E+00     3.251833E+00
  7.796360E+00     3.237434E+00
  7.904928E+00     3.222938E+00
  8.015007E+00     3.208345E+00
  8.126619E+00     3.193657E+00
  8.239786E+00     3.178876E+00
  8.354528E+00     3.164004E+00
  8.470868E+00     3.149042E+00
  8.588829E+00     3.133992E+00
  8.708431E+00     3.118858E+00
  8.829700E+00     3.103640E+00
  8.952657E+00     3.088339E+00
  9.077327E+00     3.072958E+00
  9.203732E+00     3.057497E+00
  9.331898E+00     3.041958E+00
  9.461848E+00     3.026340E+00
  9.593608E+00     3.010646E+00
  9.727203E+00     2.994877E+00
  9.862658E+00     2.979034E+00
  1.000000E+01     2.963118E+00
  1.013925E+01     2.947131E+00
  1.028045E+01     2.931073E+00
  1.042361E+01     2.914948E+00
  1.056876E+01     2.898758E+00
  1.071593E+01     2.882505E+00
  1.086516E+01     2.866191E+00
  1.101646E+01     2.849818E+00
  1.116987E+01     2.833390E+00
  1.132541E+01     2.816909E+00
  1.148312E+01     2.800377E+00
  1.164303E+01     2.783796E+00
  1.180517E+01     2.767170E+00
  1.196956E+01     2.750498E+00
  1.213624E+01     2.733784E+00
  1.230524E+01     2.717029E+00
  1.247660E+01     2.700233E+00
  1.265034E+01     2.683399E+00
  1.282650E+01     2.666528E+00
  1.300511E+01     2.649621E+00
  1.318621E+01     2.632680E+00
  1.336984E+01     2.615706E+00
  1.355602E+01     2.598700E+00
  1.374479E+01     2.581666E+00
  1.393619E+01     2.564605E+00
  1.413026E+01     2.547520E+00
  1.432703E+01     2.530413E+00
  1.452654E+01     2.513286E+00
  1.472883E+01     2.496141E+00
  1.493393E+01     2.478981E+00
  1.514189E+01     2.461807E+00
  1.535275E+01     2.444623E+00
  1.556654E+01     2.427429E+00
  1.578331E+01     2.410228E+00
  1.600310E+01     2.393024E+00
  1.622595E+01     2.375818E+00
  1.645191E+01     2.358613E+00
  1.668101E+01     2.341411E+00
  1.691330E+01     2.324214E+00
  1.714882E+01     2.307025E+00
  1.738762E+01     2.289845E+00
  1.762975E+01     2.272677E+00
  1.787526E+01     2.255522E+00
  1.812418E+01     2.238383E+00
  1.837656E+01     2.221262E+00
  1.863246E+01     2.204161E+00
  1.889193E+01     2.187083E+00
  1.915501E+01     2.170028E+00
  1.942175E+01     2.152999E+00
  1.969220E+01     2.135998E+00
  1.996642E+01     2.119025E+00
  2.024447E+01     2.102081E+00
  2.052638E+01     2.085169E+00
  2.081222E+01     2.068291E+00
  2.110203E+01     2.051449E+00
  2.139589E+01     2.034645E+00
  2.169384E+01     2.017883E+00
  2.199593E+01     2.001163E+00
  2.230223E+01     1.984487E+00
  2.261280E+01     1.967857E+00
  2.292769E+01     1.951275E+00
  2.324697E+01     1.934741E+00
  2.357069E+01     1.918257E+00
  2.389893E+01     1.901825E+00
  2.423173E+01     1.885448E+00
  2.456916E+01     1.869129E+00
  2.491130E+01     1.852869E+00
  2.525820E+01     1.836670E+00
  2.560993E+01     1.820534E+00
  2.596656E+01     1.804463E+00
  2.632815E+01     1.788456E+00
  2.669478E+01     1.772515E+00
  2.706652E+01     1.756642E+00
  2.744343E+01     1.740838E+00
  2.782559E+01     1.725106E+00
  2.821308E+01     1.709447E+00
  2.860596E+01     1.693863E+00
  2.900430E+01     1.678355E+00
  2.940820E+01     1.662925E+00
  2.981772E+01     1.647573E+00
  3.023295E+01     1.632299E+00
  3.065395E+01     1.617103E+00
  3.108082E+01     1.601986E+00
  3.151363E+01     1.586950E+00
  3.195248E+01     1.571996E+00
  3.239743E+01     1.557128E+00
  3.284857E+01     1.542345E+00
  3.330600E+01     1.527651E+00
  3.376980E+01     1.513045E+00
  3.424006E+01     1.498528E+00
  3.471687E+01     1.484100E+00
  3.520031E+01     1.469762E+00
  3.569049E+01     1.455513E+00
  3.618750E+01     1.441356E+00
  3.669142E+01     1.427291E+00
  3.720237E+01     1.413322E+00
  3.772042E+01     1.399449E+00
  3.824570E+01     1.385673E+00
  3.877828E+01     1.371995E+00
  3.931829E+01     1.358415E+00
  3.986581E+01     1.344933E+00
  4.042096E+01     1.331549E+00
  4.098384E+01     1.318262E+00
  4.155455E+01     1.305074E+00
  4.213322E+01     1.291986E+00
  4.271994E+01     1.279000E+00
  4.331483E+01     1.266116E+00
  4.391801E+01     1.253335E+00
  4.452959E+01     1.240658E+00
  4.514968E+01     1.228084E+00
  4.577841E+01     1.215612E+00
  4.641589E+01     1.203242E+00
  4.706225E+01     1.190973E+00
  4.771761E+01     1.178805E+00
  4.838210E+01     1.166740E+00
  4.905584E+01     1.154780E+00
  4.973896E+01     1.142924E+00
  5.043159E+01     1.131175E+00
  5.113388E+01     1.119532E+00
  5.184594E+01     1.107994E+00
  5.256791E+01     1.096562E+00
  5.329994E+01     1.085234E+00
  5.404216E+01     1.074008E+00
  5.479472E+01     1.062886E+00
  5.555776E+01     1.051868E+00
  5.633143E+01     1.040955E+00
  5.711586E+01     1.030148E+00
  5.791123E+01     1.019447E+00
  5.871766E+01     1.008851E+00
  5.953533E+01     9.983589E-01
  6.036439E+01     9.879704E-01
  6.120498E+01     9.776834E-01
  6.205729E+01     9.674958E-01
  6.292146E+01     9.574079E-01
  6.379767E+01     9.474209E-01
  6.468608E+01     9.375355E-01
  6.558686E+01     9.277523E-01
  6.650018E+01     9.180715E-01
  6.742622E+01     9.084928E-01
  6.836516E+01     8.990157E-01
  6.931717E+01     8.896391E-01
  7.028244E+01     8.803615E-01
  7.126115E+01     8.711811E-01
  7.225349E+01     8.620978E-01
  7.325965E+01     8.531124E-01
  7.427982E+01     8.442253E-01
  7.531420E+01     8.354366E-01
  7.636298E+01     8.267461E-01
  7.742637E+01     8.181533E-01
  7.850456E+01     8.096570E-01
  7.959777E+01     8.012558E-01
  8.070620E+01     7.929479E-01
  8.183007E+01     7.847308E-01
  8.296959E+01     7.766042E-01
  8.412497E+01     7.685686E-01
  8.529644E+01     7.606247E-01
  8.648423E+01     7.527724E-01
  8.768856E+01     7.450117E-01
  8.890966E+01     7.373422E-01
  9.014776E+01     7.297628E-01
  9.140311E+01     7.222725E-01
  9.267593E+01     7.148694E-01
  9.396648E+01     7.075516E-01
  9.527500E+01     7.003183E-01
  9.660175E+01     6.931699E-01
  9.794697E+01     6.861068E-01
  9.931092E+01     6.791288E-01
  1.006939E+02     6.722356E-01
  1.020961E+02     6.654266E-01
  1.035178E+02     6.587008E-01
  1.049593E+02     6.520568E-01
  1.064209E+02     6.454927E-01
  1.079029E+02     6.390064E-01
  1.094055E+02     6.325967E-01
  1.109290E+02     6.262642E-01
  1.124737E+02     6.200089E-01
  1.140400E+02     6.138308E-01
  1.156280E+02     6.077297E-01
  1.172382E+02     6.017050E-01
  1.188708E+02     5.957558E-01
  1.205261E+02     5.898807E-01
  1.222045E+02     5.840782E-01
  1.239062E+02     5.783463E-01
  1.256317E+02     5.726837E-01
  1.273811E+02     5.670909E-01
  1.291550E+02     5.615679E-01
  1.309535E+02     5.561147E-01
  1.327771E+02     5.507312E-01
  1.346261E+02     5.454166E-01
  1.365008E+02     5.401703E-01
  1.384016E+02     5.349911E-01
  1.403289E+02     5.298776E-01
  1.422830E+02     5.248278E-01
  1.442644E+02     5.198406E-01
  1.462733E+02     5.149161E-01
  1.483103E+02     5.100544E-01
  1.503755E+02     5.052554E-01
  1.524696E+02     5.005188E-01
  1.545928E+02     4.958439E-01
  1.567455E+02     4.912299E-01
  1.589283E+02     4.866757E-01
  1.611414E+02     4.821800E-01
  1.633854E+02     4.777408E-01
  1.656606E+02     4.733569E-01
  1.679675E+02     4.690284E-01
  1.703065E+02     4.647554E-01
  1.726781E+02     4.605379E-01
  1.750827E+02     4.563756E-01
  1.775208E+02     4.522682E-01
  1.799929E+02     4.482150E-01
  1.824993E+02     4.442151E-01
  1.850407E+02     4.402674E-01
  1.876175E+02     4.363704E-01
  1.902301E+02     4.325230E-01
  1.928792E+02     4.287250E-01
  1.955651E+02     4.249766E-01
  1.982884E+02     4.212777E-01
  2.010496E+02     4.176283E-01
  2.038493E+02     4.140277E-01
  2.066880E+02     4.104756E-01
  2.095662E+02     4.069709E-01
  2.124845E+02     4.035127E-01
  2.154435E+02     4.000997E-01
  2.184436E+02     3.967306E-01
  2.214855E+02     3.934053E-01
  2.245698E+02     3.901240E-01
  2.276970E+02     3.868865E-01
  2.308678E+02     3.836927E-01
  2.340827E+02     3.805422E-01
  2.373424E+02     3.774345E-01
  2.406475E+02     3.743687E-01
  2.439986E+02     3.713440E-01
  2.473964E+02     3.683592E-01
  2.508415E+02     3.654132E-01
  2.543346E+02     3.625057E-01
  2.578763E+02     3.596368E-01
  2.614673E+02     3.568067E-01
  2.651084E+02     3.540152E-01
  2.688001E+02     3.512620E-01
  2.725433E+02     3.485467E-01
  2.763385E+02     3.458688E-01
  2.801867E+02     3.432274E-01
  2.840884E+02     3.406216E-01
  2.880444E+02     3.380505E-01
  2.920556E+02     3.355138E-01
  2.961225E+02     3.330116E-01
  3.002462E+02     3.305439E-01
  3.044272E+02     3.281107E-01
  3.086665E+02     3.257116E-01
  3.129648E+02     3.233463E-01
  3.173230E+02     3.210142E-01
  3.217418E+02     3.187147E-01
  3.262222E+02     3.164470E-01
  3.307650E+02     3.142100E-01
  3.353710E+02     3.120035E-01
  3.400412E+02     3.098277E-01
  3.447764E+02     3.076825E-01
  3.495776E+02     3.055679E-01
  3.544456E+02     3.034837E-01
  3.593814E+02     3.014295E-01
  3.643859E+02     2.994050E-01
  3.694601E+02     2.974095E-01
  3.746050E+02     2.954423E-01
  3.798215E+02     2.935027E-01
  3.851107E+02     2.915903E-01
  3.904735E+02     2.897052E-01
  3.959110E+02     2.878474E-01
  4.014242E+02     2.860170E-01
  4.070142E+02     2.842136E-01
  4.126821E+02     2.824371E-01
  4.184289E+02     2.806871E-01
  4.242556E+02     2.789631E-01
  4.301636E+02     2.772644E-01
  4.361538E+02     2.755904E-01
  4.422274E+02     2.739407E-01
  4.483856E+02     2.723154E-01
  4.546295E+02     2.707145E-01
  4.609604E+02     2.691381E-01
  4.673795E+02     2.675859E-01
  4.738880E+02     2.660577E-01
  4.804870E+02     2.645533E-01
  4.871780E+02     2.630722E-01
  4.939622E+02     2.616138E-01
  5.008408E+02     2.601776E-01
  5.078152E+02     2.587632E-01
  5.148867E+02     2.573706E-01
  5.220568E+02     2.560000E-01
  5.293266E+02     2.546512E-01
  5.366977E+02     2.533242E-01
  5.441714E+02     2.520187E-01
  5.517492E+02     2.507345E-01
  5.594326E+02     2.494712E-01
  5.672229E+02     2.482284E-01
  5.751217E+02     2.470054E-01
  5.831305E+02     2.458020E-01
  5.912508E+02     2.446181E-01
  5.994843E+02     2.434539E-01
  6.078323E+02     2.423093E-01
  6.162966E+02     2.411841E-01
  6.248788E+02     2.400784E-01
  6.335805E+02     2.389917E-01
  6.424034E+02     2.379239E-01
  6.513491E+02     2.368745E-01
  6.604194E+02     2.358430E-01
  6.696160E+02     2.348291E-01
  6.789407E+02     2.338327E-01
  6.883952E+02     2.328539E-01
  6.979814E+02     2.318926E-01
  7.077011E+02     2.309486E-01
  7.175561E+02     2.300218E-01
  7.275484E+02     2.291118E-01
  7.376798E+02     2.282184E-01
  7.479523E+02     2.273411E-01
  7.583678E+02     2.264794E-01
  7.689284E+02     2.256330E-01
  7.796360E+02     2.248021E-01
  7.904928E+02     2.239869E-01
  8.015007E+02     2.231878E-01
  8.126619E+02     2.224050E-01
  8.239786E+02     2.216386E-01
  8.354528E+02     2.208889E-01
  8.470868E+02     2.201560E-01
  8.588829E+02     2.194400E-01
  8.708431E+02     2.187409E-01
  8.829700E+02     2.180585E-01
  8.952657E+02     2.173914E-01
  9.077327E+02     2.167377E-01
  9.203732E+02     2.160955E-01
  9.331898E+02     2.154627E-01
  9.461848E+02     2.148368E-01
  9.593608E+02     2.142153E-01
  9.727203E+02     2.135953E-01
  9.862658E+02     2.129736E-01
  1.000000E+03     2.123469E-01
