FILE CREATED BY  : PROGRAM DPASS - VERSION 2.00
DATABASE VERSION : 21.06
DATE AND TIME    : 09/08/2022 22:02:11
PROJECTILE       : Kr
TARGET           : Y 
TARGET AT. MASS  : 8.890590E+01
TARGET DENSITY   : 4.470000E+00 g/cm^3
TABULATED OUTPUT : STOPPING FORCE VERSUS ENERGY
DATA TYPE        : SPLINE INTERPOLATED
ABSCISSA UNITS   : MeV/u
ORDINATE UNITS   : eV/nm


      E/n             S(E/n)

  1.000000E-03     3.941833E+02
  1.013925E-03     3.968769E+02
  1.028045E-03     3.996062E+02
  1.042361E-03     4.023696E+02
  1.056876E-03     4.051654E+02
  1.071593E-03     4.079919E+02
  1.086516E-03     4.108470E+02
  1.101646E-03     4.137285E+02
  1.116987E-03     4.166341E+02
  1.132541E-03     4.195610E+02
  1.148312E-03     4.225064E+02
  1.164303E-03     4.254678E+02
  1.180517E-03     4.284450E+02
  1.196956E-03     4.314385E+02
  1.213624E-03     4.344490E+02
  1.230524E-03     4.374774E+02
  1.247660E-03     4.405244E+02
  1.265034E-03     4.435910E+02
  1.282650E-03     4.466783E+02
  1.300511E-03     4.497873E+02
  1.318621E-03     4.529193E+02
  1.336984E-03     4.560754E+02
  1.355602E-03     4.592560E+02
  1.374479E-03     4.624611E+02
  1.393619E-03     4.656905E+02
  1.413026E-03     4.689441E+02
  1.432703E-03     4.722221E+02
  1.452654E-03     4.755241E+02
  1.472883E-03     4.788503E+02
  1.493393E-03     4.822004E+02
  1.514189E-03     4.855744E+02
  1.535275E-03     4.889722E+02
  1.556654E-03     4.923939E+02
  1.578331E-03     4.958397E+02
  1.600310E-03     4.993097E+02
  1.622595E-03     5.028043E+02
  1.645191E-03     5.063236E+02
  1.668101E-03     5.098680E+02
  1.691330E-03     5.134377E+02
  1.714882E-03     5.170331E+02
  1.738762E-03     5.206546E+02
  1.762975E-03     5.243025E+02
  1.787526E-03     5.279770E+02
  1.812418E-03     5.316783E+02
  1.837656E-03     5.354066E+02
  1.863246E-03     5.391618E+02
  1.889193E-03     5.429443E+02
  1.915501E-03     5.467541E+02
  1.942175E-03     5.505915E+02
  1.969220E-03     5.544566E+02
  1.996642E-03     5.583497E+02
  2.024447E-03     5.622710E+02
  2.052638E-03     5.662207E+02
  2.081222E-03     5.701990E+02
  2.110203E-03     5.742061E+02
  2.139589E-03     5.782422E+02
  2.169384E-03     5.823074E+02
  2.199593E-03     5.864021E+02
  2.230223E-03     5.905265E+02
  2.261280E-03     5.946808E+02
  2.292769E-03     5.988655E+02
  2.324697E-03     6.030809E+02
  2.357069E-03     6.073272E+02
  2.389893E-03     6.116046E+02
  2.423173E-03     6.159132E+02
  2.456916E-03     6.202533E+02
  2.491130E-03     6.246252E+02
  2.525820E-03     6.290289E+02
  2.560993E-03     6.334647E+02
  2.596656E-03     6.379331E+02
  2.632815E-03     6.424342E+02
  2.669478E-03     6.469683E+02
  2.706652E-03     6.515359E+02
  2.744343E-03     6.561370E+02
  2.782559E-03     6.607718E+02
  2.821308E-03     6.654407E+02
  2.860596E-03     6.701438E+02
  2.900430E-03     6.748813E+02
  2.940820E-03     6.796537E+02
  2.981772E-03     6.844612E+02
  3.023295E-03     6.893041E+02
  3.065395E-03     6.941829E+02
  3.108082E-03     6.990978E+02
  3.151363E-03     7.040491E+02
  3.195248E-03     7.090370E+02
  3.239743E-03     7.140618E+02
  3.284857E-03     7.191236E+02
  3.330600E-03     7.242229E+02
  3.376980E-03     7.293598E+02
  3.424006E-03     7.345348E+02
  3.471687E-03     7.397483E+02
  3.520031E-03     7.450005E+02
  3.569049E-03     7.502920E+02
  3.618750E-03     7.556229E+02
  3.669142E-03     7.609935E+02
  3.720237E-03     7.664040E+02
  3.772042E-03     7.718548E+02
  3.824570E-03     7.773462E+02
  3.877828E-03     7.828784E+02
  3.931829E-03     7.884519E+02
  3.986581E-03     7.940671E+02
  4.042096E-03     7.997245E+02
  4.098384E-03     8.054244E+02
  4.155455E-03     8.111671E+02
  4.213322E-03     8.169528E+02
  4.271994E-03     8.227820E+02
  4.331483E-03     8.286547E+02
  4.391801E-03     8.345714E+02
  4.452959E-03     8.405325E+02
  4.514968E-03     8.465383E+02
  4.577841E-03     8.525891E+02
  4.641589E-03     8.586856E+02
  4.706225E-03     8.648282E+02
  4.771761E-03     8.710170E+02
  4.838210E-03     8.772526E+02
  4.905584E-03     8.835351E+02
  4.973896E-03     8.898650E+02
  5.043159E-03     8.962426E+02
  5.113388E-03     9.026684E+02
  5.184594E-03     9.091427E+02
  5.256791E-03     9.156662E+02
  5.329994E-03     9.222392E+02
  5.404216E-03     9.288625E+02
  5.479472E-03     9.355363E+02
  5.555776E-03     9.422609E+02
  5.633143E-03     9.490367E+02
  5.711586E-03     9.558639E+02
  5.791123E-03     9.627431E+02
  5.871766E-03     9.696746E+02
  5.953533E-03     9.766589E+02
  6.036439E-03     9.836964E+02
  6.120498E-03     9.907877E+02
  6.205729E-03     9.979334E+02
  6.292146E-03     1.005134E+03
  6.379767E-03     1.012389E+03
  6.468608E-03     1.019700E+03
  6.558686E-03     1.027067E+03
  6.650018E-03     1.034490E+03
  6.742622E-03     1.041970E+03
  6.836516E-03     1.049507E+03
  6.931717E-03     1.057102E+03
  7.028244E-03     1.064755E+03
  7.126115E-03     1.072468E+03
  7.225349E-03     1.080239E+03
  7.325965E-03     1.088071E+03
  7.427982E-03     1.095963E+03
  7.531420E-03     1.103916E+03
  7.636298E-03     1.111930E+03
  7.742637E-03     1.120006E+03
  7.850456E-03     1.128144E+03
  7.959777E-03     1.136345E+03
  8.070620E-03     1.144610E+03
  8.183007E-03     1.152939E+03
  8.296959E-03     1.161333E+03
  8.412497E-03     1.169793E+03
  8.529644E-03     1.178318E+03
  8.648423E-03     1.186908E+03
  8.768856E-03     1.195566E+03
  8.890966E-03     1.204290E+03
  9.014776E-03     1.213081E+03
  9.140311E-03     1.221940E+03
  9.267593E-03     1.230867E+03
  9.396648E-03     1.239864E+03
  9.527500E-03     1.248929E+03
  9.660175E-03     1.258065E+03
  9.794697E-03     1.267271E+03
  9.931092E-03     1.276548E+03
  1.006939E-02     1.285897E+03
  1.020961E-02     1.295318E+03
  1.035178E-02     1.304812E+03
  1.049593E-02     1.314380E+03
  1.064209E-02     1.324023E+03
  1.079029E-02     1.333741E+03
  1.094055E-02     1.343536E+03
  1.109290E-02     1.353407E+03
  1.124737E-02     1.363355E+03
  1.140400E-02     1.373381E+03
  1.156280E-02     1.383485E+03
  1.172382E-02     1.393667E+03
  1.188708E-02     1.403929E+03
  1.205261E-02     1.414270E+03
  1.222045E-02     1.424691E+03
  1.239062E-02     1.435194E+03
  1.256317E-02     1.445778E+03
  1.273811E-02     1.456444E+03
  1.291550E-02     1.467194E+03
  1.309535E-02     1.478026E+03
  1.327771E-02     1.488942E+03
  1.346261E-02     1.499943E+03
  1.365008E-02     1.511029E+03
  1.384016E-02     1.522200E+03
  1.403289E-02     1.533459E+03
  1.422830E-02     1.544805E+03
  1.442644E-02     1.556240E+03
  1.462733E-02     1.567764E+03
  1.483103E-02     1.579376E+03
  1.503755E-02     1.591079E+03
  1.524696E-02     1.602872E+03
  1.545928E-02     1.614756E+03
  1.567455E-02     1.626732E+03
  1.589283E-02     1.638799E+03
  1.611414E-02     1.650960E+03
  1.633854E-02     1.663214E+03
  1.656606E-02     1.675563E+03
  1.679675E-02     1.688007E+03
  1.703065E-02     1.700546E+03
  1.726781E-02     1.713181E+03
  1.750827E-02     1.725913E+03
  1.775208E-02     1.738742E+03
  1.799929E-02     1.751668E+03
  1.824993E-02     1.764693E+03
  1.850407E-02     1.777817E+03
  1.876175E-02     1.791041E+03
  1.902301E-02     1.804366E+03
  1.928792E-02     1.817793E+03
  1.955651E-02     1.831321E+03
  1.982884E-02     1.844952E+03
  2.010496E-02     1.858687E+03
  2.038493E-02     1.872525E+03
  2.066880E-02     1.886468E+03
  2.095662E-02     1.900516E+03
  2.124845E-02     1.914671E+03
  2.154435E-02     1.928933E+03
  2.184436E-02     1.943304E+03
  2.214855E-02     1.957783E+03
  2.245698E-02     1.972373E+03
  2.276970E-02     1.987072E+03
  2.308678E-02     2.001882E+03
  2.340827E-02     2.016804E+03
  2.373424E-02     2.031838E+03
  2.406475E-02     2.046986E+03
  2.439986E-02     2.062247E+03
  2.473964E-02     2.077624E+03
  2.508415E-02     2.093117E+03
  2.543346E-02     2.108727E+03
  2.578763E-02     2.124453E+03
  2.614673E-02     2.140297E+03
  2.651084E-02     2.156259E+03
  2.688001E-02     2.172339E+03
  2.725433E-02     2.188537E+03
  2.763385E-02     2.204854E+03
  2.801867E-02     2.221290E+03
  2.840884E-02     2.237846E+03
  2.880444E-02     2.254524E+03
  2.920556E-02     2.271321E+03
  2.961225E-02     2.288240E+03
  3.002462E-02     2.305280E+03
  3.044272E-02     2.322441E+03
  3.086665E-02     2.339724E+03
  3.129648E-02     2.357129E+03
  3.173230E-02     2.374655E+03
  3.217418E-02     2.392303E+03
  3.262222E-02     2.410075E+03
  3.307650E-02     2.427969E+03
  3.353710E-02     2.445987E+03
  3.400412E-02     2.464127E+03
  3.447764E-02     2.482391E+03
  3.495776E-02     2.500779E+03
  3.544456E-02     2.519290E+03
  3.593814E-02     2.537925E+03
  3.643859E-02     2.556684E+03
  3.694601E-02     2.575568E+03
  3.746050E-02     2.594576E+03
  3.798215E-02     2.613709E+03
  3.851107E-02     2.632968E+03
  3.904735E-02     2.652353E+03
  3.959110E-02     2.671864E+03
  4.014242E-02     2.691500E+03
  4.070142E-02     2.711264E+03
  4.126821E-02     2.731154E+03
  4.184289E-02     2.751171E+03
  4.242556E-02     2.771316E+03
  4.301636E-02     2.791590E+03
  4.361538E-02     2.811994E+03
  4.422274E-02     2.832527E+03
  4.483856E-02     2.853191E+03
  4.546295E-02     2.873986E+03
  4.609604E-02     2.894913E+03
  4.673795E-02     2.915972E+03
  4.738880E-02     2.937164E+03
  4.804870E-02     2.958490E+03
  4.871780E-02     2.979951E+03
  4.939622E-02     3.001548E+03
  5.008408E-02     3.023283E+03
  5.078152E-02     3.045157E+03
  5.148867E-02     3.067171E+03
  5.220568E-02     3.089325E+03
  5.293266E-02     3.111620E+03
  5.366977E-02     3.134058E+03
  5.441714E-02     3.156638E+03
  5.517492E-02     3.179363E+03
  5.594326E-02     3.202235E+03
  5.672229E-02     3.225254E+03
  5.751217E-02     3.248423E+03
  5.831305E-02     3.271744E+03
  5.912508E-02     3.295216E+03
  5.994843E-02     3.318843E+03
  6.078323E-02     3.342624E+03
  6.162966E-02     3.366561E+03
  6.248788E-02     3.390656E+03
  6.335805E-02     3.414911E+03
  6.424034E-02     3.439328E+03
  6.513491E-02     3.463908E+03
  6.604194E-02     3.488656E+03
  6.696160E-02     3.513572E+03
  6.789407E-02     3.538658E+03
  6.883952E-02     3.563916E+03
  6.979814E-02     3.589347E+03
  7.077011E-02     3.614954E+03
  7.175561E-02     3.640738E+03
  7.275484E-02     3.666701E+03
  7.376798E-02     3.692847E+03
  7.479523E-02     3.719177E+03
  7.583678E-02     3.745695E+03
  7.689284E-02     3.772404E+03
  7.796360E-02     3.799305E+03
  7.904928E-02     3.826401E+03
  8.015007E-02     3.853692E+03
  8.126619E-02     3.881182E+03
  8.239786E-02     3.908873E+03
  8.354528E-02     3.936766E+03
  8.470868E-02     3.964865E+03
  8.588829E-02     3.993173E+03
  8.708431E-02     4.021694E+03
  8.829700E-02     4.050430E+03
  8.952657E-02     4.079383E+03
  9.077327E-02     4.108556E+03
  9.203732E-02     4.137950E+03
  9.331898E-02     4.167567E+03
  9.461848E-02     4.197411E+03
  9.593608E-02     4.227484E+03
  9.727203E-02     4.257789E+03
  9.862658E-02     4.288329E+03
  1.000000E-01     4.319107E+03
  1.013925E-01     4.350126E+03
  1.028045E-01     4.381390E+03
  1.042361E-01     4.412899E+03
  1.056876E-01     4.444655E+03
  1.071593E-01     4.476661E+03
  1.086516E-01     4.508918E+03
  1.101646E-01     4.541429E+03
  1.116987E-01     4.574197E+03
  1.132541E-01     4.607224E+03
  1.148312E-01     4.640513E+03
  1.164303E-01     4.674066E+03
  1.180517E-01     4.707888E+03
  1.196956E-01     4.741978E+03
  1.213624E-01     4.776340E+03
  1.230524E-01     4.810976E+03
  1.247660E-01     4.845889E+03
  1.265034E-01     4.881081E+03
  1.282650E-01     4.916556E+03
  1.300511E-01     4.952316E+03
  1.318621E-01     4.988365E+03
  1.336984E-01     5.024706E+03
  1.355602E-01     5.061340E+03
  1.374479E-01     5.098267E+03
  1.393619E-01     5.135485E+03
  1.413026E-01     5.172994E+03
  1.432703E-01     5.210794E+03
  1.452654E-01     5.248882E+03
  1.472883E-01     5.287259E+03
  1.493393E-01     5.325923E+03
  1.514189E-01     5.364873E+03
  1.535275E-01     5.404108E+03
  1.556654E-01     5.443626E+03
  1.578331E-01     5.483424E+03
  1.600310E-01     5.523501E+03
  1.622595E-01     5.563853E+03
  1.645191E-01     5.604477E+03
  1.668101E-01     5.645372E+03
  1.691330E-01     5.686533E+03
  1.714882E-01     5.727957E+03
  1.738762E-01     5.769641E+03
  1.762975E-01     5.811581E+03
  1.787526E-01     5.853774E+03
  1.812418E-01     5.896217E+03
  1.837656E-01     5.938908E+03
  1.863246E-01     5.981842E+03
  1.889193E-01     6.025017E+03
  1.915501E-01     6.068429E+03
  1.942175E-01     6.112076E+03
  1.969220E-01     6.155954E+03
  1.996642E-01     6.200059E+03
  2.024447E-01     6.244387E+03
  2.052638E-01     6.288936E+03
  2.081222E-01     6.333701E+03
  2.110203E-01     6.378680E+03
  2.139589E-01     6.423868E+03
  2.169384E-01     6.469263E+03
  2.199593E-01     6.514861E+03
  2.230223E-01     6.560658E+03
  2.261280E-01     6.606652E+03
  2.292769E-01     6.652838E+03
  2.324697E-01     6.699213E+03
  2.357069E-01     6.745774E+03
  2.389893E-01     6.792516E+03
  2.423173E-01     6.839436E+03
  2.456916E-01     6.886529E+03
  2.491130E-01     6.933791E+03
  2.525820E-01     6.981219E+03
  2.560993E-01     7.028808E+03
  2.596656E-01     7.076555E+03
  2.632815E-01     7.124457E+03
  2.669478E-01     7.172509E+03
  2.706652E-01     7.220707E+03
  2.744343E-01     7.269048E+03
  2.782559E-01     7.317526E+03
  2.821308E-01     7.366136E+03
  2.860596E-01     7.414874E+03
  2.900430E-01     7.463736E+03
  2.940820E-01     7.512717E+03
  2.981772E-01     7.561814E+03
  3.023295E-01     7.611021E+03
  3.065395E-01     7.660337E+03
  3.108082E-01     7.709756E+03
  3.151363E-01     7.759273E+03
  3.195248E-01     7.808881E+03
  3.239743E-01     7.858577E+03
  3.284857E-01     7.908353E+03
  3.330600E-01     7.958205E+03
  3.376980E-01     8.008127E+03
  3.424006E-01     8.058116E+03
  3.471687E-01     8.108165E+03
  3.520031E-01     8.158272E+03
  3.569049E-01     8.208430E+03
  3.618750E-01     8.258634E+03
  3.669142E-01     8.308876E+03
  3.720237E-01     8.359149E+03
  3.772042E-01     8.409447E+03
  3.824570E-01     8.459763E+03
  3.877828E-01     8.510091E+03
  3.931829E-01     8.560424E+03
  3.986581E-01     8.610757E+03
  4.042096E-01     8.661085E+03
  4.098384E-01     8.711402E+03
  4.155455E-01     8.761699E+03
  4.213322E-01     8.811970E+03
  4.271994E-01     8.862205E+03
  4.331483E-01     8.912397E+03
  4.391801E-01     8.962538E+03
  4.452959E-01     9.012621E+03
  4.514968E-01     9.062639E+03
  4.577841E-01     9.112585E+03
  4.641589E-01     9.162454E+03
  4.706225E-01     9.212239E+03
  4.771761E-01     9.261930E+03
  4.838210E-01     9.311518E+03
  4.905584E-01     9.360993E+03
  4.973896E-01     9.410347E+03
  5.043159E-01     9.459570E+03
  5.113388E-01     9.508654E+03
  5.184594E-01     9.557590E+03
  5.256791E-01     9.606371E+03
  5.329994E-01     9.654988E+03
  5.404216E-01     9.703436E+03
  5.479472E-01     9.751702E+03
  5.555776E-01     9.799775E+03
  5.633143E-01     9.847644E+03
  5.711586E-01     9.895297E+03
  5.791123E-01     9.942722E+03
  5.871766E-01     9.989911E+03
  5.953533E-01     1.003685E+04
  6.036439E-01     1.008353E+04
  6.120498E-01     1.012995E+04
  6.205729E-01     1.017609E+04
  6.292146E-01     1.022194E+04
  6.379767E-01     1.026749E+04
  6.468608E-01     1.031273E+04
  6.558686E-01     1.035765E+04
  6.650018E-01     1.040223E+04
  6.742622E-01     1.044647E+04
  6.836516E-01     1.049037E+04
  6.931717E-01     1.053390E+04
  7.028244E-01     1.057706E+04
  7.126115E-01     1.061985E+04
  7.225349E-01     1.066226E+04
  7.325965E-01     1.070427E+04
  7.427982E-01     1.074588E+04
  7.531420E-01     1.078708E+04
  7.636298E-01     1.082786E+04
  7.742637E-01     1.086822E+04
  7.850456E-01     1.090814E+04
  7.959777E-01     1.094764E+04
  8.070620E-01     1.098670E+04
  8.183007E-01     1.102532E+04
  8.296959E-01     1.106350E+04
  8.412497E-01     1.110124E+04
  8.529644E-01     1.113851E+04
  8.648423E-01     1.117532E+04
  8.768856E-01     1.121167E+04
  8.890966E-01     1.124755E+04
  9.014776E-01     1.128296E+04
  9.140311E-01     1.131789E+04
  9.267593E-01     1.135236E+04
  9.396648E-01     1.138636E+04
  9.527500E-01     1.141989E+04
  9.660175E-01     1.145295E+04
  9.794697E-01     1.148552E+04
  9.931092E-01     1.151762E+04
  1.006939E+00     1.154922E+04
  1.020961E+00     1.158034E+04
  1.035178E+00     1.161096E+04
  1.049593E+00     1.164111E+04
  1.064209E+00     1.167076E+04
  1.079029E+00     1.169994E+04
  1.094055E+00     1.172864E+04
  1.109290E+00     1.175686E+04
  1.124737E+00     1.178458E+04
  1.140400E+00     1.181182E+04
  1.156280E+00     1.183856E+04
  1.172382E+00     1.186480E+04
  1.188708E+00     1.189055E+04
  1.205261E+00     1.191580E+04
  1.222045E+00     1.194056E+04
  1.239062E+00     1.196484E+04
  1.256317E+00     1.198863E+04
  1.273811E+00     1.201194E+04
  1.291550E+00     1.203475E+04
  1.309535E+00     1.205706E+04
  1.327771E+00     1.207886E+04
  1.346261E+00     1.210017E+04
  1.365008E+00     1.212097E+04
  1.384016E+00     1.214127E+04
  1.403289E+00     1.216106E+04
  1.422830E+00     1.218037E+04
  1.442644E+00     1.219917E+04
  1.462733E+00     1.221747E+04
  1.483103E+00     1.223527E+04
  1.503755E+00     1.225256E+04
  1.524696E+00     1.226934E+04
  1.545928E+00     1.228560E+04
  1.567455E+00     1.230134E+04
  1.589283E+00     1.231657E+04
  1.611414E+00     1.233128E+04
  1.633854E+00     1.234548E+04
  1.656606E+00     1.235918E+04
  1.679675E+00     1.237236E+04
  1.703065E+00     1.238502E+04
  1.726781E+00     1.239715E+04
  1.750827E+00     1.240876E+04
  1.775208E+00     1.241984E+04
  1.799929E+00     1.243039E+04
  1.824993E+00     1.244041E+04
  1.850407E+00     1.244990E+04
  1.876175E+00     1.245887E+04
  1.902301E+00     1.246731E+04
  1.928792E+00     1.247523E+04
  1.955651E+00     1.248261E+04
  1.982884E+00     1.248945E+04
  2.010496E+00     1.249576E+04
  2.038493E+00     1.250153E+04
  2.066880E+00     1.250676E+04
  2.095662E+00     1.251144E+04
  2.124845E+00     1.251559E+04
  2.154435E+00     1.251921E+04
  2.184436E+00     1.252229E+04
  2.214855E+00     1.252485E+04
  2.245698E+00     1.252686E+04
  2.276970E+00     1.252834E+04
  2.308678E+00     1.252927E+04
  2.340827E+00     1.252967E+04
  2.373424E+00     1.252952E+04
  2.406475E+00     1.252883E+04
  2.439986E+00     1.252760E+04
  2.473964E+00     1.252584E+04
  2.508415E+00     1.252356E+04
  2.543346E+00     1.252075E+04
  2.578763E+00     1.251740E+04
  2.614673E+00     1.251352E+04
  2.651084E+00     1.250912E+04
  2.688001E+00     1.250418E+04
  2.725433E+00     1.249871E+04
  2.763385E+00     1.249271E+04
  2.801867E+00     1.248620E+04
  2.840884E+00     1.247916E+04
  2.880444E+00     1.247162E+04
  2.920556E+00     1.246357E+04
  2.961225E+00     1.245501E+04
  3.002462E+00     1.244594E+04
  3.044272E+00     1.243635E+04
  3.086665E+00     1.242626E+04
  3.129648E+00     1.241566E+04
  3.173230E+00     1.240455E+04
  3.217418E+00     1.239294E+04
  3.262222E+00     1.238084E+04
  3.307650E+00     1.236824E+04
  3.353710E+00     1.235516E+04
  3.400412E+00     1.234159E+04
  3.447764E+00     1.232754E+04
  3.495776E+00     1.231299E+04
  3.544456E+00     1.229797E+04
  3.593814E+00     1.228246E+04
  3.643859E+00     1.226647E+04
  3.694601E+00     1.225002E+04
  3.746050E+00     1.223309E+04
  3.798215E+00     1.221571E+04
  3.851107E+00     1.219788E+04
  3.904735E+00     1.217958E+04
  3.959110E+00     1.216084E+04
  4.014242E+00     1.214164E+04
  4.070142E+00     1.212198E+04
  4.126821E+00     1.210188E+04
  4.184289E+00     1.208134E+04
  4.242556E+00     1.206035E+04
  4.301636E+00     1.203892E+04
  4.361538E+00     1.201707E+04
  4.422274E+00     1.199479E+04
  4.483856E+00     1.197208E+04
  4.546295E+00     1.194895E+04
  4.609604E+00     1.192539E+04
  4.673795E+00     1.190141E+04
  4.738880E+00     1.187702E+04
  4.804870E+00     1.185220E+04
  4.871780E+00     1.182698E+04
  4.939622E+00     1.180134E+04
  5.008408E+00     1.177531E+04
  5.078152E+00     1.174888E+04
  5.148867E+00     1.172205E+04
  5.220568E+00     1.169482E+04
  5.293266E+00     1.166721E+04
  5.366977E+00     1.163919E+04
  5.441714E+00     1.161079E+04
  5.517492E+00     1.158200E+04
  5.594326E+00     1.155283E+04
  5.672229E+00     1.152328E+04
  5.751217E+00     1.149335E+04
  5.831305E+00     1.146306E+04
  5.912508E+00     1.143239E+04
  5.994843E+00     1.140136E+04
  6.078323E+00     1.136996E+04
  6.162966E+00     1.133819E+04
  6.248788E+00     1.130606E+04
  6.335805E+00     1.127356E+04
  6.424034E+00     1.124070E+04
  6.513491E+00     1.120748E+04
  6.604194E+00     1.117391E+04
  6.696160E+00     1.113999E+04
  6.789407E+00     1.110571E+04
  6.883952E+00     1.107109E+04
  6.979814E+00     1.103612E+04
  7.077011E+00     1.100081E+04
  7.175561E+00     1.096515E+04
  7.275484E+00     1.092916E+04
  7.376798E+00     1.089283E+04
  7.479523E+00     1.085617E+04
  7.583678E+00     1.081918E+04
  7.689284E+00     1.078187E+04
  7.796360E+00     1.074424E+04
  7.904928E+00     1.070628E+04
  8.015007E+00     1.066801E+04
  8.126619E+00     1.062943E+04
  8.239786E+00     1.059053E+04
  8.354528E+00     1.055132E+04
  8.470868E+00     1.051180E+04
  8.588829E+00     1.047198E+04
  8.708431E+00     1.043185E+04
  8.829700E+00     1.039143E+04
  8.952657E+00     1.035071E+04
  9.077327E+00     1.030969E+04
  9.203732E+00     1.026839E+04
  9.331898E+00     1.022679E+04
  9.461848E+00     1.018491E+04
  9.593608E+00     1.014275E+04
  9.727203E+00     1.010031E+04
  9.862658E+00     1.005759E+04
  1.000000E+01     1.001459E+04
  1.013925E+01     9.971333E+03
  1.028045E+01     9.927804E+03
  1.042361E+01     9.884012E+03
  1.056876E+01     9.839960E+03
  1.071593E+01     9.795652E+03
  1.086516E+01     9.751090E+03
  1.101646E+01     9.706278E+03
  1.116987E+01     9.661220E+03
  1.132541E+01     9.615920E+03
  1.148312E+01     9.570381E+03
  1.164303E+01     9.524608E+03
  1.180517E+01     9.478605E+03
  1.196956E+01     9.432377E+03
  1.213624E+01     9.385928E+03
  1.230524E+01     9.339262E+03
  1.247660E+01     9.292385E+03
  1.265034E+01     9.245301E+03
  1.282650E+01     9.198015E+03
  1.300511E+01     9.150533E+03
  1.318621E+01     9.102860E+03
  1.336984E+01     9.055000E+03
  1.355602E+01     9.006958E+03
  1.374479E+01     8.958738E+03
  1.393619E+01     8.910341E+03
  1.413026E+01     8.861773E+03
  1.432703E+01     8.813035E+03
  1.452654E+01     8.764132E+03
  1.472883E+01     8.715064E+03
  1.493393E+01     8.665836E+03
  1.514189E+01     8.616448E+03
  1.535275E+01     8.566905E+03
  1.556654E+01     8.517210E+03
  1.578331E+01     8.467371E+03
  1.600310E+01     8.417396E+03
  1.622595E+01     8.367291E+03
  1.645191E+01     8.317065E+03
  1.668101E+01     8.266726E+03
  1.691330E+01     8.216280E+03
  1.714882E+01     8.165736E+03
  1.738762E+01     8.115101E+03
  1.762975E+01     8.064384E+03
  1.787526E+01     8.013591E+03
  1.812418E+01     7.962727E+03
  1.837656E+01     7.911797E+03
  1.863246E+01     7.860806E+03
  1.889193E+01     7.809759E+03
  1.915501E+01     7.758660E+03
  1.942175E+01     7.707512E+03
  1.969220E+01     7.656320E+03
  1.996642E+01     7.605085E+03
  2.024447E+01     7.553811E+03
  2.052638E+01     7.502503E+03
  2.081222E+01     7.451169E+03
  2.110203E+01     7.399815E+03
  2.139589E+01     7.348449E+03
  2.169384E+01     7.297079E+03
  2.199593E+01     7.245710E+03
  2.230223E+01     7.194351E+03
  2.261280E+01     7.143006E+03
  2.292769E+01     7.091682E+03
  2.324697E+01     7.040385E+03
  2.357069E+01     6.989122E+03
  2.389893E+01     6.937898E+03
  2.423173E+01     6.886721E+03
  2.456916E+01     6.835597E+03
  2.491130E+01     6.784533E+03
  2.525820E+01     6.733533E+03
  2.560993E+01     6.682604E+03
  2.596656E+01     6.631750E+03
  2.632815E+01     6.580974E+03
  2.669478E+01     6.530280E+03
  2.706652E+01     6.479673E+03
  2.744343E+01     6.429160E+03
  2.782559E+01     6.378749E+03
  2.821308E+01     6.328447E+03
  2.860596E+01     6.278261E+03
  2.900430E+01     6.228196E+03
  2.940820E+01     6.178258E+03
  2.981772E+01     6.128452E+03
  3.023295E+01     6.078782E+03
  3.065395E+01     6.029251E+03
  3.108082E+01     5.979864E+03
  3.151363E+01     5.930628E+03
  3.195248E+01     5.881550E+03
  3.239743E+01     5.832635E+03
  3.284857E+01     5.783889E+03
  3.330600E+01     5.735317E+03
  3.376980E+01     5.686923E+03
  3.424006E+01     5.638709E+03
  3.471687E+01     5.590679E+03
  3.520031E+01     5.542833E+03
  3.569049E+01     5.495175E+03
  3.618750E+01     5.447710E+03
  3.669142E+01     5.400446E+03
  3.720237E+01     5.353391E+03
  3.772042E+01     5.306550E+03
  3.824570E+01     5.259928E+03
  3.877828E+01     5.213531E+03
  3.931829E+01     5.167361E+03
  3.986581E+01     5.121422E+03
  4.042096E+01     5.075715E+03
  4.098384E+01     5.030243E+03
  4.155455E+01     4.985010E+03
  4.213322E+01     4.940024E+03
  4.271994E+01     4.895289E+03
  4.331483E+01     4.850810E+03
  4.391801E+01     4.806589E+03
  4.452959E+01     4.762630E+03
  4.514968E+01     4.718933E+03
  4.577841E+01     4.675498E+03
  4.641589E+01     4.632325E+03
  4.706225E+01     4.589412E+03
  4.771761E+01     4.546765E+03
  4.838210E+01     4.504389E+03
  4.905584E+01     4.462290E+03
  4.973896E+01     4.420473E+03
  5.043159E+01     4.378941E+03
  5.113388E+01     4.337697E+03
  5.184594E+01     4.296743E+03
  5.256791E+01     4.256079E+03
  5.329994E+01     4.215704E+03
  5.404216E+01     4.175617E+03
  5.479472E+01     4.135822E+03
  5.555776E+01     4.096324E+03
  5.633143E+01     4.057126E+03
  5.711586E+01     4.018232E+03
  5.791123E+01     3.979643E+03
  5.871766E+01     3.941360E+03
  5.953533E+01     3.903384E+03
  6.036439E+01     3.865711E+03
  6.120498E+01     3.828339E+03
  6.205729E+01     3.791265E+03
  6.292146E+01     3.754490E+03
  6.379767E+01     3.718019E+03
  6.468608E+01     3.681857E+03
  6.558686E+01     3.646006E+03
  6.650018E+01     3.610470E+03
  6.742622E+01     3.575248E+03
  6.836516E+01     3.540340E+03
  6.931717E+01     3.505745E+03
  7.028244E+01     3.471461E+03
  7.126115E+01     3.437482E+03
  7.225349E+01     3.403812E+03
  7.325965E+01     3.370452E+03
  7.427982E+01     3.337405E+03
  7.531420E+01     3.304674E+03
  7.636298E+01     3.272258E+03
  7.742637E+01     3.240157E+03
  7.850456E+01     3.208368E+03
  7.959777E+01     3.176889E+03
  8.070620E+01     3.145714E+03
  8.183007E+01     3.114837E+03
  8.296959E+01     3.084258E+03
  8.412497E+01     3.053980E+03
  8.529644E+01     3.024006E+03
  8.648423E+01     2.994337E+03
  8.768856E+01     2.964974E+03
  8.890966E+01     2.935917E+03
  9.014776E+01     2.907163E+03
  9.140311E+01     2.878710E+03
  9.267593E+01     2.850553E+03
  9.396648E+01     2.822687E+03
  9.527500E+01     2.795111E+03
  9.660175E+01     2.767827E+03
  9.794697E+01     2.740836E+03
  9.931092E+01     2.714140E+03
  1.006939E+02     2.687739E+03
  1.020961E+02     2.661632E+03
  1.035178E+02     2.635817E+03
  1.049593E+02     2.610289E+03
  1.064209E+02     2.585044E+03
  1.079029E+02     2.560075E+03
  1.094055E+02     2.535381E+03
  1.109290E+02     2.510962E+03
  1.124737E+02     2.486820E+03
  1.140400E+02     2.462955E+03
  1.156280E+02     2.439365E+03
  1.172382E+02     2.416050E+03
  1.188708E+02     2.393007E+03
  1.205261E+02     2.370230E+03
  1.222045E+02     2.347714E+03
  1.239062E+02     2.325454E+03
  1.256317E+02     2.303444E+03
  1.273811E+02     2.281686E+03
  1.291550E+02     2.260183E+03
  1.309535E+02     2.238934E+03
  1.327771E+02     2.217940E+03
  1.346261E+02     2.197200E+03
  1.365008E+02     2.176712E+03
  1.384016E+02     2.156472E+03
  1.403289E+02     2.136477E+03
  1.422830E+02     2.116722E+03
  1.442644E+02     2.097201E+03
  1.462733E+02     2.077917E+03
  1.483103E+02     2.058870E+03
  1.503755E+02     2.040059E+03
  1.524696E+02     2.021483E+03
  1.545928E+02     2.003141E+03
  1.567455E+02     1.985030E+03
  1.589283E+02     1.967144E+03
  1.611414E+02     1.949480E+03
  1.633854E+02     1.932030E+03
  1.656606E+02     1.914790E+03
  1.679675E+02     1.897760E+03
  1.703065E+02     1.880942E+03
  1.726781E+02     1.864334E+03
  1.750827E+02     1.847936E+03
  1.775208E+02     1.831748E+03
  1.799929E+02     1.815766E+03
  1.824993E+02     1.799987E+03
  1.850407E+02     1.784408E+03
  1.876175E+02     1.769022E+03
  1.902301E+02     1.753826E+03
  1.928792E+02     1.738820E+03
  1.955651E+02     1.724005E+03
  1.982884E+02     1.709380E+03
  2.010496E+02     1.694945E+03
  2.038493E+02     1.680699E+03
  2.066880E+02     1.666641E+03
  2.095662E+02     1.652766E+03
  2.124845E+02     1.639073E+03
  2.154435E+02     1.625556E+03
  2.184436E+02     1.612211E+03
  2.214855E+02     1.599037E+03
  2.245698E+02     1.586036E+03
  2.276970E+02     1.573207E+03
  2.308678E+02     1.560549E+03
  2.340827E+02     1.548061E+03
  2.373424E+02     1.535741E+03
  2.406475E+02     1.523587E+03
  2.439986E+02     1.511594E+03
  2.473964E+02     1.499759E+03
  2.508415E+02     1.488076E+03
  2.543346E+02     1.476545E+03
  2.578763E+02     1.465167E+03
  2.614673E+02     1.453942E+03
  2.651084E+02     1.442869E+03
  2.688001E+02     1.431948E+03
  2.725433E+02     1.421177E+03
  2.763385E+02     1.410553E+03
  2.801867E+02     1.400073E+03
  2.840884E+02     1.389735E+03
  2.880444E+02     1.379533E+03
  2.920556E+02     1.369468E+03
  2.961225E+02     1.359540E+03
  3.002462E+02     1.349748E+03
  3.044272E+02     1.340093E+03
  3.086665E+02     1.330573E+03
  3.129648E+02     1.321187E+03
  3.173230E+02     1.311934E+03
  3.217418E+02     1.302809E+03
  3.262222E+02     1.293811E+03
  3.307650E+02     1.284935E+03
  3.353710E+02     1.276180E+03
  3.400412E+02     1.267548E+03
  3.447764E+02     1.259037E+03
  3.495776E+02     1.250648E+03
  3.544456E+02     1.242381E+03
  3.593814E+02     1.234233E+03
  3.643859E+02     1.226203E+03
  3.694601E+02     1.218289E+03
  3.746050E+02     1.210488E+03
  3.798215E+02     1.202797E+03
  3.851107E+02     1.195215E+03
  3.904735E+02     1.187742E+03
  3.959110E+02     1.180378E+03
  4.014242E+02     1.173123E+03
  4.070142E+02     1.165977E+03
  4.126821E+02     1.158938E+03
  4.184289E+02     1.152004E+03
  4.242556E+02     1.145175E+03
  4.301636E+02     1.138447E+03
  4.361538E+02     1.131818E+03
  4.422274E+02     1.125285E+03
  4.483856E+02     1.118851E+03
  4.546295E+02     1.112514E+03
  4.609604E+02     1.106275E+03
  4.673795E+02     1.100133E+03
  4.738880E+02     1.094087E+03
  4.804870E+02     1.088136E+03
  4.871780E+02     1.082278E+03
  4.939622E+02     1.076511E+03
  5.008408E+02     1.070833E+03
  5.078152E+02     1.065243E+03
  5.148867E+02     1.059739E+03
  5.220568E+02     1.054324E+03
  5.293266E+02     1.048996E+03
  5.366977E+02     1.043755E+03
  5.441714E+02     1.038600E+03
  5.517492E+02     1.033531E+03
  5.594326E+02     1.028545E+03
  5.672229E+02     1.023640E+03
  5.751217E+02     1.018815E+03
  5.831305E+02     1.014068E+03
  5.912508E+02     1.009399E+03
  5.994843E+02     1.004809E+03
  6.078323E+02     1.000296E+03
  6.162966E+02     9.958616E+02
  6.248788E+02     9.915041E+02
  6.335805E+02     9.872227E+02
  6.424034E+02     9.830162E+02
  6.513491E+02     9.788830E+02
  6.604194E+02     9.748210E+02
  6.696160E+02     9.708288E+02
  6.789407E+02     9.669063E+02
  6.883952E+02     9.630533E+02
  6.979814E+02     9.592692E+02
  7.077011E+02     9.555535E+02
  7.175561E+02     9.519052E+02
  7.275484E+02     9.483231E+02
  7.376798E+02     9.448055E+02
  7.479523E+02     9.413507E+02
  7.583678E+02     9.379563E+02
  7.689284E+02     9.346208E+02
  7.796360E+02     9.313451E+02
  7.904928E+02     9.281304E+02
  8.015007E+02     9.249776E+02
  8.126619E+02     9.218876E+02
  8.239786E+02     9.188613E+02
  8.354528E+02     9.158994E+02
  8.470868E+02     9.130025E+02
  8.588829E+02     9.101710E+02
  8.708431E+02     9.074051E+02
  8.829700E+02     9.047037E+02
  8.952657E+02     9.020614E+02
  9.077327E+02     8.994711E+02
  9.203732E+02     8.969252E+02
  9.331898E+02     8.944153E+02
  9.461848E+02     8.919321E+02
  9.593608E+02     8.894652E+02
  9.727203E+02     8.870036E+02
  9.862658E+02     8.845349E+02
  1.000000E+03     8.820460E+02
