FILE CREATED BY  : PROGRAM DPASS - VERSION 2.00
DATABASE VERSION : 21.06
DATE AND TIME    : 09/08/2022 22:02:34
PROJECTILE       : Kr
TARGET           : Cd
TARGET AT. MASS  : 1.124100E+02
TARGET DENSITY   : 8.650000E+00 g/cm^3
TABULATED OUTPUT : STOPPING FORCE VERSUS ENERGY
DATA TYPE        : SPLINE INTERPOLATED
ABSCISSA UNITS   : MeV/u
ORDINATE UNITS   : eV/nm


      E/n             S(E/n)

  1.000000E-03     7.366275E+02
  1.013925E-03     7.416386E+02
  1.028045E-03     7.467159E+02
  1.042361E-03     7.518565E+02
  1.056876E-03     7.570574E+02
  1.071593E-03     7.623150E+02
  1.086516E-03     7.676256E+02
  1.101646E-03     7.729848E+02
  1.116987E-03     7.783883E+02
  1.132541E-03     7.838309E+02
  1.148312E-03     7.893074E+02
  1.164303E-03     7.948127E+02
  1.180517E-03     8.003465E+02
  1.196956E-03     8.059099E+02
  1.213624E-03     8.115042E+02
  1.230524E-03     8.171309E+02
  1.247660E-03     8.227915E+02
  1.265034E-03     8.284878E+02
  1.282650E-03     8.342216E+02
  1.300511E-03     8.399951E+02
  1.318621E-03     8.458105E+02
  1.336984E-03     8.516700E+02
  1.355602E-03     8.575743E+02
  1.374479E-03     8.635232E+02
  1.393619E-03     8.695166E+02
  1.413026E-03     8.755544E+02
  1.432703E-03     8.816363E+02
  1.452654E-03     8.877624E+02
  1.472883E-03     8.939323E+02
  1.493393E-03     9.001460E+02
  1.514189E-03     9.064031E+02
  1.535275E-03     9.127036E+02
  1.556654E-03     9.190476E+02
  1.578331E-03     9.254354E+02
  1.600310E-03     9.318673E+02
  1.622595E-03     9.383436E+02
  1.645191E-03     9.448648E+02
  1.668101E-03     9.514314E+02
  1.691330E-03     9.580438E+02
  1.714882E-03     9.647026E+02
  1.738762E-03     9.714085E+02
  1.762975E-03     9.781619E+02
  1.787526E-03     9.849635E+02
  1.812418E-03     9.918133E+02
  1.837656E-03     9.987117E+02
  1.863246E-03     1.005659E+03
  1.889193E-03     1.012655E+03
  1.915501E-03     1.019701E+03
  1.942175E-03     1.026796E+03
  1.969220E-03     1.033941E+03
  1.996642E-03     1.041137E+03
  2.024447E-03     1.048384E+03
  2.052638E-03     1.055683E+03
  2.081222E-03     1.063033E+03
  2.110203E-03     1.070435E+03
  2.139589E-03     1.077889E+03
  2.169384E-03     1.085396E+03
  2.199593E-03     1.092956E+03
  2.230223E-03     1.100570E+03
  2.261280E-03     1.108237E+03
  2.292769E-03     1.115958E+03
  2.324697E-03     1.123735E+03
  2.357069E-03     1.131566E+03
  2.389893E-03     1.139454E+03
  2.423173E-03     1.147397E+03
  2.456916E-03     1.155396E+03
  2.491130E-03     1.163453E+03
  2.525820E-03     1.171566E+03
  2.560993E-03     1.179737E+03
  2.596656E-03     1.187965E+03
  2.632815E-03     1.196253E+03
  2.669478E-03     1.204599E+03
  2.706652E-03     1.213005E+03
  2.744343E-03     1.221471E+03
  2.782559E-03     1.229998E+03
  2.821308E-03     1.238585E+03
  2.860596E-03     1.247233E+03
  2.900430E-03     1.255942E+03
  2.940820E-03     1.264713E+03
  2.981772E-03     1.273547E+03
  3.023295E-03     1.282444E+03
  3.065395E-03     1.291404E+03
  3.108082E-03     1.300428E+03
  3.151363E-03     1.309516E+03
  3.195248E-03     1.318670E+03
  3.239743E-03     1.327888E+03
  3.284857E-03     1.337172E+03
  3.330600E-03     1.346523E+03
  3.376980E-03     1.355940E+03
  3.424006E-03     1.365424E+03
  3.471687E-03     1.374976E+03
  3.520031E-03     1.384596E+03
  3.569049E-03     1.394286E+03
  3.618750E-03     1.404046E+03
  3.669142E-03     1.413875E+03
  3.720237E-03     1.423775E+03
  3.772042E-03     1.433746E+03
  3.824570E-03     1.443788E+03
  3.877828E-03     1.453902E+03
  3.931829E-03     1.464088E+03
  3.986581E-03     1.474348E+03
  4.042096E-03     1.484682E+03
  4.098384E-03     1.495090E+03
  4.155455E-03     1.505574E+03
  4.213322E-03     1.516133E+03
  4.271994E-03     1.526768E+03
  4.331483E-03     1.537479E+03
  4.391801E-03     1.548267E+03
  4.452959E-03     1.559133E+03
  4.514968E-03     1.570077E+03
  4.577841E-03     1.581100E+03
  4.641589E-03     1.592203E+03
  4.706225E-03     1.603386E+03
  4.771761E-03     1.614650E+03
  4.838210E-03     1.625996E+03
  4.905584E-03     1.637423E+03
  4.973896E-03     1.648933E+03
  5.043159E-03     1.660526E+03
  5.113388E-03     1.672203E+03
  5.184594E-03     1.683964E+03
  5.256791E-03     1.695810E+03
  5.329994E-03     1.707742E+03
  5.404216E-03     1.719762E+03
  5.479472E-03     1.731868E+03
  5.555776E-03     1.744063E+03
  5.633143E-03     1.756346E+03
  5.711586E-03     1.768718E+03
  5.791123E-03     1.781180E+03
  5.871766E-03     1.793732E+03
  5.953533E-03     1.806375E+03
  6.036439E-03     1.819110E+03
  6.120498E-03     1.831937E+03
  6.205729E-03     1.844858E+03
  6.292146E-03     1.857873E+03
  6.379767E-03     1.870983E+03
  6.468608E-03     1.884188E+03
  6.558686E-03     1.897490E+03
  6.650018E-03     1.910888E+03
  6.742622E-03     1.924384E+03
  6.836516E-03     1.937978E+03
  6.931717E-03     1.951672E+03
  7.028244E-03     1.965466E+03
  7.126115E-03     1.979362E+03
  7.225349E-03     1.993360E+03
  7.325965E-03     2.007461E+03
  7.427982E-03     2.021665E+03
  7.531420E-03     2.035974E+03
  7.636298E-03     2.050386E+03
  7.742637E-03     2.064904E+03
  7.850456E-03     2.079528E+03
  7.959777E-03     2.094259E+03
  8.070620E-03     2.109098E+03
  8.183007E-03     2.124045E+03
  8.296959E-03     2.139102E+03
  8.412497E-03     2.154268E+03
  8.529644E-03     2.169546E+03
  8.648423E-03     2.184935E+03
  8.768856E-03     2.200437E+03
  8.890966E-03     2.216053E+03
  9.014776E-03     2.231783E+03
  9.140311E-03     2.247628E+03
  9.267593E-03     2.263591E+03
  9.396648E-03     2.279671E+03
  9.527500E-03     2.295871E+03
  9.660175E-03     2.312191E+03
  9.794697E-03     2.328632E+03
  9.931092E-03     2.345193E+03
  1.006939E-02     2.361877E+03
  1.020961E-02     2.378683E+03
  1.035178E-02     2.395613E+03
  1.049593E-02     2.412668E+03
  1.064209E-02     2.429848E+03
  1.079029E-02     2.447155E+03
  1.094055E-02     2.464591E+03
  1.109290E-02     2.482155E+03
  1.124737E-02     2.499848E+03
  1.140400E-02     2.517672E+03
  1.156280E-02     2.535627E+03
  1.172382E-02     2.553714E+03
  1.188708E-02     2.571934E+03
  1.205261E-02     2.590289E+03
  1.222045E-02     2.608779E+03
  1.239062E-02     2.627407E+03
  1.256317E-02     2.646173E+03
  1.273811E-02     2.665078E+03
  1.291550E-02     2.684123E+03
  1.309535E-02     2.703309E+03
  1.327771E-02     2.722636E+03
  1.346261E-02     2.742106E+03
  1.365008E-02     2.761719E+03
  1.384016E-02     2.781478E+03
  1.403289E-02     2.801383E+03
  1.422830E-02     2.821436E+03
  1.442644E-02     2.841637E+03
  1.462733E-02     2.861989E+03
  1.483103E-02     2.882491E+03
  1.503755E-02     2.903144E+03
  1.524696E-02     2.923949E+03
  1.545928E-02     2.944906E+03
  1.567455E-02     2.966018E+03
  1.589283E-02     2.987285E+03
  1.611414E-02     3.008709E+03
  1.633854E-02     3.030290E+03
  1.656606E-02     3.052029E+03
  1.679675E-02     3.073929E+03
  1.703065E-02     3.095990E+03
  1.726781E-02     3.118213E+03
  1.750827E-02     3.140598E+03
  1.775208E-02     3.163149E+03
  1.799929E-02     3.185865E+03
  1.824993E-02     3.208749E+03
  1.850407E-02     3.231802E+03
  1.876175E-02     3.255026E+03
  1.902301E-02     3.278423E+03
  1.928792E-02     3.301994E+03
  1.955651E-02     3.325740E+03
  1.982884E-02     3.349661E+03
  2.010496E-02     3.373759E+03
  2.038493E-02     3.398035E+03
  2.066880E-02     3.422490E+03
  2.095662E-02     3.447125E+03
  2.124845E-02     3.471942E+03
  2.154435E-02     3.496943E+03
  2.184436E-02     3.522128E+03
  2.214855E-02     3.547500E+03
  2.245698E-02     3.573058E+03
  2.276970E-02     3.598804E+03
  2.308678E-02     3.624739E+03
  2.340827E-02     3.650863E+03
  2.373424E-02     3.677178E+03
  2.406475E-02     3.703685E+03
  2.439986E-02     3.730385E+03
  2.473964E-02     3.757279E+03
  2.508415E-02     3.784370E+03
  2.543346E-02     3.811658E+03
  2.578763E-02     3.839143E+03
  2.614673E-02     3.866826E+03
  2.651084E-02     3.894708E+03
  2.688001E-02     3.922789E+03
  2.725433E-02     3.951070E+03
  2.763385E-02     3.979552E+03
  2.801867E-02     4.008236E+03
  2.840884E-02     4.037123E+03
  2.880444E-02     4.066214E+03
  2.920556E-02     4.095510E+03
  2.961225E-02     4.125011E+03
  3.002462E-02     4.154717E+03
  3.044272E-02     4.184629E+03
  3.086665E-02     4.214749E+03
  3.129648E-02     4.245075E+03
  3.173230E-02     4.275610E+03
  3.217418E-02     4.306354E+03
  3.262222E-02     4.337308E+03
  3.307650E-02     4.368474E+03
  3.353710E-02     4.399852E+03
  3.400412E-02     4.431442E+03
  3.447764E-02     4.463245E+03
  3.495776E-02     4.495262E+03
  3.544456E-02     4.527492E+03
  3.593814E-02     4.559937E+03
  3.643859E-02     4.592598E+03
  3.694601E-02     4.625475E+03
  3.746050E-02     4.658570E+03
  3.798215E-02     4.691885E+03
  3.851107E-02     4.725419E+03
  3.904735E-02     4.759173E+03
  3.959110E-02     4.793148E+03
  4.014242E-02     4.827345E+03
  4.070142E-02     4.861764E+03
  4.126821E-02     4.896407E+03
  4.184289E-02     4.931273E+03
  4.242556E-02     4.966366E+03
  4.301636E-02     5.001685E+03
  4.361538E-02     5.037233E+03
  4.422274E-02     5.073012E+03
  4.483856E-02     5.109021E+03
  4.546295E-02     5.145261E+03
  4.609604E-02     5.181735E+03
  4.673795E-02     5.218442E+03
  4.738880E-02     5.255384E+03
  4.804870E-02     5.292563E+03
  4.871780E-02     5.329981E+03
  4.939622E-02     5.367640E+03
  5.008408E-02     5.405542E+03
  5.078152E-02     5.443689E+03
  5.148867E-02     5.482082E+03
  5.220568E-02     5.520721E+03
  5.293266E-02     5.559609E+03
  5.366977E-02     5.598746E+03
  5.441714E-02     5.638134E+03
  5.517492E-02     5.677775E+03
  5.594326E-02     5.717671E+03
  5.672229E-02     5.757824E+03
  5.751217E-02     5.798238E+03
  5.831305E-02     5.838914E+03
  5.912508E-02     5.879854E+03
  5.994843E-02     5.921059E+03
  6.078323E-02     5.962530E+03
  6.162966E-02     6.004268E+03
  6.248788E-02     6.046277E+03
  6.335805E-02     6.088558E+03
  6.424034E-02     6.131114E+03
  6.513491E-02     6.173947E+03
  6.604194E-02     6.217061E+03
  6.696160E-02     6.260459E+03
  6.789407E-02     6.304142E+03
  6.883952E-02     6.348112E+03
  6.979814E-02     6.392372E+03
  7.077011E-02     6.436923E+03
  7.175561E-02     6.481768E+03
  7.275484E-02     6.526911E+03
  7.376798E-02     6.572355E+03
  7.479523E-02     6.618104E+03
  7.583678E-02     6.664161E+03
  7.689284E-02     6.710531E+03
  7.796360E-02     6.757214E+03
  7.904928E-02     6.804214E+03
  8.015007E-02     6.851532E+03
  8.126619E-02     6.899169E+03
  8.239786E-02     6.947129E+03
  8.354528E-02     6.995413E+03
  8.470868E-02     7.044026E+03
  8.588829E-02     7.092969E+03
  8.708431E-02     7.142248E+03
  8.829700E-02     7.191865E+03
  8.952657E-02     7.241823E+03
  9.077327E-02     7.292124E+03
  9.203732E-02     7.342770E+03
  9.331898E-02     7.393763E+03
  9.461848E-02     7.445106E+03
  9.593608E-02     7.496803E+03
  9.727203E-02     7.548856E+03
  9.862658E-02     7.601271E+03
  1.000000E-01     7.654050E+03
  1.013925E-01     7.707199E+03
  1.028045E-01     7.760719E+03
  1.042361E-01     7.814612E+03
  1.056876E-01     7.868881E+03
  1.071593E-01     7.923526E+03
  1.086516E-01     7.978551E+03
  1.101646E-01     8.033959E+03
  1.116987E-01     8.089753E+03
  1.132541E-01     8.145935E+03
  1.148312E-01     8.202510E+03
  1.164303E-01     8.259482E+03
  1.180517E-01     8.316853E+03
  1.196956E-01     8.374623E+03
  1.213624E-01     8.432795E+03
  1.230524E-01     8.491371E+03
  1.247660E-01     8.550352E+03
  1.265034E-01     8.609742E+03
  1.282650E-01     8.669542E+03
  1.300511E-01     8.729755E+03
  1.318621E-01     8.790386E+03
  1.336984E-01     8.851437E+03
  1.355602E-01     8.912910E+03
  1.374479E-01     8.974806E+03
  1.393619E-01     9.037128E+03
  1.413026E-01     9.099875E+03
  1.432703E-01     9.163051E+03
  1.452654E-01     9.226656E+03
  1.472883E-01     9.290694E+03
  1.493393E-01     9.355168E+03
  1.514189E-01     9.420079E+03
  1.535275E-01     9.485432E+03
  1.556654E-01     9.551225E+03
  1.578331E-01     9.617456E+03
  1.600310E-01     9.684122E+03
  1.622595E-01     9.751219E+03
  1.645191E-01     9.818744E+03
  1.668101E-01     9.886695E+03
  1.691330E-01     9.955068E+03
  1.714882E-01     1.002386E+04
  1.738762E-01     1.009307E+04
  1.762975E-01     1.016268E+04
  1.787526E-01     1.023271E+04
  1.812418E-01     1.030313E+04
  1.837656E-01     1.037396E+04
  1.863246E-01     1.044518E+04
  1.889193E-01     1.051679E+04
  1.915501E-01     1.058878E+04
  1.942175E-01     1.066115E+04
  1.969220E-01     1.073389E+04
  1.996642E-01     1.080701E+04
  2.024447E-01     1.088048E+04
  2.052638E-01     1.095432E+04
  2.081222E-01     1.102851E+04
  2.110203E-01     1.110304E+04
  2.139589E-01     1.117793E+04
  2.169384E-01     1.125315E+04
  2.199593E-01     1.132870E+04
  2.230223E-01     1.140459E+04
  2.261280E-01     1.148080E+04
  2.292769E-01     1.155733E+04
  2.324697E-01     1.163417E+04
  2.357069E-01     1.171133E+04
  2.389893E-01     1.178879E+04
  2.423173E-01     1.186655E+04
  2.456916E-01     1.194461E+04
  2.491130E-01     1.202296E+04
  2.525820E-01     1.210159E+04
  2.560993E-01     1.218051E+04
  2.596656E-01     1.225970E+04
  2.632815E-01     1.233916E+04
  2.669478E-01     1.241890E+04
  2.706652E-01     1.249889E+04
  2.744343E-01     1.257915E+04
  2.782559E-01     1.265966E+04
  2.821308E-01     1.274041E+04
  2.860596E-01     1.282141E+04
  2.900430E-01     1.290264E+04
  2.940820E-01     1.298410E+04
  2.981772E-01     1.306579E+04
  3.023295E-01     1.314770E+04
  3.065395E-01     1.322984E+04
  3.108082E-01     1.331218E+04
  3.151363E-01     1.339473E+04
  3.195248E-01     1.347749E+04
  3.239743E-01     1.356044E+04
  3.284857E-01     1.364358E+04
  3.330600E-01     1.372690E+04
  3.376980E-01     1.381040E+04
  3.424006E-01     1.389408E+04
  3.471687E-01     1.397792E+04
  3.520031E-01     1.406194E+04
  3.569049E-01     1.414611E+04
  3.618750E-01     1.423044E+04
  3.669142E-01     1.431492E+04
  3.720237E-01     1.439955E+04
  3.772042E-01     1.448431E+04
  3.824570E-01     1.456920E+04
  3.877828E-01     1.465421E+04
  3.931829E-01     1.473935E+04
  3.986581E-01     1.482461E+04
  4.042096E-01     1.490999E+04
  4.098384E-01     1.499548E+04
  4.155455E-01     1.508108E+04
  4.213322E-01     1.516677E+04
  4.271994E-01     1.525256E+04
  4.331483E-01     1.533843E+04
  4.391801E-01     1.542437E+04
  4.452959E-01     1.551039E+04
  4.514968E-01     1.559648E+04
  4.577841E-01     1.568262E+04
  4.641589E-01     1.576883E+04
  4.706225E-01     1.585509E+04
  4.771761E-01     1.594140E+04
  4.838210E-01     1.602774E+04
  4.905584E-01     1.611410E+04
  4.973896E-01     1.620048E+04
  5.043159E-01     1.628685E+04
  5.113388E-01     1.637322E+04
  5.184594E-01     1.645956E+04
  5.256791E-01     1.654588E+04
  5.329994E-01     1.663216E+04
  5.404216E-01     1.671840E+04
  5.479472E-01     1.680457E+04
  5.555776E-01     1.689067E+04
  5.633143E-01     1.697668E+04
  5.711586E-01     1.706258E+04
  5.791123E-01     1.714835E+04
  5.871766E-01     1.723398E+04
  5.953533E-01     1.731945E+04
  6.036439E-01     1.740475E+04
  6.120498E-01     1.748986E+04
  6.205729E-01     1.757477E+04
  6.292146E-01     1.765945E+04
  6.379767E-01     1.774389E+04
  6.468608E-01     1.782805E+04
  6.558686E-01     1.791193E+04
  6.650018E-01     1.799549E+04
  6.742622E-01     1.807872E+04
  6.836516E-01     1.816158E+04
  6.931717E-01     1.824407E+04
  7.028244E-01     1.832615E+04
  7.126115E-01     1.840781E+04
  7.225349E-01     1.848901E+04
  7.325965E-01     1.856974E+04
  7.427982E-01     1.864996E+04
  7.531420E-01     1.872964E+04
  7.636298E-01     1.880876E+04
  7.742637E-01     1.888730E+04
  7.850456E-01     1.896521E+04
  7.959777E-01     1.904248E+04
  8.070620E-01     1.911908E+04
  8.183007E-01     1.919498E+04
  8.296959E-01     1.927015E+04
  8.412497E-01     1.934457E+04
  8.529644E-01     1.941822E+04
  8.648423E-01     1.949106E+04
  8.768856E-01     1.956308E+04
  8.890966E-01     1.963425E+04
  9.014776E-01     1.970455E+04
  9.140311E-01     1.977397E+04
  9.267593E-01     1.984246E+04
  9.396648E-01     1.991004E+04
  9.527500E-01     1.997666E+04
  9.660175E-01     2.004232E+04
  9.794697E-01     2.010699E+04
  9.931092E-01     2.017065E+04
  1.006939E+00     2.023330E+04
  1.020961E+00     2.029491E+04
  1.035178E+00     2.035548E+04
  1.049593E+00     2.041500E+04
  1.064209E+00     2.047346E+04
  1.079029E+00     2.053086E+04
  1.094055E+00     2.058719E+04
  1.109290E+00     2.064243E+04
  1.124737E+00     2.069658E+04
  1.140400E+00     2.074962E+04
  1.156280E+00     2.080155E+04
  1.172382E+00     2.085236E+04
  1.188708E+00     2.090204E+04
  1.205261E+00     2.095062E+04
  1.222045E+00     2.099807E+04
  1.239062E+00     2.104442E+04
  1.256317E+00     2.108967E+04
  1.273811E+00     2.113381E+04
  1.291550E+00     2.117683E+04
  1.309535E+00     2.121872E+04
  1.327771E+00     2.125949E+04
  1.346261E+00     2.129913E+04
  1.365008E+00     2.133766E+04
  1.384016E+00     2.137507E+04
  1.403289E+00     2.141138E+04
  1.422830E+00     2.144661E+04
  1.442644E+00     2.148076E+04
  1.462733E+00     2.151382E+04
  1.483103E+00     2.154581E+04
  1.503755E+00     2.157671E+04
  1.524696E+00     2.160651E+04
  1.545928E+00     2.163524E+04
  1.567455E+00     2.166289E+04
  1.589283E+00     2.168947E+04
  1.611414E+00     2.171500E+04
  1.633854E+00     2.173949E+04
  1.656606E+00     2.176296E+04
  1.679675E+00     2.178541E+04
  1.703065E+00     2.180682E+04
  1.726781E+00     2.182720E+04
  1.750827E+00     2.184654E+04
  1.775208E+00     2.186485E+04
  1.799929E+00     2.188213E+04
  1.824993E+00     2.189839E+04
  1.850407E+00     2.191364E+04
  1.876175E+00     2.192789E+04
  1.902301E+00     2.194116E+04
  1.928792E+00     2.195345E+04
  1.955651E+00     2.196474E+04
  1.982884E+00     2.197505E+04
  2.010496E+00     2.198437E+04
  2.038493E+00     2.199271E+04
  2.066880E+00     2.200007E+04
  2.095662E+00     2.200646E+04
  2.124845E+00     2.201189E+04
  2.154435E+00     2.201639E+04
  2.184436E+00     2.201995E+04
  2.214855E+00     2.202259E+04
  2.245698E+00     2.202431E+04
  2.276970E+00     2.202509E+04
  2.308678E+00     2.202494E+04
  2.340827E+00     2.202387E+04
  2.373424E+00     2.202188E+04
  2.406475E+00     2.201898E+04
  2.439986E+00     2.201519E+04
  2.473964E+00     2.201050E+04
  2.508415E+00     2.200495E+04
  2.543346E+00     2.199852E+04
  2.578763E+00     2.199122E+04
  2.614673E+00     2.198305E+04
  2.651084E+00     2.197400E+04
  2.688001E+00     2.196409E+04
  2.725433E+00     2.195330E+04
  2.763385E+00     2.194166E+04
  2.801867E+00     2.192917E+04
  2.840884E+00     2.191584E+04
  2.880444E+00     2.190169E+04
  2.920556E+00     2.188671E+04
  2.961225E+00     2.187090E+04
  3.002462E+00     2.185426E+04
  3.044272E+00     2.183679E+04
  3.086665E+00     2.181849E+04
  3.129648E+00     2.179937E+04
  3.173230E+00     2.177942E+04
  3.217418E+00     2.175866E+04
  3.262222E+00     2.173710E+04
  3.307650E+00     2.171473E+04
  3.353710E+00     2.169157E+04
  3.400412E+00     2.166761E+04
  3.447764E+00     2.164286E+04
  3.495776E+00     2.161730E+04
  3.544456E+00     2.159095E+04
  3.593814E+00     2.156380E+04
  3.643859E+00     2.153586E+04
  3.694601E+00     2.150714E+04
  3.746050E+00     2.147764E+04
  3.798215E+00     2.144738E+04
  3.851107E+00     2.141635E+04
  3.904735E+00     2.138455E+04
  3.959110E+00     2.135199E+04
  4.014242E+00     2.131866E+04
  4.070142E+00     2.128457E+04
  4.126821E+00     2.124972E+04
  4.184289E+00     2.121412E+04
  4.242556E+00     2.117777E+04
  4.301636E+00     2.114069E+04
  4.361538E+00     2.110287E+04
  4.422274E+00     2.106433E+04
  4.483856E+00     2.102506E+04
  4.546295E+00     2.098506E+04
  4.609604E+00     2.094434E+04
  4.673795E+00     2.090289E+04
  4.738880E+00     2.086073E+04
  4.804870E+00     2.081784E+04
  4.871780E+00     2.077424E+04
  4.939622E+00     2.072993E+04
  5.008408E+00     2.068493E+04
  5.078152E+00     2.063923E+04
  5.148867E+00     2.059283E+04
  5.220568E+00     2.054575E+04
  5.293266E+00     2.049797E+04
  5.366977E+00     2.044950E+04
  5.441714E+00     2.040034E+04
  5.517492E+00     2.035051E+04
  5.594326E+00     2.029999E+04
  5.672229E+00     2.024881E+04
  5.751217E+00     2.019697E+04
  5.831305E+00     2.014448E+04
  5.912508E+00     2.009132E+04
  5.994843E+00     2.003752E+04
  6.078323E+00     1.998307E+04
  6.162966E+00     1.992797E+04
  6.248788E+00     1.987222E+04
  6.335805E+00     1.981584E+04
  6.424034E+00     1.975882E+04
  6.513491E+00     1.970118E+04
  6.604194E+00     1.964291E+04
  6.696160E+00     1.958403E+04
  6.789407E+00     1.952454E+04
  6.883952E+00     1.946444E+04
  6.979814E+00     1.940374E+04
  7.077011E+00     1.934244E+04
  7.175561E+00     1.928054E+04
  7.275484E+00     1.921805E+04
  7.376798E+00     1.915498E+04
  7.479523E+00     1.909133E+04
  7.583678E+00     1.902712E+04
  7.689284E+00     1.896234E+04
  7.796360E+00     1.889700E+04
  7.904928E+00     1.883112E+04
  8.015007E+00     1.876467E+04
  8.126619E+00     1.869769E+04
  8.239786E+00     1.863016E+04
  8.354528E+00     1.856209E+04
  8.470868E+00     1.849349E+04
  8.588829E+00     1.842436E+04
  8.708431E+00     1.835471E+04
  8.829700E+00     1.828455E+04
  8.952657E+00     1.821387E+04
  9.077327E+00     1.814269E+04
  9.203732E+00     1.807102E+04
  9.331898E+00     1.799884E+04
  9.461848E+00     1.792618E+04
  9.593608E+00     1.785303E+04
  9.727203E+00     1.777941E+04
  9.862658E+00     1.770531E+04
  1.000000E+01     1.763075E+04
  1.013925E+01     1.755574E+04
  1.028045E+01     1.748027E+04
  1.042361E+01     1.740436E+04
  1.056876E+01     1.732801E+04
  1.071593E+01     1.725123E+04
  1.086516E+01     1.717402E+04
  1.101646E+01     1.709639E+04
  1.116987E+01     1.701835E+04
  1.132541E+01     1.693990E+04
  1.148312E+01     1.686105E+04
  1.164303E+01     1.678181E+04
  1.180517E+01     1.670219E+04
  1.196956E+01     1.662218E+04
  1.213624E+01     1.654181E+04
  1.230524E+01     1.646107E+04
  1.247660E+01     1.637997E+04
  1.265034E+01     1.629852E+04
  1.282650E+01     1.621673E+04
  1.300511E+01     1.613460E+04
  1.318621E+01     1.605214E+04
  1.336984E+01     1.596936E+04
  1.355602E+01     1.588627E+04
  1.374479E+01     1.580287E+04
  1.393619E+01     1.571917E+04
  1.413026E+01     1.563518E+04
  1.432703E+01     1.555091E+04
  1.452654E+01     1.546636E+04
  1.472883E+01     1.538154E+04
  1.493393E+01     1.529647E+04
  1.514189E+01     1.521113E+04
  1.535275E+01     1.512555E+04
  1.556654E+01     1.503973E+04
  1.578331E+01     1.495368E+04
  1.600310E+01     1.486742E+04
  1.622595E+01     1.478094E+04
  1.645191E+01     1.469428E+04
  1.668101E+01     1.460742E+04
  1.691330E+01     1.452039E+04
  1.714882E+01     1.443319E+04
  1.738762E+01     1.434583E+04
  1.762975E+01     1.425833E+04
  1.787526E+01     1.417069E+04
  1.812418E+01     1.408292E+04
  1.837656E+01     1.399502E+04
  1.863246E+01     1.390701E+04
  1.889193E+01     1.381889E+04
  1.915501E+01     1.373066E+04
  1.942175E+01     1.364234E+04
  1.969220E+01     1.355392E+04
  1.996642E+01     1.346541E+04
  2.024447E+01     1.337682E+04
  2.052638E+01     1.328814E+04
  2.081222E+01     1.319940E+04
  2.110203E+01     1.311060E+04
  2.139589E+01     1.302177E+04
  2.169384E+01     1.293291E+04
  2.199593E+01     1.284405E+04
  2.230223E+01     1.275519E+04
  2.261280E+01     1.266634E+04
  2.292769E+01     1.257753E+04
  2.324697E+01     1.248876E+04
  2.357069E+01     1.240004E+04
  2.389893E+01     1.231139E+04
  2.423173E+01     1.222281E+04
  2.456916E+01     1.213432E+04
  2.491130E+01     1.204592E+04
  2.525820E+01     1.195762E+04
  2.560993E+01     1.186943E+04
  2.596656E+01     1.178136E+04
  2.632815E+01     1.169341E+04
  2.669478E+01     1.160557E+04
  2.706652E+01     1.151787E+04
  2.744343E+01     1.143031E+04
  2.782559E+01     1.134290E+04
  2.821308E+01     1.125566E+04
  2.860596E+01     1.116860E+04
  2.900430E+01     1.108172E+04
  2.940820E+01     1.099504E+04
  2.981772E+01     1.090857E+04
  3.023295E+01     1.082231E+04
  3.065395E+01     1.073626E+04
  3.108082E+01     1.065044E+04
  3.151363E+01     1.056485E+04
  3.195248E+01     1.047952E+04
  3.239743E+01     1.039444E+04
  3.284857E+01     1.030964E+04
  3.330600E+01     1.022512E+04
  3.376980E+01     1.014088E+04
  3.424006E+01     1.005693E+04
  3.471687E+01     9.973289E+03
  3.520031E+01     9.889946E+03
  3.569049E+01     9.806910E+03
  3.618750E+01     9.724193E+03
  3.669142E+01     9.641807E+03
  3.720237E+01     9.559764E+03
  3.772042E+01     9.478072E+03
  3.824570E+01     9.396742E+03
  3.877828E+01     9.315779E+03
  3.931829E+01     9.235190E+03
  3.986581E+01     9.154979E+03
  4.042096E+01     9.075148E+03
  4.098384E+01     8.995700E+03
  4.155455E+01     8.916645E+03
  4.213322E+01     8.837995E+03
  4.271994E+01     8.759758E+03
  4.331483E+01     8.681943E+03
  4.391801E+01     8.604556E+03
  4.452959E+01     8.527603E+03
  4.514968E+01     8.451085E+03
  4.577841E+01     8.375005E+03
  4.641589E+01     8.299362E+03
  4.706225E+01     8.224154E+03
  4.771761E+01     8.149391E+03
  4.838210E+01     8.075084E+03
  4.905584E+01     8.001243E+03
  4.973896E+01     7.927874E+03
  5.043159E+01     7.854984E+03
  5.113388E+01     7.782578E+03
  5.184594E+01     7.710658E+03
  5.256791E+01     7.639225E+03
  5.329994E+01     7.568278E+03
  5.404216E+01     7.497815E+03
  5.479472E+01     7.427842E+03
  5.555776E+01     7.358368E+03
  5.633143E+01     7.289401E+03
  5.711586E+01     7.220946E+03
  5.791123E+01     7.153007E+03
  5.871766E+01     7.085585E+03
  5.953533E+01     7.018682E+03
  6.036439E+01     6.952294E+03
  6.120498E+01     6.886416E+03
  6.205729E+01     6.821043E+03
  6.292146E+01     6.756179E+03
  6.379767E+01     6.691834E+03
  6.468608E+01     6.628014E+03
  6.558686E+01     6.564724E+03
  6.650018E+01     6.501969E+03
  6.742622E+01     6.439750E+03
  6.836516E+01     6.378068E+03
  6.931717E+01     6.316919E+03
  7.028244E+01     6.256300E+03
  7.126115E+01     6.196203E+03
  7.225349E+01     6.136632E+03
  7.325965E+01     6.077592E+03
  7.427982E+01     6.019089E+03
  7.531420E+01     5.961124E+03
  7.636298E+01     5.903700E+03
  7.742637E+01     5.846816E+03
  7.850456E+01     5.790468E+03
  7.959777E+01     5.734651E+03
  8.070620E+01     5.679356E+03
  8.183007E+01     5.624575E+03
  8.296959E+01     5.570306E+03
  8.412497E+01     5.516556E+03
  8.529644E+01     5.463330E+03
  8.648423E+01     5.410632E+03
  8.768856E+01     5.358463E+03
  8.890966E+01     5.306822E+03
  9.014776E+01     5.255709E+03
  9.140311E+01     5.205118E+03
  9.267593E+01     5.155044E+03
  9.396648E+01     5.105476E+03
  9.527500E+01     5.056412E+03
  9.660175E+01     5.007858E+03
  9.794697E+01     4.959816E+03
  9.931092E+01     4.912287E+03
  1.006939E+02     4.865270E+03
  1.020961E+02     4.818763E+03
  1.035178E+02     4.772761E+03
  1.049593E+02     4.727258E+03
  1.064209E+02     4.682244E+03
  1.079029E+02     4.637706E+03
  1.094055E+02     4.593641E+03
  1.109290E+02     4.550052E+03
  1.124737E+02     4.506942E+03
  1.140400E+02     4.464313E+03
  1.156280E+02     4.422163E+03
  1.172382E+02     4.380492E+03
  1.188708E+02     4.339295E+03
  1.205261E+02     4.298567E+03
  1.222045E+02     4.258299E+03
  1.239062E+02     4.218481E+03
  1.256317E+02     4.179107E+03
  1.273811E+02     4.140180E+03
  1.291550E+02     4.101702E+03
  1.309535E+02     4.063674E+03
  1.327771E+02     4.026095E+03
  1.346261E+02     3.988964E+03
  1.365008E+02     3.952275E+03
  1.384016E+02     3.916022E+03
  1.403289E+02     3.880198E+03
  1.422830E+02     3.844792E+03
  1.442644E+02     3.809797E+03
  1.462733E+02     3.775214E+03
  1.483103E+02     3.741045E+03
  1.503755E+02     3.707290E+03
  1.524696E+02     3.673949E+03
  1.545928E+02     3.641018E+03
  1.567455E+02     3.608492E+03
  1.589283E+02     3.576366E+03
  1.611414E+02     3.544631E+03
  1.633854E+02     3.513277E+03
  1.656606E+02     3.482296E+03
  1.679675E+02     3.451689E+03
  1.703065E+02     3.421457E+03
  1.726781E+02     3.391601E+03
  1.750827E+02     3.362119E+03
  1.775208E+02     3.333010E+03
  1.799929E+02     3.304269E+03
  1.824993E+02     3.275892E+03
  1.850407E+02     3.247870E+03
  1.876175E+02     3.220194E+03
  1.902301E+02     3.192857E+03
  1.928792E+02     3.165859E+03
  1.955651E+02     3.139201E+03
  1.982884E+02     3.112883E+03
  2.010496E+02     3.086905E+03
  2.038493E+02     3.061263E+03
  2.066880E+02     3.035954E+03
  2.095662E+02     3.010973E+03
  2.124845E+02     2.986314E+03
  2.154435E+02     2.961966E+03
  2.184436E+02     2.937924E+03
  2.214855E+02     2.914186E+03
  2.245698E+02     2.890753E+03
  2.276970E+02     2.867625E+03
  2.308678E+02     2.844803E+03
  2.340827E+02     2.822283E+03
  2.373424E+02     2.800062E+03
  2.406475E+02     2.778137E+03
  2.439986E+02     2.756500E+03
  2.473964E+02     2.735144E+03
  2.508415E+02     2.714062E+03
  2.543346E+02     2.693254E+03
  2.578763E+02     2.672719E+03
  2.614673E+02     2.652459E+03
  2.651084E+02     2.632472E+03
  2.688001E+02     2.612756E+03
  2.725433E+02     2.593309E+03
  2.763385E+02     2.574127E+03
  2.801867E+02     2.555204E+03
  2.840884E+02     2.536534E+03
  2.880444E+02     2.518109E+03
  2.920556E+02     2.499929E+03
  2.961225E+02     2.481994E+03
  3.002462E+02     2.464304E+03
  3.044272E+02     2.446860E+03
  3.086665E+02     2.429658E+03
  3.129648E+02     2.412698E+03
  3.173230E+02     2.395975E+03
  3.217418E+02     2.379484E+03
  3.262222E+02     2.363221E+03
  3.307650E+02     2.347178E+03
  3.353710E+02     2.331354E+03
  3.400412E+02     2.315750E+03
  3.447764E+02     2.300366E+03
  3.495776E+02     2.285201E+03
  3.544456E+02     2.270254E+03
  3.593814E+02     2.255523E+03
  3.643859E+02     2.241005E+03
  3.694601E+02     2.226696E+03
  3.746050E+02     2.212591E+03
  3.798215E+02     2.198683E+03
  3.851107E+02     2.184972E+03
  3.904735E+02     2.171457E+03
  3.959110E+02     2.158139E+03
  4.014242E+02     2.145017E+03
  4.070142E+02     2.132091E+03
  4.126821E+02     2.119359E+03
  4.184289E+02     2.106818E+03
  4.242556E+02     2.094464E+03
  4.301636E+02     2.082294E+03
  4.361538E+02     2.070302E+03
  4.422274E+02     2.058485E+03
  4.483856E+02     2.046846E+03
  4.546295E+02     2.035383E+03
  4.609604E+02     2.024097E+03
  4.673795E+02     2.012986E+03
  4.738880E+02     2.002049E+03
  4.804870E+02     1.991284E+03
  4.871780E+02     1.980687E+03
  4.939622E+02     1.970255E+03
  5.008408E+02     1.959984E+03
  5.078152E+02     1.949870E+03
  5.148867E+02     1.939915E+03
  5.220568E+02     1.930118E+03
  5.293266E+02     1.920479E+03
  5.366977E+02     1.910997E+03
  5.441714E+02     1.901672E+03
  5.517492E+02     1.892500E+03
  5.594326E+02     1.883479E+03
  5.672229E+02     1.874607E+03
  5.751217E+02     1.865877E+03
  5.831305E+02     1.857289E+03
  5.912508E+02     1.848843E+03
  5.994843E+02     1.840538E+03
  6.078323E+02     1.832374E+03
  6.162966E+02     1.824351E+03
  6.248788E+02     1.816467E+03
  6.335805E+02     1.808721E+03
  6.424034E+02     1.801111E+03
  6.513491E+02     1.793632E+03
  6.604194E+02     1.786283E+03
  6.696160E+02     1.779059E+03
  6.789407E+02     1.771961E+03
  6.883952E+02     1.764988E+03
  6.979814E+02     1.758140E+03
  7.077011E+02     1.751416E+03
  7.175561E+02     1.744813E+03
  7.275484E+02     1.738329E+03
  7.376798E+02     1.731963E+03
  7.479523E+02     1.725709E+03
  7.583678E+02     1.719565E+03
  7.689284E+02     1.713528E+03
  7.796360E+02     1.707598E+03
  7.904928E+02     1.701779E+03
  8.015007E+02     1.696071E+03
  8.126619E+02     1.690477E+03
  8.239786E+02     1.684998E+03
  8.354528E+02     1.679635E+03
  8.470868E+02     1.674390E+03
  8.588829E+02     1.669262E+03
  8.708431E+02     1.664253E+03
  8.829700E+02     1.659360E+03
  8.952657E+02     1.654574E+03
  9.077327E+02     1.649881E+03
  9.203732E+02     1.645268E+03
  9.331898E+02     1.640721E+03
  9.461848E+02     1.636221E+03
  9.593608E+02     1.631750E+03
  9.727203E+02     1.627288E+03
  9.862658E+02     1.622814E+03
  1.000000E+03     1.618303E+03
