FILE CREATED BY  : PROGRAM DPASS - VERSION 2.00
DATABASE VERSION : 21.06
DATE AND TIME    : 09/08/2022 22:04:58
PROJECTILE       : Rb
TARGET           : Si
TARGET AT. MASS  : 2.808550E+01
TARGET DENSITY   : 2.330000E+00 g/cm^3
TABULATED OUTPUT : STOPPING FORCE VERSUS ENERGY
DATA TYPE        : SPLINE INTERPOLATED
ABSCISSA UNITS   : MeV/u
ORDINATE UNITS   : eV/nm


      E/n             S(E/n)

  1.000000E-03     3.449886E+02
  1.013925E-03     3.473472E+02
  1.028045E-03     3.497371E+02
  1.042361E-03     3.521569E+02
  1.056876E-03     3.546052E+02
  1.071593E-03     3.570803E+02
  1.086516E-03     3.595805E+02
  1.101646E-03     3.621039E+02
  1.116987E-03     3.646483E+02
  1.132541E-03     3.672117E+02
  1.148312E-03     3.697913E+02
  1.164303E-03     3.723851E+02
  1.180517E-03     3.749927E+02
  1.196956E-03     3.776147E+02
  1.213624E-03     3.802518E+02
  1.230524E-03     3.829046E+02
  1.247660E-03     3.855738E+02
  1.265034E-03     3.882602E+02
  1.282650E-03     3.909647E+02
  1.300511E-03     3.936882E+02
  1.318621E-03     3.964319E+02
  1.336984E-03     3.991967E+02
  1.355602E-03     4.019829E+02
  1.374479E-03     4.047906E+02
  1.393619E-03     4.076196E+02
  1.413026E-03     4.104701E+02
  1.432703E-03     4.133419E+02
  1.452654E-03     4.162350E+02
  1.472883E-03     4.191495E+02
  1.493393E-03     4.220853E+02
  1.514189E-03     4.250424E+02
  1.535275E-03     4.280207E+02
  1.556654E-03     4.310204E+02
  1.578331E-03     4.340415E+02
  1.600310E-03     4.370843E+02
  1.622595E-03     4.401488E+02
  1.645191E-03     4.432354E+02
  1.668101E-03     4.463441E+02
  1.691330E-03     4.494752E+02
  1.714882E-03     4.526289E+02
  1.738762E-03     4.558056E+02
  1.762975E-03     4.590054E+02
  1.787526E-03     4.622286E+02
  1.812418E-03     4.654754E+02
  1.837656E-03     4.687458E+02
  1.863246E-03     4.720401E+02
  1.889193E-03     4.753584E+02
  1.915501E-03     4.787011E+02
  1.942175E-03     4.820682E+02
  1.969220E-03     4.854600E+02
  1.996642E-03     4.888769E+02
  2.024447E-03     4.923191E+02
  2.052638E-03     4.957868E+02
  2.081222E-03     4.992802E+02
  2.110203E-03     5.027995E+02
  2.139589E-03     5.063448E+02
  2.169384E-03     5.099164E+02
  2.199593E-03     5.135145E+02
  2.230223E-03     5.171393E+02
  2.261280E-03     5.207912E+02
  2.292769E-03     5.244703E+02
  2.324697E-03     5.281771E+02
  2.357069E-03     5.319117E+02
  2.389893E-03     5.356743E+02
  2.423173E-03     5.394651E+02
  2.456916E-03     5.432842E+02
  2.491130E-03     5.471318E+02
  2.525820E-03     5.510082E+02
  2.560993E-03     5.549135E+02
  2.596656E-03     5.588479E+02
  2.632815E-03     5.628118E+02
  2.669478E-03     5.668054E+02
  2.706652E-03     5.708290E+02
  2.744343E-03     5.748828E+02
  2.782559E-03     5.789669E+02
  2.821308E-03     5.830817E+02
  2.860596E-03     5.872273E+02
  2.900430E-03     5.914041E+02
  2.940820E-03     5.956123E+02
  2.981772E-03     5.998523E+02
  3.023295E-03     6.041244E+02
  3.065395E-03     6.084289E+02
  3.108082E-03     6.127663E+02
  3.151363E-03     6.171368E+02
  3.195248E-03     6.215404E+02
  3.239743E-03     6.259776E+02
  3.284857E-03     6.304485E+02
  3.330600E-03     6.349534E+02
  3.376980E-03     6.394927E+02
  3.424006E-03     6.440665E+02
  3.471687E-03     6.486754E+02
  3.520031E-03     6.533196E+02
  3.569049E-03     6.579995E+02
  3.618750E-03     6.627154E+02
  3.669142E-03     6.674676E+02
  3.720237E-03     6.722563E+02
  3.772042E-03     6.770817E+02
  3.824570E-03     6.819444E+02
  3.877828E-03     6.868445E+02
  3.931829E-03     6.917826E+02
  3.986581E-03     6.967589E+02
  4.042096E-03     7.017740E+02
  4.098384E-03     7.068283E+02
  4.155455E-03     7.119220E+02
  4.213322E-03     7.170556E+02
  4.271994E-03     7.222291E+02
  4.331483E-03     7.274431E+02
  4.391801E-03     7.326978E+02
  4.452959E-03     7.379936E+02
  4.514968E-03     7.433310E+02
  4.577841E-03     7.487103E+02
  4.641589E-03     7.541321E+02
  4.706225E-03     7.595967E+02
  4.771761E-03     7.651046E+02
  4.838210E-03     7.706560E+02
  4.905584E-03     7.762511E+02
  4.973896E-03     7.818904E+02
  5.043159E-03     7.875741E+02
  5.113388E-03     7.933026E+02
  5.184594E-03     7.990763E+02
  5.256791E-03     8.048957E+02
  5.329994E-03     8.107612E+02
  5.404216E-03     8.166733E+02
  5.479472E-03     8.226324E+02
  5.555776E-03     8.286391E+02
  5.633143E-03     8.346939E+02
  5.711586E-03     8.407974E+02
  5.791123E-03     8.469502E+02
  5.871766E-03     8.531530E+02
  5.953533E-03     8.594064E+02
  6.036439E-03     8.657113E+02
  6.120498E-03     8.720684E+02
  6.205729E-03     8.784787E+02
  6.292146E-03     8.849423E+02
  6.379767E-03     8.914594E+02
  6.468608E-03     8.980301E+02
  6.558686E-03     9.046545E+02
  6.650018E-03     9.113326E+02
  6.742622E-03     9.180645E+02
  6.836516E-03     9.248503E+02
  6.931717E-03     9.316900E+02
  7.028244E-03     9.385839E+02
  7.126115E-03     9.455319E+02
  7.225349E-03     9.525345E+02
  7.325965E-03     9.595926E+02
  7.427982E-03     9.667069E+02
  7.531420E-03     9.738782E+02
  7.636298E-03     9.811076E+02
  7.742637E-03     9.883959E+02
  7.850456E-03     9.957442E+02
  7.959777E-03     1.003154E+03
  8.070620E-03     1.010626E+03
  8.183007E-03     1.018162E+03
  8.296959E-03     1.025762E+03
  8.412497E-03     1.033427E+03
  8.529644E-03     1.041157E+03
  8.648423E-03     1.048953E+03
  8.768856E-03     1.056815E+03
  8.890966E-03     1.064743E+03
  9.014776E-03     1.072738E+03
  9.140311E-03     1.080799E+03
  9.267593E-03     1.088928E+03
  9.396648E-03     1.097126E+03
  9.527500E-03     1.105391E+03
  9.660175E-03     1.113726E+03
  9.794697E-03     1.122130E+03
  9.931092E-03     1.130605E+03
  1.006939E-02     1.139150E+03
  1.020961E-02     1.147767E+03
  1.035178E-02     1.156457E+03
  1.049593E-02     1.165219E+03
  1.064209E-02     1.174056E+03
  1.079029E-02     1.182968E+03
  1.094055E-02     1.191955E+03
  1.109290E-02     1.201019E+03
  1.124737E-02     1.210159E+03
  1.140400E-02     1.219377E+03
  1.156280E-02     1.228674E+03
  1.172382E-02     1.238049E+03
  1.188708E-02     1.247504E+03
  1.205261E-02     1.257039E+03
  1.222045E-02     1.266655E+03
  1.239062E-02     1.276353E+03
  1.256317E-02     1.286134E+03
  1.273811E-02     1.295999E+03
  1.291550E-02     1.305948E+03
  1.309535E-02     1.315982E+03
  1.327771E-02     1.326101E+03
  1.346261E-02     1.336306E+03
  1.365008E-02     1.346599E+03
  1.384016E-02     1.356979E+03
  1.403289E-02     1.367449E+03
  1.422830E-02     1.378008E+03
  1.442644E-02     1.388658E+03
  1.462733E-02     1.399399E+03
  1.483103E-02     1.410232E+03
  1.503755E-02     1.421157E+03
  1.524696E-02     1.432176E+03
  1.545928E-02     1.443288E+03
  1.567455E-02     1.454495E+03
  1.589283E-02     1.465797E+03
  1.611414E-02     1.477195E+03
  1.633854E-02     1.488690E+03
  1.656606E-02     1.500283E+03
  1.679675E-02     1.511975E+03
  1.703065E-02     1.523766E+03
  1.726781E-02     1.535656E+03
  1.750827E-02     1.547648E+03
  1.775208E-02     1.559742E+03
  1.799929E-02     1.571939E+03
  1.824993E-02     1.584240E+03
  1.850407E-02     1.596646E+03
  1.876175E-02     1.609159E+03
  1.902301E-02     1.621779E+03
  1.928792E-02     1.634507E+03
  1.955651E-02     1.647344E+03
  1.982884E-02     1.660292E+03
  2.010496E-02     1.673350E+03
  2.038493E-02     1.686521E+03
  2.066880E-02     1.699804E+03
  2.095662E-02     1.713201E+03
  2.124845E-02     1.726714E+03
  2.154435E-02     1.740343E+03
  2.184436E-02     1.754089E+03
  2.214855E-02     1.767954E+03
  2.245698E-02     1.781938E+03
  2.276970E-02     1.796041E+03
  2.308678E-02     1.810264E+03
  2.340827E-02     1.824609E+03
  2.373424E-02     1.839075E+03
  2.406475E-02     1.853663E+03
  2.439986E-02     1.868375E+03
  2.473964E-02     1.883211E+03
  2.508415E-02     1.898172E+03
  2.543346E-02     1.913258E+03
  2.578763E-02     1.928470E+03
  2.614673E-02     1.943808E+03
  2.651084E-02     1.959272E+03
  2.688001E-02     1.974863E+03
  2.725433E-02     1.990581E+03
  2.763385E-02     2.006427E+03
  2.801867E-02     2.022401E+03
  2.840884E-02     2.038503E+03
  2.880444E-02     2.054734E+03
  2.920556E-02     2.071094E+03
  2.961225E-02     2.087582E+03
  3.002462E-02     2.104201E+03
  3.044272E-02     2.120948E+03
  3.086665E-02     2.137825E+03
  3.129648E-02     2.154831E+03
  3.173230E-02     2.171967E+03
  3.217418E-02     2.189234E+03
  3.262222E-02     2.206630E+03
  3.307650E-02     2.224156E+03
  3.353710E-02     2.241813E+03
  3.400412E-02     2.259600E+03
  3.447764E-02     2.277517E+03
  3.495776E-02     2.295564E+03
  3.544456E-02     2.313742E+03
  3.593814E-02     2.332051E+03
  3.643859E-02     2.350490E+03
  3.694601E-02     2.369059E+03
  3.746050E-02     2.387760E+03
  3.798215E-02     2.406591E+03
  3.851107E-02     2.425554E+03
  3.904735E-02     2.444647E+03
  3.959110E-02     2.463872E+03
  4.014242E-02     2.483228E+03
  4.070142E-02     2.502714E+03
  4.126821E-02     2.522332E+03
  4.184289E-02     2.542082E+03
  4.242556E-02     2.561963E+03
  4.301636E-02     2.581976E+03
  4.361538E-02     2.602122E+03
  4.422274E-02     2.622400E+03
  4.483856E-02     2.642810E+03
  4.546295E-02     2.663353E+03
  4.609604E-02     2.684029E+03
  4.673795E-02     2.704838E+03
  4.738880E-02     2.725780E+03
  4.804870E-02     2.746856E+03
  4.871780E-02     2.768066E+03
  4.939622E-02     2.789410E+03
  5.008408E-02     2.810890E+03
  5.078152E-02     2.832506E+03
  5.148867E-02     2.854258E+03
  5.220568E-02     2.876145E+03
  5.293266E-02     2.898169E+03
  5.366977E-02     2.920330E+03
  5.441714E-02     2.942628E+03
  5.517492E-02     2.965063E+03
  5.594326E-02     2.987637E+03
  5.672229E-02     3.010350E+03
  5.751217E-02     3.033202E+03
  5.831305E-02     3.056196E+03
  5.912508E-02     3.079330E+03
  5.994843E-02     3.102605E+03
  6.078323E-02     3.126021E+03
  6.162966E-02     3.149579E+03
  6.248788E-02     3.173280E+03
  6.335805E-02     3.197123E+03
  6.424034E-02     3.221110E+03
  6.513491E-02     3.245241E+03
  6.604194E-02     3.269518E+03
  6.696160E-02     3.293941E+03
  6.789407E-02     3.318511E+03
  6.883952E-02     3.343227E+03
  6.979814E-02     3.368090E+03
  7.077011E-02     3.393099E+03
  7.175561E-02     3.418255E+03
  7.275484E-02     3.443559E+03
  7.376798E-02     3.469010E+03
  7.479523E-02     3.494610E+03
  7.583678E-02     3.520359E+03
  7.689284E-02     3.546258E+03
  7.796360E-02     3.572308E+03
  7.904928E-02     3.598509E+03
  8.015007E-02     3.624862E+03
  8.126619E-02     3.651369E+03
  8.239786E-02     3.678029E+03
  8.354528E-02     3.704846E+03
  8.470868E-02     3.731819E+03
  8.588829E-02     3.758952E+03
  8.708431E-02     3.786245E+03
  8.829700E-02     3.813702E+03
  8.952657E-02     3.841326E+03
  9.077327E-02     3.869119E+03
  9.203732E-02     3.897087E+03
  9.331898E-02     3.925232E+03
  9.461848E-02     3.953559E+03
  9.593608E-02     3.982075E+03
  9.727203E-02     4.010783E+03
  9.862658E-02     4.039691E+03
  1.000000E-01     4.068805E+03
  1.013925E-01     4.098133E+03
  1.028045E-01     4.127677E+03
  1.042361E-01     4.157445E+03
  1.056876E-01     4.187440E+03
  1.071593E-01     4.217669E+03
  1.086516E-01     4.248137E+03
  1.101646E-01     4.278851E+03
  1.116987E-01     4.309819E+03
  1.132541E-01     4.341048E+03
  1.148312E-01     4.372546E+03
  1.164303E-01     4.404321E+03
  1.180517E-01     4.436377E+03
  1.196956E-01     4.468717E+03
  1.213624E-01     4.501343E+03
  1.230524E-01     4.534256E+03
  1.247660E-01     4.567460E+03
  1.265034E-01     4.600958E+03
  1.282650E-01     4.634751E+03
  1.300511E-01     4.668844E+03
  1.318621E-01     4.703239E+03
  1.336984E-01     4.737940E+03
  1.355602E-01     4.772948E+03
  1.374479E-01     4.808265E+03
  1.393619E-01     4.843892E+03
  1.413026E-01     4.879831E+03
  1.432703E-01     4.916083E+03
  1.452654E-01     4.952649E+03
  1.472883E-01     4.989532E+03
  1.493393E-01     5.026733E+03
  1.514189E-01     5.064254E+03
  1.535275E-01     5.102096E+03
  1.556654E-01     5.140257E+03
  1.578331E-01     5.178734E+03
  1.600310E-01     5.217524E+03
  1.622595E-01     5.256621E+03
  1.645191E-01     5.296021E+03
  1.668101E-01     5.335718E+03
  1.691330E-01     5.375708E+03
  1.714882E-01     5.415985E+03
  1.738762E-01     5.456541E+03
  1.762975E-01     5.497369E+03
  1.787526E-01     5.538462E+03
  1.812418E-01     5.579811E+03
  1.837656E-01     5.621407E+03
  1.863246E-01     5.663239E+03
  1.889193E-01     5.705297E+03
  1.915501E-01     5.747570E+03
  1.942175E-01     5.790045E+03
  1.969220E-01     5.832710E+03
  1.996642E-01     5.875550E+03
  2.024447E-01     5.918551E+03
  2.052638E-01     5.961700E+03
  2.081222E-01     6.004988E+03
  2.110203E-01     6.048403E+03
  2.139589E-01     6.091933E+03
  2.169384E-01     6.135567E+03
  2.199593E-01     6.179293E+03
  2.230223E-01     6.223096E+03
  2.261280E-01     6.266964E+03
  2.292769E-01     6.310883E+03
  2.324697E-01     6.354837E+03
  2.357069E-01     6.398813E+03
  2.389893E-01     6.442802E+03
  2.423173E-01     6.486791E+03
  2.456916E-01     6.530770E+03
  2.491130E-01     6.574728E+03
  2.525820E-01     6.618652E+03
  2.560993E-01     6.662533E+03
  2.596656E-01     6.706356E+03
  2.632815E-01     6.750112E+03
  2.669478E-01     6.793787E+03
  2.706652E-01     6.837370E+03
  2.744343E-01     6.880852E+03
  2.782559E-01     6.924225E+03
  2.821308E-01     6.967479E+03
  2.860596E-01     7.010606E+03
  2.900430E-01     7.053597E+03
  2.940820E-01     7.096446E+03
  2.981772E-01     7.139143E+03
  3.023295E-01     7.181683E+03
  3.065395E-01     7.224057E+03
  3.108082E-01     7.266260E+03
  3.151363E-01     7.308284E+03
  3.195248E-01     7.350123E+03
  3.239743E-01     7.391773E+03
  3.284857E-01     7.433227E+03
  3.330600E-01     7.474481E+03
  3.376980E-01     7.515531E+03
  3.424006E-01     7.556376E+03
  3.471687E-01     7.597012E+03
  3.520031E-01     7.637438E+03
  3.569049E-01     7.677654E+03
  3.618750E-01     7.717654E+03
  3.669142E-01     7.757435E+03
  3.720237E-01     7.796992E+03
  3.772042E-01     7.836323E+03
  3.824570E-01     7.875425E+03
  3.877828E-01     7.914298E+03
  3.931829E-01     7.952942E+03
  3.986581E-01     7.991359E+03
  4.042096E-01     8.029550E+03
  4.098384E-01     8.067519E+03
  4.155455E-01     8.105261E+03
  4.213322E-01     8.142773E+03
  4.271994E-01     8.180055E+03
  4.331483E-01     8.217103E+03
  4.391801E-01     8.253918E+03
  4.452959E-01     8.290500E+03
  4.514968E-01     8.326851E+03
  4.577841E-01     8.362975E+03
  4.641589E-01     8.398875E+03
  4.706225E-01     8.434556E+03
  4.771761E-01     8.470015E+03
  4.838210E-01     8.505248E+03
  4.905584E-01     8.540252E+03
  4.973896E-01     8.575024E+03
  5.043159E-01     8.609563E+03
  5.113388E-01     8.643869E+03
  5.184594E-01     8.677941E+03
  5.256791E-01     8.711781E+03
  5.329994E-01     8.745392E+03
  5.404216E-01     8.778777E+03
  5.479472E-01     8.811932E+03
  5.555776E-01     8.844853E+03
  5.633143E-01     8.877536E+03
  5.711586E-01     8.909976E+03
  5.791123E-01     8.942172E+03
  5.871766E-01     8.974122E+03
  5.953533E-01     9.005825E+03
  6.036439E-01     9.037280E+03
  6.120498E-01     9.068489E+03
  6.205729E-01     9.099454E+03
  6.292146E-01     9.130171E+03
  6.379767E-01     9.160635E+03
  6.468608E-01     9.190844E+03
  6.558686E-01     9.220792E+03
  6.650018E-01     9.250477E+03
  6.742622E-01     9.279898E+03
  6.836516E-01     9.309053E+03
  6.931717E-01     9.337942E+03
  7.028244E-01     9.366567E+03
  7.126115E-01     9.394930E+03
  7.225349E-01     9.423026E+03
  7.325965E-01     9.450851E+03
  7.427982E-01     9.478399E+03
  7.531420E-01     9.505665E+03
  7.636298E-01     9.532647E+03
  7.742637E-01     9.559340E+03
  7.850456E-01     9.585743E+03
  7.959777E-01     9.611853E+03
  8.070620E-01     9.637671E+03
  8.183007E-01     9.663197E+03
  8.296959E-01     9.688427E+03
  8.412497E-01     9.713355E+03
  8.529644E-01     9.737975E+03
  8.648423E-01     9.762283E+03
  8.768856E-01     9.786273E+03
  8.890966E-01     9.809941E+03
  9.014776E-01     9.833286E+03
  9.140311E-01     9.856304E+03
  9.267593E-01     9.878995E+03
  9.396648E-01     9.901358E+03
  9.527500E-01     9.923389E+03
  9.660175E-01     9.945081E+03
  9.794697E-01     9.966428E+03
  9.931092E-01     9.987423E+03
  1.006939E+00     1.000806E+04
  1.020961E+00     1.002834E+04
  1.035178E+00     1.004825E+04
  1.049593E+00     1.006779E+04
  1.064209E+00     1.008697E+04
  1.079029E+00     1.010577E+04
  1.094055E+00     1.012419E+04
  1.109290E+00     1.014223E+04
  1.124737E+00     1.015988E+04
  1.140400E+00     1.017714E+04
  1.156280E+00     1.019400E+04
  1.172382E+00     1.021046E+04
  1.188708E+00     1.022652E+04
  1.205261E+00     1.024217E+04
  1.222045E+00     1.025741E+04
  1.239062E+00     1.027224E+04
  1.256317E+00     1.028667E+04
  1.273811E+00     1.030067E+04
  1.291550E+00     1.031426E+04
  1.309535E+00     1.032743E+04
  1.327771E+00     1.034016E+04
  1.346261E+00     1.035247E+04
  1.365008E+00     1.036434E+04
  1.384016E+00     1.037577E+04
  1.403289E+00     1.038677E+04
  1.422830E+00     1.039734E+04
  1.442644E+00     1.040747E+04
  1.462733E+00     1.041716E+04
  1.483103E+00     1.042641E+04
  1.503755E+00     1.043522E+04
  1.524696E+00     1.044357E+04
  1.545928E+00     1.045148E+04
  1.567455E+00     1.045893E+04
  1.589283E+00     1.046594E+04
  1.611414E+00     1.047249E+04
  1.633854E+00     1.047861E+04
  1.656606E+00     1.048428E+04
  1.679675E+00     1.048950E+04
  1.703065E+00     1.049428E+04
  1.726781E+00     1.049860E+04
  1.750827E+00     1.050247E+04
  1.775208E+00     1.050589E+04
  1.799929E+00     1.050886E+04
  1.824993E+00     1.051138E+04
  1.850407E+00     1.051346E+04
  1.876175E+00     1.051509E+04
  1.902301E+00     1.051628E+04
  1.928792E+00     1.051704E+04
  1.955651E+00     1.051735E+04
  1.982884E+00     1.051722E+04
  2.010496E+00     1.051664E+04
  2.038493E+00     1.051563E+04
  2.066880E+00     1.051417E+04
  2.095662E+00     1.051227E+04
  2.124845E+00     1.050994E+04
  2.154435E+00     1.050718E+04
  2.184436E+00     1.050400E+04
  2.214855E+00     1.050039E+04
  2.245698E+00     1.049636E+04
  2.276970E+00     1.049190E+04
  2.308678E+00     1.048702E+04
  2.340827E+00     1.048171E+04
  2.373424E+00     1.047598E+04
  2.406475E+00     1.046983E+04
  2.439986E+00     1.046327E+04
  2.473964E+00     1.045629E+04
  2.508415E+00     1.044892E+04
  2.543346E+00     1.044115E+04
  2.578763E+00     1.043297E+04
  2.614673E+00     1.042438E+04
  2.651084E+00     1.041540E+04
  2.688001E+00     1.040601E+04
  2.725433E+00     1.039622E+04
  2.763385E+00     1.038603E+04
  2.801867E+00     1.037545E+04
  2.840884E+00     1.036448E+04
  2.880444E+00     1.035313E+04
  2.920556E+00     1.034139E+04
  2.961225E+00     1.032927E+04
  3.002462E+00     1.031677E+04
  3.044272E+00     1.030388E+04
  3.086665E+00     1.029062E+04
  3.129648E+00     1.027697E+04
  3.173230E+00     1.026295E+04
  3.217418E+00     1.024856E+04
  3.262222E+00     1.023381E+04
  3.307650E+00     1.021869E+04
  3.353710E+00     1.020322E+04
  3.400412E+00     1.018738E+04
  3.447764E+00     1.017119E+04
  3.495776E+00     1.015463E+04
  3.544456E+00     1.013772E+04
  3.593814E+00     1.012045E+04
  3.643859E+00     1.010282E+04
  3.694601E+00     1.008484E+04
  3.746050E+00     1.006651E+04
  3.798215E+00     1.004784E+04
  3.851107E+00     1.002882E+04
  3.904735E+00     1.000945E+04
  3.959110E+00     9.989745E+03
  4.014242E+00     9.969693E+03
  4.070142E+00     9.949299E+03
  4.126821E+00     9.928565E+03
  4.184289E+00     9.907493E+03
  4.242556E+00     9.886086E+03
  4.301636E+00     9.864348E+03
  4.361538E+00     9.842283E+03
  4.422274E+00     9.819893E+03
  4.483856E+00     9.797177E+03
  4.546295E+00     9.774135E+03
  4.609604E+00     9.750767E+03
  4.673795E+00     9.727074E+03
  4.738880E+00     9.703056E+03
  4.804870E+00     9.678714E+03
  4.871780E+00     9.654050E+03
  4.939622E+00     9.629065E+03
  5.008408E+00     9.603763E+03
  5.078152E+00     9.578144E+03
  5.148867E+00     9.552209E+03
  5.220568E+00     9.525958E+03
  5.293266E+00     9.499393E+03
  5.366977E+00     9.472515E+03
  5.441714E+00     9.445325E+03
  5.517492E+00     9.417826E+03
  5.594326E+00     9.390019E+03
  5.672229E+00     9.361909E+03
  5.751217E+00     9.333497E+03
  5.831305E+00     9.304787E+03
  5.912508E+00     9.275778E+03
  5.994843E+00     9.246472E+03
  6.078323E+00     9.216868E+03
  6.162966E+00     9.186968E+03
  6.248788E+00     9.156774E+03
  6.335805E+00     9.126285E+03
  6.424034E+00     9.095505E+03
  6.513491E+00     9.064435E+03
  6.604194E+00     9.033078E+03
  6.696160E+00     9.001435E+03
  6.789407E+00     8.969507E+03
  6.883952E+00     8.937297E+03
  6.979814E+00     8.904806E+03
  7.077011E+00     8.872035E+03
  7.175561E+00     8.838988E+03
  7.275484E+00     8.805665E+03
  7.376798E+00     8.772071E+03
  7.479523E+00     8.738207E+03
  7.583678E+00     8.704077E+03
  7.689284E+00     8.669684E+03
  7.796360E+00     8.635030E+03
  7.904928E+00     8.600116E+03
  8.015007E+00     8.564945E+03
  8.126619E+00     8.529519E+03
  8.239786E+00     8.493841E+03
  8.354528E+00     8.457913E+03
  8.470868E+00     8.421737E+03
  8.588829E+00     8.385317E+03
  8.708431E+00     8.348655E+03
  8.829700E+00     8.311756E+03
  8.952657E+00     8.274621E+03
  9.077327E+00     8.237254E+03
  9.203732E+00     8.199658E+03
  9.331898E+00     8.161835E+03
  9.461848E+00     8.123790E+03
  9.593608E+00     8.085526E+03
  9.727203E+00     8.047046E+03
  9.862658E+00     8.008353E+03
  1.000000E+01     7.969453E+03
  1.013925E+01     7.930349E+03
  1.028045E+01     7.891045E+03
  1.042361E+01     7.851543E+03
  1.056876E+01     7.811847E+03
  1.071593E+01     7.771961E+03
  1.086516E+01     7.731889E+03
  1.101646E+01     7.691633E+03
  1.116987E+01     7.651199E+03
  1.132541E+01     7.610589E+03
  1.148312E+01     7.569807E+03
  1.164303E+01     7.528857E+03
  1.180517E+01     7.487743E+03
  1.196956E+01     7.446470E+03
  1.213624E+01     7.405041E+03
  1.230524E+01     7.363462E+03
  1.247660E+01     7.321736E+03
  1.265034E+01     7.279867E+03
  1.282650E+01     7.237861E+03
  1.300511E+01     7.195720E+03
  1.318621E+01     7.153450E+03
  1.336984E+01     7.111055E+03
  1.355602E+01     7.068540E+03
  1.374479E+01     7.025909E+03
  1.393619E+01     6.983169E+03
  1.413026E+01     6.940324E+03
  1.432703E+01     6.897380E+03
  1.452654E+01     6.854341E+03
  1.472883E+01     6.811214E+03
  1.493393E+01     6.768003E+03
  1.514189E+01     6.724712E+03
  1.535275E+01     6.681348E+03
  1.556654E+01     6.637914E+03
  1.578331E+01     6.594417E+03
  1.600310E+01     6.550861E+03
  1.622595E+01     6.507252E+03
  1.645191E+01     6.463594E+03
  1.668101E+01     6.419891E+03
  1.691330E+01     6.376149E+03
  1.714882E+01     6.332372E+03
  1.738762E+01     6.288562E+03
  1.762975E+01     6.244725E+03
  1.787526E+01     6.200865E+03
  1.812418E+01     6.156988E+03
  1.837656E+01     6.113101E+03
  1.863246E+01     6.069209E+03
  1.889193E+01     6.025320E+03
  1.915501E+01     5.981437E+03
  1.942175E+01     5.937567E+03
  1.969220E+01     5.893714E+03
  1.996642E+01     5.849884E+03
  2.024447E+01     5.806080E+03
  2.052638E+01     5.762309E+03
  2.081222E+01     5.718576E+03
  2.110203E+01     5.674889E+03
  2.139589E+01     5.631252E+03
  2.169384E+01     5.587671E+03
  2.199593E+01     5.544153E+03
  2.230223E+01     5.500701E+03
  2.261280E+01     5.457320E+03
  2.292769E+01     5.414015E+03
  2.324697E+01     5.370788E+03
  2.357069E+01     5.327644E+03
  2.389893E+01     5.284589E+03
  2.423173E+01     5.241630E+03
  2.456916E+01     5.198770E+03
  2.491130E+01     5.156016E+03
  2.525820E+01     5.113372E+03
  2.560993E+01     5.070841E+03
  2.596656E+01     5.028427E+03
  2.632815E+01     4.986132E+03
  2.669478E+01     4.943958E+03
  2.706652E+01     4.901908E+03
  2.744343E+01     4.859990E+03
  2.782559E+01     4.818210E+03
  2.821308E+01     4.776573E+03
  2.860596E+01     4.735086E+03
  2.900430E+01     4.693753E+03
  2.940820E+01     4.652579E+03
  2.981772E+01     4.611568E+03
  3.023295E+01     4.570722E+03
  3.065395E+01     4.530045E+03
  3.108082E+01     4.489539E+03
  3.151363E+01     4.449211E+03
  3.195248E+01     4.409066E+03
  3.239743E+01     4.369108E+03
  3.284857E+01     4.329344E+03
  3.330600E+01     4.289775E+03
  3.376980E+01     4.250406E+03
  3.424006E+01     4.211239E+03
  3.471687E+01     4.172275E+03
  3.520031E+01     4.133514E+03
  3.569049E+01     4.094957E+03
  3.618750E+01     4.056610E+03
  3.669142E+01     4.018478E+03
  3.720237E+01     3.980566E+03
  3.772042E+01     3.942877E+03
  3.824570E+01     3.905416E+03
  3.877828E+01     3.868184E+03
  3.931829E+01     3.831183E+03
  3.986581E+01     3.794413E+03
  4.042096E+01     3.757873E+03
  4.098384E+01     3.721564E+03
  4.155455E+01     3.685491E+03
  4.213322E+01     3.649656E+03
  4.271994E+01     3.614066E+03
  4.331483E+01     3.578722E+03
  4.391801E+01     3.543627E+03
  4.452959E+01     3.508782E+03
  4.514968E+01     3.474187E+03
  4.577841E+01     3.439843E+03
  4.641589E+01     3.405747E+03
  4.706225E+01     3.371896E+03
  4.771761E+01     3.338297E+03
  4.838210E+01     3.304952E+03
  4.905584E+01     3.271867E+03
  4.973896E+01     3.239045E+03
  5.043159E+01     3.206488E+03
  5.113388E+01     3.174199E+03
  5.184594E+01     3.142178E+03
  5.256791E+01     3.110425E+03
  5.329994E+01     3.078939E+03
  5.404216E+01     3.047718E+03
  5.479472E+01     3.016764E+03
  5.555776E+01     2.986079E+03
  5.633143E+01     2.955667E+03
  5.711586E+01     2.925528E+03
  5.791123E+01     2.895661E+03
  5.871766E+01     2.866067E+03
  5.953533E+01     2.836742E+03
  6.036439E+01     2.807684E+03
  6.120498E+01     2.778888E+03
  6.205729E+01     2.750348E+03
  6.292146E+01     2.722065E+03
  6.379767E+01     2.694044E+03
  6.468608E+01     2.666288E+03
  6.558686E+01     2.638800E+03
  6.650018E+01     2.611580E+03
  6.742622E+01     2.584629E+03
  6.836516E+01     2.557948E+03
  6.931717E+01     2.531535E+03
  7.028244E+01     2.505387E+03
  7.126115E+01     2.479501E+03
  7.225349E+01     2.453878E+03
  7.325965E+01     2.428520E+03
  7.427982E+01     2.403428E+03
  7.531420E+01     2.378602E+03
  7.636298E+01     2.354043E+03
  7.742637E+01     2.329748E+03
  7.850456E+01     2.305714E+03
  7.959777E+01     2.281939E+03
  8.070620E+01     2.258417E+03
  8.183007E+01     2.235141E+03
  8.296959E+01     2.212110E+03
  8.412497E+01     2.189328E+03
  8.529644E+01     2.166795E+03
  8.648423E+01     2.144513E+03
  8.768856E+01     2.122481E+03
  8.890966E+01     2.100700E+03
  9.014776E+01     2.079167E+03
  9.140311E+01     2.057879E+03
  9.267593E+01     2.036833E+03
  9.396648E+01     2.016024E+03
  9.527500E+01     1.995449E+03
  9.660175E+01     1.975111E+03
  9.794697E+01     1.955010E+03
  9.931092E+01     1.935146E+03
  1.006939E+02     1.915518E+03
  1.020961E+02     1.896125E+03
  1.035178E+02     1.876963E+03
  1.049593E+02     1.858029E+03
  1.064209E+02     1.839317E+03
  1.079029E+02     1.820823E+03
  1.094055E+02     1.802542E+03
  1.109290E+02     1.784476E+03
  1.124737E+02     1.766627E+03
  1.140400E+02     1.748994E+03
  1.156280E+02     1.731577E+03
  1.172382E+02     1.714375E+03
  1.188708E+02     1.697385E+03
  1.205261E+02     1.680606E+03
  1.222045E+02     1.664032E+03
  1.239062E+02     1.647658E+03
  1.256317E+02     1.631483E+03
  1.273811E+02     1.615505E+03
  1.291550E+02     1.599727E+03
  1.309535E+02     1.584148E+03
  1.327771E+02     1.568767E+03
  1.346261E+02     1.553582E+03
  1.365008E+02     1.538592E+03
  1.384016E+02     1.523793E+03
  1.403289E+02     1.509180E+03
  1.422830E+02     1.494749E+03
  1.442644E+02     1.480495E+03
  1.462733E+02     1.466421E+03
  1.483103E+02     1.452525E+03
  1.503755E+02     1.438808E+03
  1.524696E+02     1.425268E+03
  1.545928E+02     1.411906E+03
  1.567455E+02     1.398717E+03
  1.589283E+02     1.385700E+03
  1.611414E+02     1.372851E+03
  1.633854E+02     1.360164E+03
  1.656606E+02     1.347637E+03
  1.679675E+02     1.335269E+03
  1.703065E+02     1.323060E+03
  1.726781E+02     1.311012E+03
  1.750827E+02     1.299122E+03
  1.775208E+02     1.287390E+03
  1.799929E+02     1.275813E+03
  1.824993E+02     1.264390E+03
  1.850407E+02     1.253116E+03
  1.876175E+02     1.241988E+03
  1.902301E+02     1.231001E+03
  1.928792E+02     1.220157E+03
  1.955651E+02     1.209454E+03
  1.982884E+02     1.198893E+03
  2.010496E+02     1.188474E+03
  2.038493E+02     1.178195E+03
  2.066880E+02     1.168055E+03
  2.095662E+02     1.158051E+03
  2.124845E+02     1.148180E+03
  2.154435E+02     1.138439E+03
  2.184436E+02     1.128824E+03
  2.214855E+02     1.119335E+03
  2.245698E+02     1.109972E+03
  2.276970E+02     1.100736E+03
  2.308678E+02     1.091625E+03
  2.340827E+02     1.082638E+03
  2.373424E+02     1.073775E+03
  2.406475E+02     1.065033E+03
  2.439986E+02     1.056409E+03
  2.473964E+02     1.047901E+03
  2.508415E+02     1.039505E+03
  2.543346E+02     1.031220E+03
  2.578763E+02     1.023047E+03
  2.614673E+02     1.014986E+03
  2.651084E+02     1.007037E+03
  2.688001E+02     9.991978E+02
  2.725433E+02     9.914680E+02
  2.763385E+02     9.838457E+02
  2.801867E+02     9.763286E+02
  2.840884E+02     9.689138E+02
  2.880444E+02     9.615984E+02
  2.920556E+02     9.543817E+02
  2.961225E+02     9.472640E+02
  3.002462E+02     9.402454E+02
  3.044272E+02     9.333255E+02
  3.086665E+02     9.265036E+02
  3.129648E+02     9.197786E+02
  3.173230E+02     9.131490E+02
  3.217418E+02     9.066129E+02
  3.262222E+02     9.001678E+02
  3.307650E+02     8.938111E+02
  3.353710E+02     8.875420E+02
  3.400412E+02     8.813607E+02
  3.447764E+02     8.752674E+02
  3.495776E+02     8.692618E+02
  3.544456E+02     8.633433E+02
  3.593814E+02     8.575109E+02
  3.643859E+02     8.517635E+02
  3.694601E+02     8.460993E+02
  3.746050E+02     8.405162E+02
  3.798215E+02     8.350119E+02
  3.851107E+02     8.295855E+02
  3.904735E+02     8.242372E+02
  3.959110E+02     8.189673E+02
  4.014242E+02     8.137753E+02
  4.070142E+02     8.086610E+02
  4.126821E+02     8.036234E+02
  4.184289E+02     7.986616E+02
  4.242556E+02     7.937742E+02
  4.301636E+02     7.889593E+02
  4.361538E+02     7.842148E+02
  4.422274E+02     7.795398E+02
  4.483856E+02     7.749346E+02
  4.546295E+02     7.703992E+02
  4.609604E+02     7.659335E+02
  4.673795E+02     7.615371E+02
  4.738880E+02     7.572094E+02
  4.804870E+02     7.529494E+02
  4.871780E+02     7.487559E+02
  4.939622E+02     7.446273E+02
  5.008408E+02     7.405619E+02
  5.078152E+02     7.365586E+02
  5.148867E+02     7.326176E+02
  5.220568E+02     7.287391E+02
  5.293266E+02     7.249229E+02
  5.366977E+02     7.211686E+02
  5.441714E+02     7.174758E+02
  5.517492E+02     7.138436E+02
  5.594326E+02     7.102710E+02
  5.672229E+02     7.067566E+02
  5.751217E+02     7.032989E+02
  5.831305E+02     6.998968E+02
  5.912508E+02     6.965505E+02
  5.994843E+02     6.932601E+02
  6.078323E+02     6.900254E+02
  6.162966E+02     6.868462E+02
  6.248788E+02     6.837220E+02
  6.335805E+02     6.806522E+02
  6.424034E+02     6.776357E+02
  6.513491E+02     6.746715E+02
  6.604194E+02     6.717582E+02
  6.696160E+02     6.688946E+02
  6.789407E+02     6.660808E+02
  6.883952E+02     6.633167E+02
  6.979814E+02     6.606020E+02
  7.077011E+02     6.579365E+02
  7.175561E+02     6.553196E+02
  7.275484E+02     6.527504E+02
  7.376798E+02     6.502280E+02
  7.479523E+02     6.477511E+02
  7.583678E+02     6.453184E+02
  7.689284E+02     6.429288E+02
  7.796360E+02     6.405830E+02
  7.904928E+02     6.382817E+02
  8.015007E+02     6.360257E+02
  8.126619E+02     6.338155E+02
  8.239786E+02     6.316519E+02
  8.354528E+02     6.295352E+02
  8.470868E+02     6.274658E+02
  8.588829E+02     6.254440E+02
  8.708431E+02     6.234700E+02
  8.829700E+02     6.215428E+02
  8.952657E+02     6.196586E+02
  9.077327E+02     6.178123E+02
  9.203732E+02     6.159983E+02
  9.331898E+02     6.142107E+02
  9.461848E+02     6.124426E+02
  9.593608E+02     6.106868E+02
  9.727203E+02     6.089350E+02
  9.862658E+02     6.071785E+02
  1.000000E+03     6.054078E+02
