FILE CREATED BY  : PROGRAM DPASS - VERSION 2.00
DATABASE VERSION : 21.06
DATE AND TIME    : 09/08/2022 22:05:28
PROJECTILE       : Rb
TARGET           : Fe
TARGET AT. MASS  : 5.584700E+01
TARGET DENSITY   : 7.874000E+00 g/cm^3
TABULATED OUTPUT : STOPPING FORCE VERSUS ENERGY
DATA TYPE        : SPLINE INTERPOLATED
ABSCISSA UNITS   : MeV/u
ORDINATE UNITS   : eV/nm


      E/n             S(E/n)

  1.000000E-03     9.284343E+02
  1.013925E-03     9.347284E+02
  1.028045E-03     9.411057E+02
  1.042361E-03     9.475625E+02
  1.056876E-03     9.540947E+02
  1.071593E-03     9.606979E+02
  1.086516E-03     9.673672E+02
  1.101646E-03     9.740974E+02
  1.116987E-03     9.808826E+02
  1.132541E-03     9.877165E+02
  1.148312E-03     9.945921E+02
  1.164303E-03     1.001503E+03
  1.180517E-03     1.008450E+03
  1.196956E-03     1.015432E+03
  1.213624E-03     1.022453E+03
  1.230524E-03     1.029514E+03
  1.247660E-03     1.036618E+03
  1.265034E-03     1.043765E+03
  1.282650E-03     1.050960E+03
  1.300511E-03     1.058204E+03
  1.318621E-03     1.065501E+03
  1.336984E-03     1.072854E+03
  1.355602E-03     1.080263E+03
  1.374479E-03     1.087728E+03
  1.393619E-03     1.095249E+03
  1.413026E-03     1.102825E+03
  1.432703E-03     1.110457E+03
  1.452654E-03     1.118144E+03
  1.472883E-03     1.125885E+03
  1.493393E-03     1.133681E+03
  1.514189E-03     1.141532E+03
  1.535275E-03     1.149435E+03
  1.556654E-03     1.157393E+03
  1.578331E-03     1.165405E+03
  1.600310E-03     1.173472E+03
  1.622595E-03     1.181595E+03
  1.645191E-03     1.189773E+03
  1.668101E-03     1.198008E+03
  1.691330E-03     1.206300E+03
  1.714882E-03     1.214650E+03
  1.738762E-03     1.223058E+03
  1.762975E-03     1.231527E+03
  1.787526E-03     1.240056E+03
  1.812418E-03     1.248645E+03
  1.837656E-03     1.257296E+03
  1.863246E-03     1.266007E+03
  1.889193E-03     1.274779E+03
  1.915501E-03     1.283613E+03
  1.942175E-03     1.292509E+03
  1.969220E-03     1.301467E+03
  1.996642E-03     1.310489E+03
  2.024447E-03     1.319573E+03
  2.052638E-03     1.328721E+03
  2.081222E-03     1.337933E+03
  2.110203E-03     1.347210E+03
  2.139589E-03     1.356551E+03
  2.169384E-03     1.365957E+03
  2.199593E-03     1.375429E+03
  2.230223E-03     1.384968E+03
  2.261280E-03     1.394573E+03
  2.292769E-03     1.404245E+03
  2.324697E-03     1.413985E+03
  2.357069E-03     1.423795E+03
  2.389893E-03     1.433673E+03
  2.423173E-03     1.443620E+03
  2.456916E-03     1.453637E+03
  2.491130E-03     1.463724E+03
  2.525820E-03     1.473882E+03
  2.560993E-03     1.484110E+03
  2.596656E-03     1.494410E+03
  2.632815E-03     1.504783E+03
  2.669478E-03     1.515229E+03
  2.706652E-03     1.525748E+03
  2.744343E-03     1.536341E+03
  2.782559E-03     1.547008E+03
  2.821308E-03     1.557750E+03
  2.860596E-03     1.568568E+03
  2.900430E-03     1.579461E+03
  2.940820E-03     1.590432E+03
  2.981772E-03     1.601479E+03
  3.023295E-03     1.612604E+03
  3.065395E-03     1.623809E+03
  3.108082E-03     1.635093E+03
  3.151363E-03     1.646457E+03
  3.195248E-03     1.657901E+03
  3.239743E-03     1.669427E+03
  3.284857E-03     1.681034E+03
  3.330600E-03     1.692722E+03
  3.376980E-03     1.704493E+03
  3.424006E-03     1.716348E+03
  3.471687E-03     1.728286E+03
  3.520031E-03     1.740309E+03
  3.569049E-03     1.752418E+03
  3.618750E-03     1.764613E+03
  3.669142E-03     1.776894E+03
  3.720237E-03     1.789262E+03
  3.772042E-03     1.801717E+03
  3.824570E-03     1.814261E+03
  3.877828E-03     1.826893E+03
  3.931829E-03     1.839615E+03
  3.986581E-03     1.852427E+03
  4.042096E-03     1.865330E+03
  4.098384E-03     1.878325E+03
  4.155455E-03     1.891413E+03
  4.213322E-03     1.904593E+03
  4.271994E-03     1.917868E+03
  4.331483E-03     1.931237E+03
  4.391801E-03     1.944701E+03
  4.452959E-03     1.958260E+03
  4.514968E-03     1.971917E+03
  4.577841E-03     1.985671E+03
  4.641589E-03     1.999524E+03
  4.706225E-03     2.013476E+03
  4.771761E-03     2.027529E+03
  4.838210E-03     2.041683E+03
  4.905584E-03     2.055938E+03
  4.973896E-03     2.070295E+03
  5.043159E-03     2.084755E+03
  5.113388E-03     2.099318E+03
  5.184594E-03     2.113985E+03
  5.256791E-03     2.128758E+03
  5.329994E-03     2.143637E+03
  5.404216E-03     2.158623E+03
  5.479472E-03     2.173717E+03
  5.555776E-03     2.188919E+03
  5.633143E-03     2.204231E+03
  5.711586E-03     2.219653E+03
  5.791123E-03     2.235185E+03
  5.871766E-03     2.250829E+03
  5.953533E-03     2.266586E+03
  6.036439E-03     2.282457E+03
  6.120498E-03     2.298442E+03
  6.205729E-03     2.314544E+03
  6.292146E-03     2.330763E+03
  6.379767E-03     2.347099E+03
  6.468608E-03     2.363554E+03
  6.558686E-03     2.380128E+03
  6.650018E-03     2.396821E+03
  6.742622E-03     2.413635E+03
  6.836516E-03     2.430571E+03
  6.931717E-03     2.447629E+03
  7.028244E-03     2.464811E+03
  7.126115E-03     2.482119E+03
  7.225349E-03     2.499552E+03
  7.325965E-03     2.517112E+03
  7.427982E-03     2.534799E+03
  7.531420E-03     2.552615E+03
  7.636298E-03     2.570560E+03
  7.742637E-03     2.588635E+03
  7.850456E-03     2.606842E+03
  7.959777E-03     2.625181E+03
  8.070620E-03     2.643654E+03
  8.183007E-03     2.662262E+03
  8.296959E-03     2.681007E+03
  8.412497E-03     2.699889E+03
  8.529644E-03     2.718908E+03
  8.648423E-03     2.738067E+03
  8.768856E-03     2.757365E+03
  8.890966E-03     2.776804E+03
  9.014776E-03     2.796385E+03
  9.140311E-03     2.816109E+03
  9.267593E-03     2.835977E+03
  9.396648E-03     2.855992E+03
  9.527500E-03     2.876154E+03
  9.660175E-03     2.896464E+03
  9.794697E-03     2.916923E+03
  9.931092E-03     2.937533E+03
  1.006939E-02     2.958293E+03
  1.020961E-02     2.979206E+03
  1.035178E-02     3.000272E+03
  1.049593E-02     3.021493E+03
  1.064209E-02     3.042871E+03
  1.079029E-02     3.064408E+03
  1.094055E-02     3.086104E+03
  1.109290E-02     3.107960E+03
  1.124737E-02     3.129978E+03
  1.140400E-02     3.152158E+03
  1.156280E-02     3.174501E+03
  1.172382E-02     3.197008E+03
  1.188708E-02     3.219681E+03
  1.205261E-02     3.242521E+03
  1.222045E-02     3.265529E+03
  1.239062E-02     3.288707E+03
  1.256317E-02     3.312057E+03
  1.273811E-02     3.335579E+03
  1.291550E-02     3.359274E+03
  1.309535E-02     3.383144E+03
  1.327771E-02     3.407189E+03
  1.346261E-02     3.431411E+03
  1.365008E-02     3.455811E+03
  1.384016E-02     3.480392E+03
  1.403289E-02     3.505154E+03
  1.422830E-02     3.530100E+03
  1.442644E-02     3.555231E+03
  1.462733E-02     3.580549E+03
  1.483103E-02     3.606055E+03
  1.503755E-02     3.631750E+03
  1.524696E-02     3.657635E+03
  1.545928E-02     3.683712E+03
  1.567455E-02     3.709984E+03
  1.589283E-02     3.736451E+03
  1.611414E-02     3.763116E+03
  1.633854E-02     3.789981E+03
  1.656606E-02     3.817048E+03
  1.679675E-02     3.844319E+03
  1.703065E-02     3.871794E+03
  1.726781E-02     3.899475E+03
  1.750827E-02     3.927363E+03
  1.775208E-02     3.955459E+03
  1.799929E-02     3.983767E+03
  1.824993E-02     4.012286E+03
  1.850407E-02     4.041019E+03
  1.876175E-02     4.069969E+03
  1.902301E-02     4.099137E+03
  1.928792E-02     4.128524E+03
  1.955651E-02     4.158132E+03
  1.982884E-02     4.187961E+03
  2.010496E-02     4.218014E+03
  2.038493E-02     4.248291E+03
  2.066880E-02     4.278793E+03
  2.095662E-02     4.309524E+03
  2.124845E-02     4.340483E+03
  2.154435E-02     4.371675E+03
  2.184436E-02     4.403099E+03
  2.214855E-02     4.434758E+03
  2.245698E-02     4.466652E+03
  2.276970E-02     4.498782E+03
  2.308678E-02     4.531149E+03
  2.340827E-02     4.563754E+03
  2.373424E-02     4.596599E+03
  2.406475E-02     4.629684E+03
  2.439986E-02     4.663011E+03
  2.473964E-02     4.696583E+03
  2.508415E-02     4.730399E+03
  2.543346E-02     4.764462E+03
  2.578763E-02     4.798772E+03
  2.614673E-02     4.833331E+03
  2.651084E-02     4.868138E+03
  2.688001E-02     4.903195E+03
  2.725433E-02     4.938504E+03
  2.763385E-02     4.974065E+03
  2.801867E-02     5.009881E+03
  2.840884E-02     5.045952E+03
  2.880444E-02     5.082282E+03
  2.920556E-02     5.118870E+03
  2.961225E-02     5.155717E+03
  3.002462E-02     5.192824E+03
  3.044272E-02     5.230192E+03
  3.086665E-02     5.267822E+03
  3.129648E-02     5.305715E+03
  3.173230E-02     5.343872E+03
  3.217418E-02     5.382295E+03
  3.262222E-02     5.420986E+03
  3.307650E-02     5.459945E+03
  3.353710E-02     5.499174E+03
  3.400412E-02     5.538675E+03
  3.447764E-02     5.578447E+03
  3.495776E-02     5.618493E+03
  3.544456E-02     5.658813E+03
  3.593814E-02     5.699409E+03
  3.643859E-02     5.740282E+03
  3.694601E-02     5.781434E+03
  3.746050E-02     5.822867E+03
  3.798215E-02     5.864585E+03
  3.851107E-02     5.906587E+03
  3.904735E-02     5.948874E+03
  3.959110E-02     5.991449E+03
  4.014242E-02     6.034313E+03
  4.070142E-02     6.077465E+03
  4.126821E-02     6.120910E+03
  4.184289E-02     6.164647E+03
  4.242556E-02     6.208679E+03
  4.301636E-02     6.253010E+03
  4.361538E-02     6.297640E+03
  4.422274E-02     6.342572E+03
  4.483856E-02     6.387807E+03
  4.546295E-02     6.433347E+03
  4.609604E-02     6.479193E+03
  4.673795E-02     6.525346E+03
  4.738880E-02     6.571808E+03
  4.804870E-02     6.618582E+03
  4.871780E-02     6.665670E+03
  4.939622E-02     6.713074E+03
  5.008408E-02     6.760798E+03
  5.078152E-02     6.808844E+03
  5.148867E-02     6.857213E+03
  5.220568E-02     6.905907E+03
  5.293266E-02     6.954928E+03
  5.366977E-02     7.004277E+03
  5.441714E-02     7.053957E+03
  5.517492E-02     7.103969E+03
  5.594326E-02     7.154318E+03
  5.672229E-02     7.205006E+03
  5.751217E-02     7.256036E+03
  5.831305E-02     7.307412E+03
  5.912508E-02     7.359135E+03
  5.994843E-02     7.411207E+03
  6.078323E-02     7.463629E+03
  6.162966E-02     7.516404E+03
  6.248788E-02     7.569535E+03
  6.335805E-02     7.623024E+03
  6.424034E-02     7.676874E+03
  6.513491E-02     7.731089E+03
  6.604194E-02     7.785673E+03
  6.696160E-02     7.840630E+03
  6.789407E-02     7.895960E+03
  6.883952E-02     7.951667E+03
  6.979814E-02     8.007752E+03
  7.077011E-02     8.064218E+03
  7.175561E-02     8.121067E+03
  7.275484E-02     8.178304E+03
  7.376798E-02     8.235931E+03
  7.479523E-02     8.293953E+03
  7.583678E-02     8.352374E+03
  7.689284E-02     8.411198E+03
  7.796360E-02     8.470426E+03
  7.904928E-02     8.530062E+03
  8.015007E-02     8.590108E+03
  8.126619E-02     8.650566E+03
  8.239786E-02     8.711439E+03
  8.354528E-02     8.772731E+03
  8.470868E-02     8.834446E+03
  8.588829E-02     8.896588E+03
  8.708431E-02     8.959162E+03
  8.829700E-02     9.022171E+03
  8.952657E-02     9.085619E+03
  9.077327E-02     9.149509E+03
  9.203732E-02     9.213842E+03
  9.331898E-02     9.278622E+03
  9.461848E-02     9.343853E+03
  9.593608E-02     9.409538E+03
  9.727203E-02     9.475682E+03
  9.862658E-02     9.542289E+03
  1.000000E-01     9.609364E+03
  1.013925E-01     9.676914E+03
  1.028045E-01     9.744940E+03
  1.042361E-01     9.813445E+03
  1.056876E-01     9.882431E+03
  1.071593E-01     9.951904E+03
  1.086516E-01     1.002186E+04
  1.101646E-01     1.009232E+04
  1.116987E-01     1.016327E+04
  1.132541E-01     1.023472E+04
  1.148312E-01     1.030668E+04
  1.164303E-01     1.037915E+04
  1.180517E-01     1.045214E+04
  1.196956E-01     1.052564E+04
  1.213624E-01     1.059967E+04
  1.230524E-01     1.067422E+04
  1.247660E-01     1.074930E+04
  1.265034E-01     1.082491E+04
  1.282650E-01     1.090105E+04
  1.300511E-01     1.097774E+04
  1.318621E-01     1.105498E+04
  1.336984E-01     1.113277E+04
  1.355602E-01     1.121111E+04
  1.374479E-01     1.129002E+04
  1.393619E-01     1.136949E+04
  1.413026E-01     1.144952E+04
  1.432703E-01     1.153012E+04
  1.452654E-01     1.161130E+04
  1.472883E-01     1.169305E+04
  1.493393E-01     1.177539E+04
  1.514189E-01     1.185831E+04
  1.535275E-01     1.194183E+04
  1.556654E-01     1.202595E+04
  1.578331E-01     1.211066E+04
  1.600310E-01     1.219598E+04
  1.622595E-01     1.228189E+04
  1.645191E-01     1.236841E+04
  1.668101E-01     1.245552E+04
  1.691330E-01     1.254325E+04
  1.714882E-01     1.263158E+04
  1.738762E-01     1.272052E+04
  1.762975E-01     1.281008E+04
  1.787526E-01     1.290025E+04
  1.812418E-01     1.299102E+04
  1.837656E-01     1.308240E+04
  1.863246E-01     1.317438E+04
  1.889193E-01     1.326695E+04
  1.915501E-01     1.336011E+04
  1.942175E-01     1.345385E+04
  1.969220E-01     1.354817E+04
  1.996642E-01     1.364306E+04
  2.024447E-01     1.373852E+04
  2.052638E-01     1.383455E+04
  2.081222E-01     1.393113E+04
  2.110203E-01     1.402829E+04
  2.139589E-01     1.412602E+04
  2.169384E-01     1.422432E+04
  2.199593E-01     1.432319E+04
  2.230223E-01     1.442264E+04
  2.261280E-01     1.452268E+04
  2.292769E-01     1.462331E+04
  2.324697E-01     1.472453E+04
  2.357069E-01     1.482635E+04
  2.389893E-01     1.492876E+04
  2.423173E-01     1.503177E+04
  2.456916E-01     1.513537E+04
  2.491130E-01     1.523955E+04
  2.525820E-01     1.534432E+04
  2.560993E-01     1.544967E+04
  2.596656E-01     1.555560E+04
  2.632815E-01     1.566210E+04
  2.669478E-01     1.576918E+04
  2.706652E-01     1.587683E+04
  2.744343E-01     1.598504E+04
  2.782559E-01     1.609379E+04
  2.821308E-01     1.620307E+04
  2.860596E-01     1.631286E+04
  2.900430E-01     1.642314E+04
  2.940820E-01     1.653390E+04
  2.981772E-01     1.664511E+04
  3.023295E-01     1.675677E+04
  3.065395E-01     1.686884E+04
  3.108082E-01     1.698132E+04
  3.151363E-01     1.709418E+04
  3.195248E-01     1.720741E+04
  3.239743E-01     1.732100E+04
  3.284857E-01     1.743492E+04
  3.330600E-01     1.754916E+04
  3.376980E-01     1.766371E+04
  3.424006E-01     1.777854E+04
  3.471687E-01     1.789364E+04
  3.520031E-01     1.800899E+04
  3.569049E-01     1.812457E+04
  3.618750E-01     1.824037E+04
  3.669142E-01     1.835636E+04
  3.720237E-01     1.847253E+04
  3.772042E-01     1.858886E+04
  3.824570E-01     1.870533E+04
  3.877828E-01     1.882193E+04
  3.931829E-01     1.893862E+04
  3.986581E-01     1.905541E+04
  4.042096E-01     1.917225E+04
  4.098384E-01     1.928915E+04
  4.155455E-01     1.940608E+04
  4.213322E-01     1.952300E+04
  4.271994E-01     1.963991E+04
  4.331483E-01     1.975678E+04
  4.391801E-01     1.987359E+04
  4.452959E-01     1.999031E+04
  4.514968E-01     2.010692E+04
  4.577841E-01     2.022341E+04
  4.641589E-01     2.033975E+04
  4.706225E-01     2.045591E+04
  4.771761E-01     2.057188E+04
  4.838210E-01     2.068762E+04
  4.905584E-01     2.080312E+04
  4.973896E-01     2.091835E+04
  5.043159E-01     2.103327E+04
  5.113388E-01     2.114787E+04
  5.184594E-01     2.126213E+04
  5.256791E-01     2.137601E+04
  5.329994E-01     2.148950E+04
  5.404216E-01     2.160257E+04
  5.479472E-01     2.171519E+04
  5.555776E-01     2.182734E+04
  5.633143E-01     2.193899E+04
  5.711586E-01     2.205012E+04
  5.791123E-01     2.216069E+04
  5.871766E-01     2.227069E+04
  5.953533E-01     2.238009E+04
  6.036439E-01     2.248886E+04
  6.120498E-01     2.259699E+04
  6.205729E-01     2.270446E+04
  6.292146E-01     2.281123E+04
  6.379767E-01     2.291728E+04
  6.468608E-01     2.302258E+04
  6.558686E-01     2.312712E+04
  6.650018E-01     2.323085E+04
  6.742622E-01     2.333376E+04
  6.836516E-01     2.343583E+04
  6.931717E-01     2.353703E+04
  7.028244E-01     2.363735E+04
  7.126115E-01     2.373677E+04
  7.225349E-01     2.383527E+04
  7.325965E-01     2.393281E+04
  7.427982E-01     2.402938E+04
  7.531420E-01     2.412495E+04
  7.636298E-01     2.421949E+04
  7.742637E-01     2.431299E+04
  7.850456E-01     2.440542E+04
  7.959777E-01     2.449678E+04
  8.070620E-01     2.458704E+04
  8.183007E-01     2.467620E+04
  8.296959E-01     2.476422E+04
  8.412497E-01     2.485110E+04
  8.529644E-01     2.493681E+04
  8.648423E-01     2.502133E+04
  8.768856E-01     2.510463E+04
  8.890966E-01     2.518670E+04
  9.014776E-01     2.526753E+04
  9.140311E-01     2.534711E+04
  9.267593E-01     2.542544E+04
  9.396648E-01     2.550249E+04
  9.527500E-01     2.557827E+04
  9.660175E-01     2.565276E+04
  9.794697E-01     2.572593E+04
  9.931092E-01     2.579776E+04
  1.006939E+00     2.586825E+04
  1.020961E+00     2.593739E+04
  1.035178E+00     2.600516E+04
  1.049593E+00     2.607157E+04
  1.064209E+00     2.613661E+04
  1.079029E+00     2.620029E+04
  1.094055E+00     2.626260E+04
  1.109290E+00     2.632354E+04
  1.124737E+00     2.638307E+04
  1.140400E+00     2.644120E+04
  1.156280E+00     2.649792E+04
  1.172382E+00     2.655322E+04
  1.188708E+00     2.660710E+04
  1.205261E+00     2.665957E+04
  1.222045E+00     2.671063E+04
  1.239062E+00     2.676030E+04
  1.256317E+00     2.680857E+04
  1.273811E+00     2.685545E+04
  1.291550E+00     2.690092E+04
  1.309535E+00     2.694497E+04
  1.327771E+00     2.698760E+04
  1.346261E+00     2.702882E+04
  1.365008E+00     2.706862E+04
  1.384016E+00     2.710701E+04
  1.403289E+00     2.714401E+04
  1.422830E+00     2.717964E+04
  1.442644E+00     2.721391E+04
  1.462733E+00     2.724680E+04
  1.483103E+00     2.727832E+04
  1.503755E+00     2.730846E+04
  1.524696E+00     2.733723E+04
  1.545928E+00     2.736462E+04
  1.567455E+00     2.739065E+04
  1.589283E+00     2.741532E+04
  1.611414E+00     2.743866E+04
  1.633854E+00     2.746068E+04
  1.656606E+00     2.748140E+04
  1.679675E+00     2.750083E+04
  1.703065E+00     2.751896E+04
  1.726781E+00     2.753578E+04
  1.750827E+00     2.755132E+04
  1.775208E+00     2.756556E+04
  1.799929E+00     2.757853E+04
  1.824993E+00     2.759025E+04
  1.850407E+00     2.760072E+04
  1.876175E+00     2.760999E+04
  1.902301E+00     2.761806E+04
  1.928792E+00     2.762495E+04
  1.955651E+00     2.763064E+04
  1.982884E+00     2.763513E+04
  2.010496E+00     2.763844E+04
  2.038493E+00     2.764056E+04
  2.066880E+00     2.764151E+04
  2.095662E+00     2.764129E+04
  2.124845E+00     2.763993E+04
  2.154435E+00     2.763744E+04
  2.184436E+00     2.763384E+04
  2.214855E+00     2.762913E+04
  2.245698E+00     2.762331E+04
  2.276970E+00     2.761639E+04
  2.308678E+00     2.760837E+04
  2.340827E+00     2.759925E+04
  2.373424E+00     2.758904E+04
  2.406475E+00     2.757777E+04
  2.439986E+00     2.756543E+04
  2.473964E+00     2.755206E+04
  2.508415E+00     2.753766E+04
  2.543346E+00     2.752225E+04
  2.578763E+00     2.750582E+04
  2.614673E+00     2.748838E+04
  2.651084E+00     2.746991E+04
  2.688001E+00     2.745044E+04
  2.725433E+00     2.742995E+04
  2.763385E+00     2.740847E+04
  2.801867E+00     2.738600E+04
  2.840884E+00     2.736255E+04
  2.880444E+00     2.733815E+04
  2.920556E+00     2.731279E+04
  2.961225E+00     2.728647E+04
  3.002462E+00     2.725920E+04
  3.044272E+00     2.723097E+04
  3.086665E+00     2.720179E+04
  3.129648E+00     2.717167E+04
  3.173230E+00     2.714062E+04
  3.217418E+00     2.710863E+04
  3.262222E+00     2.707574E+04
  3.307650E+00     2.704195E+04
  3.353710E+00     2.700726E+04
  3.400412E+00     2.697167E+04
  3.447764E+00     2.693519E+04
  3.495776E+00     2.689780E+04
  3.544456E+00     2.685951E+04
  3.593814E+00     2.682033E+04
  3.643859E+00     2.678025E+04
  3.694601E+00     2.673929E+04
  3.746050E+00     2.669744E+04
  3.798215E+00     2.665472E+04
  3.851107E+00     2.661112E+04
  3.904735E+00     2.656666E+04
  3.959110E+00     2.652132E+04
  4.014242E+00     2.647511E+04
  4.070142E+00     2.642803E+04
  4.126821E+00     2.638009E+04
  4.184289E+00     2.633128E+04
  4.242556E+00     2.628161E+04
  4.301636E+00     2.623109E+04
  4.361538E+00     2.617974E+04
  4.422274E+00     2.612754E+04
  4.483856E+00     2.607450E+04
  4.546295E+00     2.602063E+04
  4.609604E+00     2.596590E+04
  4.673795E+00     2.591034E+04
  4.738880E+00     2.585393E+04
  4.804870E+00     2.579667E+04
  4.871780E+00     2.573858E+04
  4.939622E+00     2.567965E+04
  5.008408E+00     2.561988E+04
  5.078152E+00     2.555929E+04
  5.148867E+00     2.549786E+04
  5.220568E+00     2.543561E+04
  5.293266E+00     2.537253E+04
  5.366977E+00     2.530862E+04
  5.441714E+00     2.524389E+04
  5.517492E+00     2.517834E+04
  5.594326E+00     2.511198E+04
  5.672229E+00     2.504482E+04
  5.751217E+00     2.497685E+04
  5.831305E+00     2.490810E+04
  5.912508E+00     2.483855E+04
  5.994843E+00     2.476821E+04
  6.078323E+00     2.469708E+04
  6.162966E+00     2.462515E+04
  6.248788E+00     2.455245E+04
  6.335805E+00     2.447895E+04
  6.424034E+00     2.440468E+04
  6.513491E+00     2.432963E+04
  6.604194E+00     2.425381E+04
  6.696160E+00     2.417722E+04
  6.789407E+00     2.409987E+04
  6.883952E+00     2.402176E+04
  6.979814E+00     2.394288E+04
  7.077011E+00     2.386325E+04
  7.175561E+00     2.378287E+04
  7.275484E+00     2.370173E+04
  7.376798E+00     2.361985E+04
  7.479523E+00     2.353723E+04
  7.583678E+00     2.345387E+04
  7.689284E+00     2.336979E+04
  7.796360E+00     2.328499E+04
  7.904928E+00     2.319946E+04
  8.015007E+00     2.311322E+04
  8.126619E+00     2.302627E+04
  8.239786E+00     2.293862E+04
  8.354528E+00     2.285026E+04
  8.470868E+00     2.276122E+04
  8.588829E+00     2.267149E+04
  8.708431E+00     2.258108E+04
  8.829700E+00     2.249001E+04
  8.952657E+00     2.239827E+04
  9.077327E+00     2.230589E+04
  9.203732E+00     2.221287E+04
  9.331898E+00     2.211921E+04
  9.461848E+00     2.202494E+04
  9.593608E+00     2.193006E+04
  9.727203E+00     2.183458E+04
  9.862658E+00     2.173853E+04
  1.000000E+01     2.164190E+04
  1.013925E+01     2.154472E+04
  1.028045E+01     2.144700E+04
  1.042361E+01     2.134872E+04
  1.056876E+01     2.124989E+04
  1.071593E+01     2.115051E+04
  1.086516E+01     2.105059E+04
  1.101646E+01     2.095011E+04
  1.116987E+01     2.084908E+04
  1.132541E+01     2.074750E+04
  1.148312E+01     2.064536E+04
  1.164303E+01     2.054266E+04
  1.180517E+01     2.043941E+04
  1.196956E+01     2.033564E+04
  1.213624E+01     2.023134E+04
  1.230524E+01     2.012654E+04
  1.247660E+01     2.002126E+04
  1.265034E+01     1.991551E+04
  1.282650E+01     1.980932E+04
  1.300511E+01     1.970269E+04
  1.318621E+01     1.959566E+04
  1.336984E+01     1.948824E+04
  1.355602E+01     1.938044E+04
  1.374479E+01     1.927228E+04
  1.393619E+01     1.916378E+04
  1.413026E+01     1.905493E+04
  1.432703E+01     1.894576E+04
  1.452654E+01     1.883628E+04
  1.472883E+01     1.872650E+04
  1.493393E+01     1.861643E+04
  1.514189E+01     1.850608E+04
  1.535275E+01     1.839547E+04
  1.556654E+01     1.828461E+04
  1.578331E+01     1.817350E+04
  1.600310E+01     1.806216E+04
  1.622595E+01     1.795059E+04
  1.645191E+01     1.783880E+04
  1.668101E+01     1.772680E+04
  1.691330E+01     1.761459E+04
  1.714882E+01     1.750218E+04
  1.738762E+01     1.738958E+04
  1.762975E+01     1.727678E+04
  1.787526E+01     1.716380E+04
  1.812418E+01     1.705067E+04
  1.837656E+01     1.693738E+04
  1.863246E+01     1.682398E+04
  1.889193E+01     1.671046E+04
  1.915501E+01     1.659686E+04
  1.942175E+01     1.648319E+04
  1.969220E+01     1.636947E+04
  1.996642E+01     1.625571E+04
  2.024447E+01     1.614194E+04
  2.052638E+01     1.602817E+04
  2.081222E+01     1.591441E+04
  2.110203E+01     1.580070E+04
  2.139589E+01     1.568703E+04
  2.169384E+01     1.557342E+04
  2.199593E+01     1.545990E+04
  2.230223E+01     1.534647E+04
  2.261280E+01     1.523314E+04
  2.292769E+01     1.511994E+04
  2.324697E+01     1.500686E+04
  2.357069E+01     1.489392E+04
  2.389893E+01     1.478113E+04
  2.423173E+01     1.466850E+04
  2.456916E+01     1.455604E+04
  2.491130E+01     1.444376E+04
  2.525820E+01     1.433167E+04
  2.560993E+01     1.421977E+04
  2.596656E+01     1.410805E+04
  2.632815E+01     1.399653E+04
  2.669478E+01     1.388521E+04
  2.706652E+01     1.377407E+04
  2.744343E+01     1.366316E+04
  2.782559E+01     1.355248E+04
  2.821308E+01     1.344206E+04
  2.860596E+01     1.333192E+04
  2.900430E+01     1.322206E+04
  2.940820E+01     1.311252E+04
  2.981772E+01     1.300330E+04
  3.023295E+01     1.289442E+04
  3.065395E+01     1.278590E+04
  3.108082E+01     1.267774E+04
  3.151363E+01     1.256996E+04
  3.195248E+01     1.246258E+04
  3.239743E+01     1.235560E+04
  3.284857E+01     1.224904E+04
  3.330600E+01     1.214291E+04
  3.376980E+01     1.203721E+04
  3.424006E+01     1.193194E+04
  3.471687E+01     1.182711E+04
  3.520031E+01     1.172272E+04
  3.569049E+01     1.161877E+04
  3.618750E+01     1.151527E+04
  3.669142E+01     1.141224E+04
  3.720237E+01     1.130971E+04
  3.772042E+01     1.120767E+04
  3.824570E+01     1.110615E+04
  3.877828E+01     1.100515E+04
  3.931829E+01     1.090469E+04
  3.986581E+01     1.080476E+04
  4.042096E+01     1.070537E+04
  4.098384E+01     1.060653E+04
  4.155455E+01     1.050826E+04
  4.213322E+01     1.041055E+04
  4.271994E+01     1.031343E+04
  4.331483E+01     1.021690E+04
  4.391801E+01     1.012097E+04
  4.452959E+01     1.002564E+04
  4.514968E+01     9.930915E+03
  4.577841E+01     9.836797E+03
  4.641589E+01     9.743279E+03
  4.706225E+01     9.650358E+03
  4.771761E+01     9.558046E+03
  4.838210E+01     9.466356E+03
  4.905584E+01     9.375299E+03
  4.973896E+01     9.284885E+03
  5.043159E+01     9.195120E+03
  5.113388E+01     9.106011E+03
  5.184594E+01     9.017560E+03
  5.256791E+01     8.929767E+03
  5.329994E+01     8.842628E+03
  5.404216E+01     8.756142E+03
  5.479472E+01     8.670315E+03
  5.555776E+01     8.585159E+03
  5.633143E+01     8.500681E+03
  5.711586E+01     8.416888E+03
  5.791123E+01     8.333785E+03
  5.871766E+01     8.251372E+03
  5.953533E+01     8.169649E+03
  6.036439E+01     8.088612E+03
  6.120498E+01     8.008252E+03
  6.205729E+01     7.928562E+03
  6.292146E+01     7.849546E+03
  6.379767E+01     7.771215E+03
  6.468608E+01     7.693577E+03
  6.558686E+01     7.616638E+03
  6.650018E+01     7.540401E+03
  6.742622E+01     7.464869E+03
  6.836516E+01     7.390040E+03
  6.931717E+01     7.315909E+03
  7.028244E+01     7.242469E+03
  7.126115E+01     7.169712E+03
  7.225349E+01     7.097639E+03
  7.325965E+01     7.026256E+03
  7.427982E+01     6.955570E+03
  7.531420E+01     6.885582E+03
  7.636298E+01     6.816295E+03
  7.742637E+01     6.747705E+03
  7.850456E+01     6.679808E+03
  7.959777E+01     6.612595E+03
  8.070620E+01     6.546055E+03
  8.183007E+01     6.480175E+03
  8.296959E+01     6.414954E+03
  8.412497E+01     6.350397E+03
  8.529644E+01     6.286511E+03
  8.648423E+01     6.223300E+03
  8.768856E+01     6.160765E+03
  8.890966E+01     6.098904E+03
  9.014776E+01     6.037714E+03
  9.140311E+01     5.977189E+03
  9.267593E+01     5.917319E+03
  9.396648E+01     5.858092E+03
  9.527500E+01     5.799504E+03
  9.660175E+01     5.741560E+03
  9.794697E+01     5.684263E+03
  9.931092E+01     5.627614E+03
  1.006939E+02     5.571612E+03
  1.020961E+02     5.516253E+03
  1.035178E+02     5.461530E+03
  1.049593E+02     5.407434E+03
  1.064209E+02     5.353953E+03
  1.079029E+02     5.301071E+03
  1.094055E+02     5.248782E+03
  1.109290E+02     5.197090E+03
  1.124737E+02     5.145997E+03
  1.140400E+02     5.095505E+03
  1.156280E+02     5.045613E+03
  1.172382E+02     4.996317E+03
  1.188708E+02     4.947613E+03
  1.205261E+02     4.899490E+03
  1.222045E+02     4.851940E+03
  1.239062E+02     4.804948E+03
  1.256317E+02     4.758506E+03
  1.273811E+02     4.712616E+03
  1.291550E+02     4.667282E+03
  1.309535E+02     4.622504E+03
  1.327771E+02     4.578280E+03
  1.346261E+02     4.534607E+03
  1.365008E+02     4.491478E+03
  1.384016E+02     4.448886E+03
  1.403289E+02     4.406819E+03
  1.422830E+02     4.365265E+03
  1.442644E+02     4.324214E+03
  1.462733E+02     4.283667E+03
  1.483103E+02     4.243626E+03
  1.503755E+02     4.204092E+03
  1.524696E+02     4.165061E+03
  1.545928E+02     4.126530E+03
  1.567455E+02     4.088494E+03
  1.589283E+02     4.050943E+03
  1.611414E+02     4.013868E+03
  1.633854E+02     3.977255E+03
  1.656606E+02     3.941095E+03
  1.679675E+02     3.905387E+03
  1.703065E+02     3.870134E+03
  1.726781E+02     3.835336E+03
  1.750827E+02     3.800990E+03
  1.775208E+02     3.767094E+03
  1.799929E+02     3.733642E+03
  1.824993E+02     3.700628E+03
  1.850407E+02     3.668041E+03
  1.876175E+02     3.635871E+03
  1.902301E+02     3.604108E+03
  1.928792E+02     3.572751E+03
  1.955651E+02     3.541802E+03
  1.982884E+02     3.511260E+03
  2.010496E+02     3.481124E+03
  2.038493E+02     3.451391E+03
  2.066880E+02     3.422056E+03
  2.095662E+02     3.393113E+03
  2.124845E+02     3.364552E+03
  2.154435E+02     3.336363E+03
  2.184436E+02     3.308537E+03
  2.214855E+02     3.281073E+03
  2.245698E+02     3.253972E+03
  2.276970E+02     3.227234E+03
  2.308678E+02     3.200857E+03
  2.340827E+02     3.174839E+03
  2.373424E+02     3.149176E+03
  2.406475E+02     3.123863E+03
  2.439986E+02     3.098891E+03
  2.473964E+02     3.074252E+03
  2.508415E+02     3.049937E+03
  2.543346E+02     3.025944E+03
  2.578763E+02     3.002274E+03
  2.614673E+02     2.978928E+03
  2.651084E+02     2.955903E+03
  2.688001E+02     2.933198E+03
  2.725433E+02     2.910809E+03
  2.763385E+02     2.888731E+03
  2.801867E+02     2.866958E+03
  2.840884E+02     2.845480E+03
  2.880444E+02     2.824290E+03
  2.920556E+02     2.803386E+03
  2.961225E+02     2.782768E+03
  3.002462E+02     2.762438E+03
  3.044272E+02     2.742393E+03
  3.086665E+02     2.722633E+03
  3.129648E+02     2.703153E+03
  3.173230E+02     2.683950E+03
  3.217418E+02     2.665018E+03
  3.262222E+02     2.646351E+03
  3.307650E+02     2.627940E+03
  3.353710E+02     2.609783E+03
  3.400412E+02     2.591882E+03
  3.447764E+02     2.574237E+03
  3.495776E+02     2.556845E+03
  3.544456E+02     2.539707E+03
  3.593814E+02     2.522820E+03
  3.643859E+02     2.506179E+03
  3.694601E+02     2.489779E+03
  3.746050E+02     2.473616E+03
  3.798215E+02     2.457681E+03
  3.851107E+02     2.441973E+03
  3.904735E+02     2.426492E+03
  3.959110E+02     2.411239E+03
  4.014242E+02     2.396212E+03
  4.070142E+02     2.381411E+03
  4.126821E+02     2.366833E+03
  4.184289E+02     2.352476E+03
  4.242556E+02     2.338335E+03
  4.301636E+02     2.324405E+03
  4.361538E+02     2.310680E+03
  4.422274E+02     2.297157E+03
  4.483856E+02     2.283838E+03
  4.546295E+02     2.270722E+03
  4.609604E+02     2.257809E+03
  4.673795E+02     2.245097E+03
  4.738880E+02     2.232586E+03
  4.804870E+02     2.220271E+03
  4.871780E+02     2.208150E+03
  4.939622E+02     2.196218E+03
  5.008408E+02     2.184470E+03
  5.078152E+02     2.172903E+03
  5.148867E+02     2.161517E+03
  5.220568E+02     2.150312E+03
  5.293266E+02     2.139289E+03
  5.366977E+02     2.128446E+03
  5.441714E+02     2.117782E+03
  5.517492E+02     2.107294E+03
  5.594326E+02     2.096980E+03
  5.672229E+02     2.086834E+03
  5.751217E+02     2.076854E+03
  5.831305E+02     2.067034E+03
  5.912508E+02     2.057378E+03
  5.994843E+02     2.047883E+03
  6.078323E+02     2.038550E+03
  6.162966E+02     2.029379E+03
  6.248788E+02     2.020368E+03
  6.335805E+02     2.011515E+03
  6.424034E+02     2.002817E+03
  6.513491E+02     1.994272E+03
  6.604194E+02     1.985874E+03
  6.696160E+02     1.977621E+03
  6.789407E+02     1.969513E+03
  6.883952E+02     1.961549E+03
  6.979814E+02     1.953729E+03
  7.077011E+02     1.946051E+03
  7.175561E+02     1.938513E+03
  7.275484E+02     1.931114E+03
  7.376798E+02     1.923849E+03
  7.479523E+02     1.916714E+03
  7.583678E+02     1.909707E+03
  7.689284E+02     1.902822E+03
  7.796360E+02     1.896063E+03
  7.904928E+02     1.889431E+03
  8.015007E+02     1.882929E+03
  8.126619E+02     1.876558E+03
  8.239786E+02     1.870321E+03
  8.354528E+02     1.864218E+03
  8.470868E+02     1.858250E+03
  8.588829E+02     1.852419E+03
  8.708431E+02     1.846726E+03
  8.829700E+02     1.841167E+03
  8.952657E+02     1.835731E+03
  9.077327E+02     1.830404E+03
  9.203732E+02     1.825170E+03
  9.331898E+02     1.820012E+03
  9.461848E+02     1.814909E+03
  9.593608E+02     1.809842E+03
  9.727203E+02     1.804786E+03
  9.862658E+02     1.799716E+03
  1.000000E+03     1.794605E+03
