FILE CREATED BY  : PROGRAM DPASS - VERSION 2.00
DATABASE VERSION : 21.06
DATE AND TIME    : 09/08/2022 22:06:48
PROJECTILE       : Rb
TARGET           : Ce
TARGET AT. MASS  : 1.401200E+02
TARGET DENSITY   : 6.770000E+00 g/cm^3
TABULATED OUTPUT : STOPPING FORCE VERSUS ENERGY
DATA TYPE        : SPLINE INTERPOLATED
ABSCISSA UNITS   : MeV/u
ORDINATE UNITS   : eV/nm


      E/n             S(E/n)

  1.000000E-03     4.804664E+02
  1.013925E-03     4.837439E+02
  1.028045E-03     4.870648E+02
  1.042361E-03     4.904272E+02
  1.056876E-03     4.938291E+02
  1.071593E-03     4.972682E+02
  1.086516E-03     5.007421E+02
  1.101646E-03     5.042481E+02
  1.116987E-03     5.077832E+02
  1.132541E-03     5.113443E+02
  1.148312E-03     5.149279E+02
  1.164303E-03     5.185308E+02
  1.180517E-03     5.221527E+02
  1.196956E-03     5.257944E+02
  1.213624E-03     5.294567E+02
  1.230524E-03     5.331405E+02
  1.247660E-03     5.368469E+02
  1.265034E-03     5.405769E+02
  1.282650E-03     5.443318E+02
  1.300511E-03     5.481129E+02
  1.318621E-03     5.519218E+02
  1.336984E-03     5.557597E+02
  1.355602E-03     5.596271E+02
  1.374479E-03     5.635240E+02
  1.393619E-03     5.674504E+02
  1.413026E-03     5.714063E+02
  1.432703E-03     5.753915E+02
  1.452654E-03     5.794062E+02
  1.472883E-03     5.834501E+02
  1.493393E-03     5.875234E+02
  1.514189E-03     5.916260E+02
  1.535275E-03     5.957578E+02
  1.556654E-03     5.999190E+02
  1.578331E-03     6.041097E+02
  1.600310E-03     6.083301E+02
  1.622595E-03     6.125804E+02
  1.645191E-03     6.168609E+02
  1.668101E-03     6.211718E+02
  1.691330E-03     6.255134E+02
  1.714882E-03     6.298860E+02
  1.738762E-03     6.342900E+02
  1.762975E-03     6.387258E+02
  1.787526E-03     6.431935E+02
  1.812418E-03     6.476934E+02
  1.837656E-03     6.522256E+02
  1.863246E-03     6.567904E+02
  1.889193E-03     6.613879E+02
  1.915501E-03     6.660183E+02
  1.942175E-03     6.706820E+02
  1.969220E-03     6.753793E+02
  1.996642E-03     6.801103E+02
  2.024447E-03     6.848756E+02
  2.052638E-03     6.896753E+02
  2.081222E-03     6.945096E+02
  2.110203E-03     6.993788E+02
  2.139589E-03     7.042832E+02
  2.169384E-03     7.092229E+02
  2.199593E-03     7.141983E+02
  2.230223E-03     7.192098E+02
  2.261280E-03     7.242576E+02
  2.292769E-03     7.293421E+02
  2.324697E-03     7.344638E+02
  2.357069E-03     7.396230E+02
  2.389893E-03     7.448199E+02
  2.423173E-03     7.500547E+02
  2.456916E-03     7.553276E+02
  2.491130E-03     7.606388E+02
  2.525820E-03     7.659886E+02
  2.560993E-03     7.713773E+02
  2.596656E-03     7.768052E+02
  2.632815E-03     7.822727E+02
  2.669478E-03     7.877801E+02
  2.706652E-03     7.933278E+02
  2.744343E-03     7.989159E+02
  2.782559E-03     8.045449E+02
  2.821308E-03     8.102149E+02
  2.860596E-03     8.159262E+02
  2.900430E-03     8.216792E+02
  2.940820E-03     8.274742E+02
  2.981772E-03     8.333117E+02
  3.023295E-03     8.391920E+02
  3.065395E-03     8.451157E+02
  3.108082E-03     8.510832E+02
  3.151363E-03     8.570947E+02
  3.195248E-03     8.631504E+02
  3.239743E-03     8.692506E+02
  3.284857E-03     8.753957E+02
  3.330600E-03     8.815860E+02
  3.376980E-03     8.878217E+02
  3.424006E-03     8.941034E+02
  3.471687E-03     9.004314E+02
  3.520031E-03     9.068062E+02
  3.569049E-03     9.132283E+02
  3.618750E-03     9.196980E+02
  3.669142E-03     9.262155E+02
  3.720237E-03     9.327811E+02
  3.772042E-03     9.393953E+02
  3.824570E-03     9.460585E+02
  3.877828E-03     9.527710E+02
  3.931829E-03     9.595334E+02
  3.986581E-03     9.663461E+02
  4.042096E-03     9.732097E+02
  4.098384E-03     9.801248E+02
  4.155455E-03     9.870916E+02
  4.213322E-03     9.941105E+02
  4.271994E-03     1.001182E+03
  4.331483E-03     1.008306E+03
  4.391801E-03     1.015483E+03
  4.452959E-03     1.022713E+03
  4.514968E-03     1.029998E+03
  4.577841E-03     1.037337E+03
  4.641589E-03     1.044731E+03
  4.706225E-03     1.052181E+03
  4.771761E-03     1.059686E+03
  4.838210E-03     1.067248E+03
  4.905584E-03     1.074867E+03
  4.973896E-03     1.082542E+03
  5.043159E-03     1.090276E+03
  5.113388E-03     1.098067E+03
  5.184594E-03     1.105917E+03
  5.256791E-03     1.113826E+03
  5.329994E-03     1.121794E+03
  5.404216E-03     1.129824E+03
  5.479472E-03     1.137914E+03
  5.555776E-03     1.146065E+03
  5.633143E-03     1.154278E+03
  5.711586E-03     1.162553E+03
  5.791123E-03     1.170891E+03
  5.871766E-03     1.179291E+03
  5.953533E-03     1.187755E+03
  6.036439E-03     1.196283E+03
  6.120498E-03     1.204876E+03
  6.205729E-03     1.213535E+03
  6.292146E-03     1.222259E+03
  6.379767E-03     1.231049E+03
  6.468608E-03     1.239907E+03
  6.558686E-03     1.248831E+03
  6.650018E-03     1.257824E+03
  6.742622E-03     1.266884E+03
  6.836516E-03     1.276014E+03
  6.931717E-03     1.285213E+03
  7.028244E-03     1.294483E+03
  7.126115E-03     1.303824E+03
  7.225349E-03     1.313236E+03
  7.325965E-03     1.322721E+03
  7.427982E-03     1.332278E+03
  7.531420E-03     1.341908E+03
  7.636298E-03     1.351612E+03
  7.742637E-03     1.361390E+03
  7.850456E-03     1.371243E+03
  7.959777E-03     1.381171E+03
  8.070620E-03     1.391176E+03
  8.183007E-03     1.401258E+03
  8.296959E-03     1.411417E+03
  8.412497E-03     1.421655E+03
  8.529644E-03     1.431971E+03
  8.648423E-03     1.442366E+03
  8.768856E-03     1.452842E+03
  8.890966E-03     1.463397E+03
  9.014776E-03     1.474034E+03
  9.140311E-03     1.484752E+03
  9.267593E-03     1.495554E+03
  9.396648E-03     1.506438E+03
  9.527500E-03     1.517407E+03
  9.660175E-03     1.528461E+03
  9.794697E-03     1.539600E+03
  9.931092E-03     1.550825E+03
  1.006939E-02     1.562136E+03
  1.020961E-02     1.573534E+03
  1.035178E-02     1.585020E+03
  1.049593E-02     1.596594E+03
  1.064209E-02     1.608258E+03
  1.079029E-02     1.620012E+03
  1.094055E-02     1.631857E+03
  1.109290E-02     1.643793E+03
  1.124737E-02     1.655822E+03
  1.140400E-02     1.667943E+03
  1.156280E-02     1.680158E+03
  1.172382E-02     1.692467E+03
  1.188708E-02     1.704872E+03
  1.205261E-02     1.717372E+03
  1.222045E-02     1.729969E+03
  1.239062E-02     1.742664E+03
  1.256317E-02     1.755458E+03
  1.273811E-02     1.768350E+03
  1.291550E-02     1.781343E+03
  1.309535E-02     1.794436E+03
  1.327771E-02     1.807630E+03
  1.346261E-02     1.820926E+03
  1.365008E-02     1.834324E+03
  1.384016E-02     1.847825E+03
  1.403289E-02     1.861431E+03
  1.422830E-02     1.875141E+03
  1.442644E-02     1.888957E+03
  1.462733E-02     1.902879E+03
  1.483103E-02     1.916909E+03
  1.503755E-02     1.931045E+03
  1.524696E-02     1.945291E+03
  1.545928E-02     1.959645E+03
  1.567455E-02     1.974110E+03
  1.589283E-02     1.988685E+03
  1.611414E-02     2.003372E+03
  1.633854E-02     2.018173E+03
  1.656606E-02     2.033087E+03
  1.679675E-02     2.048116E+03
  1.703065E-02     2.063260E+03
  1.726781E-02     2.078520E+03
  1.750827E-02     2.093896E+03
  1.775208E-02     2.109389E+03
  1.799929E-02     2.124999E+03
  1.824993E-02     2.140729E+03
  1.850407E-02     2.156578E+03
  1.876175E-02     2.172547E+03
  1.902301E-02     2.188638E+03
  1.928792E-02     2.204850E+03
  1.955651E-02     2.221186E+03
  1.982884E-02     2.237645E+03
  2.010496E-02     2.254228E+03
  2.038493E-02     2.270935E+03
  2.066880E-02     2.287769E+03
  2.095662E-02     2.304729E+03
  2.124845E-02     2.321818E+03
  2.154435E-02     2.339035E+03
  2.184436E-02     2.356383E+03
  2.214855E-02     2.373861E+03
  2.245698E-02     2.391471E+03
  2.276970E-02     2.409213E+03
  2.308678E-02     2.427089E+03
  2.340827E-02     2.445098E+03
  2.373424E-02     2.463243E+03
  2.406475E-02     2.481524E+03
  2.439986E-02     2.499943E+03
  2.473964E-02     2.518500E+03
  2.508415E-02     2.537197E+03
  2.543346E-02     2.556035E+03
  2.578763E-02     2.575015E+03
  2.614673E-02     2.594136E+03
  2.651084E-02     2.613399E+03
  2.688001E-02     2.632806E+03
  2.725433E-02     2.652357E+03
  2.763385E-02     2.672053E+03
  2.801867E-02     2.691895E+03
  2.840884E-02     2.711884E+03
  2.880444E-02     2.732021E+03
  2.920556E-02     2.752306E+03
  2.961225E-02     2.772740E+03
  3.002462E-02     2.793323E+03
  3.044272E-02     2.814056E+03
  3.086665E-02     2.834938E+03
  3.129648E-02     2.855971E+03
  3.173230E-02     2.877155E+03
  3.217418E-02     2.898489E+03
  3.262222E-02     2.919976E+03
  3.307650E-02     2.941615E+03
  3.353710E-02     2.963408E+03
  3.400412E-02     2.985353E+03
  3.447764E-02     3.007452E+03
  3.495776E-02     3.029705E+03
  3.544456E-02     3.052112E+03
  3.593814E-02     3.074674E+03
  3.643859E-02     3.097390E+03
  3.694601E-02     3.120263E+03
  3.746050E-02     3.143292E+03
  3.798215E-02     3.166478E+03
  3.851107E-02     3.189822E+03
  3.904735E-02     3.213324E+03
  3.959110E-02     3.236984E+03
  4.014242E-02     3.260802E+03
  4.070142E-02     3.284779E+03
  4.126821E-02     3.308915E+03
  4.184289E-02     3.333211E+03
  4.242556E-02     3.357667E+03
  4.301636E-02     3.382284E+03
  4.361538E-02     3.407064E+03
  4.422274E-02     3.432006E+03
  4.483856E-02     3.457111E+03
  4.546295E-02     3.482380E+03
  4.609604E-02     3.507814E+03
  4.673795E-02     3.533413E+03
  4.738880E-02     3.559179E+03
  4.804870E-02     3.585112E+03
  4.871780E-02     3.611213E+03
  4.939622E-02     3.637485E+03
  5.008408E-02     3.663929E+03
  5.078152E-02     3.690546E+03
  5.148867E-02     3.717336E+03
  5.220568E-02     3.744301E+03
  5.293266E-02     3.771442E+03
  5.366977E-02     3.798759E+03
  5.441714E-02     3.826253E+03
  5.517492E-02     3.853927E+03
  5.594326E-02     3.881781E+03
  5.672229E-02     3.909818E+03
  5.751217E-02     3.938039E+03
  5.831305E-02     3.966446E+03
  5.912508E-02     3.995039E+03
  5.994843E-02     4.023822E+03
  6.078323E-02     4.052794E+03
  6.162966E-02     4.081958E+03
  6.248788E-02     4.111315E+03
  6.335805E-02     4.140868E+03
  6.424034E-02     4.170619E+03
  6.513491E-02     4.200570E+03
  6.604194E-02     4.230724E+03
  6.696160E-02     4.261084E+03
  6.789407E-02     4.291652E+03
  6.883952E-02     4.322428E+03
  6.979814E-02     4.353414E+03
  7.077011E-02     4.384614E+03
  7.175561E-02     4.416028E+03
  7.275484E-02     4.447659E+03
  7.376798E-02     4.479510E+03
  7.479523E-02     4.511583E+03
  7.583678E-02     4.543883E+03
  7.689284E-02     4.576412E+03
  7.796360E-02     4.609171E+03
  7.904928E-02     4.642164E+03
  8.015007E-02     4.675392E+03
  8.126619E-02     4.708859E+03
  8.239786E-02     4.742566E+03
  8.354528E-02     4.776517E+03
  8.470868E-02     4.810716E+03
  8.588829E-02     4.845166E+03
  8.708431E-02     4.879871E+03
  8.829700E-02     4.914835E+03
  8.952657E-02     4.950060E+03
  9.077327E-02     4.985548E+03
  9.203732E-02     5.021301E+03
  9.331898E-02     5.057322E+03
  9.461848E-02     5.093613E+03
  9.593608E-02     5.130177E+03
  9.727203E-02     5.167016E+03
  9.862658E-02     5.204135E+03
  1.000000E-01     5.241536E+03
  1.013925E-01     5.279224E+03
  1.028045E-01     5.317199E+03
  1.042361E-01     5.355463E+03
  1.056876E-01     5.394019E+03
  1.071593E-01     5.432868E+03
  1.086516E-01     5.472011E+03
  1.101646E-01     5.511452E+03
  1.116987E-01     5.551192E+03
  1.132541E-01     5.591233E+03
  1.148312E-01     5.631580E+03
  1.164303E-01     5.672233E+03
  1.180517E-01     5.713198E+03
  1.196956E-01     5.754475E+03
  1.213624E-01     5.796069E+03
  1.230524E-01     5.837982E+03
  1.247660E-01     5.880220E+03
  1.265034E-01     5.922785E+03
  1.282650E-01     5.965682E+03
  1.300511E-01     6.008915E+03
  1.318621E-01     6.052491E+03
  1.336984E-01     6.096413E+03
  1.355602E-01     6.140684E+03
  1.374479E-01     6.185303E+03
  1.393619E-01     6.230271E+03
  1.413026E-01     6.275586E+03
  1.432703E-01     6.321250E+03
  1.452654E-01     6.367261E+03
  1.472883E-01     6.413620E+03
  1.493393E-01     6.460326E+03
  1.514189E-01     6.507379E+03
  1.535275E-01     6.554778E+03
  1.556654E-01     6.602524E+03
  1.578331E-01     6.650612E+03
  1.600310E-01     6.699043E+03
  1.622595E-01     6.747812E+03
  1.645191E-01     6.796919E+03
  1.668101E-01     6.846359E+03
  1.691330E-01     6.896132E+03
  1.714882E-01     6.946234E+03
  1.738762E-01     6.996663E+03
  1.762975E-01     7.047415E+03
  1.787526E-01     7.098487E+03
  1.812418E-01     7.149878E+03
  1.837656E-01     7.201585E+03
  1.863246E-01     7.253604E+03
  1.889193E-01     7.305934E+03
  1.915501E-01     7.358571E+03
  1.942175E-01     7.411514E+03
  1.969220E-01     7.464758E+03
  1.996642E-01     7.518302E+03
  2.024447E-01     7.572142E+03
  2.052638E-01     7.626274E+03
  2.081222E-01     7.680697E+03
  2.110203E-01     7.735405E+03
  2.139589E-01     7.790395E+03
  2.169384E-01     7.845663E+03
  2.199593E-01     7.901205E+03
  2.230223E-01     7.957018E+03
  2.261280E-01     8.013098E+03
  2.292769E-01     8.069441E+03
  2.324697E-01     8.126043E+03
  2.357069E-01     8.182899E+03
  2.389893E-01     8.240005E+03
  2.423173E-01     8.297354E+03
  2.456916E-01     8.354942E+03
  2.491130E-01     8.412762E+03
  2.525820E-01     8.470809E+03
  2.560993E-01     8.529078E+03
  2.596656E-01     8.587563E+03
  2.632815E-01     8.646257E+03
  2.669478E-01     8.705156E+03
  2.706652E-01     8.764253E+03
  2.744343E-01     8.823540E+03
  2.782559E-01     8.883011E+03
  2.821308E-01     8.942656E+03
  2.860596E-01     9.002469E+03
  2.900430E-01     9.062442E+03
  2.940820E-01     9.122567E+03
  2.981772E-01     9.182835E+03
  3.023295E-01     9.243240E+03
  3.065395E-01     9.303773E+03
  3.108082E-01     9.364426E+03
  3.151363E-01     9.425190E+03
  3.195248E-01     9.486056E+03
  3.239743E-01     9.547014E+03
  3.284857E-01     9.608057E+03
  3.330600E-01     9.669174E+03
  3.376980E-01     9.730357E+03
  3.424006E-01     9.791597E+03
  3.471687E-01     9.852885E+03
  3.520031E-01     9.914212E+03
  3.569049E-01     9.975571E+03
  3.618750E-01     1.003695E+04
  3.669142E-01     1.009834E+04
  3.720237E-01     1.015974E+04
  3.772042E-01     1.022113E+04
  3.824570E-01     1.028251E+04
  3.877828E-01     1.034387E+04
  3.931829E-01     1.040519E+04
  3.986581E-01     1.046649E+04
  4.042096E-01     1.052774E+04
  4.098384E-01     1.058893E+04
  4.155455E-01     1.065008E+04
  4.213322E-01     1.071115E+04
  4.271994E-01     1.077216E+04
  4.331483E-01     1.083310E+04
  4.391801E-01     1.089395E+04
  4.452959E-01     1.095471E+04
  4.514968E-01     1.101539E+04
  4.577841E-01     1.107598E+04
  4.641589E-01     1.113647E+04
  4.706225E-01     1.119687E+04
  4.771761E-01     1.125717E+04
  4.838210E-01     1.131735E+04
  4.905584E-01     1.137742E+04
  4.973896E-01     1.143736E+04
  5.043159E-01     1.149716E+04
  5.113388E-01     1.155683E+04
  5.184594E-01     1.161634E+04
  5.256791E-01     1.167571E+04
  5.329994E-01     1.173492E+04
  5.404216E-01     1.179398E+04
  5.479472E-01     1.185287E+04
  5.555776E-01     1.191159E+04
  5.633143E-01     1.197013E+04
  5.711586E-01     1.202849E+04
  5.791123E-01     1.208666E+04
  5.871766E-01     1.214464E+04
  5.953533E-01     1.220242E+04
  6.036439E-01     1.226002E+04
  6.120498E-01     1.231742E+04
  6.205729E-01     1.237463E+04
  6.292146E-01     1.243164E+04
  6.379767E-01     1.248847E+04
  6.468608E-01     1.254510E+04
  6.558686E-01     1.260155E+04
  6.650018E-01     1.265782E+04
  6.742622E-01     1.271391E+04
  6.836516E-01     1.276983E+04
  6.931717E-01     1.282560E+04
  7.028244E-01     1.288123E+04
  7.126115E-01     1.293672E+04
  7.225349E-01     1.299209E+04
  7.325965E-01     1.304732E+04
  7.427982E-01     1.310241E+04
  7.531420E-01     1.315735E+04
  7.636298E-01     1.321213E+04
  7.742637E-01     1.326675E+04
  7.850456E-01     1.332121E+04
  7.959777E-01     1.337550E+04
  8.070620E-01     1.342963E+04
  8.183007E-01     1.348358E+04
  8.296959E-01     1.353735E+04
  8.412497E-01     1.359093E+04
  8.529644E-01     1.364430E+04
  8.648423E-01     1.369744E+04
  8.768856E-01     1.375035E+04
  8.890966E-01     1.380299E+04
  9.014776E-01     1.385536E+04
  9.140311E-01     1.390745E+04
  9.267593E-01     1.395924E+04
  9.396648E-01     1.401070E+04
  9.527500E-01     1.406184E+04
  9.660175E-01     1.411262E+04
  9.794697E-01     1.416304E+04
  9.931092E-01     1.421308E+04
  1.006939E+00     1.426272E+04
  1.020961E+00     1.431195E+04
  1.035178E+00     1.436075E+04
  1.049593E+00     1.440910E+04
  1.064209E+00     1.445699E+04
  1.079029E+00     1.450442E+04
  1.094055E+00     1.455135E+04
  1.109290E+00     1.459778E+04
  1.124737E+00     1.464368E+04
  1.140400E+00     1.468904E+04
  1.156280E+00     1.473384E+04
  1.172382E+00     1.477807E+04
  1.188708E+00     1.482170E+04
  1.205261E+00     1.486473E+04
  1.222045E+00     1.490714E+04
  1.239062E+00     1.494891E+04
  1.256317E+00     1.499003E+04
  1.273811E+00     1.503048E+04
  1.291550E+00     1.507026E+04
  1.309535E+00     1.510934E+04
  1.327771E+00     1.514771E+04
  1.346261E+00     1.518537E+04
  1.365008E+00     1.522229E+04
  1.384016E+00     1.525848E+04
  1.403289E+00     1.529392E+04
  1.422830E+00     1.532861E+04
  1.442644E+00     1.536253E+04
  1.462733E+00     1.539568E+04
  1.483103E+00     1.542805E+04
  1.503755E+00     1.545964E+04
  1.524696E+00     1.549042E+04
  1.545928E+00     1.552041E+04
  1.567455E+00     1.554959E+04
  1.589283E+00     1.557796E+04
  1.611414E+00     1.560553E+04
  1.633854E+00     1.563230E+04
  1.656606E+00     1.565826E+04
  1.679675E+00     1.568342E+04
  1.703065E+00     1.570774E+04
  1.726781E+00     1.573124E+04
  1.750827E+00     1.575389E+04
  1.775208E+00     1.577568E+04
  1.799929E+00     1.579661E+04
  1.824993E+00     1.581668E+04
  1.850407E+00     1.583589E+04
  1.876175E+00     1.585422E+04
  1.902301E+00     1.587169E+04
  1.928792E+00     1.588828E+04
  1.955651E+00     1.590400E+04
  1.982884E+00     1.591886E+04
  2.010496E+00     1.593284E+04
  2.038493E+00     1.594597E+04
  2.066880E+00     1.595825E+04
  2.095662E+00     1.596968E+04
  2.124845E+00     1.598029E+04
  2.154435E+00     1.599010E+04
  2.184436E+00     1.599912E+04
  2.214855E+00     1.600734E+04
  2.245698E+00     1.601477E+04
  2.276970E+00     1.602139E+04
  2.308678E+00     1.602720E+04
  2.340827E+00     1.603221E+04
  2.373424E+00     1.603641E+04
  2.406475E+00     1.603980E+04
  2.439986E+00     1.604239E+04
  2.473964E+00     1.604418E+04
  2.508415E+00     1.604518E+04
  2.543346E+00     1.604539E+04
  2.578763E+00     1.604481E+04
  2.614673E+00     1.604344E+04
  2.651084E+00     1.604129E+04
  2.688001E+00     1.603835E+04
  2.725433E+00     1.603465E+04
  2.763385E+00     1.603017E+04
  2.801867E+00     1.602495E+04
  2.840884E+00     1.601899E+04
  2.880444E+00     1.601231E+04
  2.920556E+00     1.600492E+04
  2.961225E+00     1.599681E+04
  3.002462E+00     1.598798E+04
  3.044272E+00     1.597844E+04
  3.086665E+00     1.596819E+04
  3.129648E+00     1.595725E+04
  3.173230E+00     1.594561E+04
  3.217418E+00     1.593329E+04
  3.262222E+00     1.592030E+04
  3.307650E+00     1.590666E+04
  3.353710E+00     1.589236E+04
  3.400412E+00     1.587742E+04
  3.447764E+00     1.586184E+04
  3.495776E+00     1.584560E+04
  3.544456E+00     1.582874E+04
  3.593814E+00     1.581123E+04
  3.643859E+00     1.579311E+04
  3.694601E+00     1.577437E+04
  3.746050E+00     1.575502E+04
  3.798215E+00     1.573509E+04
  3.851107E+00     1.571456E+04
  3.904735E+00     1.569346E+04
  3.959110E+00     1.567177E+04
  4.014242E+00     1.564949E+04
  4.070142E+00     1.562664E+04
  4.126821E+00     1.560322E+04
  4.184289E+00     1.557922E+04
  4.242556E+00     1.555466E+04
  4.301636E+00     1.552955E+04
  4.361538E+00     1.550389E+04
  4.422274E+00     1.547769E+04
  4.483856E+00     1.545095E+04
  4.546295E+00     1.542368E+04
  4.609604E+00     1.539587E+04
  4.673795E+00     1.536752E+04
  4.738880E+00     1.533864E+04
  4.804870E+00     1.530924E+04
  4.871780E+00     1.527931E+04
  4.939622E+00     1.524887E+04
  5.008408E+00     1.521793E+04
  5.078152E+00     1.518648E+04
  5.148867E+00     1.515453E+04
  5.220568E+00     1.512209E+04
  5.293266E+00     1.508914E+04
  5.366977E+00     1.505570E+04
  5.441714E+00     1.502176E+04
  5.517492E+00     1.498733E+04
  5.594326E+00     1.495242E+04
  5.672229E+00     1.491703E+04
  5.751217E+00     1.488116E+04
  5.831305E+00     1.484482E+04
  5.912508E+00     1.480802E+04
  5.994843E+00     1.477074E+04
  6.078323E+00     1.473300E+04
  6.162966E+00     1.469481E+04
  6.248788E+00     1.465615E+04
  6.335805E+00     1.461704E+04
  6.424034E+00     1.457748E+04
  6.513491E+00     1.453747E+04
  6.604194E+00     1.449703E+04
  6.696160E+00     1.445616E+04
  6.789407E+00     1.441486E+04
  6.883952E+00     1.437312E+04
  6.979814E+00     1.433095E+04
  7.077011E+00     1.428836E+04
  7.175561E+00     1.424533E+04
  7.275484E+00     1.420188E+04
  7.376798E+00     1.415800E+04
  7.479523E+00     1.411370E+04
  7.583678E+00     1.406898E+04
  7.689284E+00     1.402385E+04
  7.796360E+00     1.397830E+04
  7.904928E+00     1.393233E+04
  8.015007E+00     1.388596E+04
  8.126619E+00     1.383918E+04
  8.239786E+00     1.379200E+04
  8.354528E+00     1.374443E+04
  8.470868E+00     1.369646E+04
  8.588829E+00     1.364810E+04
  8.708431E+00     1.359936E+04
  8.829700E+00     1.355025E+04
  8.952657E+00     1.350077E+04
  9.077327E+00     1.345091E+04
  9.203732E+00     1.340069E+04
  9.331898E+00     1.335010E+04
  9.461848E+00     1.329915E+04
  9.593608E+00     1.324785E+04
  9.727203E+00     1.319618E+04
  9.862658E+00     1.314417E+04
  1.000000E+01     1.309181E+04
  1.013925E+01     1.303911E+04
  1.028045E+01     1.298607E+04
  1.042361E+01     1.293269E+04
  1.056876E+01     1.287898E+04
  1.071593E+01     1.282494E+04
  1.086516E+01     1.277057E+04
  1.101646E+01     1.271588E+04
  1.116987E+01     1.266086E+04
  1.132541E+01     1.260553E+04
  1.148312E+01     1.254988E+04
  1.164303E+01     1.249392E+04
  1.180517E+01     1.243766E+04
  1.196956E+01     1.238110E+04
  1.213624E+01     1.232424E+04
  1.230524E+01     1.226709E+04
  1.247660E+01     1.220966E+04
  1.265034E+01     1.215195E+04
  1.282650E+01     1.209398E+04
  1.300511E+01     1.203573E+04
  1.318621E+01     1.197723E+04
  1.336984E+01     1.191848E+04
  1.355602E+01     1.185948E+04
  1.374479E+01     1.180025E+04
  1.393619E+01     1.174077E+04
  1.413026E+01     1.168106E+04
  1.432703E+01     1.162113E+04
  1.452654E+01     1.156097E+04
  1.472883E+01     1.150058E+04
  1.493393E+01     1.143999E+04
  1.514189E+01     1.137918E+04
  1.535275E+01     1.131816E+04
  1.556654E+01     1.125694E+04
  1.578331E+01     1.119553E+04
  1.600310E+01     1.113393E+04
  1.622595E+01     1.107215E+04
  1.645191E+01     1.101020E+04
  1.668101E+01     1.094810E+04
  1.691330E+01     1.088584E+04
  1.714882E+01     1.082344E+04
  1.738762E+01     1.076090E+04
  1.762975E+01     1.069823E+04
  1.787526E+01     1.063545E+04
  1.812418E+01     1.057255E+04
  1.837656E+01     1.050954E+04
  1.863246E+01     1.044643E+04
  1.889193E+01     1.038322E+04
  1.915501E+01     1.031991E+04
  1.942175E+01     1.025651E+04
  1.969220E+01     1.019303E+04
  1.996642E+01     1.012945E+04
  2.024447E+01     1.006580E+04
  2.052638E+01     1.000206E+04
  2.081222E+01     9.938251E+03
  2.110203E+01     9.874377E+03
  2.139589E+01     9.810445E+03
  2.169384E+01     9.746461E+03
  2.199593E+01     9.682431E+03
  2.230223E+01     9.618360E+03
  2.261280E+01     9.554254E+03
  2.292769E+01     9.490117E+03
  2.324697E+01     9.425954E+03
  2.357069E+01     9.361771E+03
  2.389893E+01     9.297582E+03
  2.423173E+01     9.233400E+03
  2.456916E+01     9.169238E+03
  2.491130E+01     9.105108E+03
  2.525820E+01     9.041025E+03
  2.560993E+01     8.977001E+03
  2.596656E+01     8.913049E+03
  2.632815E+01     8.849182E+03
  2.669478E+01     8.785413E+03
  2.706652E+01     8.721751E+03
  2.744343E+01     8.658201E+03
  2.782559E+01     8.594767E+03
  2.821308E+01     8.531451E+03
  2.860596E+01     8.468255E+03
  2.900430E+01     8.405178E+03
  2.940820E+01     8.342220E+03
  2.981772E+01     8.279378E+03
  3.023295E+01     8.216649E+03
  3.065395E+01     8.154026E+03
  3.108082E+01     8.091509E+03
  3.151363E+01     8.029108E+03
  3.195248E+01     7.966833E+03
  3.239743E+01     7.904694E+03
  3.284857E+01     7.842700E+03
  3.330600E+01     7.780862E+03
  3.376980E+01     7.719187E+03
  3.424006E+01     7.657684E+03
  3.471687E+01     7.596360E+03
  3.520031E+01     7.535221E+03
  3.569049E+01     7.474274E+03
  3.618750E+01     7.413528E+03
  3.669142E+01     7.352993E+03
  3.720237E+01     7.292676E+03
  3.772042E+01     7.232586E+03
  3.824570E+01     7.172729E+03
  3.877828E+01     7.113111E+03
  3.931829E+01     7.053737E+03
  3.986581E+01     6.994611E+03
  4.042096E+01     6.935735E+03
  4.098384E+01     6.877112E+03
  4.155455E+01     6.818750E+03
  4.213322E+01     6.760656E+03
  4.271994E+01     6.702838E+03
  4.331483E+01     6.645300E+03
  4.391801E+01     6.588047E+03
  4.452959E+01     6.531083E+03
  4.514968E+01     6.474410E+03
  4.577841E+01     6.418030E+03
  4.641589E+01     6.361940E+03
  4.706225E+01     6.306141E+03
  4.771761E+01     6.250641E+03
  4.838210E+01     6.195447E+03
  4.905584E+01     6.140566E+03
  4.973896E+01     6.086006E+03
  5.043159E+01     6.031772E+03
  5.113388E+01     5.977867E+03
  5.184594E+01     5.924296E+03
  5.256791E+01     5.871059E+03
  5.329994E+01     5.818157E+03
  5.404216E+01     5.765590E+03
  5.479472E+01     5.713363E+03
  5.555776E+01     5.661483E+03
  5.633143E+01     5.609954E+03
  5.711586E+01     5.558782E+03
  5.791123E+01     5.507968E+03
  5.871766E+01     5.457515E+03
  5.953533E+01     5.407423E+03
  6.036439E+01     5.357690E+03
  6.120498E+01     5.308313E+03
  6.205729E+01     5.259288E+03
  6.292146E+01     5.210618E+03
  6.379767E+01     5.162312E+03
  6.468608E+01     5.114373E+03
  6.558686E+01     5.066808E+03
  6.650018E+01     5.019618E+03
  6.742622E+01     4.972807E+03
  6.836516E+01     4.926375E+03
  6.931717E+01     4.880321E+03
  7.028244E+01     4.834642E+03
  7.126115E+01     4.789335E+03
  7.225349E+01     4.744402E+03
  7.325965E+01     4.699849E+03
  7.427982E+01     4.655678E+03
  7.531420E+01     4.611893E+03
  7.636298E+01     4.568495E+03
  7.742637E+01     4.525484E+03
  7.850456E+01     4.482859E+03
  7.959777E+01     4.440616E+03
  8.070620E+01     4.398751E+03
  8.183007E+01     4.357255E+03
  8.296959E+01     4.316131E+03
  8.412497E+01     4.275382E+03
  8.529644E+01     4.235013E+03
  8.648423E+01     4.195026E+03
  8.768856E+01     4.155422E+03
  8.890966E+01     4.116202E+03
  9.014776E+01     4.077364E+03
  9.140311E+01     4.038905E+03
  9.267593E+01     4.000820E+03
  9.396648E+01     3.963104E+03
  9.527500E+01     3.925754E+03
  9.660175E+01     3.888774E+03
  9.794697E+01     3.852167E+03
  9.931092E+01     3.815935E+03
  1.006939E+02     3.780078E+03
  1.020961E+02     3.744594E+03
  1.035178E+02     3.709481E+03
  1.049593E+02     3.674734E+03
  1.064209E+02     3.640348E+03
  1.079029E+02     3.606314E+03
  1.094055E+02     3.572630E+03
  1.109290E+02     3.539299E+03
  1.124737E+02     3.506323E+03
  1.140400E+02     3.473703E+03
  1.156280E+02     3.441440E+03
  1.172382E+02     3.409532E+03
  1.188708E+02     3.377977E+03
  1.205261E+02     3.346771E+03
  1.222045E+02     3.315908E+03
  1.239062E+02     3.285381E+03
  1.256317E+02     3.255186E+03
  1.273811E+02     3.225324E+03
  1.291550E+02     3.195798E+03
  1.309535E+02     3.166608E+03
  1.327771E+02     3.137753E+03
  1.346261E+02     3.109233E+03
  1.365008E+02     3.081043E+03
  1.384016E+02     3.053178E+03
  1.403289E+02     3.025634E+03
  1.422830E+02     2.998401E+03
  1.442644E+02     2.971475E+03
  1.462733E+02     2.944856E+03
  1.483103E+02     2.918548E+03
  1.503755E+02     2.892550E+03
  1.524696E+02     2.866863E+03
  1.545928E+02     2.841483E+03
  1.567455E+02     2.816410E+03
  1.589283E+02     2.791637E+03
  1.611414E+02     2.767161E+03
  1.633854E+02     2.742974E+03
  1.656606E+02     2.719070E+03
  1.679675E+02     2.695450E+03
  1.703065E+02     2.672115E+03
  1.726781E+02     2.649067E+03
  1.750827E+02     2.626303E+03
  1.775208E+02     2.603822E+03
  1.799929E+02     2.581622E+03
  1.824993E+02     2.559697E+03
  1.850407E+02     2.538043E+03
  1.876175E+02     2.516653E+03
  1.902301E+02     2.495520E+03
  1.928792E+02     2.474645E+03
  1.955651E+02     2.454029E+03
  1.982884E+02     2.433672E+03
  2.010496E+02     2.413573E+03
  2.038493E+02     2.393731E+03
  2.066880E+02     2.374143E+03
  2.095662E+02     2.354806E+03
  2.124845E+02     2.335713E+03
  2.154435E+02     2.316860E+03
  2.184436E+02     2.298239E+03
  2.214855E+02     2.279852E+03
  2.245698E+02     2.261698E+03
  2.276970E+02     2.243779E+03
  2.308678E+02     2.226093E+03
  2.340827E+02     2.208640E+03
  2.373424E+02     2.191416E+03
  2.406475E+02     2.174419E+03
  2.439986E+02     2.157644E+03
  2.473964E+02     2.141085E+03
  2.508415E+02     2.124737E+03
  2.543346E+02     2.108600E+03
  2.578763E+02     2.092674E+03
  2.614673E+02     2.076959E+03
  2.651084E+02     2.061454E+03
  2.688001E+02     2.046159E+03
  2.725433E+02     2.031071E+03
  2.763385E+02     2.016187E+03
  2.801867E+02     2.001503E+03
  2.840884E+02     1.987013E+03
  2.880444E+02     1.972713E+03
  2.920556E+02     1.958601E+03
  2.961225E+02     1.944678E+03
  3.002462E+02     1.930945E+03
  3.044272E+02     1.917401E+03
  3.086665E+02     1.904044E+03
  3.129648E+02     1.890874E+03
  3.173230E+02     1.877887E+03
  3.217418E+02     1.865081E+03
  3.262222E+02     1.852449E+03
  3.307650E+02     1.839989E+03
  3.353710E+02     1.827699E+03
  3.400412E+02     1.815578E+03
  3.447764E+02     1.803628E+03
  3.495776E+02     1.791848E+03
  3.544456E+02     1.780237E+03
  3.593814E+02     1.768793E+03
  3.643859E+02     1.757514E+03
  3.694601E+02     1.746397E+03
  3.746050E+02     1.735437E+03
  3.798215E+02     1.724631E+03
  3.851107E+02     1.713976E+03
  3.904735E+02     1.703474E+03
  3.959110E+02     1.693125E+03
  4.014242E+02     1.682928E+03
  4.070142E+02     1.672882E+03
  4.126821E+02     1.662987E+03
  4.184289E+02     1.653240E+03
  4.242556E+02     1.643638E+03
  4.301636E+02     1.634179E+03
  4.361538E+02     1.624858E+03
  4.422274E+02     1.615674E+03
  4.483856E+02     1.606627E+03
  4.546295E+02     1.597718E+03
  4.609604E+02     1.588945E+03
  4.673795E+02     1.580309E+03
  4.738880E+02     1.571808E+03
  4.804870E+02     1.563440E+03
  4.871780E+02     1.555204E+03
  4.939622E+02     1.547095E+03
  5.008408E+02     1.539111E+03
  5.078152E+02     1.531249E+03
  5.148867E+02     1.523510E+03
  5.220568E+02     1.515894E+03
  5.293266E+02     1.508401E+03
  5.366977E+02     1.501030E+03
  5.441714E+02     1.493780E+03
  5.517492E+02     1.486649E+03
  5.594326E+02     1.479636E+03
  5.672229E+02     1.472737E+03
  5.751217E+02     1.465950E+03
  5.831305E+02     1.459273E+03
  5.912508E+02     1.452705E+03
  5.994843E+02     1.446247E+03
  6.078323E+02     1.439898E+03
  6.162966E+02     1.433659E+03
  6.248788E+02     1.427528E+03
  6.335805E+02     1.421504E+03
  6.424034E+02     1.415585E+03
  6.513491E+02     1.409769E+03
  6.604194E+02     1.404052E+03
  6.696160E+02     1.398434E+03
  6.789407E+02     1.392913E+03
  6.883952E+02     1.387489E+03
  6.979814E+02     1.382162E+03
  7.077011E+02     1.376930E+03
  7.175561E+02     1.371793E+03
  7.275484E+02     1.366748E+03
  7.376798E+02     1.361794E+03
  7.479523E+02     1.356927E+03
  7.583678E+02     1.352144E+03
  7.689284E+02     1.347444E+03
  7.796360E+02     1.342827E+03
  7.904928E+02     1.338295E+03
  8.015007E+02     1.333849E+03
  8.126619E+02     1.329491E+03
  8.239786E+02     1.325222E+03
  8.354528E+02     1.321044E+03
  8.470868E+02     1.316956E+03
  8.588829E+02     1.312960E+03
  8.708431E+02     1.309056E+03
  8.829700E+02     1.305243E+03
  8.952657E+02     1.301512E+03
  9.077327E+02     1.297855E+03
  9.203732E+02     1.294259E+03
  9.331898E+02     1.290715E+03
  9.461848E+02     1.287207E+03
  9.593608E+02     1.283723E+03
  9.727203E+02     1.280245E+03
  9.862658E+02     1.276758E+03
  1.000000E+03     1.273242E+03
