FILE CREATED BY  : PROGRAM DPASS - VERSION 2.00
DATABASE VERSION : 21.06
DATE AND TIME    : 09/08/2022 22:10:42
PROJECTILE       : Sr
TARGET           : Nd
TARGET AT. MASS  : 1.442400E+02
TARGET DENSITY   : 7.010000E+00 g/cm^3
TABULATED OUTPUT : STOPPING FORCE VERSUS ENERGY
DATA TYPE        : SPLINE INTERPOLATED
ABSCISSA UNITS   : MeV/u
ORDINATE UNITS   : eV/nm


      E/n             S(E/n)

  1.000000E-03     5.107880E+02
  1.013925E-03     5.142687E+02
  1.028045E-03     5.177955E+02
  1.042361E-03     5.213663E+02
  1.056876E-03     5.249791E+02
  1.071593E-03     5.286313E+02
  1.086516E-03     5.323205E+02
  1.101646E-03     5.360436E+02
  1.116987E-03     5.397977E+02
  1.132541E-03     5.435792E+02
  1.148312E-03     5.473846E+02
  1.164303E-03     5.512103E+02
  1.180517E-03     5.550561E+02
  1.196956E-03     5.589229E+02
  1.213624E-03     5.628115E+02
  1.230524E-03     5.667229E+02
  1.247660E-03     5.706583E+02
  1.265034E-03     5.746188E+02
  1.282650E-03     5.786058E+02
  1.300511E-03     5.826208E+02
  1.318621E-03     5.866653E+02
  1.336984E-03     5.907409E+02
  1.355602E-03     5.948479E+02
  1.374479E-03     5.989864E+02
  1.393619E-03     6.031561E+02
  1.413026E-03     6.073569E+02
  1.432703E-03     6.115888E+02
  1.452654E-03     6.158515E+02
  1.472883E-03     6.201449E+02
  1.493393E-03     6.244688E+02
  1.514189E-03     6.288232E+02
  1.535275E-03     6.332077E+02
  1.556654E-03     6.376226E+02
  1.578331E-03     6.420681E+02
  1.600310E-03     6.465445E+02
  1.622595E-03     6.510522E+02
  1.645191E-03     6.555915E+02
  1.668101E-03     6.601630E+02
  1.691330E-03     6.647670E+02
  1.714882E-03     6.694041E+02
  1.738762E-03     6.740749E+02
  1.762975E-03     6.787798E+02
  1.787526E-03     6.835193E+02
  1.812418E-03     6.882934E+02
  1.837656E-03     6.931023E+02
  1.863246E-03     6.979459E+02
  1.889193E-03     7.028246E+02
  1.915501E-03     7.077383E+02
  1.942175E-03     7.126873E+02
  1.969220E-03     7.176717E+02
  1.996642E-03     7.226918E+02
  2.024447E-03     7.277477E+02
  2.052638E-03     7.328396E+02
  2.081222E-03     7.379679E+02
  2.110203E-03     7.431326E+02
  2.139589E-03     7.483341E+02
  2.169384E-03     7.535726E+02
  2.199593E-03     7.588486E+02
  2.230223E-03     7.641622E+02
  2.261280E-03     7.695140E+02
  2.292769E-03     7.749044E+02
  2.324697E-03     7.803338E+02
  2.357069E-03     7.858025E+02
  2.389893E-03     7.913109E+02
  2.423173E-03     7.968592E+02
  2.456916E-03     8.024476E+02
  2.491130E-03     8.080766E+02
  2.525820E-03     8.137464E+02
  2.560993E-03     8.194575E+02
  2.596656E-03     8.252102E+02
  2.632815E-03     8.310050E+02
  2.669478E-03     8.368425E+02
  2.706652E-03     8.427229E+02
  2.744343E-03     8.486464E+02
  2.782559E-03     8.546130E+02
  2.821308E-03     8.606228E+02
  2.860596E-03     8.666759E+02
  2.900430E-03     8.727724E+02
  2.940820E-03     8.789123E+02
  2.981772E-03     8.850959E+02
  3.023295E-03     8.913233E+02
  3.065395E-03     8.975947E+02
  3.108082E-03     9.039103E+02
  3.151363E-03     9.102707E+02
  3.195248E-03     9.166766E+02
  3.239743E-03     9.231286E+02
  3.284857E-03     9.296276E+02
  3.330600E-03     9.361744E+02
  3.376980E-03     9.427698E+02
  3.424006E-03     9.494149E+02
  3.471687E-03     9.561107E+02
  3.520031E-03     9.628585E+02
  3.569049E-03     9.696590E+02
  3.618750E-03     9.765124E+02
  3.669142E-03     9.834186E+02
  3.720237E-03     9.903774E+02
  3.772042E-03     9.973887E+02
  3.824570E-03     1.004453E+03
  3.877828E-03     1.011569E+03
  3.931829E-03     1.018737E+03
  3.986581E-03     1.025957E+03
  4.042096E-03     1.033229E+03
  4.098384E-03     1.040553E+03
  4.155455E-03     1.047929E+03
  4.213322E-03     1.055358E+03
  4.271994E-03     1.062841E+03
  4.331483E-03     1.070377E+03
  4.391801E-03     1.077968E+03
  4.452959E-03     1.085614E+03
  4.514968E-03     1.093317E+03
  4.577841E-03     1.101077E+03
  4.641589E-03     1.108895E+03
  4.706225E-03     1.116772E+03
  4.771761E-03     1.124708E+03
  4.838210E-03     1.132705E+03
  4.905584E-03     1.140761E+03
  4.973896E-03     1.148878E+03
  5.043159E-03     1.157055E+03
  5.113388E-03     1.165294E+03
  5.184594E-03     1.173594E+03
  5.256791E-03     1.181957E+03
  5.329994E-03     1.190382E+03
  5.404216E-03     1.198870E+03
  5.479472E-03     1.207422E+03
  5.555776E-03     1.216038E+03
  5.633143E-03     1.224718E+03
  5.711586E-03     1.233463E+03
  5.791123E-03     1.242274E+03
  5.871766E-03     1.251150E+03
  5.953533E-03     1.260093E+03
  6.036439E-03     1.269104E+03
  6.120498E-03     1.278182E+03
  6.205729E-03     1.287328E+03
  6.292146E-03     1.296544E+03
  6.379767E-03     1.305829E+03
  6.468608E-03     1.315184E+03
  6.558686E-03     1.324610E+03
  6.650018E-03     1.334107E+03
  6.742622E-03     1.343675E+03
  6.836516E-03     1.353316E+03
  6.931717E-03     1.363030E+03
  7.028244E-03     1.372818E+03
  7.126115E-03     1.382680E+03
  7.225349E-03     1.392617E+03
  7.325965E-03     1.402630E+03
  7.427982E-03     1.412719E+03
  7.531420E-03     1.422885E+03
  7.636298E-03     1.433127E+03
  7.742637E-03     1.443447E+03
  7.850456E-03     1.453845E+03
  7.959777E-03     1.464321E+03
  8.070620E-03     1.474877E+03
  8.183007E-03     1.485513E+03
  8.296959E-03     1.496230E+03
  8.412497E-03     1.507029E+03
  8.529644E-03     1.517909E+03
  8.648423E-03     1.528872E+03
  8.768856E-03     1.539917E+03
  8.890966E-03     1.551047E+03
  9.014776E-03     1.562262E+03
  9.140311E-03     1.573562E+03
  9.267593E-03     1.584948E+03
  9.396648E-03     1.596422E+03
  9.527500E-03     1.607984E+03
  9.660175E-03     1.619635E+03
  9.794697E-03     1.631375E+03
  9.931092E-03     1.643205E+03
  1.006939E-02     1.655125E+03
  1.020961E-02     1.667136E+03
  1.035178E-02     1.679239E+03
  1.049593E-02     1.691435E+03
  1.064209E-02     1.703724E+03
  1.079029E-02     1.716107E+03
  1.094055E-02     1.728586E+03
  1.109290E-02     1.741160E+03
  1.124737E-02     1.753830E+03
  1.140400E-02     1.766597E+03
  1.156280E-02     1.779461E+03
  1.172382E-02     1.792424E+03
  1.188708E-02     1.805486E+03
  1.205261E-02     1.818647E+03
  1.222045E-02     1.831909E+03
  1.239062E-02     1.845273E+03
  1.256317E-02     1.858739E+03
  1.273811E-02     1.872308E+03
  1.291550E-02     1.885982E+03
  1.309535E-02     1.899759E+03
  1.327771E-02     1.913642E+03
  1.346261E-02     1.927631E+03
  1.365008E-02     1.941726E+03
  1.384016E-02     1.955929E+03
  1.403289E-02     1.970241E+03
  1.422830E-02     1.984663E+03
  1.442644E-02     1.999195E+03
  1.462733E-02     2.013839E+03
  1.483103E-02     2.028594E+03
  1.503755E-02     2.043462E+03
  1.524696E-02     2.058443E+03
  1.545928E-02     2.073538E+03
  1.567455E-02     2.088748E+03
  1.589283E-02     2.104073E+03
  1.611414E-02     2.119515E+03
  1.633854E-02     2.135074E+03
  1.656606E-02     2.150752E+03
  1.679675E-02     2.166548E+03
  1.703065E-02     2.182464E+03
  1.726781E-02     2.198501E+03
  1.750827E-02     2.214658E+03
  1.775208E-02     2.230937E+03
  1.799929E-02     2.247339E+03
  1.824993E-02     2.263864E+03
  1.850407E-02     2.280514E+03
  1.876175E-02     2.297290E+03
  1.902301E-02     2.314192E+03
  1.928792E-02     2.331222E+03
  1.955651E-02     2.348379E+03
  1.982884E-02     2.365665E+03
  2.010496E-02     2.383080E+03
  2.038493E-02     2.400625E+03
  2.066880E-02     2.418300E+03
  2.095662E-02     2.436106E+03
  2.124845E-02     2.454045E+03
  2.154435E-02     2.472118E+03
  2.184436E-02     2.490324E+03
  2.214855E-02     2.508666E+03
  2.245698E-02     2.527144E+03
  2.276970E-02     2.545758E+03
  2.308678E-02     2.564509E+03
  2.340827E-02     2.583399E+03
  2.373424E-02     2.602429E+03
  2.406475E-02     2.621599E+03
  2.439986E-02     2.640911E+03
  2.473964E-02     2.660366E+03
  2.508415E-02     2.679965E+03
  2.543346E-02     2.699710E+03
  2.578763E-02     2.719601E+03
  2.614673E-02     2.739638E+03
  2.651084E-02     2.759823E+03
  2.688001E-02     2.780155E+03
  2.725433E-02     2.800637E+03
  2.763385E-02     2.821269E+03
  2.801867E-02     2.842052E+03
  2.840884E-02     2.862987E+03
  2.880444E-02     2.884076E+03
  2.920556E-02     2.905318E+03
  2.961225E-02     2.926715E+03
  3.002462E-02     2.948267E+03
  3.044272E-02     2.969974E+03
  3.086665E-02     2.991836E+03
  3.129648E-02     3.013855E+03
  3.173230E-02     3.036030E+03
  3.217418E-02     3.058362E+03
  3.262222E-02     3.080853E+03
  3.307650E-02     3.103502E+03
  3.353710E-02     3.126310E+03
  3.400412E-02     3.149278E+03
  3.447764E-02     3.172405E+03
  3.495776E-02     3.195692E+03
  3.544456E-02     3.219139E+03
  3.593814E-02     3.242747E+03
  3.643859E-02     3.266516E+03
  3.694601E-02     3.290447E+03
  3.746050E-02     3.314540E+03
  3.798215E-02     3.338795E+03
  3.851107E-02     3.363214E+03
  3.904735E-02     3.387797E+03
  3.959110E-02     3.412544E+03
  4.014242E-02     3.437454E+03
  4.070142E-02     3.462529E+03
  4.126821E-02     3.487769E+03
  4.184289E-02     3.513174E+03
  4.242556E-02     3.538746E+03
  4.301636E-02     3.564484E+03
  4.361538E-02     3.590391E+03
  4.422274E-02     3.616465E+03
  4.483856E-02     3.642709E+03
  4.546295E-02     3.669121E+03
  4.609604E-02     3.695704E+03
  4.673795E-02     3.722456E+03
  4.738880E-02     3.749380E+03
  4.804870E-02     3.776475E+03
  4.871780E-02     3.803744E+03
  4.939622E-02     3.831186E+03
  5.008408E-02     3.858804E+03
  5.078152E-02     3.886598E+03
  5.148867E-02     3.914570E+03
  5.220568E-02     3.942719E+03
  5.293266E-02     3.971047E+03
  5.366977E-02     3.999555E+03
  5.441714E-02     4.028245E+03
  5.517492E-02     4.057116E+03
  5.594326E-02     4.086172E+03
  5.672229E-02     4.115415E+03
  5.751217E-02     4.144845E+03
  5.831305E-02     4.174465E+03
  5.912508E-02     4.204276E+03
  5.994843E-02     4.234279E+03
  6.078323E-02     4.264475E+03
  6.162966E-02     4.294866E+03
  6.248788E-02     4.325454E+03
  6.335805E-02     4.356240E+03
  6.424034E-02     4.387227E+03
  6.513491E-02     4.418417E+03
  6.604194E-02     4.449813E+03
  6.696160E-02     4.481417E+03
  6.789407E-02     4.513231E+03
  6.883952E-02     4.545256E+03
  6.979814E-02     4.577494E+03
  7.077011E-02     4.609947E+03
  7.175561E-02     4.642617E+03
  7.275484E-02     4.675507E+03
  7.376798E-02     4.708619E+03
  7.479523E-02     4.741956E+03
  7.583678E-02     4.775523E+03
  7.689284E-02     4.809321E+03
  7.796360E-02     4.843353E+03
  7.904928E-02     4.877621E+03
  8.015007E-02     4.912126E+03
  8.126619E-02     4.946872E+03
  8.239786E-02     4.981861E+03
  8.354528E-02     5.017095E+03
  8.470868E-02     5.052579E+03
  8.588829E-02     5.088314E+03
  8.708431E-02     5.124306E+03
  8.829700E-02     5.160558E+03
  8.952657E-02     5.197072E+03
  9.077327E-02     5.233851E+03
  9.203732E-02     5.270896E+03
  9.331898E-02     5.308212E+03
  9.461848E-02     5.345800E+03
  9.593608E-02     5.383665E+03
  9.727203E-02     5.421809E+03
  9.862658E-02     5.460237E+03
  1.000000E-01     5.498952E+03
  1.013925E-01     5.537960E+03
  1.028045E-01     5.577262E+03
  1.042361E-01     5.616861E+03
  1.056876E-01     5.656758E+03
  1.071593E-01     5.696956E+03
  1.086516E-01     5.737458E+03
  1.101646E-01     5.778266E+03
  1.116987E-01     5.819384E+03
  1.132541E-01     5.860815E+03
  1.148312E-01     5.902563E+03
  1.164303E-01     5.944630E+03
  1.180517E-01     5.987021E+03
  1.196956E-01     6.029737E+03
  1.213624E-01     6.072781E+03
  1.230524E-01     6.116156E+03
  1.247660E-01     6.159866E+03
  1.265034E-01     6.203913E+03
  1.282650E-01     6.248302E+03
  1.300511E-01     6.293036E+03
  1.318621E-01     6.338120E+03
  1.336984E-01     6.383557E+03
  1.355602E-01     6.429351E+03
  1.374479E-01     6.475501E+03
  1.393619E-01     6.522007E+03
  1.413026E-01     6.568871E+03
  1.432703E-01     6.616092E+03
  1.452654E-01     6.663672E+03
  1.472883E-01     6.711611E+03
  1.493393E-01     6.759910E+03
  1.514189E-01     6.808569E+03
  1.535275E-01     6.857590E+03
  1.556654E-01     6.906972E+03
  1.578331E-01     6.956712E+03
  1.600310E-01     7.006810E+03
  1.622595E-01     7.057262E+03
  1.645191E-01     7.108068E+03
  1.668101E-01     7.159225E+03
  1.691330E-01     7.210731E+03
  1.714882E-01     7.262584E+03
  1.738762E-01     7.314780E+03
  1.762975E-01     7.367318E+03
  1.787526E-01     7.420195E+03
  1.812418E-01     7.473409E+03
  1.837656E-01     7.526958E+03
  1.863246E-01     7.580838E+03
  1.889193E-01     7.635049E+03
  1.915501E-01     7.689586E+03
  1.942175E-01     7.744448E+03
  1.969220E-01     7.799633E+03
  1.996642E-01     7.855137E+03
  2.024447E-01     7.910958E+03
  2.052638E-01     7.967093E+03
  2.081222E-01     8.023540E+03
  2.110203E-01     8.080295E+03
  2.139589E-01     8.137356E+03
  2.169384E-01     8.194718E+03
  2.199593E-01     8.252380E+03
  2.230223E-01     8.310338E+03
  2.261280E-01     8.368589E+03
  2.292769E-01     8.427131E+03
  2.324697E-01     8.485961E+03
  2.357069E-01     8.545074E+03
  2.389893E-01     8.604468E+03
  2.423173E-01     8.664136E+03
  2.456916E-01     8.724075E+03
  2.491130E-01     8.784280E+03
  2.525820E-01     8.844746E+03
  2.560993E-01     8.905469E+03
  2.596656E-01     8.966445E+03
  2.632815E-01     9.027669E+03
  2.669478E-01     9.089136E+03
  2.706652E-01     9.150842E+03
  2.744343E-01     9.212779E+03
  2.782559E-01     9.274942E+03
  2.821308E-01     9.337324E+03
  2.860596E-01     9.399917E+03
  2.900430E-01     9.462715E+03
  2.940820E-01     9.525712E+03
  2.981772E-01     9.588899E+03
  3.023295E-01     9.652271E+03
  3.065395E-01     9.715822E+03
  3.108082E-01     9.779542E+03
  3.151363E-01     9.843425E+03
  3.195248E-01     9.907460E+03
  3.239743E-01     9.971639E+03
  3.284857E-01     1.003595E+04
  3.330600E-01     1.010039E+04
  3.376980E-01     1.016495E+04
  3.424006E-01     1.022961E+04
  3.471687E-01     1.029437E+04
  3.520031E-01     1.035922E+04
  3.569049E-01     1.042415E+04
  3.618750E-01     1.048915E+04
  3.669142E-01     1.055421E+04
  3.720237E-01     1.061932E+04
  3.772042E-01     1.068448E+04
  3.824570E-01     1.074967E+04
  3.877828E-01     1.081488E+04
  3.931829E-01     1.088011E+04
  3.986581E-01     1.094534E+04
  4.042096E-01     1.101058E+04
  4.098384E-01     1.107580E+04
  4.155455E-01     1.114101E+04
  4.213322E-01     1.120619E+04
  4.271994E-01     1.127135E+04
  4.331483E-01     1.133646E+04
  4.391801E-01     1.140154E+04
  4.452959E-01     1.146656E+04
  4.514968E-01     1.153153E+04
  4.577841E-01     1.159644E+04
  4.641589E-01     1.166129E+04
  4.706225E-01     1.172607E+04
  4.771761E-01     1.179078E+04
  4.838210E-01     1.185541E+04
  4.905584E-01     1.191994E+04
  4.973896E-01     1.198437E+04
  5.043159E-01     1.204868E+04
  5.113388E-01     1.211288E+04
  5.184594E-01     1.217694E+04
  5.256791E-01     1.224087E+04
  5.329994E-01     1.230466E+04
  5.404216E-01     1.236830E+04
  5.479472E-01     1.243177E+04
  5.555776E-01     1.249507E+04
  5.633143E-01     1.255819E+04
  5.711586E-01     1.262111E+04
  5.791123E-01     1.268382E+04
  5.871766E-01     1.274631E+04
  5.953533E-01     1.280857E+04
  6.036439E-01     1.287059E+04
  6.120498E-01     1.293237E+04
  6.205729E-01     1.299389E+04
  6.292146E-01     1.305516E+04
  6.379767E-01     1.311617E+04
  6.468608E-01     1.317694E+04
  6.558686E-01     1.323748E+04
  6.650018E-01     1.329779E+04
  6.742622E-01     1.335789E+04
  6.836516E-01     1.341779E+04
  6.931717E-01     1.347751E+04
  7.028244E-01     1.353708E+04
  7.126115E-01     1.359651E+04
  7.225349E-01     1.365581E+04
  7.325965E-01     1.371498E+04
  7.427982E-01     1.377400E+04
  7.531420E-01     1.383289E+04
  7.636298E-01     1.389163E+04
  7.742637E-01     1.395022E+04
  7.850456E-01     1.400868E+04
  7.959777E-01     1.406699E+04
  8.070620E-01     1.412516E+04
  8.183007E-01     1.418319E+04
  8.296959E-01     1.424108E+04
  8.412497E-01     1.429882E+04
  8.529644E-01     1.435638E+04
  8.648423E-01     1.441375E+04
  8.768856E-01     1.447092E+04
  8.890966E-01     1.452788E+04
  9.014776E-01     1.458459E+04
  9.140311E-01     1.464106E+04
  9.267593E-01     1.469727E+04
  9.396648E-01     1.475320E+04
  9.527500E-01     1.480883E+04
  9.660175E-01     1.486415E+04
  9.794697E-01     1.491915E+04
  9.931092E-01     1.497380E+04
  1.006939E+00     1.502808E+04
  1.020961E+00     1.508198E+04
  1.035178E+00     1.513549E+04
  1.049593E+00     1.518858E+04
  1.064209E+00     1.524124E+04
  1.079029E+00     1.529345E+04
  1.094055E+00     1.534520E+04
  1.109290E+00     1.539647E+04
  1.124737E+00     1.544724E+04
  1.140400E+00     1.549749E+04
  1.156280E+00     1.554720E+04
  1.172382E+00     1.559636E+04
  1.188708E+00     1.564495E+04
  1.205261E+00     1.569296E+04
  1.222045E+00     1.574036E+04
  1.239062E+00     1.578715E+04
  1.256317E+00     1.583330E+04
  1.273811E+00     1.587881E+04
  1.291550E+00     1.592365E+04
  1.309535E+00     1.596781E+04
  1.327771E+00     1.601127E+04
  1.346261E+00     1.605401E+04
  1.365008E+00     1.609603E+04
  1.384016E+00     1.613731E+04
  1.403289E+00     1.617784E+04
  1.422830E+00     1.621761E+04
  1.442644E+00     1.625660E+04
  1.462733E+00     1.629481E+04
  1.483103E+00     1.633222E+04
  1.503755E+00     1.636881E+04
  1.524696E+00     1.640459E+04
  1.545928E+00     1.643953E+04
  1.567455E+00     1.647363E+04
  1.589283E+00     1.650689E+04
  1.611414E+00     1.653929E+04
  1.633854E+00     1.657085E+04
  1.656606E+00     1.660154E+04
  1.679675E+00     1.663137E+04
  1.703065E+00     1.666033E+04
  1.726781E+00     1.668840E+04
  1.750827E+00     1.671557E+04
  1.775208E+00     1.674184E+04
  1.799929E+00     1.676721E+04
  1.824993E+00     1.679168E+04
  1.850407E+00     1.681524E+04
  1.876175E+00     1.683790E+04
  1.902301E+00     1.685965E+04
  1.928792E+00     1.688051E+04
  1.955651E+00     1.690045E+04
  1.982884E+00     1.691947E+04
  2.010496E+00     1.693757E+04
  2.038493E+00     1.695475E+04
  2.066880E+00     1.697102E+04
  2.095662E+00     1.698637E+04
  2.124845E+00     1.700081E+04
  2.154435E+00     1.701436E+04
  2.184436E+00     1.702701E+04
  2.214855E+00     1.703878E+04
  2.245698E+00     1.704964E+04
  2.276970E+00     1.705961E+04
  2.308678E+00     1.706867E+04
  2.340827E+00     1.707683E+04
  2.373424E+00     1.708408E+04
  2.406475E+00     1.709045E+04
  2.439986E+00     1.709592E+04
  2.473964E+00     1.710051E+04
  2.508415E+00     1.710424E+04
  2.543346E+00     1.710710E+04
  2.578763E+00     1.710909E+04
  2.614673E+00     1.711021E+04
  2.651084E+00     1.711046E+04
  2.688001E+00     1.710986E+04
  2.725433E+00     1.710840E+04
  2.763385E+00     1.710609E+04
  2.801867E+00     1.710296E+04
  2.840884E+00     1.709900E+04
  2.880444E+00     1.709424E+04
  2.920556E+00     1.708869E+04
  2.961225E+00     1.708234E+04
  3.002462E+00     1.707518E+04
  3.044272E+00     1.706723E+04
  3.086665E+00     1.705849E+04
  3.129648E+00     1.704897E+04
  3.173230E+00     1.703866E+04
  3.217418E+00     1.702759E+04
  3.262222E+00     1.701576E+04
  3.307650E+00     1.700319E+04
  3.353710E+00     1.698988E+04
  3.400412E+00     1.697584E+04
  3.447764E+00     1.696107E+04
  3.495776E+00     1.694556E+04
  3.544456E+00     1.692933E+04
  3.593814E+00     1.691238E+04
  3.643859E+00     1.689473E+04
  3.694601E+00     1.687637E+04
  3.746050E+00     1.685733E+04
  3.798215E+00     1.683762E+04
  3.851107E+00     1.681725E+04
  3.904735E+00     1.679621E+04
  3.959110E+00     1.677451E+04
  4.014242E+00     1.675215E+04
  4.070142E+00     1.672913E+04
  4.126821E+00     1.670546E+04
  4.184289E+00     1.668115E+04
  4.242556E+00     1.665621E+04
  4.301636E+00     1.663064E+04
  4.361538E+00     1.660445E+04
  4.422274E+00     1.657766E+04
  4.483856E+00     1.655027E+04
  4.546295E+00     1.652227E+04
  4.609604E+00     1.649367E+04
  4.673795E+00     1.646448E+04
  4.738880E+00     1.643469E+04
  4.804870E+00     1.640433E+04
  4.871780E+00     1.637338E+04
  4.939622E+00     1.634188E+04
  5.008408E+00     1.630981E+04
  5.078152E+00     1.627720E+04
  5.148867E+00     1.624404E+04
  5.220568E+00     1.621033E+04
  5.293266E+00     1.617608E+04
  5.366977E+00     1.614128E+04
  5.441714E+00     1.610595E+04
  5.517492E+00     1.607008E+04
  5.594326E+00     1.603367E+04
  5.672229E+00     1.599674E+04
  5.751217E+00     1.595930E+04
  5.831305E+00     1.592134E+04
  5.912508E+00     1.588287E+04
  5.994843E+00     1.584389E+04
  6.078323E+00     1.580440E+04
  6.162966E+00     1.576441E+04
  6.248788E+00     1.572391E+04
  6.335805E+00     1.568292E+04
  6.424034E+00     1.564144E+04
  6.513491E+00     1.559946E+04
  6.604194E+00     1.555701E+04
  6.696160E+00     1.551409E+04
  6.789407E+00     1.547069E+04
  6.883952E+00     1.542682E+04
  6.979814E+00     1.538247E+04
  7.077011E+00     1.533767E+04
  7.175561E+00     1.529239E+04
  7.275484E+00     1.524666E+04
  7.376798E+00     1.520047E+04
  7.479523E+00     1.515383E+04
  7.583678E+00     1.510674E+04
  7.689284E+00     1.505921E+04
  7.796360E+00     1.501124E+04
  7.904928E+00     1.496284E+04
  8.015007E+00     1.491400E+04
  8.126619E+00     1.486472E+04
  8.239786E+00     1.481502E+04
  8.354528E+00     1.476489E+04
  8.470868E+00     1.471435E+04
  8.588829E+00     1.466338E+04
  8.708431E+00     1.461201E+04
  8.829700E+00     1.456023E+04
  8.952657E+00     1.450805E+04
  9.077327E+00     1.445546E+04
  9.203732E+00     1.440248E+04
  9.331898E+00     1.434910E+04
  9.461848E+00     1.429533E+04
  9.593608E+00     1.424117E+04
  9.727203E+00     1.418662E+04
  9.862658E+00     1.413169E+04
  1.000000E+01     1.407638E+04
  1.013925E+01     1.402069E+04
  1.028045E+01     1.396464E+04
  1.042361E+01     1.390822E+04
  1.056876E+01     1.385143E+04
  1.071593E+01     1.379429E+04
  1.086516E+01     1.373680E+04
  1.101646E+01     1.367897E+04
  1.116987E+01     1.362079E+04
  1.132541E+01     1.356228E+04
  1.148312E+01     1.350344E+04
  1.164303E+01     1.344428E+04
  1.180517E+01     1.338480E+04
  1.196956E+01     1.332501E+04
  1.213624E+01     1.326491E+04
  1.230524E+01     1.320451E+04
  1.247660E+01     1.314380E+04
  1.265034E+01     1.308280E+04
  1.282650E+01     1.302151E+04
  1.300511E+01     1.295993E+04
  1.318621E+01     1.289807E+04
  1.336984E+01     1.283592E+04
  1.355602E+01     1.277351E+04
  1.374479E+01     1.271083E+04
  1.393619E+01     1.264788E+04
  1.413026E+01     1.258468E+04
  1.432703E+01     1.252123E+04
  1.452654E+01     1.245753E+04
  1.472883E+01     1.239360E+04
  1.493393E+01     1.232943E+04
  1.514189E+01     1.226503E+04
  1.535275E+01     1.220041E+04
  1.556654E+01     1.213558E+04
  1.578331E+01     1.207054E+04
  1.600310E+01     1.200529E+04
  1.622595E+01     1.193986E+04
  1.645191E+01     1.187423E+04
  1.668101E+01     1.180842E+04
  1.691330E+01     1.174244E+04
  1.714882E+01     1.167629E+04
  1.738762E+01     1.160997E+04
  1.762975E+01     1.154350E+04
  1.787526E+01     1.147688E+04
  1.812418E+01     1.141012E+04
  1.837656E+01     1.134322E+04
  1.863246E+01     1.127620E+04
  1.889193E+01     1.120905E+04
  1.915501E+01     1.114179E+04
  1.942175E+01     1.107442E+04
  1.969220E+01     1.100695E+04
  1.996642E+01     1.093937E+04
  2.024447E+01     1.087171E+04
  2.052638E+01     1.080396E+04
  2.081222E+01     1.073613E+04
  2.110203E+01     1.066823E+04
  2.139589E+01     1.060028E+04
  2.169384E+01     1.053227E+04
  2.199593E+01     1.046422E+04
  2.230223E+01     1.039614E+04
  2.261280E+01     1.032802E+04
  2.292769E+01     1.025989E+04
  2.324697E+01     1.019174E+04
  2.357069E+01     1.012358E+04
  2.389893E+01     1.005543E+04
  2.423173E+01     9.987279E+03
  2.456916E+01     9.919148E+03
  2.491130E+01     9.851039E+03
  2.525820E+01     9.782960E+03
  2.560993E+01     9.714915E+03
  2.596656E+01     9.646908E+03
  2.632815E+01     9.578946E+03
  2.669478E+01     9.511029E+03
  2.706652E+01     9.443165E+03
  2.744343E+01     9.375364E+03
  2.782559E+01     9.307637E+03
  2.821308E+01     9.239993E+03
  2.860596E+01     9.172443E+03
  2.900430E+01     9.104995E+03
  2.940820E+01     9.037659E+03
  2.981772E+01     8.970443E+03
  3.023295E+01     8.903354E+03
  3.065395E+01     8.836399E+03
  3.108082E+01     8.769585E+03
  3.151363E+01     8.702920E+03
  3.195248E+01     8.636410E+03
  3.239743E+01     8.570062E+03
  3.284857E+01     8.503882E+03
  3.330600E+01     8.437872E+03
  3.376980E+01     8.372038E+03
  3.424006E+01     8.306380E+03
  3.471687E+01     8.240900E+03
  3.520031E+01     8.175597E+03
  3.569049E+01     8.110472E+03
  3.618750E+01     8.045536E+03
  3.669142E+01     7.980800E+03
  3.720237E+01     7.916273E+03
  3.772042E+01     7.851966E+03
  3.824570E+01     7.787886E+03
  3.877828E+01     7.724043E+03
  3.931829E+01     7.660444E+03
  3.986581E+01     7.597094E+03
  4.042096E+01     7.534000E+03
  4.098384E+01     7.471166E+03
  4.155455E+01     7.408600E+03
  4.213322E+01     7.346312E+03
  4.271994E+01     7.284308E+03
  4.331483E+01     7.222594E+03
  4.391801E+01     7.161176E+03
  4.452959E+01     7.100057E+03
  4.514968E+01     7.039241E+03
  4.577841E+01     6.978728E+03
  4.641589E+01     6.918519E+03
  4.706225E+01     6.858612E+03
  4.771761E+01     6.799016E+03
  4.838210E+01     6.739739E+03
  4.905584E+01     6.680788E+03
  4.973896E+01     6.622171E+03
  5.043159E+01     6.563892E+03
  5.113388E+01     6.505956E+03
  5.184594E+01     6.448366E+03
  5.256791E+01     6.391123E+03
  5.329994E+01     6.334227E+03
  5.404216E+01     6.277677E+03
  5.479472E+01     6.221480E+03
  5.555776E+01     6.165642E+03
  5.633143E+01     6.110169E+03
  5.711586E+01     6.055066E+03
  5.791123E+01     6.000337E+03
  5.871766E+01     5.945984E+03
  5.953533E+01     5.892007E+03
  6.036439E+01     5.838406E+03
  6.120498E+01     5.785177E+03
  6.205729E+01     5.732317E+03
  6.292146E+01     5.679831E+03
  6.379767E+01     5.627725E+03
  6.468608E+01     5.576005E+03
  6.558686E+01     5.524678E+03
  6.650018E+01     5.473746E+03
  6.742622E+01     5.423212E+03
  6.836516E+01     5.373076E+03
  6.931717E+01     5.323339E+03
  7.028244E+01     5.273997E+03
  7.126115E+01     5.225048E+03
  7.225349E+01     5.176492E+03
  7.325965E+01     5.128336E+03
  7.427982E+01     5.080584E+03
  7.531420E+01     5.033239E+03
  7.636298E+01     4.986303E+03
  7.742637E+01     4.939776E+03
  7.850456E+01     4.893655E+03
  7.959777E+01     4.847938E+03
  8.070620E+01     4.802619E+03
  8.183007E+01     4.757691E+03
  8.296959E+01     4.713155E+03
  8.412497E+01     4.669017E+03
  8.529644E+01     4.625280E+03
  8.648423E+01     4.581948E+03
  8.768856E+01     4.539023E+03
  8.890966E+01     4.496505E+03
  9.014776E+01     4.454393E+03
  9.140311E+01     4.412685E+03
  9.267593E+01     4.371376E+03
  9.396648E+01     4.330460E+03
  9.527500E+01     4.289936E+03
  9.660175E+01     4.249808E+03
  9.794697E+01     4.210078E+03
  9.931092E+01     4.170748E+03
  1.006939E+02     4.131818E+03
  1.020961E+02     4.093287E+03
  1.035178E+02     4.055153E+03
  1.049593E+02     4.017410E+03
  1.064209E+02     3.980052E+03
  1.079029E+02     3.943070E+03
  1.094055E+02     3.906461E+03
  1.109290E+02     3.870229E+03
  1.124737E+02     3.834376E+03
  1.140400E+02     3.798905E+03
  1.156280E+02     3.763814E+03
  1.172382E+02     3.729105E+03
  1.188708E+02     3.694773E+03
  1.205261E+02     3.660814E+03
  1.222045E+02     3.627224E+03
  1.239062E+02     3.593993E+03
  1.256317E+02     3.561119E+03
  1.273811E+02     3.528603E+03
  1.291550E+02     3.496448E+03
  1.309535E+02     3.464655E+03
  1.327771E+02     3.433223E+03
  1.346261E+02     3.402151E+03
  1.365008E+02     3.371437E+03
  1.384016E+02     3.341074E+03
  1.403289E+02     3.311058E+03
  1.422830E+02     3.281380E+03
  1.442644E+02     3.252035E+03
  1.462733E+02     3.223024E+03
  1.483103E+02     3.194350E+03
  1.503755E+02     3.166012E+03
  1.524696E+02     3.138010E+03
  1.545928E+02     3.110341E+03
  1.567455E+02     3.083003E+03
  1.589283E+02     3.055991E+03
  1.611414E+02     3.029297E+03
  1.633854E+02     3.002915E+03
  1.656606E+02     2.976838E+03
  1.679675E+02     2.951066E+03
  1.703065E+02     2.925602E+03
  1.726781E+02     2.900446E+03
  1.750827E+02     2.875598E+03
  1.775208E+02     2.851055E+03
  1.799929E+02     2.826815E+03
  1.824993E+02     2.802874E+03
  1.850407E+02     2.779226E+03
  1.876175E+02     2.755864E+03
  1.902301E+02     2.732781E+03
  1.928792E+02     2.709979E+03
  1.955651E+02     2.687459E+03
  1.982884E+02     2.665220E+03
  2.010496E+02     2.643261E+03
  2.038493E+02     2.621583E+03
  2.066880E+02     2.600180E+03
  2.095662E+02     2.579050E+03
  2.124845E+02     2.558187E+03
  2.154435E+02     2.537584E+03
  2.184436E+02     2.517235E+03
  2.214855E+02     2.497139E+03
  2.245698E+02     2.477299E+03
  2.276970E+02     2.457713E+03
  2.308678E+02     2.438382E+03
  2.340827E+02     2.419303E+03
  2.373424E+02     2.400475E+03
  2.406475E+02     2.381894E+03
  2.439986E+02     2.363555E+03
  2.473964E+02     2.345452E+03
  2.508415E+02     2.327578E+03
  2.543346E+02     2.309934E+03
  2.578763E+02     2.292520E+03
  2.614673E+02     2.275336E+03
  2.651084E+02     2.258382E+03
  2.688001E+02     2.241656E+03
  2.725433E+02     2.225156E+03
  2.763385E+02     2.208878E+03
  2.801867E+02     2.192819E+03
  2.840884E+02     2.176972E+03
  2.880444E+02     2.161331E+03
  2.920556E+02     2.145897E+03
  2.961225E+02     2.130669E+03
  3.002462E+02     2.115648E+03
  3.044272E+02     2.100833E+03
  3.086665E+02     2.086223E+03
  3.129648E+02     2.071817E+03
  3.173230E+02     2.057610E+03
  3.217418E+02     2.043601E+03
  3.262222E+02     2.029783E+03
  3.307650E+02     2.016151E+03
  3.353710E+02     2.002705E+03
  3.400412E+02     1.989445E+03
  3.447764E+02     1.976370E+03
  3.495776E+02     1.963482E+03
  3.544456E+02     1.950778E+03
  3.593814E+02     1.938257E+03
  3.643859E+02     1.925916E+03
  3.694601E+02     1.913752E+03
  3.746050E+02     1.901760E+03
  3.798215E+02     1.889937E+03
  3.851107E+02     1.878279E+03
  3.904735E+02     1.866789E+03
  3.959110E+02     1.855465E+03
  4.014242E+02     1.844308E+03
  4.070142E+02     1.833318E+03
  4.126821E+02     1.822491E+03
  4.184289E+02     1.811827E+03
  4.242556E+02     1.801322E+03
  4.301636E+02     1.790972E+03
  4.361538E+02     1.780774E+03
  4.422274E+02     1.770725E+03
  4.483856E+02     1.760826E+03
  4.546295E+02     1.751077E+03
  4.609604E+02     1.741478E+03
  4.673795E+02     1.732029E+03
  4.738880E+02     1.722727E+03
  4.804870E+02     1.713571E+03
  4.871780E+02     1.704558E+03
  4.939622E+02     1.695685E+03
  5.008408E+02     1.686948E+03
  5.078152E+02     1.678345E+03
  5.148867E+02     1.669877E+03
  5.220568E+02     1.661543E+03
  5.293266E+02     1.653344E+03
  5.366977E+02     1.645279E+03
  5.441714E+02     1.637345E+03
  5.517492E+02     1.629543E+03
  5.594326E+02     1.621868E+03
  5.672229E+02     1.614319E+03
  5.751217E+02     1.606892E+03
  5.831305E+02     1.599585E+03
  5.912508E+02     1.592398E+03
  5.994843E+02     1.585331E+03
  6.078323E+02     1.578384E+03
  6.162966E+02     1.571556E+03
  6.248788E+02     1.564846E+03
  6.335805E+02     1.558254E+03
  6.424034E+02     1.551776E+03
  6.513491E+02     1.545411E+03
  6.604194E+02     1.539156E+03
  6.696160E+02     1.533007E+03
  6.789407E+02     1.526965E+03
  6.883952E+02     1.521029E+03
  6.979814E+02     1.515200E+03
  7.077011E+02     1.509475E+03
  7.175561E+02     1.503853E+03
  7.275484E+02     1.498332E+03
  7.376798E+02     1.492910E+03
  7.479523E+02     1.487583E+03
  7.583678E+02     1.482349E+03
  7.689284E+02     1.477204E+03
  7.796360E+02     1.472151E+03
  7.904928E+02     1.467190E+03
  8.015007E+02     1.462324E+03
  8.126619E+02     1.457554E+03
  8.239786E+02     1.452881E+03
  8.354528E+02     1.448307E+03
  8.470868E+02     1.443832E+03
  8.588829E+02     1.439457E+03
  8.708431E+02     1.435183E+03
  8.829700E+02     1.431008E+03
  8.952657E+02     1.426923E+03
  9.077327E+02     1.422918E+03
  9.203732E+02     1.418981E+03
  9.331898E+02     1.415099E+03
  9.461848E+02     1.411258E+03
  9.593608E+02     1.407442E+03
  9.727203E+02     1.403633E+03
  9.862658E+02     1.399814E+03
  1.000000E+03     1.395963E+03
