FILE CREATED BY  : PROGRAM DPASS - VERSION 2.00
DATABASE VERSION : 21.06
DATE AND TIME    : 09/08/2022 22:12:02
PROJECTILE       : Sr
TARGET           : U 
TARGET AT. MASS  : 2.380290E+02
TARGET DENSITY   : 1.895000E+01 g/cm^3
TABULATED OUTPUT : STOPPING FORCE VERSUS ENERGY
DATA TYPE        : SPLINE INTERPOLATED
ABSCISSA UNITS   : MeV/u
ORDINATE UNITS   : eV/nm


      E/n             S(E/n)

  1.000000E-03     1.019370E+03
  1.013925E-03     1.026283E+03
  1.028045E-03     1.033288E+03
  1.042361E-03     1.040380E+03
  1.056876E-03     1.047556E+03
  1.071593E-03     1.054812E+03
  1.086516E-03     1.062141E+03
  1.101646E-03     1.069539E+03
  1.116987E-03     1.077000E+03
  1.132541E-03     1.084517E+03
  1.148312E-03     1.092083E+03
  1.164303E-03     1.099691E+03
  1.180517E-03     1.107341E+03
  1.196956E-03     1.115034E+03
  1.213624E-03     1.122772E+03
  1.230524E-03     1.130555E+03
  1.247660E-03     1.138386E+03
  1.265034E-03     1.146267E+03
  1.282650E-03     1.154199E+03
  1.300511E-03     1.162185E+03
  1.318621E-03     1.170228E+03
  1.336984E-03     1.178329E+03
  1.355602E-03     1.186490E+03
  1.374479E-03     1.194710E+03
  1.393619E-03     1.202990E+03
  1.413026E-03     1.211331E+03
  1.432703E-03     1.219731E+03
  1.452654E-03     1.228191E+03
  1.472883E-03     1.236711E+03
  1.493393E-03     1.245292E+03
  1.514189E-03     1.253934E+03
  1.535275E-03     1.262636E+03
  1.556654E-03     1.271399E+03
  1.578331E-03     1.280224E+03
  1.600310E-03     1.289111E+03
  1.622595E-03     1.298059E+03
  1.645191E-03     1.307071E+03
  1.668101E-03     1.316145E+03
  1.691330E-03     1.325283E+03
  1.714882E-03     1.334486E+03
  1.738762E-03     1.343753E+03
  1.762975E-03     1.353086E+03
  1.787526E-03     1.362486E+03
  1.812418E-03     1.371951E+03
  1.837656E-03     1.381484E+03
  1.863246E-03     1.391084E+03
  1.889193E-03     1.400751E+03
  1.915501E-03     1.410486E+03
  1.942175E-03     1.420290E+03
  1.969220E-03     1.430163E+03
  1.996642E-03     1.440106E+03
  2.024447E-03     1.450119E+03
  2.052638E-03     1.460203E+03
  2.081222E-03     1.470359E+03
  2.110203E-03     1.480587E+03
  2.139589E-03     1.490886E+03
  2.169384E-03     1.501259E+03
  2.199593E-03     1.511704E+03
  2.230223E-03     1.522224E+03
  2.261280E-03     1.532818E+03
  2.292769E-03     1.543488E+03
  2.324697E-03     1.554234E+03
  2.357069E-03     1.565057E+03
  2.389893E-03     1.575958E+03
  2.423173E-03     1.586936E+03
  2.456916E-03     1.597991E+03
  2.491130E-03     1.609126E+03
  2.525820E-03     1.620339E+03
  2.560993E-03     1.631632E+03
  2.596656E-03     1.643004E+03
  2.632815E-03     1.654458E+03
  2.669478E-03     1.665993E+03
  2.706652E-03     1.677610E+03
  2.744343E-03     1.689309E+03
  2.782559E-03     1.701092E+03
  2.821308E-03     1.712958E+03
  2.860596E-03     1.724909E+03
  2.900430E-03     1.736944E+03
  2.940820E-03     1.749065E+03
  2.981772E-03     1.761272E+03
  3.023295E-03     1.773567E+03
  3.065395E-03     1.785950E+03
  3.108082E-03     1.798422E+03
  3.151363E-03     1.810984E+03
  3.195248E-03     1.823636E+03
  3.239743E-03     1.836378E+03
  3.284857E-03     1.849212E+03
  3.330600E-03     1.862137E+03
  3.376980E-03     1.875154E+03
  3.424006E-03     1.888265E+03
  3.471687E-03     1.901469E+03
  3.520031E-03     1.914768E+03
  3.569049E-03     1.928163E+03
  3.618750E-03     1.941654E+03
  3.669142E-03     1.955241E+03
  3.720237E-03     1.968926E+03
  3.772042E-03     1.982709E+03
  3.824570E-03     1.996591E+03
  3.877828E-03     2.010572E+03
  3.931829E-03     2.024654E+03
  3.986581E-03     2.038837E+03
  4.042096E-03     2.053123E+03
  4.098384E-03     2.067512E+03
  4.155455E-03     2.082006E+03
  4.213322E-03     2.096605E+03
  4.271994E-03     2.111309E+03
  4.331483E-03     2.126119E+03
  4.391801E-03     2.141036E+03
  4.452959E-03     2.156060E+03
  4.514968E-03     2.171193E+03
  4.577841E-03     2.186436E+03
  4.641589E-03     2.201789E+03
  4.706225E-03     2.217253E+03
  4.771761E-03     2.232830E+03
  4.838210E-03     2.248519E+03
  4.905584E-03     2.264322E+03
  4.973896E-03     2.280240E+03
  5.043159E-03     2.296274E+03
  5.113388E-03     2.312424E+03
  5.184594E-03     2.328692E+03
  5.256791E-03     2.345078E+03
  5.329994E-03     2.361585E+03
  5.404216E-03     2.378213E+03
  5.479472E-03     2.394964E+03
  5.555776E-03     2.411838E+03
  5.633143E-03     2.428834E+03
  5.711586E-03     2.445955E+03
  5.791123E-03     2.463200E+03
  5.871766E-03     2.480571E+03
  5.953533E-03     2.498068E+03
  6.036439E-03     2.515692E+03
  6.120498E-03     2.533444E+03
  6.205729E-03     2.551325E+03
  6.292146E-03     2.569336E+03
  6.379767E-03     2.587478E+03
  6.468608E-03     2.605752E+03
  6.558686E-03     2.624160E+03
  6.650018E-03     2.642701E+03
  6.742622E-03     2.661378E+03
  6.836516E-03     2.680192E+03
  6.931717E-03     2.699145E+03
  7.028244E-03     2.718238E+03
  7.126115E-03     2.737474E+03
  7.225349E-03     2.756852E+03
  7.325965E-03     2.776375E+03
  7.427982E-03     2.796042E+03
  7.531420E-03     2.815855E+03
  7.636298E-03     2.835814E+03
  7.742637E-03     2.855921E+03
  7.850456E-03     2.876176E+03
  7.959777E-03     2.896580E+03
  8.070620E-03     2.917136E+03
  8.183007E-03     2.937843E+03
  8.296959E-03     2.958704E+03
  8.412497E-03     2.979720E+03
  8.529644E-03     3.000890E+03
  8.648423E-03     3.022217E+03
  8.768856E-03     3.043702E+03
  8.890966E-03     3.065346E+03
  9.014776E-03     3.087150E+03
  9.140311E-03     3.109116E+03
  9.267593E-03     3.131246E+03
  9.396648E-03     3.153541E+03
  9.527500E-03     3.176004E+03
  9.660175E-03     3.198635E+03
  9.794697E-03     3.221434E+03
  9.931092E-03     3.244403E+03
  1.006939E-02     3.267543E+03
  1.020961E-02     3.290856E+03
  1.035178E-02     3.314342E+03
  1.049593E-02     3.338003E+03
  1.064209E-02     3.361841E+03
  1.079029E-02     3.385858E+03
  1.094055E-02     3.410054E+03
  1.109290E-02     3.434431E+03
  1.124737E-02     3.458990E+03
  1.140400E-02     3.483733E+03
  1.156280E-02     3.508660E+03
  1.172382E-02     3.533773E+03
  1.188708E-02     3.559074E+03
  1.205261E-02     3.584565E+03
  1.222045E-02     3.610247E+03
  1.239062E-02     3.636122E+03
  1.256317E-02     3.662193E+03
  1.273811E-02     3.688460E+03
  1.291550E-02     3.714925E+03
  1.309535E-02     3.741588E+03
  1.327771E-02     3.768451E+03
  1.346261E-02     3.795515E+03
  1.365008E-02     3.822782E+03
  1.384016E-02     3.850254E+03
  1.403289E-02     3.877933E+03
  1.422830E-02     3.905820E+03
  1.442644E-02     3.933917E+03
  1.462733E-02     3.962226E+03
  1.483103E-02     3.990747E+03
  1.503755E-02     4.019483E+03
  1.524696E-02     4.048434E+03
  1.545928E-02     4.077603E+03
  1.567455E-02     4.106990E+03
  1.589283E-02     4.136597E+03
  1.611414E-02     4.166428E+03
  1.633854E-02     4.196483E+03
  1.656606E-02     4.226765E+03
  1.679675E-02     4.257276E+03
  1.703065E-02     4.288016E+03
  1.726781E-02     4.318987E+03
  1.750827E-02     4.350190E+03
  1.775208E-02     4.381628E+03
  1.799929E-02     4.413303E+03
  1.824993E-02     4.445215E+03
  1.850407E-02     4.477368E+03
  1.876175E-02     4.509764E+03
  1.902301E-02     4.542405E+03
  1.928792E-02     4.575292E+03
  1.955651E-02     4.608428E+03
  1.982884E-02     4.641813E+03
  2.010496E-02     4.675449E+03
  2.038493E-02     4.709338E+03
  2.066880E-02     4.743481E+03
  2.095662E-02     4.777882E+03
  2.124845E-02     4.812541E+03
  2.154435E-02     4.847462E+03
  2.184436E-02     4.882647E+03
  2.214855E-02     4.918097E+03
  2.245698E-02     4.953814E+03
  2.276970E-02     4.989801E+03
  2.308678E-02     5.026058E+03
  2.340827E-02     5.062588E+03
  2.373424E-02     5.099393E+03
  2.406475E-02     5.136475E+03
  2.439986E-02     5.173838E+03
  2.473964E-02     5.211484E+03
  2.508415E-02     5.249415E+03
  2.543346E-02     5.287634E+03
  2.578763E-02     5.326141E+03
  2.614673E-02     5.364937E+03
  2.651084E-02     5.404024E+03
  2.688001E-02     5.443404E+03
  2.725433E-02     5.483077E+03
  2.763385E-02     5.523045E+03
  2.801867E-02     5.563310E+03
  2.840884E-02     5.603874E+03
  2.880444E-02     5.644740E+03
  2.920556E-02     5.685907E+03
  2.961225E-02     5.727378E+03
  3.002462E-02     5.769154E+03
  3.044272E-02     5.811236E+03
  3.086665E-02     5.853626E+03
  3.129648E-02     5.896325E+03
  3.173230E-02     5.939334E+03
  3.217418E-02     5.982657E+03
  3.262222E-02     6.026295E+03
  3.307650E-02     6.070250E+03
  3.353710E-02     6.114524E+03
  3.400412E-02     6.159118E+03
  3.447764E-02     6.204032E+03
  3.495776E-02     6.249268E+03
  3.544456E-02     6.294827E+03
  3.593814E-02     6.340710E+03
  3.643859E-02     6.386918E+03
  3.694601E-02     6.433454E+03
  3.746050E-02     6.480318E+03
  3.798215E-02     6.527514E+03
  3.851107E-02     6.575042E+03
  3.904735E-02     6.622904E+03
  3.959110E-02     6.671101E+03
  4.014242E-02     6.719634E+03
  4.070142E-02     6.768505E+03
  4.126821E-02     6.817715E+03
  4.184289E-02     6.867267E+03
  4.242556E-02     6.917162E+03
  4.301636E-02     6.967404E+03
  4.361538E-02     7.017995E+03
  4.422274E-02     7.068937E+03
  4.483856E-02     7.120231E+03
  4.546295E-02     7.171879E+03
  4.609604E-02     7.223883E+03
  4.673795E-02     7.276243E+03
  4.738880E-02     7.328963E+03
  4.804870E-02     7.382045E+03
  4.871780E-02     7.435492E+03
  4.939622E-02     7.489306E+03
  5.008408E-02     7.543491E+03
  5.078152E-02     7.598049E+03
  5.148867E-02     7.652982E+03
  5.220568E-02     7.708293E+03
  5.293266E-02     7.763982E+03
  5.366977E-02     7.820052E+03
  5.441714E-02     7.876506E+03
  5.517492E-02     7.933346E+03
  5.594326E-02     7.990577E+03
  5.672229E-02     8.048201E+03
  5.751217E-02     8.106222E+03
  5.831305E-02     8.164644E+03
  5.912508E-02     8.223469E+03
  5.994843E-02     8.282700E+03
  6.078323E-02     8.342338E+03
  6.162966E-02     8.402387E+03
  6.248788E-02     8.462850E+03
  6.335805E-02     8.523730E+03
  6.424034E-02     8.585032E+03
  6.513491E-02     8.646760E+03
  6.604194E-02     8.708918E+03
  6.696160E-02     8.771512E+03
  6.789407E-02     8.834544E+03
  6.883952E-02     8.898016E+03
  6.979814E-02     8.961932E+03
  7.077011E-02     9.026295E+03
  7.175561E-02     9.091108E+03
  7.275484E-02     9.156377E+03
  7.376798E-02     9.222104E+03
  7.479523E-02     9.288297E+03
  7.583678E-02     9.354960E+03
  7.689284E-02     9.422098E+03
  7.796360E-02     9.489715E+03
  7.904928E-02     9.557813E+03
  8.015007E-02     9.626396E+03
  8.126619E-02     9.695469E+03
  8.239786E-02     9.765034E+03
  8.354528E-02     9.835098E+03
  8.470868E-02     9.905664E+03
  8.588829E-02     9.976740E+03
  8.708431E-02     1.004833E+04
  8.829700E-02     1.012044E+04
  8.952657E-02     1.019308E+04
  9.077327E-02     1.026624E+04
  9.203732E-02     1.033993E+04
  9.331898E-02     1.041416E+04
  9.461848E-02     1.048893E+04
  9.593608E-02     1.056424E+04
  9.727203E-02     1.064011E+04
  9.862658E-02     1.071653E+04
  1.000000E-01     1.079351E+04
  1.013925E-01     1.087106E+04
  1.028045E-01     1.094918E+04
  1.042361E-01     1.102788E+04
  1.056876E-01     1.110716E+04
  1.071593E-01     1.118702E+04
  1.086516E-01     1.126746E+04
  1.101646E-01     1.134850E+04
  1.116987E-01     1.143014E+04
  1.132541E-01     1.151237E+04
  1.148312E-01     1.159522E+04
  1.164303E-01     1.167868E+04
  1.180517E-01     1.176277E+04
  1.196956E-01     1.184747E+04
  1.213624E-01     1.193279E+04
  1.230524E-01     1.201874E+04
  1.247660E-01     1.210533E+04
  1.265034E-01     1.219254E+04
  1.282650E-01     1.228040E+04
  1.300511E-01     1.236889E+04
  1.318621E-01     1.245804E+04
  1.336984E-01     1.254783E+04
  1.355602E-01     1.263828E+04
  1.374479E-01     1.272939E+04
  1.393619E-01     1.282116E+04
  1.413026E-01     1.291359E+04
  1.432703E-01     1.300669E+04
  1.452654E-01     1.310046E+04
  1.472883E-01     1.319491E+04
  1.493393E-01     1.329003E+04
  1.514189E-01     1.338585E+04
  1.535275E-01     1.348235E+04
  1.556654E-01     1.357955E+04
  1.578331E-01     1.367744E+04
  1.600310E-01     1.377602E+04
  1.622595E-01     1.387529E+04
  1.645191E-01     1.397526E+04
  1.668101E-01     1.407591E+04
  1.691330E-01     1.417726E+04
  1.714882E-01     1.427930E+04
  1.738762E-01     1.438204E+04
  1.762975E-01     1.448547E+04
  1.787526E-01     1.458959E+04
  1.812418E-01     1.469440E+04
  1.837656E-01     1.479989E+04
  1.863246E-01     1.490607E+04
  1.889193E-01     1.501293E+04
  1.915501E-01     1.512046E+04
  1.942175E-01     1.522866E+04
  1.969220E-01     1.533752E+04
  1.996642E-01     1.544705E+04
  2.024447E-01     1.555724E+04
  2.052638E-01     1.566809E+04
  2.081222E-01     1.577958E+04
  2.110203E-01     1.589172E+04
  2.139589E-01     1.600451E+04
  2.169384E-01     1.611793E+04
  2.199593E-01     1.623198E+04
  2.230223E-01     1.634665E+04
  2.261280E-01     1.646195E+04
  2.292769E-01     1.657787E+04
  2.324697E-01     1.669440E+04
  2.357069E-01     1.681154E+04
  2.389893E-01     1.692928E+04
  2.423173E-01     1.704761E+04
  2.456916E-01     1.716652E+04
  2.491130E-01     1.728601E+04
  2.525820E-01     1.740607E+04
  2.560993E-01     1.752669E+04
  2.596656E-01     1.764785E+04
  2.632815E-01     1.776957E+04
  2.669478E-01     1.789181E+04
  2.706652E-01     1.801459E+04
  2.744343E-01     1.813788E+04
  2.782559E-01     1.826167E+04
  2.821308E-01     1.838594E+04
  2.860596E-01     1.851070E+04
  2.900430E-01     1.863592E+04
  2.940820E-01     1.876159E+04
  2.981772E-01     1.888770E+04
  3.023295E-01     1.901424E+04
  3.065395E-01     1.914119E+04
  3.108082E-01     1.926854E+04
  3.151363E-01     1.939628E+04
  3.195248E-01     1.952438E+04
  3.239743E-01     1.965283E+04
  3.284857E-01     1.978162E+04
  3.330600E-01     1.991073E+04
  3.376980E-01     2.004014E+04
  3.424006E-01     2.016983E+04
  3.471687E-01     2.029979E+04
  3.520031E-01     2.043000E+04
  3.569049E-01     2.056045E+04
  3.618750E-01     2.069112E+04
  3.669142E-01     2.082199E+04
  3.720237E-01     2.095304E+04
  3.772042E-01     2.108427E+04
  3.824570E-01     2.121564E+04
  3.877828E-01     2.134716E+04
  3.931829E-01     2.147880E+04
  3.986581E-01     2.161056E+04
  4.042096E-01     2.174241E+04
  4.098384E-01     2.187434E+04
  4.155455E-01     2.200634E+04
  4.213322E-01     2.213841E+04
  4.271994E-01     2.227051E+04
  4.331483E-01     2.240265E+04
  4.391801E-01     2.253481E+04
  4.452959E-01     2.266699E+04
  4.514968E-01     2.279917E+04
  4.577841E-01     2.293135E+04
  4.641589E-01     2.306353E+04
  4.706225E-01     2.319570E+04
  4.771761E-01     2.332784E+04
  4.838210E-01     2.345993E+04
  4.905584E-01     2.359193E+04
  4.973896E-01     2.372385E+04
  5.043159E-01     2.385564E+04
  5.113388E-01     2.398729E+04
  5.184594E-01     2.411878E+04
  5.256791E-01     2.425008E+04
  5.329994E-01     2.438118E+04
  5.404216E-01     2.451207E+04
  5.479472E-01     2.464271E+04
  5.555776E-01     2.477310E+04
  5.633143E-01     2.490321E+04
  5.711586E-01     2.503303E+04
  5.791123E-01     2.516255E+04
  5.871766E-01     2.529174E+04
  5.953533E-01     2.542060E+04
  6.036439E-01     2.554912E+04
  6.120498E-01     2.567728E+04
  6.205729E-01     2.580510E+04
  6.292146E-01     2.593253E+04
  6.379767E-01     2.605958E+04
  6.468608E-01     2.618622E+04
  6.558686E-01     2.631243E+04
  6.650018E-01     2.643820E+04
  6.742622E-01     2.656352E+04
  6.836516E-01     2.668838E+04
  6.931717E-01     2.681277E+04
  7.028244E-01     2.693669E+04
  7.126115E-01     2.706012E+04
  7.225349E-01     2.718306E+04
  7.325965E-01     2.730548E+04
  7.427982E-01     2.742736E+04
  7.531420E-01     2.754868E+04
  7.636298E-01     2.766942E+04
  7.742637E-01     2.778956E+04
  7.850456E-01     2.790908E+04
  7.959777E-01     2.802798E+04
  8.070620E-01     2.814625E+04
  8.183007E-01     2.826386E+04
  8.296959E-01     2.838082E+04
  8.412497E-01     2.849710E+04
  8.529644E-01     2.861269E+04
  8.648423E-01     2.872757E+04
  8.768856E-01     2.884174E+04
  8.890966E-01     2.895519E+04
  9.014776E-01     2.906791E+04
  9.140311E-01     2.917990E+04
  9.267593E-01     2.929117E+04
  9.396648E-01     2.940171E+04
  9.527500E-01     2.951151E+04
  9.660175E-01     2.962054E+04
  9.794697E-01     2.972876E+04
  9.931092E-01     2.983613E+04
  1.006939E+00     2.994261E+04
  1.020961E+00     3.004818E+04
  1.035178E+00     3.015280E+04
  1.049593E+00     3.025643E+04
  1.064209E+00     3.035904E+04
  1.079029E+00     3.046061E+04
  1.094055E+00     3.056111E+04
  1.109290E+00     3.066055E+04
  1.124737E+00     3.075893E+04
  1.140400E+00     3.085626E+04
  1.156280E+00     3.095257E+04
  1.172382E+00     3.104786E+04
  1.188708E+00     3.114218E+04
  1.205261E+00     3.123554E+04
  1.222045E+00     3.132800E+04
  1.239062E+00     3.141959E+04
  1.256317E+00     3.151034E+04
  1.273811E+00     3.160024E+04
  1.291550E+00     3.168928E+04
  1.309535E+00     3.177744E+04
  1.327771E+00     3.186473E+04
  1.346261E+00     3.195114E+04
  1.365008E+00     3.203666E+04
  1.384016E+00     3.212130E+04
  1.403289E+00     3.220506E+04
  1.422830E+00     3.228796E+04
  1.442644E+00     3.236999E+04
  1.462733E+00     3.245112E+04
  1.483103E+00     3.253132E+04
  1.503755E+00     3.261055E+04
  1.524696E+00     3.268878E+04
  1.545928E+00     3.276597E+04
  1.567455E+00     3.284210E+04
  1.589283E+00     3.291713E+04
  1.611414E+00     3.299103E+04
  1.633854E+00     3.306377E+04
  1.656606E+00     3.313533E+04
  1.679675E+00     3.320568E+04
  1.703065E+00     3.327478E+04
  1.726781E+00     3.334262E+04
  1.750827E+00     3.340915E+04
  1.775208E+00     3.347437E+04
  1.799929E+00     3.353825E+04
  1.824993E+00     3.360077E+04
  1.850407E+00     3.366192E+04
  1.876175E+00     3.372167E+04
  1.902301E+00     3.378001E+04
  1.928792E+00     3.383692E+04
  1.955651E+00     3.389238E+04
  1.982884E+00     3.394636E+04
  2.010496E+00     3.399884E+04
  2.038493E+00     3.404981E+04
  2.066880E+00     3.409925E+04
  2.095662E+00     3.414714E+04
  2.124845E+00     3.419349E+04
  2.154435E+00     3.423827E+04
  2.184436E+00     3.428150E+04
  2.214855E+00     3.432315E+04
  2.245698E+00     3.436320E+04
  2.276970E+00     3.440166E+04
  2.308678E+00     3.443850E+04
  2.340827E+00     3.447372E+04
  2.373424E+00     3.450732E+04
  2.406475E+00     3.453930E+04
  2.439986E+00     3.456966E+04
  2.473964E+00     3.459843E+04
  2.508415E+00     3.462560E+04
  2.543346E+00     3.465117E+04
  2.578763E+00     3.467513E+04
  2.614673E+00     3.469747E+04
  2.651084E+00     3.471819E+04
  2.688001E+00     3.473728E+04
  2.725433E+00     3.475475E+04
  2.763385E+00     3.477061E+04
  2.801867E+00     3.478486E+04
  2.840884E+00     3.479751E+04
  2.880444E+00     3.480860E+04
  2.920556E+00     3.481811E+04
  2.961225E+00     3.482603E+04
  3.002462E+00     3.483236E+04
  3.044272E+00     3.483710E+04
  3.086665E+00     3.484024E+04
  3.129648E+00     3.484179E+04
  3.173230E+00     3.484175E+04
  3.217418E+00     3.484015E+04
  3.262222E+00     3.483698E+04
  3.307650E+00     3.483228E+04
  3.353710E+00     3.482604E+04
  3.400412E+00     3.481825E+04
  3.447764E+00     3.480892E+04
  3.495776E+00     3.479803E+04
  3.544456E+00     3.478559E+04
  3.593814E+00     3.477159E+04
  3.643859E+00     3.475606E+04
  3.694601E+00     3.473900E+04
  3.746050E+00     3.472042E+04
  3.798215E+00     3.470034E+04
  3.851107E+00     3.467877E+04
  3.904735E+00     3.465571E+04
  3.959110E+00     3.463114E+04
  4.014242E+00     3.460507E+04
  4.070142E+00     3.457750E+04
  4.126821E+00     3.454843E+04
  4.184289E+00     3.451789E+04
  4.242556E+00     3.448587E+04
  4.301636E+00     3.445239E+04
  4.361538E+00     3.441748E+04
  4.422274E+00     3.438114E+04
  4.483856E+00     3.434336E+04
  4.546295E+00     3.430415E+04
  4.609604E+00     3.426350E+04
  4.673795E+00     3.422141E+04
  4.738880E+00     3.417790E+04
  4.804870E+00     3.413296E+04
  4.871780E+00     3.408661E+04
  4.939622E+00     3.403887E+04
  5.008408E+00     3.398974E+04
  5.078152E+00     3.393924E+04
  5.148867E+00     3.388736E+04
  5.220568E+00     3.383412E+04
  5.293266E+00     3.377951E+04
  5.366977E+00     3.372354E+04
  5.441714E+00     3.366621E+04
  5.517492E+00     3.360754E+04
  5.594326E+00     3.354755E+04
  5.672229E+00     3.348624E+04
  5.751217E+00     3.342364E+04
  5.831305E+00     3.335976E+04
  5.912508E+00     3.329461E+04
  5.994843E+00     3.322818E+04
  6.078323E+00     3.316048E+04
  6.162966E+00     3.309151E+04
  6.248788E+00     3.302128E+04
  6.335805E+00     3.294979E+04
  6.424034E+00     3.287707E+04
  6.513491E+00     3.280312E+04
  6.604194E+00     3.272796E+04
  6.696160E+00     3.265161E+04
  6.789407E+00     3.257407E+04
  6.883952E+00     3.249534E+04
  6.979814E+00     3.241543E+04
  7.077011E+00     3.233435E+04
  7.175561E+00     3.225211E+04
  7.275484E+00     3.216873E+04
  7.376798E+00     3.208421E+04
  7.479523E+00     3.199858E+04
  7.583678E+00     3.191185E+04
  7.689284E+00     3.182405E+04
  7.796360E+00     3.173517E+04
  7.904928E+00     3.164523E+04
  8.015007E+00     3.155423E+04
  8.126619E+00     3.146217E+04
  8.239786E+00     3.136908E+04
  8.354528E+00     3.127495E+04
  8.470868E+00     3.117980E+04
  8.588829E+00     3.108364E+04
  8.708431E+00     3.098649E+04
  8.829700E+00     3.088837E+04
  8.952657E+00     3.078928E+04
  9.077327E+00     3.068923E+04
  9.203732E+00     3.058822E+04
  9.331898E+00     3.048627E+04
  9.461848E+00     3.038337E+04
  9.593608E+00     3.027955E+04
  9.727203E+00     3.017480E+04
  9.862658E+00     3.006915E+04
  1.000000E+01     2.996261E+04
  1.013925E+01     2.985518E+04
  1.028045E+01     2.974689E+04
  1.042361E+01     2.963773E+04
  1.056876E+01     2.952773E+04
  1.071593E+01     2.941688E+04
  1.086516E+01     2.930521E+04
  1.101646E+01     2.919272E+04
  1.116987E+01     2.907944E+04
  1.132541E+01     2.896536E+04
  1.148312E+01     2.885052E+04
  1.164303E+01     2.873492E+04
  1.180517E+01     2.861858E+04
  1.196956E+01     2.850150E+04
  1.213624E+01     2.838369E+04
  1.230524E+01     2.826517E+04
  1.247660E+01     2.814593E+04
  1.265034E+01     2.802599E+04
  1.282650E+01     2.790536E+04
  1.300511E+01     2.778405E+04
  1.318621E+01     2.766207E+04
  1.336984E+01     2.753943E+04
  1.355602E+01     2.741613E+04
  1.374479E+01     2.729220E+04
  1.393619E+01     2.716765E+04
  1.413026E+01     2.704248E+04
  1.432703E+01     2.691671E+04
  1.452654E+01     2.679035E+04
  1.472883E+01     2.666342E+04
  1.493393E+01     2.653593E+04
  1.514189E+01     2.640789E+04
  1.535275E+01     2.627932E+04
  1.556654E+01     2.615024E+04
  1.578331E+01     2.602065E+04
  1.600310E+01     2.589057E+04
  1.622595E+01     2.576000E+04
  1.645191E+01     2.562897E+04
  1.668101E+01     2.549748E+04
  1.691330E+01     2.536555E+04
  1.714882E+01     2.523319E+04
  1.738762E+01     2.510041E+04
  1.762975E+01     2.496723E+04
  1.787526E+01     2.483365E+04
  1.812418E+01     2.469969E+04
  1.837656E+01     2.456536E+04
  1.863246E+01     2.443069E+04
  1.889193E+01     2.429567E+04
  1.915501E+01     2.416032E+04
  1.942175E+01     2.402467E+04
  1.969220E+01     2.388871E+04
  1.996642E+01     2.375245E+04
  2.024447E+01     2.361592E+04
  2.052638E+01     2.347912E+04
  2.081222E+01     2.334208E+04
  2.110203E+01     2.320480E+04
  2.139589E+01     2.306730E+04
  2.169384E+01     2.292961E+04
  2.199593E+01     2.279173E+04
  2.230223E+01     2.265367E+04
  2.261280E+01     2.251547E+04
  2.292769E+01     2.237712E+04
  2.324697E+01     2.223864E+04
  2.357069E+01     2.210004E+04
  2.389893E+01     2.196135E+04
  2.423173E+01     2.182257E+04
  2.456916E+01     2.168373E+04
  2.491130E+01     2.154483E+04
  2.525820E+01     2.140589E+04
  2.560993E+01     2.126692E+04
  2.596656E+01     2.112794E+04
  2.632815E+01     2.098895E+04
  2.669478E+01     2.084996E+04
  2.706652E+01     2.071098E+04
  2.744343E+01     2.057204E+04
  2.782559E+01     2.043315E+04
  2.821308E+01     2.029434E+04
  2.860596E+01     2.015563E+04
  2.900430E+01     2.001703E+04
  2.940820E+01     1.987857E+04
  2.981772E+01     1.974025E+04
  3.023295E+01     1.960211E+04
  3.065395E+01     1.946415E+04
  3.108082E+01     1.932638E+04
  3.151363E+01     1.918882E+04
  3.195248E+01     1.905149E+04
  3.239743E+01     1.891440E+04
  3.284857E+01     1.877755E+04
  3.330600E+01     1.864096E+04
  3.376980E+01     1.850463E+04
  3.424006E+01     1.836857E+04
  3.471687E+01     1.823277E+04
  3.520031E+01     1.809724E+04
  3.569049E+01     1.796197E+04
  3.618750E+01     1.782700E+04
  3.669142E+01     1.769234E+04
  3.720237E+01     1.755803E+04
  3.772042E+01     1.742407E+04
  3.824570E+01     1.729049E+04
  3.877828E+01     1.715732E+04
  3.931829E+01     1.702457E+04
  3.986581E+01     1.689225E+04
  4.042096E+01     1.676039E+04
  4.098384E+01     1.662899E+04
  4.155455E+01     1.649808E+04
  4.213322E+01     1.636767E+04
  4.271994E+01     1.623777E+04
  4.331483E+01     1.610839E+04
  4.391801E+01     1.597954E+04
  4.452959E+01     1.585123E+04
  4.514968E+01     1.572346E+04
  4.577841E+01     1.559623E+04
  4.641589E+01     1.546953E+04
  4.706225E+01     1.534338E+04
  4.771761E+01     1.521777E+04
  4.838210E+01     1.509274E+04
  4.905584E+01     1.496830E+04
  4.973896E+01     1.484446E+04
  5.043159E+01     1.472124E+04
  5.113388E+01     1.459864E+04
  5.184594E+01     1.447669E+04
  5.256791E+01     1.435537E+04
  5.329994E+01     1.423471E+04
  5.404216E+01     1.411469E+04
  5.479472E+01     1.399533E+04
  5.555776E+01     1.387666E+04
  5.633143E+01     1.375868E+04
  5.711586E+01     1.364140E+04
  5.791123E+01     1.352483E+04
  5.871766E+01     1.340899E+04
  5.953533E+01     1.329386E+04
  6.036439E+01     1.317947E+04
  6.120498E+01     1.306579E+04
  6.205729E+01     1.295282E+04
  6.292146E+01     1.284059E+04
  6.379767E+01     1.272909E+04
  6.468608E+01     1.261834E+04
  6.558686E+01     1.250836E+04
  6.650018E+01     1.239915E+04
  6.742622E+01     1.229072E+04
  6.836516E+01     1.218306E+04
  6.931717E+01     1.207618E+04
  7.028244E+01     1.197007E+04
  7.126115E+01     1.186472E+04
  7.225349E+01     1.176014E+04
  7.325965E+01     1.165634E+04
  7.427982E+01     1.155334E+04
  7.531420E+01     1.145113E+04
  7.636298E+01     1.134973E+04
  7.742637E+01     1.124914E+04
  7.850456E+01     1.114935E+04
  7.959777E+01     1.105036E+04
  8.070620E+01     1.095216E+04
  8.183007E+01     1.085474E+04
  8.296959E+01     1.075811E+04
  8.412497E+01     1.066227E+04
  8.529644E+01     1.056723E+04
  8.648423E+01     1.047301E+04
  8.768856E+01     1.037961E+04
  8.890966E+01     1.028703E+04
  9.014776E+01     1.019526E+04
  9.140311E+01     1.010432E+04
  9.267593E+01     1.001418E+04
  9.396648E+01     9.924832E+03
  9.527500E+01     9.836283E+03
  9.660175E+01     9.748538E+03
  9.794697E+01     9.661603E+03
  9.931092E+01     9.575483E+03
  1.006939E+02     9.490179E+03
  1.020961E+02     9.405688E+03
  1.035178E+02     9.322006E+03
  1.049593E+02     9.239123E+03
  1.064209E+02     9.157026E+03
  1.079029E+02     9.075700E+03
  1.094055E+02     8.995137E+03
  1.109290E+02     8.915348E+03
  1.124737E+02     8.836340E+03
  1.140400E+02     8.758117E+03
  1.156280E+02     8.680683E+03
  1.172382E+02     8.604036E+03
  1.188708E+02     8.528174E+03
  1.205261E+02     8.453089E+03
  1.222045E+02     8.378773E+03
  1.239062E+02     8.305210E+03
  1.256317E+02     8.232394E+03
  1.273811E+02     8.160332E+03
  1.291550E+02     8.089028E+03
  1.309535E+02     8.018484E+03
  1.327771E+02     7.948700E+03
  1.346261E+02     7.879674E+03
  1.365008E+02     7.811399E+03
  1.384016E+02     7.743866E+03
  1.403289E+02     7.677062E+03
  1.422830E+02     7.610970E+03
  1.442644E+02     7.545579E+03
  1.462733E+02     7.480894E+03
  1.483103E+02     7.416919E+03
  1.503755E+02     7.353656E+03
  1.524696E+02     7.291104E+03
  1.545928E+02     7.229260E+03
  1.567455E+02     7.168118E+03
  1.589283E+02     7.107670E+03
  1.611414E+02     7.047901E+03
  1.633854E+02     6.988797E+03
  1.656606E+02     6.930346E+03
  1.679675E+02     6.872550E+03
  1.703065E+02     6.815413E+03
  1.726781E+02     6.758937E+03
  1.750827E+02     6.703122E+03
  1.775208E+02     6.647964E+03
  1.799929E+02     6.593458E+03
  1.824993E+02     6.539596E+03
  1.850407E+02     6.486365E+03
  1.876175E+02     6.433752E+03
  1.902301E+02     6.381743E+03
  1.928792E+02     6.330341E+03
  1.955651E+02     6.279548E+03
  1.982884E+02     6.229366E+03
  2.010496E+02     6.179794E+03
  2.038493E+02     6.130828E+03
  2.066880E+02     6.082463E+03
  2.095662E+02     6.034691E+03
  2.124845E+02     5.987501E+03
  2.154435E+02     5.940880E+03
  2.184436E+02     5.894813E+03
  2.214855E+02     5.849301E+03
  2.245698E+02     5.804347E+03
  2.276970E+02     5.759952E+03
  2.308678E+02     5.716116E+03
  2.340827E+02     5.672834E+03
  2.373424E+02     5.630103E+03
  2.406475E+02     5.587914E+03
  2.439986E+02     5.546257E+03
  2.473964E+02     5.505121E+03
  2.508415E+02     5.464491E+03
  2.543346E+02     5.424367E+03
  2.578763E+02     5.384752E+03
  2.614673E+02     5.345646E+03
  2.651084E+02     5.307049E+03
  2.688001E+02     5.268957E+03
  2.725433E+02     5.231367E+03
  2.763385E+02     5.194271E+03
  2.801867E+02     5.157660E+03
  2.840884E+02     5.121523E+03
  2.880444E+02     5.085847E+03
  2.920556E+02     5.050631E+03
  2.961225E+02     5.015877E+03
  3.002462E+02     4.981585E+03
  3.044272E+02     4.947755E+03
  3.086665E+02     4.914384E+03
  3.129648E+02     4.881468E+03
  3.173230E+02     4.849000E+03
  3.217418E+02     4.816974E+03
  3.262222E+02     4.785377E+03
  3.307650E+02     4.754200E+03
  3.353710E+02     4.723438E+03
  3.400412E+02     4.693094E+03
  3.447764E+02     4.663168E+03
  3.495776E+02     4.633661E+03
  3.544456E+02     4.604569E+03
  3.593814E+02     4.575889E+03
  3.643859E+02     4.547615E+03
  3.694601E+02     4.519741E+03
  3.746050E+02     4.492258E+03
  3.798215E+02     4.465154E+03
  3.851107E+02     4.438426E+03
  3.904735E+02     4.412076E+03
  3.959110E+02     4.386104E+03
  4.014242E+02     4.360510E+03
  4.070142E+02     4.335292E+03
  4.126821E+02     4.310447E+03
  4.184289E+02     4.285970E+03
  4.242556E+02     4.261855E+03
  4.301636E+02     4.238092E+03
  4.361538E+02     4.214674E+03
  4.422274E+02     4.191595E+03
  4.483856E+02     4.168857E+03
  4.546295E+02     4.146461E+03
  4.609604E+02     4.124406E+03
  4.673795E+02     4.102691E+03
  4.738880E+02     4.081312E+03
  4.804870E+02     4.060265E+03
  4.871780E+02     4.039545E+03
  4.939622E+02     4.019145E+03
  5.008408E+02     3.999055E+03
  5.078152E+02     3.979271E+03
  5.148867E+02     3.959794E+03
  5.220568E+02     3.940624E+03
  5.293266E+02     3.921762E+03
  5.366977E+02     3.903204E+03
  5.441714E+02     3.884949E+03
  5.517492E+02     3.866992E+03
  5.594326E+02     3.849329E+03
  5.672229E+02     3.831951E+03
  5.751217E+02     3.814853E+03
  5.831305E+02     3.798027E+03
  5.912508E+02     3.781476E+03
  5.994843E+02     3.765200E+03
  6.078323E+02     3.749197E+03
  6.162966E+02     3.733467E+03
  6.248788E+02     3.718008E+03
  6.335805E+02     3.702816E+03
  6.424034E+02     3.687886E+03
  6.513491E+02     3.673213E+03
  6.604194E+02     3.658789E+03
  6.696160E+02     3.644610E+03
  6.789407E+02     3.630675E+03
  6.883952E+02     3.616982E+03
  6.979814E+02     3.603530E+03
  7.077011E+02     3.590317E+03
  7.175561E+02     3.577338E+03
  7.275484E+02     3.564589E+03
  7.376798E+02     3.552064E+03
  7.479523E+02     3.539757E+03
  7.583678E+02     3.527658E+03
  7.689284E+02     3.515762E+03
  7.796360E+02     3.504072E+03
  7.904928E+02     3.492592E+03
  8.015007E+02     3.481328E+03
  8.126619E+02     3.470280E+03
  8.239786E+02     3.459455E+03
  8.354528E+02     3.448853E+03
  8.470868E+02     3.438477E+03
  8.588829E+02     3.428330E+03
  8.708431E+02     3.418413E+03
  8.829700E+02     3.408722E+03
  8.952657E+02     3.399238E+03
  9.077327E+02     3.389936E+03
  9.203732E+02     3.380790E+03
  9.331898E+02     3.371768E+03
  9.461848E+02     3.362839E+03
  9.593608E+02     3.353965E+03
  9.727203E+02     3.345108E+03
  9.862658E+02     3.336224E+03
  1.000000E+03     3.327267E+03
