FILE CREATED BY  : PROGRAM DPASS - VERSION 2.00
DATABASE VERSION : 21.06
DATE AND TIME    : 09/08/2022 22:13:07
PROJECTILE       : Y 
TARGET           : Fe
TARGET AT. MASS  : 5.584700E+01
TARGET DENSITY   : 7.874000E+00 g/cm^3
TABULATED OUTPUT : STOPPING FORCE VERSUS ENERGY
DATA TYPE        : SPLINE INTERPOLATED
ABSCISSA UNITS   : MeV/u
ORDINATE UNITS   : eV/nm


      E/n             S(E/n)

  1.000000E-03     9.561715E+02
  1.013925E-03     9.626510E+02
  1.028045E-03     9.692162E+02
  1.042361E-03     9.758631E+02
  1.056876E-03     9.825878E+02
  1.071593E-03     9.893856E+02
  1.086516E-03     9.962516E+02
  1.101646E-03     1.003180E+03
  1.116987E-03     1.010166E+03
  1.132541E-03     1.017201E+03
  1.148312E-03     1.024280E+03
  1.164303E-03     1.031395E+03
  1.180517E-03     1.038547E+03
  1.196956E-03     1.045736E+03
  1.213624E-03     1.052964E+03
  1.230524E-03     1.060234E+03
  1.247660E-03     1.067547E+03
  1.265034E-03     1.074906E+03
  1.282650E-03     1.082313E+03
  1.300511E-03     1.089771E+03
  1.318621E-03     1.097283E+03
  1.336984E-03     1.104851E+03
  1.355602E-03     1.112477E+03
  1.374479E-03     1.120161E+03
  1.393619E-03     1.127902E+03
  1.413026E-03     1.135699E+03
  1.432703E-03     1.143553E+03
  1.452654E-03     1.151463E+03
  1.472883E-03     1.159429E+03
  1.493393E-03     1.167451E+03
  1.514189E-03     1.175527E+03
  1.535275E-03     1.183659E+03
  1.556654E-03     1.191845E+03
  1.578331E-03     1.200086E+03
  1.600310E-03     1.208384E+03
  1.622595E-03     1.216738E+03
  1.645191E-03     1.225148E+03
  1.668101E-03     1.233617E+03
  1.691330E-03     1.242144E+03
  1.714882E-03     1.250730E+03
  1.738762E-03     1.259377E+03
  1.762975E-03     1.268085E+03
  1.787526E-03     1.276854E+03
  1.812418E-03     1.285686E+03
  1.837656E-03     1.294579E+03
  1.863246E-03     1.303535E+03
  1.889193E-03     1.312554E+03
  1.915501E-03     1.321636E+03
  1.942175E-03     1.330781E+03
  1.969220E-03     1.339989E+03
  1.996642E-03     1.349262E+03
  2.024447E-03     1.358600E+03
  2.052638E-03     1.368003E+03
  2.081222E-03     1.377471E+03
  2.110203E-03     1.387005E+03
  2.139589E-03     1.396605E+03
  2.169384E-03     1.406272E+03
  2.199593E-03     1.416006E+03
  2.230223E-03     1.425808E+03
  2.261280E-03     1.435678E+03
  2.292769E-03     1.445618E+03
  2.324697E-03     1.455627E+03
  2.357069E-03     1.465707E+03
  2.389893E-03     1.475858E+03
  2.423173E-03     1.486081E+03
  2.456916E-03     1.496375E+03
  2.491130E-03     1.506741E+03
  2.525820E-03     1.517179E+03
  2.560993E-03     1.527691E+03
  2.596656E-03     1.538276E+03
  2.632815E-03     1.548935E+03
  2.669478E-03     1.559669E+03
  2.706652E-03     1.570479E+03
  2.744343E-03     1.581365E+03
  2.782559E-03     1.592327E+03
  2.821308E-03     1.603366E+03
  2.860596E-03     1.614482E+03
  2.900430E-03     1.625676E+03
  2.940820E-03     1.636949E+03
  2.981772E-03     1.648301E+03
  3.023295E-03     1.659733E+03
  3.065395E-03     1.671246E+03
  3.108082E-03     1.682841E+03
  3.151363E-03     1.694518E+03
  3.195248E-03     1.706278E+03
  3.239743E-03     1.718120E+03
  3.284857E-03     1.730046E+03
  3.330600E-03     1.742056E+03
  3.376980E-03     1.754151E+03
  3.424006E-03     1.766331E+03
  3.471687E-03     1.778597E+03
  3.520031E-03     1.790950E+03
  3.569049E-03     1.803391E+03
  3.618750E-03     1.815920E+03
  3.669142E-03     1.828538E+03
  3.720237E-03     1.841245E+03
  3.772042E-03     1.854041E+03
  3.824570E-03     1.866928E+03
  3.877828E-03     1.879907E+03
  3.931829E-03     1.892977E+03
  3.986581E-03     1.906140E+03
  4.042096E-03     1.919397E+03
  4.098384E-03     1.932749E+03
  4.155455E-03     1.946195E+03
  4.213322E-03     1.959738E+03
  4.271994E-03     1.973377E+03
  4.331483E-03     1.987112E+03
  4.391801E-03     2.000945E+03
  4.452959E-03     2.014877E+03
  4.514968E-03     2.028907E+03
  4.577841E-03     2.043037E+03
  4.641589E-03     2.057269E+03
  4.706225E-03     2.071602E+03
  4.771761E-03     2.086038E+03
  4.838210E-03     2.100576E+03
  4.905584E-03     2.115219E+03
  4.973896E-03     2.129966E+03
  5.043159E-03     2.144818E+03
  5.113388E-03     2.159777E+03
  5.184594E-03     2.174842E+03
  5.256791E-03     2.190015E+03
  5.329994E-03     2.205298E+03
  5.404216E-03     2.220691E+03
  5.479472E-03     2.236194E+03
  5.555776E-03     2.251810E+03
  5.633143E-03     2.267537E+03
  5.711586E-03     2.283378E+03
  5.791123E-03     2.299332E+03
  5.871766E-03     2.315401E+03
  5.953533E-03     2.331585E+03
  6.036439E-03     2.347886E+03
  6.120498E-03     2.364305E+03
  6.205729E-03     2.380843E+03
  6.292146E-03     2.397500E+03
  6.379767E-03     2.414278E+03
  6.468608E-03     2.431177E+03
  6.558686E-03     2.448198E+03
  6.650018E-03     2.465342E+03
  6.742622E-03     2.482610E+03
  6.836516E-03     2.500003E+03
  6.931717E-03     2.517522E+03
  7.028244E-03     2.535169E+03
  7.126115E-03     2.552944E+03
  7.225349E-03     2.570849E+03
  7.325965E-03     2.588885E+03
  7.427982E-03     2.607052E+03
  7.531420E-03     2.625351E+03
  7.636298E-03     2.643782E+03
  7.742637E-03     2.662348E+03
  7.850456E-03     2.681050E+03
  7.959777E-03     2.699887E+03
  8.070620E-03     2.718863E+03
  8.183007E-03     2.737977E+03
  8.296959E-03     2.757232E+03
  8.412497E-03     2.776628E+03
  8.529644E-03     2.796166E+03
  8.648423E-03     2.815847E+03
  8.768856E-03     2.835671E+03
  8.890966E-03     2.855640E+03
  9.014776E-03     2.875756E+03
  9.140311E-03     2.896018E+03
  9.267593E-03     2.916429E+03
  9.396648E-03     2.936991E+03
  9.527500E-03     2.957704E+03
  9.660175E-03     2.978569E+03
  9.794697E-03     2.999587E+03
  9.931092E-03     3.020760E+03
  1.006939E-02     3.042089E+03
  1.020961E-02     3.063574E+03
  1.035178E-02     3.085217E+03
  1.049593E-02     3.107019E+03
  1.064209E-02     3.128983E+03
  1.079029E-02     3.151109E+03
  1.094055E-02     3.173400E+03
  1.109290E-02     3.195856E+03
  1.124737E-02     3.218479E+03
  1.140400E-02     3.241268E+03
  1.156280E-02     3.264226E+03
  1.172382E-02     3.287354E+03
  1.188708E-02     3.310652E+03
  1.205261E-02     3.334123E+03
  1.222045E-02     3.357769E+03
  1.239062E-02     3.381590E+03
  1.256317E-02     3.405589E+03
  1.273811E-02     3.429766E+03
  1.291550E-02     3.454123E+03
  1.309535E-02     3.478661E+03
  1.327771E-02     3.503380E+03
  1.346261E-02     3.528283E+03
  1.365008E-02     3.553371E+03
  1.384016E-02     3.578644E+03
  1.403289E-02     3.604106E+03
  1.422830E-02     3.629758E+03
  1.442644E-02     3.655602E+03
  1.462733E-02     3.681639E+03
  1.483103E-02     3.707869E+03
  1.503755E-02     3.734294E+03
  1.524696E-02     3.760916E+03
  1.545928E-02     3.787735E+03
  1.567455E-02     3.814754E+03
  1.589283E-02     3.841973E+03
  1.611414E-02     3.869394E+03
  1.633854E-02     3.897021E+03
  1.656606E-02     3.924853E+03
  1.679675E-02     3.952894E+03
  1.703065E-02     3.981144E+03
  1.726781E-02     4.009604E+03
  1.750827E-02     4.038276E+03
  1.775208E-02     4.067163E+03
  1.799929E-02     4.096265E+03
  1.824993E-02     4.125586E+03
  1.850407E-02     4.155127E+03
  1.876175E-02     4.184891E+03
  1.902301E-02     4.214880E+03
  1.928792E-02     4.245096E+03
  1.955651E-02     4.275539E+03
  1.982884E-02     4.306212E+03
  2.010496E-02     4.337116E+03
  2.038493E-02     4.368252E+03
  2.066880E-02     4.399623E+03
  2.095662E-02     4.431230E+03
  2.124845E-02     4.463075E+03
  2.154435E-02     4.495161E+03
  2.184436E-02     4.527490E+03
  2.214855E-02     4.560064E+03
  2.245698E-02     4.592882E+03
  2.276970E-02     4.625947E+03
  2.308678E-02     4.659260E+03
  2.340827E-02     4.692821E+03
  2.373424E-02     4.726633E+03
  2.406475E-02     4.760696E+03
  2.439986E-02     4.795013E+03
  2.473964E-02     4.829586E+03
  2.508415E-02     4.864416E+03
  2.543346E-02     4.899504E+03
  2.578763E-02     4.934851E+03
  2.614673E-02     4.970459E+03
  2.651084E-02     5.006328E+03
  2.688001E-02     5.042459E+03
  2.725433E-02     5.078855E+03
  2.763385E-02     5.115516E+03
  2.801867E-02     5.152444E+03
  2.840884E-02     5.189641E+03
  2.880444E-02     5.227108E+03
  2.920556E-02     5.264847E+03
  2.961225E-02     5.302858E+03
  3.002462E-02     5.341142E+03
  3.044272E-02     5.379700E+03
  3.086665E-02     5.418532E+03
  3.129648E-02     5.457640E+03
  3.173230E-02     5.497025E+03
  3.217418E-02     5.536688E+03
  3.262222E-02     5.576631E+03
  3.307650E-02     5.616855E+03
  3.353710E-02     5.657361E+03
  3.400412E-02     5.698150E+03
  3.447764E-02     5.739223E+03
  3.495776E-02     5.780581E+03
  3.544456E-02     5.822225E+03
  3.593814E-02     5.864157E+03
  3.643859E-02     5.906379E+03
  3.694601E-02     5.948891E+03
  3.746050E-02     5.991696E+03
  3.798215E-02     6.034796E+03
  3.851107E-02     6.078193E+03
  3.904735E-02     6.121886E+03
  3.959110E-02     6.165877E+03
  4.014242E-02     6.210167E+03
  4.070142E-02     6.254756E+03
  4.126821E-02     6.299645E+03
  4.184289E-02     6.344837E+03
  4.242556E-02     6.390332E+03
  4.301636E-02     6.436133E+03
  4.361538E-02     6.482241E+03
  4.422274E-02     6.528657E+03
  4.483856E-02     6.575384E+03
  4.546295E-02     6.622422E+03
  4.609604E-02     6.669773E+03
  4.673795E-02     6.717439E+03
  4.738880E-02     6.765422E+03
  4.804870E-02     6.813724E+03
  4.871780E-02     6.862347E+03
  4.939622E-02     6.911295E+03
  5.008408E-02     6.960572E+03
  5.078152E-02     7.010178E+03
  5.148867E-02     7.060116E+03
  5.220568E-02     7.110386E+03
  5.293266E-02     7.160991E+03
  5.366977E-02     7.211932E+03
  5.441714E-02     7.263210E+03
  5.517492E-02     7.314828E+03
  5.594326E-02     7.366789E+03
  5.672229E-02     7.419095E+03
  5.751217E-02     7.471750E+03
  5.831305E-02     7.524756E+03
  5.912508E-02     7.578115E+03
  5.994843E-02     7.631829E+03
  6.078323E-02     7.685899E+03
  6.162966E-02     7.740328E+03
  6.248788E-02     7.795118E+03
  6.335805E-02     7.850273E+03
  6.424034E-02     7.905795E+03
  6.513491E-02     7.961689E+03
  6.604194E-02     8.017958E+03
  6.696160E-02     8.074606E+03
  6.789407E-02     8.131635E+03
  6.883952E-02     8.189047E+03
  6.979814E-02     8.246844E+03
  7.077011E-02     8.305029E+03
  7.175561E-02     8.363605E+03
  7.275484E-02     8.422574E+03
  7.376798E-02     8.481941E+03
  7.479523E-02     8.541710E+03
  7.583678E-02     8.601886E+03
  7.689284E-02     8.662471E+03
  7.796360E-02     8.723470E+03
  7.904928E-02     8.784885E+03
  8.015007E-02     8.846718E+03
  8.126619E-02     8.908972E+03
  8.239786E-02     8.971653E+03
  8.354528E-02     9.034763E+03
  8.470868E-02     9.098307E+03
  8.588829E-02     9.162290E+03
  8.708431E-02     9.226718E+03
  8.829700E-02     9.291595E+03
  8.952657E-02     9.356925E+03
  9.077327E-02     9.422710E+03
  9.203732E-02     9.488953E+03
  9.331898E-02     9.555657E+03
  9.461848E-02     9.622826E+03
  9.593608E-02     9.690462E+03
  9.727203E-02     9.758572E+03
  9.862658E-02     9.827159E+03
  1.000000E-01     9.896229E+03
  1.013925E-01     9.965786E+03
  1.028045E-01     1.003584E+04
  1.042361E-01     1.010638E+04
  1.056876E-01     1.017742E+04
  1.071593E-01     1.024897E+04
  1.086516E-01     1.032102E+04
  1.101646E-01     1.039359E+04
  1.116987E-01     1.046667E+04
  1.132541E-01     1.054028E+04
  1.148312E-01     1.061442E+04
  1.164303E-01     1.068909E+04
  1.180517E-01     1.076431E+04
  1.196956E-01     1.084008E+04
  1.213624E-01     1.091639E+04
  1.230524E-01     1.099325E+04
  1.247660E-01     1.107067E+04
  1.265034E-01     1.114866E+04
  1.282650E-01     1.122721E+04
  1.300511E-01     1.130633E+04
  1.318621E-01     1.138603E+04
  1.336984E-01     1.146631E+04
  1.355602E-01     1.154719E+04
  1.374479E-01     1.162865E+04
  1.393619E-01     1.171072E+04
  1.413026E-01     1.179338E+04
  1.432703E-01     1.187664E+04
  1.452654E-01     1.196051E+04
  1.472883E-01     1.204499E+04
  1.493393E-01     1.213010E+04
  1.514189E-01     1.221582E+04
  1.535275E-01     1.230218E+04
  1.556654E-01     1.238916E+04
  1.578331E-01     1.247678E+04
  1.600310E-01     1.256502E+04
  1.622595E-01     1.265390E+04
  1.645191E-01     1.274341E+04
  1.668101E-01     1.283355E+04
  1.691330E-01     1.292431E+04
  1.714882E-01     1.301571E+04
  1.738762E-01     1.310773E+04
  1.762975E-01     1.320039E+04
  1.787526E-01     1.329367E+04
  1.812418E-01     1.338759E+04
  1.837656E-01     1.348212E+04
  1.863246E-01     1.357729E+04
  1.889193E-01     1.367307E+04
  1.915501E-01     1.376948E+04
  1.942175E-01     1.386651E+04
  1.969220E-01     1.396416E+04
  1.996642E-01     1.406243E+04
  2.024447E-01     1.416131E+04
  2.052638E-01     1.426082E+04
  2.081222E-01     1.436095E+04
  2.110203E-01     1.446171E+04
  2.139589E-01     1.456311E+04
  2.169384E-01     1.466515E+04
  2.199593E-01     1.476783E+04
  2.230223E-01     1.487118E+04
  2.261280E-01     1.497519E+04
  2.292769E-01     1.507988E+04
  2.324697E-01     1.518526E+04
  2.357069E-01     1.529134E+04
  2.389893E-01     1.539811E+04
  2.423173E-01     1.550557E+04
  2.456916E-01     1.561373E+04
  2.491130E-01     1.572259E+04
  2.525820E-01     1.583215E+04
  2.560993E-01     1.594241E+04
  2.596656E-01     1.605337E+04
  2.632815E-01     1.616504E+04
  2.669478E-01     1.627741E+04
  2.706652E-01     1.639049E+04
  2.744343E-01     1.650425E+04
  2.782559E-01     1.661869E+04
  2.821308E-01     1.673378E+04
  2.860596E-01     1.684950E+04
  2.900430E-01     1.696583E+04
  2.940820E-01     1.708276E+04
  2.981772E-01     1.720025E+04
  3.023295E-01     1.731829E+04
  3.065395E-01     1.743684E+04
  3.108082E-01     1.755589E+04
  3.151363E-01     1.767541E+04
  3.195248E-01     1.779538E+04
  3.239743E-01     1.791579E+04
  3.284857E-01     1.803662E+04
  3.330600E-01     1.815783E+04
  3.376980E-01     1.827942E+04
  3.424006E-01     1.840135E+04
  3.471687E-01     1.852360E+04
  3.520031E-01     1.864615E+04
  3.569049E-01     1.876898E+04
  3.618750E-01     1.889206E+04
  3.669142E-01     1.901538E+04
  3.720237E-01     1.913892E+04
  3.772042E-01     1.926265E+04
  3.824570E-01     1.938656E+04
  3.877828E-01     1.951064E+04
  3.931829E-01     1.963486E+04
  3.986581E-01     1.975919E+04
  4.042096E-01     1.988364E+04
  4.098384E-01     2.000816E+04
  4.155455E-01     2.013275E+04
  4.213322E-01     2.025738E+04
  4.271994E-01     2.038203E+04
  4.331483E-01     2.050667E+04
  4.391801E-01     2.063128E+04
  4.452959E-01     2.075585E+04
  4.514968E-01     2.088034E+04
  4.577841E-01     2.100473E+04
  4.641589E-01     2.112902E+04
  4.706225E-01     2.125316E+04
  4.771761E-01     2.137715E+04
  4.838210E-01     2.150094E+04
  4.905584E-01     2.162452E+04
  4.973896E-01     2.174786E+04
  5.043159E-01     2.187093E+04
  5.113388E-01     2.199372E+04
  5.184594E-01     2.211618E+04
  5.256791E-01     2.223830E+04
  5.329994E-01     2.236006E+04
  5.404216E-01     2.248143E+04
  5.479472E-01     2.260238E+04
  5.555776E-01     2.272289E+04
  5.633143E-01     2.284293E+04
  5.711586E-01     2.296247E+04
  5.791123E-01     2.308147E+04
  5.871766E-01     2.319993E+04
  5.953533E-01     2.331780E+04
  6.036439E-01     2.343507E+04
  6.120498E-01     2.355172E+04
  6.205729E-01     2.366771E+04
  6.292146E-01     2.378303E+04
  6.379767E-01     2.389764E+04
  6.468608E-01     2.401152E+04
  6.558686E-01     2.412463E+04
  6.650018E-01     2.423694E+04
  6.742622E-01     2.434844E+04
  6.836516E-01     2.445910E+04
  6.931717E-01     2.456889E+04
  7.028244E-01     2.467780E+04
  7.126115E-01     2.478580E+04
  7.225349E-01     2.489287E+04
  7.325965E-01     2.499898E+04
  7.427982E-01     2.510411E+04
  7.531420E-01     2.520822E+04
  7.636298E-01     2.531129E+04
  7.742637E-01     2.541331E+04
  7.850456E-01     2.551425E+04
  7.959777E-01     2.561409E+04
  8.070620E-01     2.571283E+04
  8.183007E-01     2.581044E+04
  8.296959E-01     2.590690E+04
  8.412497E-01     2.600220E+04
  8.529644E-01     2.609630E+04
  8.648423E-01     2.618918E+04
  8.768856E-01     2.628081E+04
  8.890966E-01     2.637119E+04
  9.014776E-01     2.646028E+04
  9.140311E-01     2.654808E+04
  9.267593E-01     2.663458E+04
  9.396648E-01     2.671976E+04
  9.527500E-01     2.680362E+04
  9.660175E-01     2.688613E+04
  9.794697E-01     2.696728E+04
  9.931092E-01     2.704704E+04
  1.006939E+00     2.712541E+04
  1.020961E+00     2.720237E+04
  1.035178E+00     2.727791E+04
  1.049593E+00     2.735204E+04
  1.064209E+00     2.742476E+04
  1.079029E+00     2.749607E+04
  1.094055E+00     2.756596E+04
  1.109290E+00     2.763443E+04
  1.124737E+00     2.770144E+04
  1.140400E+00     2.776700E+04
  1.156280E+00     2.783109E+04
  1.172382E+00     2.789371E+04
  1.188708E+00     2.795485E+04
  1.205261E+00     2.801451E+04
  1.222045E+00     2.807271E+04
  1.239062E+00     2.812945E+04
  1.256317E+00     2.818474E+04
  1.273811E+00     2.823856E+04
  1.291550E+00     2.829091E+04
  1.309535E+00     2.834177E+04
  1.327771E+00     2.839115E+04
  1.346261E+00     2.843905E+04
  1.365008E+00     2.848546E+04
  1.384016E+00     2.853041E+04
  1.403289E+00     2.857389E+04
  1.422830E+00     2.861594E+04
  1.442644E+00     2.865656E+04
  1.462733E+00     2.869574E+04
  1.483103E+00     2.873349E+04
  1.503755E+00     2.876980E+04
  1.524696E+00     2.880466E+04
  1.545928E+00     2.883809E+04
  1.567455E+00     2.887008E+04
  1.589283E+00     2.890067E+04
  1.611414E+00     2.892985E+04
  1.633854E+00     2.895767E+04
  1.656606E+00     2.898412E+04
  1.679675E+00     2.900922E+04
  1.703065E+00     2.903295E+04
  1.726781E+00     2.905531E+04
  1.750827E+00     2.907631E+04
  1.775208E+00     2.909596E+04
  1.799929E+00     2.911425E+04
  1.824993E+00     2.913121E+04
  1.850407E+00     2.914686E+04
  1.876175E+00     2.916121E+04
  1.902301E+00     2.917429E+04
  1.928792E+00     2.918609E+04
  1.955651E+00     2.919661E+04
  1.982884E+00     2.920586E+04
  2.010496E+00     2.921384E+04
  2.038493E+00     2.922056E+04
  2.066880E+00     2.922603E+04
  2.095662E+00     2.923026E+04
  2.124845E+00     2.923327E+04
  2.154435E+00     2.923508E+04
  2.184436E+00     2.923573E+04
  2.214855E+00     2.923520E+04
  2.245698E+00     2.923350E+04
  2.276970E+00     2.923062E+04
  2.308678E+00     2.922657E+04
  2.340827E+00     2.922136E+04
  2.373424E+00     2.921499E+04
  2.406475E+00     2.920747E+04
  2.439986E+00     2.919882E+04
  2.473964E+00     2.918906E+04
  2.508415E+00     2.917821E+04
  2.543346E+00     2.916626E+04
  2.578763E+00     2.915322E+04
  2.614673E+00     2.913908E+04
  2.651084E+00     2.912386E+04
  2.688001E+00     2.910755E+04
  2.725433E+00     2.909016E+04
  2.763385E+00     2.907171E+04
  2.801867E+00     2.905221E+04
  2.840884E+00     2.903166E+04
  2.880444E+00     2.901010E+04
  2.920556E+00     2.898752E+04
  2.961225E+00     2.896393E+04
  3.002462E+00     2.893931E+04
  3.044272E+00     2.891367E+04
  3.086665E+00     2.888702E+04
  3.129648E+00     2.885935E+04
  3.173230E+00     2.883068E+04
  3.217418E+00     2.880101E+04
  3.262222E+00     2.877036E+04
  3.307650E+00     2.873874E+04
  3.353710E+00     2.870614E+04
  3.400412E+00     2.867258E+04
  3.447764E+00     2.863804E+04
  3.495776E+00     2.860253E+04
  3.544456E+00     2.856605E+04
  3.593814E+00     2.852860E+04
  3.643859E+00     2.849020E+04
  3.694601E+00     2.845084E+04
  3.746050E+00     2.841054E+04
  3.798215E+00     2.836931E+04
  3.851107E+00     2.832716E+04
  3.904735E+00     2.828407E+04
  3.959110E+00     2.824005E+04
  4.014242E+00     2.819510E+04
  4.070142E+00     2.814922E+04
  4.126821E+00     2.810241E+04
  4.184289E+00     2.805468E+04
  4.242556E+00     2.800603E+04
  4.301636E+00     2.795646E+04
  4.361538E+00     2.790599E+04
  4.422274E+00     2.785462E+04
  4.483856E+00     2.780234E+04
  4.546295E+00     2.774916E+04
  4.609604E+00     2.769507E+04
  4.673795E+00     2.764008E+04
  4.738880E+00     2.758418E+04
  4.804870E+00     2.752738E+04
  4.871780E+00     2.746968E+04
  4.939622E+00     2.741109E+04
  5.008408E+00     2.735161E+04
  5.078152E+00     2.729124E+04
  5.148867E+00     2.723000E+04
  5.220568E+00     2.716787E+04
  5.293266E+00     2.710487E+04
  5.366977E+00     2.704099E+04
  5.441714E+00     2.697625E+04
  5.517492E+00     2.691064E+04
  5.594326E+00     2.684418E+04
  5.672229E+00     2.677687E+04
  5.751217E+00     2.670873E+04
  5.831305E+00     2.663975E+04
  5.912508E+00     2.656994E+04
  5.994843E+00     2.649927E+04
  6.078323E+00     2.642775E+04
  6.162966E+00     2.635537E+04
  6.248788E+00     2.628210E+04
  6.335805E+00     2.620795E+04
  6.424034E+00     2.613291E+04
  6.513491E+00     2.605696E+04
  6.604194E+00     2.598010E+04
  6.696160E+00     2.590233E+04
  6.789407E+00     2.582366E+04
  6.883952E+00     2.574410E+04
  6.979814E+00     2.566369E+04
  7.077011E+00     2.558245E+04
  7.175561E+00     2.550039E+04
  7.275484E+00     2.541756E+04
  7.376798E+00     2.533399E+04
  7.479523E+00     2.524970E+04
  7.583678E+00     2.516474E+04
  7.689284E+00     2.507913E+04
  7.796360E+00     2.499287E+04
  7.904928E+00     2.490594E+04
  8.015007E+00     2.481833E+04
  8.126619E+00     2.473002E+04
  8.239786E+00     2.464099E+04
  8.354528E+00     2.455123E+04
  8.470868E+00     2.446072E+04
  8.588829E+00     2.436942E+04
  8.708431E+00     2.427733E+04
  8.829700E+00     2.418442E+04
  8.952657E+00     2.409070E+04
  9.077327E+00     2.399618E+04
  9.203732E+00     2.390089E+04
  9.331898E+00     2.380483E+04
  9.461848E+00     2.370803E+04
  9.593608E+00     2.361051E+04
  9.727203E+00     2.351229E+04
  9.862658E+00     2.341339E+04
  1.000000E+01     2.331385E+04
  1.013925E+01     2.321368E+04
  1.028045E+01     2.311289E+04
  1.042361E+01     2.301149E+04
  1.056876E+01     2.290949E+04
  1.071593E+01     2.280688E+04
  1.086516E+01     2.270368E+04
  1.101646E+01     2.259988E+04
  1.116987E+01     2.249549E+04
  1.132541E+01     2.239052E+04
  1.148312E+01     2.228498E+04
  1.164303E+01     2.217886E+04
  1.180517E+01     2.207217E+04
  1.196956E+01     2.196494E+04
  1.213624E+01     2.185716E+04
  1.230524E+01     2.174885E+04
  1.247660E+01     2.164003E+04
  1.265034E+01     2.153069E+04
  1.282650E+01     2.142087E+04
  1.300511E+01     2.131056E+04
  1.318621E+01     2.119978E+04
  1.336984E+01     2.108855E+04
  1.355602E+01     2.097688E+04
  1.374479E+01     2.086477E+04
  1.393619E+01     2.075224E+04
  1.413026E+01     2.063930E+04
  1.432703E+01     2.052595E+04
  1.452654E+01     2.041220E+04
  1.472883E+01     2.029808E+04
  1.493393E+01     2.018357E+04
  1.514189E+01     2.006870E+04
  1.535275E+01     1.995347E+04
  1.556654E+01     1.983790E+04
  1.578331E+01     1.972199E+04
  1.600310E+01     1.960577E+04
  1.622595E+01     1.948925E+04
  1.645191E+01     1.937244E+04
  1.668101E+01     1.925535E+04
  1.691330E+01     1.913801E+04
  1.714882E+01     1.902042E+04
  1.738762E+01     1.890260E+04
  1.762975E+01     1.878456E+04
  1.787526E+01     1.866632E+04
  1.812418E+01     1.854789E+04
  1.837656E+01     1.842928E+04
  1.863246E+01     1.831051E+04
  1.889193E+01     1.819159E+04
  1.915501E+01     1.807254E+04
  1.942175E+01     1.795335E+04
  1.969220E+01     1.783405E+04
  1.996642E+01     1.771464E+04
  2.024447E+01     1.759514E+04
  2.052638E+01     1.747555E+04
  2.081222E+01     1.735590E+04
  2.110203E+01     1.723620E+04
  2.139589E+01     1.711647E+04
  2.169384E+01     1.699672E+04
  2.199593E+01     1.687698E+04
  2.230223E+01     1.675725E+04
  2.261280E+01     1.663755E+04
  2.292769E+01     1.651790E+04
  2.324697E+01     1.639830E+04
  2.357069E+01     1.627878E+04
  2.389893E+01     1.615934E+04
  2.423173E+01     1.604000E+04
  2.456916E+01     1.592078E+04
  2.491130E+01     1.580169E+04
  2.525820E+01     1.568274E+04
  2.560993E+01     1.556394E+04
  2.596656E+01     1.544529E+04
  2.632815E+01     1.532682E+04
  2.669478E+01     1.520851E+04
  2.706652E+01     1.509039E+04
  2.744343E+01     1.497247E+04
  2.782559E+01     1.485477E+04
  2.821308E+01     1.473731E+04
  2.860596E+01     1.462010E+04
  2.900430E+01     1.450316E+04
  2.940820E+01     1.438651E+04
  2.981772E+01     1.427015E+04
  3.023295E+01     1.415411E+04
  3.065395E+01     1.403839E+04
  3.108082E+01     1.392300E+04
  3.151363E+01     1.380795E+04
  3.195248E+01     1.369327E+04
  3.239743E+01     1.357896E+04
  3.284857E+01     1.346504E+04
  3.330600E+01     1.335151E+04
  3.376980E+01     1.323838E+04
  3.424006E+01     1.312566E+04
  3.471687E+01     1.301335E+04
  3.520031E+01     1.290145E+04
  3.569049E+01     1.278996E+04
  3.618750E+01     1.267890E+04
  3.669142E+01     1.256830E+04
  3.720237E+01     1.245816E+04
  3.772042E+01     1.234850E+04
  3.824570E+01     1.223935E+04
  3.877828E+01     1.213071E+04
  3.931829E+01     1.202258E+04
  3.986581E+01     1.191500E+04
  4.042096E+01     1.180795E+04
  4.098384E+01     1.170144E+04
  4.155455E+01     1.159550E+04
  4.213322E+01     1.149013E+04
  4.271994E+01     1.138534E+04
  4.331483E+01     1.128114E+04
  4.391801E+01     1.117754E+04
  4.452959E+01     1.107453E+04
  4.514968E+01     1.097213E+04
  4.577841E+01     1.087033E+04
  4.641589E+01     1.076912E+04
  4.706225E+01     1.066851E+04
  4.771761E+01     1.056849E+04
  4.838210E+01     1.046910E+04
  4.905584E+01     1.037034E+04
  4.973896E+01     1.027223E+04
  5.043159E+01     1.017478E+04
  5.113388E+01     1.007799E+04
  5.184594E+01     9.981889E+03
  5.256791E+01     9.886464E+03
  5.329994E+01     9.791721E+03
  5.404216E+01     9.697661E+03
  5.479472E+01     9.604294E+03
  5.555776E+01     9.511628E+03
  5.633143E+01     9.419671E+03
  5.711586E+01     9.328427E+03
  5.791123E+01     9.237900E+03
  5.871766E+01     9.148088E+03
  5.953533E+01     9.058989E+03
  6.036439E+01     8.970594E+03
  6.120498E+01     8.882893E+03
  6.205729E+01     8.795874E+03
  6.292146E+01     8.709544E+03
  6.379767E+01     8.623915E+03
  6.468608E+01     8.538998E+03
  6.558686E+01     8.454803E+03
  6.650018E+01     8.371335E+03
  6.742622E+01     8.288599E+03
  6.836516E+01     8.206598E+03
  6.931717E+01     8.125330E+03
  7.028244E+01     8.044790E+03
  7.126115E+01     7.964974E+03
  7.225349E+01     7.885883E+03
  7.325965E+01     7.807526E+03
  7.427982E+01     7.729908E+03
  7.531420E+01     7.653033E+03
  7.636298E+01     7.576900E+03
  7.742637E+01     7.501508E+03
  7.850456E+01     7.426851E+03
  7.959777E+01     7.352919E+03
  8.070620E+01     7.279702E+03
  8.183007E+01     7.207183E+03
  8.296959E+01     7.135361E+03
  8.412497E+01     7.064246E+03
  8.529644E+01     6.993844E+03
  8.648423E+01     6.924159E+03
  8.768856E+01     6.855194E+03
  8.890966E+01     6.786950E+03
  9.014776E+01     6.719422E+03
  9.140311E+01     6.652606E+03
  9.267593E+01     6.586491E+03
  9.396648E+01     6.521068E+03
  9.527500E+01     6.456332E+03
  9.660175E+01     6.392289E+03
  9.794697E+01     6.328943E+03
  9.931092E+01     6.266294E+03
  1.006939E+02     6.204343E+03
  1.020961E+02     6.143085E+03
  1.035178E+02     6.082515E+03
  1.049593E+02     6.022621E+03
  1.064209E+02     5.963392E+03
  1.079029E+02     5.904811E+03
  1.094055E+02     5.846871E+03
  1.109290E+02     5.789577E+03
  1.124737E+02     5.732934E+03
  1.140400E+02     5.676942E+03
  1.156280E+02     5.621602E+03
  1.172382E+02     5.566911E+03
  1.188708E+02     5.512862E+03
  1.205261E+02     5.459449E+03
  1.222045E+02     5.406659E+03
  1.239062E+02     5.354479E+03
  1.256317E+02     5.302900E+03
  1.273811E+02     5.251927E+03
  1.291550E+02     5.201561E+03
  1.309535E+02     5.151804E+03
  1.327771E+02     5.102653E+03
  1.346261E+02     5.054106E+03
  1.365008E+02     5.006156E+03
  1.384016E+02     4.958794E+03
  1.403289E+02     4.912009E+03
  1.422830E+02     4.865786E+03
  1.442644E+02     4.820115E+03
  1.462733E+02     4.774998E+03
  1.483103E+02     4.730438E+03
  1.503755E+02     4.686434E+03
  1.524696E+02     4.642984E+03
  1.545928E+02     4.600085E+03
  1.567455E+02     4.557730E+03
  1.589283E+02     4.515911E+03
  1.611414E+02     4.474616E+03
  1.633854E+02     4.433831E+03
  1.656606E+02     4.393546E+03
  1.679675E+02     4.353761E+03
  1.703065E+02     4.314479E+03
  1.726781E+02     4.275699E+03
  1.750827E+02     4.237420E+03
  1.775208E+02     4.199638E+03
  1.799929E+02     4.162348E+03
  1.824993E+02     4.125542E+03
  1.850407E+02     4.089209E+03
  1.876175E+02     4.053338E+03
  1.902301E+02     4.017917E+03
  1.928792E+02     3.982948E+03
  1.955651E+02     3.948430E+03
  1.982884E+02     3.914364E+03
  2.010496E+02     3.880749E+03
  2.038493E+02     3.847582E+03
  2.066880E+02     3.814856E+03
  2.095662E+02     3.782566E+03
  2.124845E+02     3.750702E+03
  2.154435E+02     3.719252E+03
  2.184436E+02     3.688207E+03
  2.214855E+02     3.657565E+03
  2.245698E+02     3.627328E+03
  2.276970E+02     3.597495E+03
  2.308678E+02     3.568065E+03
  2.340827E+02     3.539036E+03
  2.373424E+02     3.510402E+03
  2.406475E+02     3.482157E+03
  2.439986E+02     3.454293E+03
  2.473964E+02     3.426800E+03
  2.508415E+02     3.399668E+03
  2.543346E+02     3.372895E+03
  2.578763E+02     3.346482E+03
  2.614673E+02     3.320429E+03
  2.651084E+02     3.294736E+03
  2.688001E+02     3.269399E+03
  2.725433E+02     3.244414E+03
  2.763385E+02     3.219777E+03
  2.801867E+02     3.195479E+03
  2.840884E+02     3.171512E+03
  2.880444E+02     3.147866E+03
  2.920556E+02     3.124540E+03
  2.961225E+02     3.101534E+03
  3.002462E+02     3.078849E+03
  3.044272E+02     3.056483E+03
  3.086665E+02     3.034434E+03
  3.129648E+02     3.012699E+03
  3.173230E+02     2.991274E+03
  3.217418E+02     2.970151E+03
  3.262222E+02     2.949323E+03
  3.307650E+02     2.928782E+03
  3.353710E+02     2.908525E+03
  3.400412E+02     2.888553E+03
  3.447764E+02     2.868866E+03
  3.495776E+02     2.849464E+03
  3.544456E+02     2.830345E+03
  3.593814E+02     2.811505E+03
  3.643859E+02     2.792940E+03
  3.694601E+02     2.774646E+03
  3.746050E+02     2.756616E+03
  3.798215E+02     2.738841E+03
  3.851107E+02     2.721319E+03
  3.904735E+02     2.704052E+03
  3.959110E+02     2.687038E+03
  4.014242E+02     2.670279E+03
  4.070142E+02     2.653771E+03
  4.126821E+02     2.637513E+03
  4.184289E+02     2.621501E+03
  4.242556E+02     2.605731E+03
  4.301636E+02     2.590197E+03
  4.361538E+02     2.574892E+03
  4.422274E+02     2.559814E+03
  4.483856E+02     2.544962E+03
  4.546295E+02     2.530337E+03
  4.609604E+02     2.515939E+03
  4.673795E+02     2.501766E+03
  4.738880E+02     2.487816E+03
  4.804870E+02     2.474087E+03
  4.871780E+02     2.460574E+03
  4.939622E+02     2.447272E+03
  5.008408E+02     2.434175E+03
  5.078152E+02     2.421280E+03
  5.148867E+02     2.408588E+03
  5.220568E+02     2.396098E+03
  5.293266E+02     2.383811E+03
  5.366977E+02     2.371725E+03
  5.441714E+02     2.359839E+03
  5.517492E+02     2.348149E+03
  5.594326E+02     2.336653E+03
  5.672229E+02     2.325345E+03
  5.751217E+02     2.314222E+03
  5.831305E+02     2.303278E+03
  5.912508E+02     2.292516E+03
  5.994843E+02     2.281935E+03
  6.078323E+02     2.271534E+03
  6.162966E+02     2.261314E+03
  6.248788E+02     2.251271E+03
  6.335805E+02     2.241406E+03
  6.424034E+02     2.231713E+03
  6.513491E+02     2.222190E+03
  6.604194E+02     2.212832E+03
  6.696160E+02     2.203636E+03
  6.789407E+02     2.194600E+03
  6.883952E+02     2.185726E+03
  6.979814E+02     2.177012E+03
  7.077011E+02     2.168456E+03
  7.175561E+02     2.160057E+03
  7.275484E+02     2.151812E+03
  7.376798E+02     2.143717E+03
  7.479523E+02     2.135767E+03
  7.583678E+02     2.127959E+03
  7.689284E+02     2.120288E+03
  7.796360E+02     2.112757E+03
  7.904928E+02     2.105367E+03
  8.015007E+02     2.098123E+03
  8.126619E+02     2.091024E+03
  8.239786E+02     2.084074E+03
  8.354528E+02     2.077274E+03
  8.470868E+02     2.070626E+03
  8.588829E+02     2.064129E+03
  8.708431E+02     2.057786E+03
  8.829700E+02     2.051592E+03
  8.952657E+02     2.045536E+03
  9.077327E+02     2.039602E+03
  9.203732E+02     2.033771E+03
  9.331898E+02     2.028024E+03
  9.461848E+02     2.022339E+03
  9.593608E+02     2.016694E+03
  9.727203E+02     2.011061E+03
  9.862658E+02     2.005413E+03
  1.000000E+03     1.999719E+03
