FILE CREATED BY  : PROGRAM DPASS - VERSION 2.00
DATABASE VERSION : 21.06
DATE AND TIME    : 09/08/2022 22:22:53
PROJECTILE       : Nb
TARGET           : Ir
TARGET AT. MASS  : 1.922200E+02
TARGET DENSITY   : 2.240000E+01 g/cm^3
TABULATED OUTPUT : STOPPING FORCE VERSUS ENERGY
DATA TYPE        : SPLINE INTERPOLATED
ABSCISSA UNITS   : MeV/u
ORDINATE UNITS   : eV/nm


      E/n             S(E/n)

  1.000000E-03     1.402550E+03
  1.013925E-03     1.412061E+03
  1.028045E-03     1.421698E+03
  1.042361E-03     1.431455E+03
  1.056876E-03     1.441326E+03
  1.071593E-03     1.451305E+03
  1.086516E-03     1.461384E+03
  1.101646E-03     1.471555E+03
  1.116987E-03     1.481810E+03
  1.132541E-03     1.492139E+03
  1.148312E-03     1.502532E+03
  1.164303E-03     1.512979E+03
  1.180517E-03     1.523479E+03
  1.196956E-03     1.534036E+03
  1.213624E-03     1.544650E+03
  1.230524E-03     1.555326E+03
  1.247660E-03     1.566065E+03
  1.265034E-03     1.576871E+03
  1.282650E-03     1.587748E+03
  1.300511E-03     1.598700E+03
  1.318621E-03     1.609731E+03
  1.336984E-03     1.620845E+03
  1.355602E-03     1.632043E+03
  1.374479E-03     1.643325E+03
  1.393619E-03     1.654691E+03
  1.413026E-03     1.666140E+03
  1.432703E-03     1.677673E+03
  1.452654E-03     1.689289E+03
  1.472883E-03     1.700988E+03
  1.493393E-03     1.712769E+03
  1.514189E-03     1.724633E+03
  1.535275E-03     1.736578E+03
  1.556654E-03     1.748605E+03
  1.578331E-03     1.760715E+03
  1.600310E-03     1.772908E+03
  1.622595E-03     1.785185E+03
  1.645191E-03     1.797546E+03
  1.668101E-03     1.809993E+03
  1.691330E-03     1.822526E+03
  1.714882E-03     1.835145E+03
  1.738762E-03     1.847853E+03
  1.762975E-03     1.860651E+03
  1.787526E-03     1.873538E+03
  1.812418E-03     1.886516E+03
  1.837656E-03     1.899585E+03
  1.863246E-03     1.912746E+03
  1.889193E-03     1.925998E+03
  1.915501E-03     1.939343E+03
  1.942175E-03     1.952782E+03
  1.969220E-03     1.966315E+03
  1.996642E-03     1.979943E+03
  2.024447E-03     1.993668E+03
  2.052638E-03     2.007489E+03
  2.081222E-03     2.021408E+03
  2.110203E-03     2.035424E+03
  2.139589E-03     2.049539E+03
  2.169384E-03     2.063753E+03
  2.199593E-03     2.078066E+03
  2.230223E-03     2.092479E+03
  2.261280E-03     2.106993E+03
  2.292769E-03     2.121609E+03
  2.324697E-03     2.136328E+03
  2.357069E-03     2.151151E+03
  2.389893E-03     2.166078E+03
  2.423173E-03     2.181109E+03
  2.456916E-03     2.196246E+03
  2.491130E-03     2.211488E+03
  2.525820E-03     2.226837E+03
  2.560993E-03     2.242293E+03
  2.596656E-03     2.257858E+03
  2.632815E-03     2.273531E+03
  2.669478E-03     2.289315E+03
  2.706652E-03     2.305210E+03
  2.744343E-03     2.321217E+03
  2.782559E-03     2.337336E+03
  2.821308E-03     2.353569E+03
  2.860596E-03     2.369916E+03
  2.900430E-03     2.386379E+03
  2.940820E-03     2.402958E+03
  2.981772E-03     2.419654E+03
  3.023295E-03     2.436470E+03
  3.065395E-03     2.453406E+03
  3.108082E-03     2.470464E+03
  3.151363E-03     2.487643E+03
  3.195248E-03     2.504943E+03
  3.239743E-03     2.522365E+03
  3.284857E-03     2.539907E+03
  3.330600E-03     2.557570E+03
  3.376980E-03     2.575354E+03
  3.424006E-03     2.593259E+03
  3.471687E-03     2.611284E+03
  3.520031E-03     2.629429E+03
  3.569049E-03     2.647695E+03
  3.618750E-03     2.666085E+03
  3.669142E-03     2.684599E+03
  3.720237E-03     2.703242E+03
  3.772042E-03     2.722015E+03
  3.824570E-03     2.740922E+03
  3.877828E-03     2.759966E+03
  3.931829E-03     2.779152E+03
  3.986581E-03     2.798482E+03
  4.042096E-03     2.817962E+03
  4.098384E-03     2.837595E+03
  4.155455E-03     2.857381E+03
  4.213322E-03     2.877319E+03
  4.271994E-03     2.897407E+03
  4.331483E-03     2.917644E+03
  4.391801E-03     2.938029E+03
  4.452959E-03     2.958560E+03
  4.514968E-03     2.979236E+03
  4.577841E-03     3.000055E+03
  4.641589E-03     3.021016E+03
  4.706225E-03     3.042116E+03
  4.771761E-03     3.063356E+03
  4.838210E-03     3.084740E+03
  4.905584E-03     3.106267E+03
  4.973896E-03     3.127942E+03
  5.043159E-03     3.149765E+03
  5.113388E-03     3.171740E+03
  5.184594E-03     3.193870E+03
  5.256791E-03     3.216157E+03
  5.329994E-03     3.238605E+03
  5.404216E-03     3.261218E+03
  5.479472E-03     3.283996E+03
  5.555776E-03     3.306940E+03
  5.633143E-03     3.330051E+03
  5.711586E-03     3.353328E+03
  5.791123E-03     3.376773E+03
  5.871766E-03     3.400387E+03
  5.953533E-03     3.424170E+03
  6.036439E-03     3.448123E+03
  6.120498E-03     3.472246E+03
  6.205729E-03     3.496542E+03
  6.292146E-03     3.521011E+03
  6.379767E-03     3.545655E+03
  6.468608E-03     3.570473E+03
  6.558686E-03     3.595469E+03
  6.650018E-03     3.620642E+03
  6.742622E-03     3.645995E+03
  6.836516E-03     3.671530E+03
  6.931717E-03     3.697248E+03
  7.028244E-03     3.723152E+03
  7.126115E-03     3.749244E+03
  7.225349E-03     3.775525E+03
  7.325965E-03     3.801997E+03
  7.427982E-03     3.828659E+03
  7.531420E-03     3.855514E+03
  7.636298E-03     3.882562E+03
  7.742637E-03     3.909805E+03
  7.850456E-03     3.937245E+03
  7.959777E-03     3.964882E+03
  8.070620E-03     3.992720E+03
  8.183007E-03     4.020759E+03
  8.296959E-03     4.049002E+03
  8.412497E-03     4.077449E+03
  8.529644E-03     4.106102E+03
  8.648423E-03     4.134962E+03
  8.768856E-03     4.164030E+03
  8.890966E-03     4.193308E+03
  9.014776E-03     4.222799E+03
  9.140311E-03     4.252503E+03
  9.267593E-03     4.282423E+03
  9.396648E-03     4.312562E+03
  9.527500E-03     4.342921E+03
  9.660175E-03     4.373502E+03
  9.794697E-03     4.404304E+03
  9.931092E-03     4.435331E+03
  1.006939E-02     4.466583E+03
  1.020961E-02     4.498061E+03
  1.035178E-02     4.529768E+03
  1.049593E-02     4.561705E+03
  1.064209E-02     4.593875E+03
  1.079029E-02     4.626279E+03
  1.094055E-02     4.658920E+03
  1.109290E-02     4.691799E+03
  1.124737E-02     4.724918E+03
  1.140400E-02     4.758277E+03
  1.156280E-02     4.791878E+03
  1.172382E-02     4.825724E+03
  1.188708E-02     4.859816E+03
  1.205261E-02     4.894157E+03
  1.222045E-02     4.928749E+03
  1.239062E-02     4.963595E+03
  1.256317E-02     4.998696E+03
  1.273811E-02     5.034056E+03
  1.291550E-02     5.069674E+03
  1.309535E-02     5.105553E+03
  1.327771E-02     5.141694E+03
  1.346261E-02     5.178099E+03
  1.365008E-02     5.214772E+03
  1.384016E-02     5.251713E+03
  1.403289E-02     5.288926E+03
  1.422830E-02     5.326414E+03
  1.442644E-02     5.364179E+03
  1.462733E-02     5.402223E+03
  1.483103E-02     5.440546E+03
  1.503755E-02     5.479152E+03
  1.524696E-02     5.518041E+03
  1.545928E-02     5.557215E+03
  1.567455E-02     5.596678E+03
  1.589283E-02     5.636430E+03
  1.611414E-02     5.676475E+03
  1.633854E-02     5.716816E+03
  1.656606E-02     5.757455E+03
  1.679675E-02     5.798393E+03
  1.703065E-02     5.839633E+03
  1.726781E-02     5.881176E+03
  1.750827E-02     5.923024E+03
  1.775208E-02     5.965178E+03
  1.799929E-02     6.007642E+03
  1.824993E-02     6.050417E+03
  1.850407E-02     6.093506E+03
  1.876175E-02     6.136913E+03
  1.902301E-02     6.180640E+03
  1.928792E-02     6.224688E+03
  1.955651E-02     6.269062E+03
  1.982884E-02     6.313761E+03
  2.010496E-02     6.358790E+03
  2.038493E-02     6.404151E+03
  2.066880E-02     6.449847E+03
  2.095662E-02     6.495881E+03
  2.124845E-02     6.542258E+03
  2.154435E-02     6.588980E+03
  2.184436E-02     6.636052E+03
  2.214855E-02     6.683476E+03
  2.245698E-02     6.731254E+03
  2.276970E-02     6.779388E+03
  2.308678E-02     6.827879E+03
  2.340827E-02     6.876731E+03
  2.373424E-02     6.925945E+03
  2.406475E-02     6.975526E+03
  2.439986E-02     7.025474E+03
  2.473964E-02     7.075795E+03
  2.508415E-02     7.126492E+03
  2.543346E-02     7.177565E+03
  2.578763E-02     7.229019E+03
  2.614673E-02     7.280853E+03
  2.651084E-02     7.333071E+03
  2.688001E-02     7.385674E+03
  2.725433E-02     7.438666E+03
  2.763385E-02     7.492049E+03
  2.801867E-02     7.545826E+03
  2.840884E-02     7.600000E+03
  2.880444E-02     7.654575E+03
  2.920556E-02     7.709553E+03
  2.961225E-02     7.764936E+03
  3.002462E-02     7.820726E+03
  3.044272E-02     7.876924E+03
  3.086665E-02     7.933534E+03
  3.129648E-02     7.990557E+03
  3.173230E-02     8.047997E+03
  3.217418E-02     8.105856E+03
  3.262222E-02     8.164138E+03
  3.307650E-02     8.222847E+03
  3.353710E-02     8.281984E+03
  3.400412E-02     8.341550E+03
  3.447764E-02     8.401547E+03
  3.495776E-02     8.461977E+03
  3.544456E-02     8.522839E+03
  3.593814E-02     8.584137E+03
  3.643859E-02     8.645873E+03
  3.694601E-02     8.708047E+03
  3.746050E-02     8.770664E+03
  3.798215E-02     8.833724E+03
  3.851107E-02     8.897232E+03
  3.904735E-02     8.961188E+03
  3.959110E-02     9.025595E+03
  4.014242E-02     9.090456E+03
  4.070142E-02     9.155774E+03
  4.126821E-02     9.221551E+03
  4.184289E-02     9.287791E+03
  4.242556E-02     9.354498E+03
  4.301636E-02     9.421677E+03
  4.361538E-02     9.489333E+03
  4.422274E-02     9.557467E+03
  4.483856E-02     9.626083E+03
  4.546295E-02     9.695181E+03
  4.609604E-02     9.764765E+03
  4.673795E-02     9.834837E+03
  4.738880E-02     9.905398E+03
  4.804870E-02     9.976453E+03
  4.871780E-02     1.004800E+04
  4.939622E-02     1.012006E+04
  5.008408E-02     1.019261E+04
  5.078152E-02     1.026568E+04
  5.148867E-02     1.033925E+04
  5.220568E-02     1.041334E+04
  5.293266E-02     1.048794E+04
  5.366977E-02     1.056306E+04
  5.441714E-02     1.063871E+04
  5.517492E-02     1.071488E+04
  5.594326E-02     1.079158E+04
  5.672229E-02     1.086882E+04
  5.751217E-02     1.094660E+04
  5.831305E-02     1.102492E+04
  5.912508E-02     1.110380E+04
  5.994843E-02     1.118323E+04
  6.078323E-02     1.126321E+04
  6.162966E-02     1.134375E+04
  6.248788E-02     1.142485E+04
  6.335805E-02     1.150653E+04
  6.424034E-02     1.158877E+04
  6.513491E-02     1.167159E+04
  6.604194E-02     1.175499E+04
  6.696160E-02     1.183899E+04
  6.789407E-02     1.192357E+04
  6.883952E-02     1.200875E+04
  6.979814E-02     1.209454E+04
  7.077011E-02     1.218092E+04
  7.175561E-02     1.226792E+04
  7.275484E-02     1.235552E+04
  7.376798E-02     1.244375E+04
  7.479523E-02     1.253261E+04
  7.583678E-02     1.262210E+04
  7.689284E-02     1.271224E+04
  7.796360E-02     1.280301E+04
  7.904928E-02     1.289444E+04
  8.015007E-02     1.298652E+04
  8.126619E-02     1.307926E+04
  8.239786E-02     1.317266E+04
  8.354528E-02     1.326673E+04
  8.470868E-02     1.336147E+04
  8.588829E-02     1.345690E+04
  8.708431E-02     1.355301E+04
  8.829700E-02     1.364982E+04
  8.952657E-02     1.374733E+04
  9.077327E-02     1.384555E+04
  9.203732E-02     1.394448E+04
  9.331898E-02     1.404412E+04
  9.461848E-02     1.414448E+04
  9.593608E-02     1.424556E+04
  9.727203E-02     1.434738E+04
  9.862658E-02     1.444994E+04
  1.000000E-01     1.455325E+04
  1.013925E-01     1.465732E+04
  1.028045E-01     1.476214E+04
  1.042361E-01     1.486774E+04
  1.056876E-01     1.497410E+04
  1.071593E-01     1.508123E+04
  1.086516E-01     1.518915E+04
  1.101646E-01     1.529785E+04
  1.116987E-01     1.540734E+04
  1.132541E-01     1.551764E+04
  1.148312E-01     1.562874E+04
  1.164303E-01     1.574066E+04
  1.180517E-01     1.585340E+04
  1.196956E-01     1.596697E+04
  1.213624E-01     1.608136E+04
  1.230524E-01     1.619659E+04
  1.247660E-01     1.631266E+04
  1.265034E-01     1.642957E+04
  1.282650E-01     1.654733E+04
  1.300511E-01     1.666596E+04
  1.318621E-01     1.678544E+04
  1.336984E-01     1.690581E+04
  1.355602E-01     1.702705E+04
  1.374479E-01     1.714917E+04
  1.393619E-01     1.727217E+04
  1.413026E-01     1.739607E+04
  1.432703E-01     1.752085E+04
  1.452654E-01     1.764653E+04
  1.472883E-01     1.777312E+04
  1.493393E-01     1.790060E+04
  1.514189E-01     1.802901E+04
  1.535275E-01     1.815833E+04
  1.556654E-01     1.828857E+04
  1.578331E-01     1.841974E+04
  1.600310E-01     1.855184E+04
  1.622595E-01     1.868487E+04
  1.645191E-01     1.881883E+04
  1.668101E-01     1.895373E+04
  1.691330E-01     1.908958E+04
  1.714882E-01     1.922637E+04
  1.738762E-01     1.936412E+04
  1.762975E-01     1.950283E+04
  1.787526E-01     1.964250E+04
  1.812418E-01     1.978314E+04
  1.837656E-01     1.992474E+04
  1.863246E-01     2.006730E+04
  1.889193E-01     2.021082E+04
  1.915501E-01     2.035531E+04
  1.942175E-01     2.050077E+04
  1.969220E-01     2.064719E+04
  1.996642E-01     2.079459E+04
  2.024447E-01     2.094296E+04
  2.052638E-01     2.109229E+04
  2.081222E-01     2.124260E+04
  2.110203E-01     2.139386E+04
  2.139589E-01     2.154607E+04
  2.169384E-01     2.169923E+04
  2.199593E-01     2.185332E+04
  2.230223E-01     2.200834E+04
  2.261280E-01     2.216429E+04
  2.292769E-01     2.232116E+04
  2.324697E-01     2.247893E+04
  2.357069E-01     2.263760E+04
  2.389893E-01     2.279717E+04
  2.423173E-01     2.295761E+04
  2.456916E-01     2.311894E+04
  2.491130E-01     2.328113E+04
  2.525820E-01     2.344418E+04
  2.560993E-01     2.360808E+04
  2.596656E-01     2.377282E+04
  2.632815E-01     2.393840E+04
  2.669478E-01     2.410480E+04
  2.706652E-01     2.427202E+04
  2.744343E-01     2.444005E+04
  2.782559E-01     2.460888E+04
  2.821308E-01     2.477850E+04
  2.860596E-01     2.494890E+04
  2.900430E-01     2.512007E+04
  2.940820E-01     2.529200E+04
  2.981772E-01     2.546469E+04
  3.023295E-01     2.563813E+04
  3.065395E-01     2.581231E+04
  3.108082E-01     2.598723E+04
  3.151363E-01     2.616287E+04
  3.195248E-01     2.633922E+04
  3.239743E-01     2.651627E+04
  3.284857E-01     2.669401E+04
  3.330600E-01     2.687243E+04
  3.376980E-01     2.705151E+04
  3.424006E-01     2.723126E+04
  3.471687E-01     2.741165E+04
  3.520031E-01     2.759269E+04
  3.569049E-01     2.777436E+04
  3.618750E-01     2.795665E+04
  3.669142E-01     2.813954E+04
  3.720237E-01     2.832302E+04
  3.772042E-01     2.850707E+04
  3.824570E-01     2.869167E+04
  3.877828E-01     2.887683E+04
  3.931829E-01     2.906251E+04
  3.986581E-01     2.924871E+04
  4.042096E-01     2.943542E+04
  4.098384E-01     2.962262E+04
  4.155455E-01     2.981029E+04
  4.213322E-01     2.999842E+04
  4.271994E-01     3.018698E+04
  4.331483E-01     3.037595E+04
  4.391801E-01     3.056531E+04
  4.452959E-01     3.075504E+04
  4.514968E-01     3.094512E+04
  4.577841E-01     3.113554E+04
  4.641589E-01     3.132627E+04
  4.706225E-01     3.151730E+04
  4.771761E-01     3.170859E+04
  4.838210E-01     3.190013E+04
  4.905584E-01     3.209186E+04
  4.973896E-01     3.228377E+04
  5.043159E-01     3.247582E+04
  5.113388E-01     3.266798E+04
  5.184594E-01     3.286021E+04
  5.256791E-01     3.305249E+04
  5.329994E-01     3.324478E+04
  5.404216E-01     3.343706E+04
  5.479472E-01     3.362928E+04
  5.555776E-01     3.382141E+04
  5.633143E-01     3.401341E+04
  5.711586E-01     3.420524E+04
  5.791123E-01     3.439686E+04
  5.871766E-01     3.458824E+04
  5.953533E-01     3.477934E+04
  6.036439E-01     3.497012E+04
  6.120498E-01     3.516055E+04
  6.205729E-01     3.535060E+04
  6.292146E-01     3.554022E+04
  6.379767E-01     3.572938E+04
  6.468608E-01     3.591807E+04
  6.558686E-01     3.610625E+04
  6.650018E-01     3.629389E+04
  6.742622E-01     3.648097E+04
  6.836516E-01     3.666746E+04
  6.931717E-01     3.685335E+04
  7.028244E-01     3.703862E+04
  7.126115E-01     3.722325E+04
  7.225349E-01     3.740722E+04
  7.325965E-01     3.759048E+04
  7.427982E-01     3.777301E+04
  7.531420E-01     3.795477E+04
  7.636298E-01     3.813572E+04
  7.742637E-01     3.831584E+04
  7.850456E-01     3.849511E+04
  7.959777E-01     3.867350E+04
  8.070620E-01     3.885098E+04
  8.183007E-01     3.902754E+04
  8.296959E-01     3.920316E+04
  8.412497E-01     3.937783E+04
  8.529644E-01     3.955153E+04
  8.648423E-01     3.972426E+04
  8.768856E-01     3.989602E+04
  8.890966E-01     4.006680E+04
  9.014776E-01     4.023662E+04
  9.140311E-01     4.040548E+04
  9.267593E-01     4.057341E+04
  9.396648E-01     4.074043E+04
  9.527500E-01     4.090655E+04
  9.660175E-01     4.107176E+04
  9.794697E-01     4.123605E+04
  9.931092E-01     4.139942E+04
  1.006939E+00     4.156188E+04
  1.020961E+00     4.172344E+04
  1.035178E+00     4.188411E+04
  1.049593E+00     4.204391E+04
  1.064209E+00     4.220287E+04
  1.079029E+00     4.236102E+04
  1.094055E+00     4.251837E+04
  1.109290E+00     4.267489E+04
  1.124737E+00     4.283056E+04
  1.140400E+00     4.298536E+04
  1.156280E+00     4.313926E+04
  1.172382E+00     4.329226E+04
  1.188708E+00     4.344433E+04
  1.205261E+00     4.359546E+04
  1.222045E+00     4.374565E+04
  1.239062E+00     4.389489E+04
  1.256317E+00     4.404317E+04
  1.273811E+00     4.419046E+04
  1.291550E+00     4.433672E+04
  1.309535E+00     4.448193E+04
  1.327771E+00     4.462604E+04
  1.346261E+00     4.476905E+04
  1.365008E+00     4.491091E+04
  1.384016E+00     4.505161E+04
  1.403289E+00     4.519113E+04
  1.422830E+00     4.532945E+04
  1.442644E+00     4.546656E+04
  1.462733E+00     4.560240E+04
  1.483103E+00     4.573693E+04
  1.503755E+00     4.587011E+04
  1.524696E+00     4.600190E+04
  1.545928E+00     4.613226E+04
  1.567455E+00     4.626114E+04
  1.589283E+00     4.638851E+04
  1.611414E+00     4.651433E+04
  1.633854E+00     4.663858E+04
  1.656606E+00     4.676122E+04
  1.679675E+00     4.688221E+04
  1.703065E+00     4.700151E+04
  1.726781E+00     4.711907E+04
  1.750827E+00     4.723485E+04
  1.775208E+00     4.734883E+04
  1.799929E+00     4.746096E+04
  1.824993E+00     4.757123E+04
  1.850407E+00     4.767959E+04
  1.876175E+00     4.778603E+04
  1.902301E+00     4.789053E+04
  1.928792E+00     4.799305E+04
  1.955651E+00     4.809355E+04
  1.982884E+00     4.819200E+04
  2.010496E+00     4.828837E+04
  2.038493E+00     4.838263E+04
  2.066880E+00     4.847477E+04
  2.095662E+00     4.856475E+04
  2.124845E+00     4.865258E+04
  2.154435E+00     4.873823E+04
  2.184436E+00     4.882170E+04
  2.214855E+00     4.890297E+04
  2.245698E+00     4.898199E+04
  2.276970E+00     4.905875E+04
  2.308678E+00     4.913322E+04
  2.340827E+00     4.920538E+04
  2.373424E+00     4.927522E+04
  2.406475E+00     4.934272E+04
  2.439986E+00     4.940788E+04
  2.473964E+00     4.947070E+04
  2.508415E+00     4.953119E+04
  2.543346E+00     4.958933E+04
  2.578763E+00     4.964508E+04
  2.614673E+00     4.969843E+04
  2.651084E+00     4.974936E+04
  2.688001E+00     4.979785E+04
  2.725433E+00     4.984390E+04
  2.763385E+00     4.988751E+04
  2.801867E+00     4.992868E+04
  2.840884E+00     4.996741E+04
  2.880444E+00     5.000373E+04
  2.920556E+00     5.003762E+04
  2.961225E+00     5.006905E+04
  3.002462E+00     5.009801E+04
  3.044272E+00     5.012449E+04
  3.086665E+00     5.014847E+04
  3.129648E+00     5.016995E+04
  3.173230E+00     5.018894E+04
  3.217418E+00     5.020544E+04
  3.262222E+00     5.021946E+04
  3.307650E+00     5.023103E+04
  3.353710E+00     5.024014E+04
  3.400412E+00     5.024678E+04
  3.447764E+00     5.025092E+04
  3.495776E+00     5.025257E+04
  3.544456E+00     5.025173E+04
  3.593814E+00     5.024839E+04
  3.643859E+00     5.024257E+04
  3.694601E+00     5.023428E+04
  3.746050E+00     5.022355E+04
  3.798215E+00     5.021039E+04
  3.851107E+00     5.019482E+04
  3.904735E+00     5.017683E+04
  3.959110E+00     5.015641E+04
  4.014242E+00     5.013355E+04
  4.070142E+00     5.010827E+04
  4.126821E+00     5.008057E+04
  4.184289E+00     5.005047E+04
  4.242556E+00     5.001799E+04
  4.301636E+00     4.998315E+04
  4.361538E+00     4.994599E+04
  4.422274E+00     4.990653E+04
  4.483856E+00     4.986475E+04
  4.546295E+00     4.982066E+04
  4.609604E+00     4.977426E+04
  4.673795E+00     4.972556E+04
  4.738880E+00     4.967458E+04
  4.804870E+00     4.962133E+04
  4.871780E+00     4.956583E+04
  4.939622E+00     4.950812E+04
  5.008408E+00     4.944824E+04
  5.078152E+00     4.938620E+04
  5.148867E+00     4.932200E+04
  5.220568E+00     4.925565E+04
  5.293266E+00     4.918715E+04
  5.366977E+00     4.911652E+04
  5.441714E+00     4.904376E+04
  5.517492E+00     4.896890E+04
  5.594326E+00     4.889196E+04
  5.672229E+00     4.881298E+04
  5.751217E+00     4.873198E+04
  5.831305E+00     4.864899E+04
  5.912508E+00     4.856402E+04
  5.994843E+00     4.847707E+04
  6.078323E+00     4.838816E+04
  6.162966E+00     4.829729E+04
  6.248788E+00     4.820448E+04
  6.335805E+00     4.810976E+04
  6.424034E+00     4.801315E+04
  6.513491E+00     4.791467E+04
  6.604194E+00     4.781438E+04
  6.696160E+00     4.771228E+04
  6.789407E+00     4.760840E+04
  6.883952E+00     4.750273E+04
  6.979814E+00     4.739529E+04
  7.077011E+00     4.728608E+04
  7.175561E+00     4.717512E+04
  7.275484E+00     4.706243E+04
  7.376798E+00     4.694803E+04
  7.479523E+00     4.683194E+04
  7.583678E+00     4.671420E+04
  7.689284E+00     4.659482E+04
  7.796360E+00     4.647382E+04
  7.904928E+00     4.635121E+04
  8.015007E+00     4.622698E+04
  8.126619E+00     4.610115E+04
  8.239786E+00     4.597374E+04
  8.354528E+00     4.584475E+04
  8.470868E+00     4.571421E+04
  8.588829E+00     4.558214E+04
  8.708431E+00     4.544856E+04
  8.829700E+00     4.531349E+04
  8.952657E+00     4.517694E+04
  9.077327E+00     4.503893E+04
  9.203732E+00     4.489945E+04
  9.331898E+00     4.475852E+04
  9.461848E+00     4.461615E+04
  9.593608E+00     4.447236E+04
  9.727203E+00     4.432715E+04
  9.862658E+00     4.418056E+04
  1.000000E+01     4.403260E+04
  1.013925E+01     4.388328E+04
  1.028045E+01     4.373263E+04
  1.042361E+01     4.358064E+04
  1.056876E+01     4.342734E+04
  1.071593E+01     4.327272E+04
  1.086516E+01     4.311680E+04
  1.101646E+01     4.295960E+04
  1.116987E+01     4.280113E+04
  1.132541E+01     4.264140E+04
  1.148312E+01     4.248044E+04
  1.164303E+01     4.231826E+04
  1.180517E+01     4.215487E+04
  1.196956E+01     4.199029E+04
  1.213624E+01     4.182453E+04
  1.230524E+01     4.165761E+04
  1.247660E+01     4.148954E+04
  1.265034E+01     4.132034E+04
  1.282650E+01     4.115003E+04
  1.300511E+01     4.097863E+04
  1.318621E+01     4.080616E+04
  1.336984E+01     4.063264E+04
  1.355602E+01     4.045808E+04
  1.374479E+01     4.028250E+04
  1.393619E+01     4.010591E+04
  1.413026E+01     3.992833E+04
  1.432703E+01     3.974976E+04
  1.452654E+01     3.957023E+04
  1.472883E+01     3.938974E+04
  1.493393E+01     3.920832E+04
  1.514189E+01     3.902597E+04
  1.535275E+01     3.884272E+04
  1.556654E+01     3.865858E+04
  1.578331E+01     3.847356E+04
  1.600310E+01     3.828768E+04
  1.622595E+01     3.810097E+04
  1.645191E+01     3.791343E+04
  1.668101E+01     3.772509E+04
  1.691330E+01     3.753597E+04
  1.714882E+01     3.734607E+04
  1.738762E+01     3.715543E+04
  1.762975E+01     3.696405E+04
  1.787526E+01     3.677197E+04
  1.812418E+01     3.657919E+04
  1.837656E+01     3.638576E+04
  1.863246E+01     3.619168E+04
  1.889193E+01     3.599699E+04
  1.915501E+01     3.580171E+04
  1.942175E+01     3.560586E+04
  1.969220E+01     3.540947E+04
  1.996642E+01     3.521256E+04
  2.024447E+01     3.501515E+04
  2.052638E+01     3.481728E+04
  2.081222E+01     3.461895E+04
  2.110203E+01     3.442019E+04
  2.139589E+01     3.422102E+04
  2.169384E+01     3.402146E+04
  2.199593E+01     3.382151E+04
  2.230223E+01     3.362121E+04
  2.261280E+01     3.342055E+04
  2.292769E+01     3.321956E+04
  2.324697E+01     3.301826E+04
  2.357069E+01     3.281665E+04
  2.389893E+01     3.261476E+04
  2.423173E+01     3.241262E+04
  2.456916E+01     3.221026E+04
  2.491130E+01     3.200769E+04
  2.525820E+01     3.180495E+04
  2.560993E+01     3.160205E+04
  2.596656E+01     3.139902E+04
  2.632815E+01     3.119588E+04
  2.669478E+01     3.099264E+04
  2.706652E+01     3.078933E+04
  2.744343E+01     3.058598E+04
  2.782559E+01     3.038261E+04
  2.821308E+01     3.017926E+04
  2.860596E+01     2.997594E+04
  2.900430E+01     2.977269E+04
  2.940820E+01     2.956952E+04
  2.981772E+01     2.936646E+04
  3.023295E+01     2.916352E+04
  3.065395E+01     2.896073E+04
  3.108082E+01     2.875811E+04
  3.151363E+01     2.855567E+04
  3.195248E+01     2.835346E+04
  3.239743E+01     2.815149E+04
  3.284857E+01     2.794979E+04
  3.330600E+01     2.774838E+04
  3.376980E+01     2.754727E+04
  3.424006E+01     2.734650E+04
  3.471687E+01     2.714606E+04
  3.520031E+01     2.694598E+04
  3.569049E+01     2.674627E+04
  3.618750E+01     2.654695E+04
  3.669142E+01     2.634806E+04
  3.720237E+01     2.614963E+04
  3.772042E+01     2.595167E+04
  3.824570E+01     2.575422E+04
  3.877828E+01     2.555729E+04
  3.931829E+01     2.536090E+04
  3.986581E+01     2.516507E+04
  4.042096E+01     2.496982E+04
  4.098384E+01     2.477514E+04
  4.155455E+01     2.458108E+04
  4.213322E+01     2.438766E+04
  4.271994E+01     2.419490E+04
  4.331483E+01     2.400282E+04
  4.391801E+01     2.381144E+04
  4.452959E+01     2.362078E+04
  4.514968E+01     2.343084E+04
  4.577841E+01     2.324165E+04
  4.641589E+01     2.305320E+04
  4.706225E+01     2.286550E+04
  4.771761E+01     2.267857E+04
  4.838210E+01     2.249244E+04
  4.905584E+01     2.230713E+04
  4.973896E+01     2.212267E+04
  5.043159E+01     2.193909E+04
  5.113388E+01     2.175638E+04
  5.184594E+01     2.157458E+04
  5.256791E+01     2.139367E+04
  5.329994E+01     2.121368E+04
  5.404216E+01     2.103461E+04
  5.479472E+01     2.085647E+04
  5.555776E+01     2.067928E+04
  5.633143E+01     2.050308E+04
  5.711586E+01     2.032788E+04
  5.791123E+01     2.015368E+04
  5.871766E+01     1.998051E+04
  5.953533E+01     1.980837E+04
  6.036439E+01     1.963726E+04
  6.120498E+01     1.946717E+04
  6.205729E+01     1.929811E+04
  6.292146E+01     1.913008E+04
  6.379767E+01     1.896312E+04
  6.468608E+01     1.879724E+04
  6.558686E+01     1.863245E+04
  6.650018E+01     1.846879E+04
  6.742622E+01     1.830624E+04
  6.836516E+01     1.814482E+04
  6.931717E+01     1.798454E+04
  7.028244E+01     1.782538E+04
  7.126115E+01     1.766733E+04
  7.225349E+01     1.751042E+04
  7.325965E+01     1.735465E+04
  7.427982E+01     1.720005E+04
  7.531420E+01     1.704662E+04
  7.636298E+01     1.689437E+04
  7.742637E+01     1.674331E+04
  7.850456E+01     1.659343E+04
  7.959777E+01     1.644473E+04
  8.070620E+01     1.629720E+04
  8.183007E+01     1.615081E+04
  8.296959E+01     1.600557E+04
  8.412497E+01     1.586151E+04
  8.529644E+01     1.571863E+04
  8.648423E+01     1.557696E+04
  8.768856E+01     1.543649E+04
  8.890966E+01     1.529724E+04
  9.014776E+01     1.515921E+04
  9.140311E+01     1.502238E+04
  9.267593E+01     1.488675E+04
  9.396648E+01     1.475230E+04
  9.527500E+01     1.461904E+04
  9.660175E+01     1.448698E+04
  9.794697E+01     1.435612E+04
  9.931092E+01     1.422649E+04
  1.006939E+02     1.409807E+04
  1.020961E+02     1.397087E+04
  1.035178E+02     1.384489E+04
  1.049593E+02     1.372010E+04
  1.064209E+02     1.359650E+04
  1.079029E+02     1.347407E+04
  1.094055E+02     1.335278E+04
  1.109290E+02     1.323267E+04
  1.124737E+02     1.311373E+04
  1.140400E+02     1.299597E+04
  1.156280E+02     1.287940E+04
  1.172382E+02     1.276401E+04
  1.188708E+02     1.264980E+04
  1.205261E+02     1.253675E+04
  1.222045E+02     1.242485E+04
  1.239062E+02     1.231408E+04
  1.256317E+02     1.220442E+04
  1.273811E+02     1.209588E+04
  1.291550E+02     1.198848E+04
  1.309535E+02     1.188222E+04
  1.327771E+02     1.177710E+04
  1.346261E+02     1.167312E+04
  1.365008E+02     1.157028E+04
  1.384016E+02     1.146856E+04
  1.403289E+02     1.136795E+04
  1.422830E+02     1.126843E+04
  1.442644E+02     1.116998E+04
  1.462733E+02     1.107261E+04
  1.483103E+02     1.097633E+04
  1.503755E+02     1.088113E+04
  1.524696E+02     1.078702E+04
  1.545928E+02     1.069399E+04
  1.567455E+02     1.060202E+04
  1.589283E+02     1.051111E+04
  1.611414E+02     1.042123E+04
  1.633854E+02     1.033236E+04
  1.656606E+02     1.024447E+04
  1.679675E+02     1.015758E+04
  1.703065E+02     1.007168E+04
  1.726781E+02     9.986781E+03
  1.750827E+02     9.902884E+03
  1.775208E+02     9.819983E+03
  1.799929E+02     9.738071E+03
  1.824993E+02     9.657135E+03
  1.850407E+02     9.577159E+03
  1.876175E+02     9.498121E+03
  1.902301E+02     9.420003E+03
  1.928792E+02     9.342808E+03
  1.955651E+02     9.266540E+03
  1.982884E+02     9.191201E+03
  2.010496E+02     9.116789E+03
  2.038493E+02     9.043299E+03
  2.066880E+02     8.970723E+03
  2.095662E+02     8.899048E+03
  2.124845E+02     8.828257E+03
  2.154435E+02     8.758329E+03
  2.184436E+02     8.689245E+03
  2.214855E+02     8.621003E+03
  2.245698E+02     8.553609E+03
  2.276970E+02     8.487065E+03
  2.308678E+02     8.421367E+03
  2.340827E+02     8.356513E+03
  2.373424E+02     8.292494E+03
  2.406475E+02     8.229299E+03
  2.439986E+02     8.166912E+03
  2.473964E+02     8.105316E+03
  2.508415E+02     8.044488E+03
  2.543346E+02     7.984430E+03
  2.578763E+02     7.925143E+03
  2.614673E+02     7.866630E+03
  2.651084E+02     7.808887E+03
  2.688001E+02     7.751912E+03
  2.725433E+02     7.695696E+03
  2.763385E+02     7.640229E+03
  2.801867E+02     7.585497E+03
  2.840884E+02     7.531482E+03
  2.880444E+02     7.478166E+03
  2.920556E+02     7.425544E+03
  2.961225E+02     7.373620E+03
  3.002462E+02     7.322396E+03
  3.044272E+02     7.271869E+03
  3.086665E+02     7.222036E+03
  3.129648E+02     7.172891E+03
  3.173230E+02     7.124424E+03
  3.217418E+02     7.076622E+03
  3.262222E+02     7.029470E+03
  3.307650E+02     6.982951E+03
  3.353710E+02     6.937060E+03
  3.400412E+02     6.891799E+03
  3.447764E+02     6.847169E+03
  3.495776E+02     6.803170E+03
  3.544456E+02     6.759798E+03
  3.593814E+02     6.717047E+03
  3.643859E+02     6.674908E+03
  3.694601E+02     6.633371E+03
  3.746050E+02     6.592422E+03
  3.798215E+02     6.552043E+03
  3.851107E+02     6.512230E+03
  3.904735E+02     6.472986E+03
  3.959110E+02     6.434310E+03
  4.014242E+02     6.396202E+03
  4.070142E+02     6.358660E+03
  4.126821E+02     6.321677E+03
  4.184289E+02     6.285247E+03
  4.242556E+02     6.249360E+03
  4.301636E+02     6.214004E+03
  4.361538E+02     6.179164E+03
  4.422274E+02     6.144833E+03
  4.483856E+02     6.111014E+03
  4.546295E+02     6.077707E+03
  4.609604E+02     6.044912E+03
  4.673795E+02     6.012626E+03
  4.738880E+02     5.980844E+03
  4.804870E+02     5.949560E+03
  4.871780E+02     5.918765E+03
  4.939622E+02     5.888448E+03
  5.008408E+02     5.858596E+03
  5.078152E+02     5.829202E+03
  5.148867E+02     5.800267E+03
  5.220568E+02     5.771792E+03
  5.293266E+02     5.743776E+03
  5.366977E+02     5.716216E+03
  5.441714E+02     5.689109E+03
  5.517492E+02     5.662448E+03
  5.594326E+02     5.636225E+03
  5.672229E+02     5.610431E+03
  5.751217E+02     5.585053E+03
  5.831305E+02     5.560085E+03
  5.912508E+02     5.535526E+03
  5.994843E+02     5.511378E+03
  6.078323E+02     5.487640E+03
  6.162966E+02     5.464309E+03
  6.248788E+02     5.441383E+03
  6.335805E+02     5.418857E+03
  6.424034E+02     5.396722E+03
  6.513491E+02     5.374972E+03
  6.604194E+02     5.353594E+03
  6.696160E+02     5.332582E+03
  6.789407E+02     5.311934E+03
  6.883952E+02     5.291649E+03
  6.979814E+02     5.271724E+03
  7.077011E+02     5.252155E+03
  7.175561E+02     5.232936E+03
  7.275484E+02     5.214061E+03
  7.376798E+02     5.195520E+03
  7.479523E+02     5.177304E+03
  7.583678E+02     5.159399E+03
  7.689284E+02     5.141797E+03
  7.796360E+02     5.124503E+03
  7.904928E+02     5.107523E+03
  8.015007E+02     5.090863E+03
  8.126619E+02     5.074527E+03
  8.239786E+02     5.058520E+03
  8.354528E+02     5.042846E+03
  8.470868E+02     5.027509E+03
  8.588829E+02     5.012512E+03
  8.708431E+02     4.997855E+03
  8.829700E+02     4.983534E+03
  8.952657E+02     4.969520E+03
  9.077327E+02     4.955776E+03
  9.203732E+02     4.942263E+03
  9.331898E+02     4.928936E+03
  9.461848E+02     4.915745E+03
  9.593608E+02     4.902638E+03
  9.727203E+02     4.889556E+03
  9.862658E+02     4.876435E+03
  1.000000E+03     4.863205E+03
