FILE CREATED BY  : PROGRAM DPASS - VERSION 2.00
DATABASE VERSION : 21.06
DATE AND TIME    : 09/08/2022 22:23:58
PROJECTILE       : Mo
TARGET           : Na
TARGET AT. MASS  : 2.298977E+01
TARGET DENSITY   : 9.710000E-01 g/cm^3
TABULATED OUTPUT : STOPPING FORCE VERSUS ENERGY
DATA TYPE        : SPLINE INTERPOLATED
ABSCISSA UNITS   : MeV/u
ORDINATE UNITS   : eV/nm


      E/n             S(E/n)

  1.000000E-03     1.729988E+02
  1.013925E-03     1.741946E+02
  1.028045E-03     1.754062E+02
  1.042361E-03     1.766330E+02
  1.056876E-03     1.778743E+02
  1.071593E-03     1.791293E+02
  1.086516E-03     1.803971E+02
  1.101646E-03     1.816769E+02
  1.116987E-03     1.829675E+02
  1.132541E-03     1.842678E+02
  1.148312E-03     1.855767E+02
  1.164303E-03     1.868929E+02
  1.180517E-03     1.882165E+02
  1.196956E-03     1.895477E+02
  1.213624E-03     1.908868E+02
  1.230524E-03     1.922342E+02
  1.247660E-03     1.935902E+02
  1.265034E-03     1.949553E+02
  1.282650E-03     1.963298E+02
  1.300511E-03     1.977144E+02
  1.318621E-03     1.991094E+02
  1.336984E-03     2.005155E+02
  1.355602E-03     2.019329E+02
  1.374479E-03     2.033614E+02
  1.393619E-03     2.048010E+02
  1.413026E-03     2.062518E+02
  1.432703E-03     2.077136E+02
  1.452654E-03     2.091865E+02
  1.472883E-03     2.106704E+02
  1.493393E-03     2.121653E+02
  1.514189E-03     2.136711E+02
  1.535275E-03     2.151878E+02
  1.556654E-03     2.167155E+02
  1.578331E-03     2.182542E+02
  1.600310E-03     2.198040E+02
  1.622595E-03     2.213652E+02
  1.645191E-03     2.229377E+02
  1.668101E-03     2.245218E+02
  1.691330E-03     2.261177E+02
  1.714882E-03     2.277254E+02
  1.738762E-03     2.293453E+02
  1.762975E-03     2.309774E+02
  1.787526E-03     2.326220E+02
  1.812418E-03     2.342790E+02
  1.837656E-03     2.359486E+02
  1.863246E-03     2.376308E+02
  1.889193E-03     2.393257E+02
  1.915501E-03     2.410333E+02
  1.942175E-03     2.427538E+02
  1.969220E-03     2.444873E+02
  1.996642E-03     2.462338E+02
  2.024447E-03     2.479935E+02
  2.052638E-03     2.497664E+02
  2.081222E-03     2.515527E+02
  2.110203E-03     2.533524E+02
  2.139589E-03     2.551656E+02
  2.169384E-03     2.569924E+02
  2.199593E-03     2.588330E+02
  2.230223E-03     2.606873E+02
  2.261280E-03     2.625556E+02
  2.292769E-03     2.644380E+02
  2.324697E-03     2.663347E+02
  2.357069E-03     2.682457E+02
  2.389893E-03     2.701712E+02
  2.423173E-03     2.721112E+02
  2.456916E-03     2.740660E+02
  2.491130E-03     2.760356E+02
  2.525820E-03     2.780202E+02
  2.560993E-03     2.800200E+02
  2.596656E-03     2.820350E+02
  2.632815E-03     2.840656E+02
  2.669478E-03     2.861118E+02
  2.706652E-03     2.881739E+02
  2.744343E-03     2.902520E+02
  2.782559E-03     2.923460E+02
  2.821308E-03     2.944562E+02
  2.860596E-03     2.965826E+02
  2.900430E-03     2.987254E+02
  2.940820E-03     3.008847E+02
  2.981772E-03     3.030605E+02
  3.023295E-03     3.052531E+02
  3.065395E-03     3.074626E+02
  3.108082E-03     3.096891E+02
  3.151363E-03     3.119328E+02
  3.195248E-03     3.141938E+02
  3.239743E-03     3.164721E+02
  3.284857E-03     3.187681E+02
  3.330600E-03     3.210817E+02
  3.376980E-03     3.234132E+02
  3.424006E-03     3.257627E+02
  3.471687E-03     3.281304E+02
  3.520031E-03     3.305166E+02
  3.569049E-03     3.329213E+02
  3.618750E-03     3.353448E+02
  3.669142E-03     3.377872E+02
  3.720237E-03     3.402486E+02
  3.772042E-03     3.427291E+02
  3.824570E-03     3.452289E+02
  3.877828E-03     3.477481E+02
  3.931829E-03     3.502870E+02
  3.986581E-03     3.528456E+02
  4.042096E-03     3.554243E+02
  4.098384E-03     3.580232E+02
  4.155455E-03     3.606425E+02
  4.213322E-03     3.632822E+02
  4.271994E-03     3.659426E+02
  4.331483E-03     3.686238E+02
  4.391801E-03     3.713260E+02
  4.452959E-03     3.740494E+02
  4.514968E-03     3.767941E+02
  4.577841E-03     3.795605E+02
  4.641589E-03     3.823486E+02
  4.706225E-03     3.851588E+02
  4.771761E-03     3.879912E+02
  4.838210E-03     3.908460E+02
  4.905584E-03     3.937232E+02
  4.973896E-03     3.966231E+02
  5.043159E-03     3.995458E+02
  5.113388E-03     4.024916E+02
  5.184594E-03     4.054605E+02
  5.256791E-03     4.084528E+02
  5.329994E-03     4.114688E+02
  5.404216E-03     4.145086E+02
  5.479472E-03     4.175725E+02
  5.555776E-03     4.206606E+02
  5.633143E-03     4.237730E+02
  5.711586E-03     4.269099E+02
  5.791123E-03     4.300715E+02
  5.871766E-03     4.332580E+02
  5.953533E-03     4.364697E+02
  6.036439E-03     4.397066E+02
  6.120498E-03     4.429692E+02
  6.205729E-03     4.462576E+02
  6.292146E-03     4.495720E+02
  6.379767E-03     4.529126E+02
  6.468608E-03     4.562795E+02
  6.558686E-03     4.596730E+02
  6.650018E-03     4.630932E+02
  6.742622E-03     4.665404E+02
  6.836516E-03     4.700147E+02
  6.931717E-03     4.735164E+02
  7.028244E-03     4.770459E+02
  7.126115E-03     4.806033E+02
  7.225349E-03     4.841888E+02
  7.325965E-03     4.878027E+02
  7.427982E-03     4.914451E+02
  7.531420E-03     4.951161E+02
  7.636298E-03     4.988160E+02
  7.742637E-03     5.025451E+02
  7.850456E-03     5.063034E+02
  7.959777E-03     5.100913E+02
  8.070620E-03     5.139091E+02
  8.183007E-03     5.177569E+02
  8.296959E-03     5.216351E+02
  8.412497E-03     5.255438E+02
  8.529644E-03     5.294830E+02
  8.648423E-03     5.334530E+02
  8.768856E-03     5.374539E+02
  8.890966E-03     5.414859E+02
  9.014776E-03     5.455492E+02
  9.140311E-03     5.496440E+02
  9.267593E-03     5.537706E+02
  9.396648E-03     5.579292E+02
  9.527500E-03     5.621199E+02
  9.660175E-03     5.663430E+02
  9.794697E-03     5.705986E+02
  9.931092E-03     5.748870E+02
  1.006939E-02     5.792084E+02
  1.020961E-02     5.835629E+02
  1.035178E-02     5.879509E+02
  1.049593E-02     5.923727E+02
  1.064209E-02     5.968284E+02
  1.079029E-02     6.013186E+02
  1.094055E-02     6.058433E+02
  1.109290E-02     6.104027E+02
  1.124737E-02     6.149970E+02
  1.140400E-02     6.196264E+02
  1.156280E-02     6.242909E+02
  1.172382E-02     6.289908E+02
  1.188708E-02     6.337263E+02
  1.205261E-02     6.384975E+02
  1.222045E-02     6.433048E+02
  1.239062E-02     6.481483E+02
  1.256317E-02     6.530282E+02
  1.273811E-02     6.579448E+02
  1.291550E-02     6.628981E+02
  1.309535E-02     6.678883E+02
  1.327771E-02     6.729155E+02
  1.346261E-02     6.779800E+02
  1.365008E-02     6.830818E+02
  1.384016E-02     6.882213E+02
  1.403289E-02     6.933987E+02
  1.422830E-02     6.986141E+02
  1.442644E-02     7.038679E+02
  1.462733E-02     7.091602E+02
  1.483103E-02     7.144910E+02
  1.503755E-02     7.198605E+02
  1.524696E-02     7.252688E+02
  1.545928E-02     7.307161E+02
  1.567455E-02     7.362025E+02
  1.589283E-02     7.417283E+02
  1.611414E-02     7.472937E+02
  1.633854E-02     7.528989E+02
  1.656606E-02     7.585440E+02
  1.679675E-02     7.642293E+02
  1.703065E-02     7.699547E+02
  1.726781E-02     7.757205E+02
  1.750827E-02     7.815266E+02
  1.775208E-02     7.873733E+02
  1.799929E-02     7.932606E+02
  1.824993E-02     7.991888E+02
  1.850407E-02     8.051580E+02
  1.876175E-02     8.111685E+02
  1.902301E-02     8.172205E+02
  1.928792E-02     8.233140E+02
  1.955651E-02     8.294491E+02
  1.982884E-02     8.356259E+02
  2.010496E-02     8.418444E+02
  2.038493E-02     8.481049E+02
  2.066880E-02     8.544075E+02
  2.095662E-02     8.607522E+02
  2.124845E-02     8.671393E+02
  2.154435E-02     8.735691E+02
  2.184436E-02     8.800417E+02
  2.214855E-02     8.865573E+02
  2.245698E-02     8.931159E+02
  2.276970E-02     8.997177E+02
  2.308678E-02     9.063629E+02
  2.340827E-02     9.130517E+02
  2.373424E-02     9.197842E+02
  2.406475E-02     9.265608E+02
  2.439986E-02     9.333817E+02
  2.473964E-02     9.402472E+02
  2.508415E-02     9.471577E+02
  2.543346E-02     9.541133E+02
  2.578763E-02     9.611137E+02
  2.614673E-02     9.681591E+02
  2.651084E-02     9.752493E+02
  2.688001E-02     9.823843E+02
  2.725433E-02     9.895641E+02
  2.763385E-02     9.967887E+02
  2.801867E-02     1.004058E+03
  2.840884E-02     1.011373E+03
  2.880444E-02     1.018732E+03
  2.920556E-02     1.026136E+03
  2.961225E-02     1.033586E+03
  3.002462E-02     1.041081E+03
  3.044272E-02     1.048622E+03
  3.086665E-02     1.056209E+03
  3.129648E-02     1.063843E+03
  3.173230E-02     1.071523E+03
  3.217418E-02     1.079250E+03
  3.262222E-02     1.087025E+03
  3.307650E-02     1.094849E+03
  3.353710E-02     1.102721E+03
  3.400412E-02     1.110641E+03
  3.447764E-02     1.118611E+03
  3.495776E-02     1.126629E+03
  3.544456E-02     1.134697E+03
  3.593814E-02     1.142815E+03
  3.643859E-02     1.150983E+03
  3.694601E-02     1.159201E+03
  3.746050E-02     1.167471E+03
  3.798215E-02     1.175792E+03
  3.851107E-02     1.184164E+03
  3.904735E-02     1.192589E+03
  3.959110E-02     1.201064E+03
  4.014242E-02     1.209592E+03
  4.070142E-02     1.218171E+03
  4.126821E-02     1.226801E+03
  4.184289E-02     1.235483E+03
  4.242556E-02     1.244216E+03
  4.301636E-02     1.253001E+03
  4.361538E-02     1.261837E+03
  4.422274E-02     1.270725E+03
  4.483856E-02     1.279665E+03
  4.546295E-02     1.288655E+03
  4.609604E-02     1.297696E+03
  4.673795E-02     1.306788E+03
  4.738880E-02     1.315930E+03
  4.804870E-02     1.325121E+03
  4.871780E-02     1.334362E+03
  4.939622E-02     1.343652E+03
  5.008408E-02     1.352992E+03
  5.078152E-02     1.362380E+03
  5.148867E-02     1.371817E+03
  5.220568E-02     1.381303E+03
  5.293266E-02     1.390836E+03
  5.366977E-02     1.400417E+03
  5.441714E-02     1.410046E+03
  5.517492E-02     1.419723E+03
  5.594326E-02     1.429446E+03
  5.672229E-02     1.439217E+03
  5.751217E-02     1.449036E+03
  5.831305E-02     1.458901E+03
  5.912508E-02     1.468814E+03
  5.994843E-02     1.478774E+03
  6.078323E-02     1.488781E+03
  6.162966E-02     1.498837E+03
  6.248788E-02     1.508940E+03
  6.335805E-02     1.519091E+03
  6.424034E-02     1.529291E+03
  6.513491E-02     1.539540E+03
  6.604194E-02     1.549839E+03
  6.696160E-02     1.560188E+03
  6.789407E-02     1.570589E+03
  6.883952E-02     1.581041E+03
  6.979814E-02     1.591545E+03
  7.077011E-02     1.602101E+03
  7.175561E-02     1.612711E+03
  7.275484E-02     1.623375E+03
  7.376798E-02     1.634095E+03
  7.479523E-02     1.644871E+03
  7.583678E-02     1.655706E+03
  7.689284E-02     1.666599E+03
  7.796360E-02     1.677553E+03
  7.904928E-02     1.688568E+03
  8.015007E-02     1.699644E+03
  8.126619E-02     1.710784E+03
  8.239786E-02     1.721987E+03
  8.354528E-02     1.733256E+03
  8.470868E-02     1.744591E+03
  8.588829E-02     1.755995E+03
  8.708431E-02     1.767469E+03
  8.829700E-02     1.779015E+03
  8.952657E-02     1.790633E+03
  9.077327E-02     1.802325E+03
  9.203732E-02     1.814090E+03
  9.331898E-02     1.825930E+03
  9.461848E-02     1.837846E+03
  9.593608E-02     1.849839E+03
  9.727203E-02     1.861909E+03
  9.862658E-02     1.874058E+03
  1.000000E-01     1.886288E+03
  1.013925E-01     1.898600E+03
  1.028045E-01     1.910994E+03
  1.042361E-01     1.923472E+03
  1.056876E-01     1.936035E+03
  1.071593E-01     1.948684E+03
  1.086516E-01     1.961420E+03
  1.101646E-01     1.974244E+03
  1.116987E-01     1.987159E+03
  1.132541E-01     2.000165E+03
  1.148312E-01     2.013266E+03
  1.164303E-01     2.026461E+03
  1.180517E-01     2.039754E+03
  1.196956E-01     2.053143E+03
  1.213624E-01     2.066631E+03
  1.230524E-01     2.080218E+03
  1.247660E-01     2.093905E+03
  1.265034E-01     2.107693E+03
  1.282650E-01     2.121584E+03
  1.300511E-01     2.135579E+03
  1.318621E-01     2.149678E+03
  1.336984E-01     2.163885E+03
  1.355602E-01     2.178198E+03
  1.374479E-01     2.192617E+03
  1.393619E-01     2.207142E+03
  1.413026E-01     2.221771E+03
  1.432703E-01     2.236503E+03
  1.452654E-01     2.251338E+03
  1.472883E-01     2.266275E+03
  1.493393E-01     2.281313E+03
  1.514189E-01     2.296451E+03
  1.535275E-01     2.311687E+03
  1.556654E-01     2.327021E+03
  1.578331E-01     2.342450E+03
  1.600310E-01     2.357975E+03
  1.622595E-01     2.373594E+03
  1.645191E-01     2.389305E+03
  1.668101E-01     2.405107E+03
  1.691330E-01     2.420998E+03
  1.714882E-01     2.436977E+03
  1.738762E-01     2.453042E+03
  1.762975E-01     2.469192E+03
  1.787526E-01     2.485425E+03
  1.812418E-01     2.501740E+03
  1.837656E-01     2.518134E+03
  1.863246E-01     2.534607E+03
  1.889193E-01     2.551157E+03
  1.915501E-01     2.567782E+03
  1.942175E-01     2.584480E+03
  1.969220E-01     2.601250E+03
  1.996642E-01     2.618091E+03
  2.024447E-01     2.635000E+03
  2.052638E-01     2.651975E+03
  2.081222E-01     2.669016E+03
  2.110203E-01     2.686120E+03
  2.139589E-01     2.703285E+03
  2.169384E-01     2.720512E+03
  2.199593E-01     2.737796E+03
  2.230223E-01     2.755138E+03
  2.261280E-01     2.772536E+03
  2.292769E-01     2.789987E+03
  2.324697E-01     2.807491E+03
  2.357069E-01     2.825047E+03
  2.389893E-01     2.842651E+03
  2.423173E-01     2.860304E+03
  2.456916E-01     2.878003E+03
  2.491130E-01     2.895747E+03
  2.525820E-01     2.913535E+03
  2.560993E-01     2.931365E+03
  2.596656E-01     2.949237E+03
  2.632815E-01     2.967148E+03
  2.669478E-01     2.985099E+03
  2.706652E-01     3.003087E+03
  2.744343E-01     3.021112E+03
  2.782559E-01     3.039173E+03
  2.821308E-01     3.057267E+03
  2.860596E-01     3.075393E+03
  2.900430E-01     3.093551E+03
  2.940820E-01     3.111740E+03
  2.981772E-01     3.129959E+03
  3.023295E-01     3.148207E+03
  3.065395E-01     3.166484E+03
  3.108082E-01     3.184789E+03
  3.151363E-01     3.203121E+03
  3.195248E-01     3.221479E+03
  3.239743E-01     3.239860E+03
  3.284857E-01     3.258266E+03
  3.330600E-01     3.276693E+03
  3.376980E-01     3.295143E+03
  3.424006E-01     3.313613E+03
  3.471687E-01     3.332105E+03
  3.520031E-01     3.350617E+03
  3.569049E-01     3.369150E+03
  3.618750E-01     3.387702E+03
  3.669142E-01     3.406273E+03
  3.720237E-01     3.424860E+03
  3.772042E-01     3.443463E+03
  3.824570E-01     3.462081E+03
  3.877828E-01     3.480713E+03
  3.931829E-01     3.499359E+03
  3.986581E-01     3.518019E+03
  4.042096E-01     3.536693E+03
  4.098384E-01     3.555380E+03
  4.155455E-01     3.574079E+03
  4.213322E-01     3.592789E+03
  4.271994E-01     3.611506E+03
  4.331483E-01     3.630229E+03
  4.391801E-01     3.648956E+03
  4.452959E-01     3.667686E+03
  4.514968E-01     3.686418E+03
  4.577841E-01     3.705150E+03
  4.641589E-01     3.723881E+03
  4.706225E-01     3.742610E+03
  4.771761E-01     3.761334E+03
  4.838210E-01     3.780050E+03
  4.905584E-01     3.798753E+03
  4.973896E-01     3.817442E+03
  5.043159E-01     3.836111E+03
  5.113388E-01     3.854759E+03
  5.184594E-01     3.873382E+03
  5.256791E-01     3.891977E+03
  5.329994E-01     3.910540E+03
  5.404216E-01     3.929069E+03
  5.479472E-01     3.947559E+03
  5.555776E-01     3.966006E+03
  5.633143E-01     3.984406E+03
  5.711586E-01     4.002753E+03
  5.791123E-01     4.021044E+03
  5.871766E-01     4.039274E+03
  5.953533E-01     4.057439E+03
  6.036439E-01     4.075534E+03
  6.120498E-01     4.093556E+03
  6.205729E-01     4.111499E+03
  6.292146E-01     4.129360E+03
  6.379767E-01     4.147134E+03
  6.468608E-01     4.164816E+03
  6.558686E-01     4.182402E+03
  6.650018E-01     4.199887E+03
  6.742622E-01     4.217268E+03
  6.836516E-01     4.234539E+03
  6.931717E-01     4.251698E+03
  7.028244E-01     4.268740E+03
  7.126115E-01     4.285662E+03
  7.225349E-01     4.302459E+03
  7.325965E-01     4.319126E+03
  7.427982E-01     4.335660E+03
  7.531420E-01     4.352054E+03
  7.636298E-01     4.368306E+03
  7.742637E-01     4.384410E+03
  7.850456E-01     4.400363E+03
  7.959777E-01     4.416160E+03
  8.070620E-01     4.431800E+03
  8.183007E-01     4.447278E+03
  8.296959E-01     4.462590E+03
  8.412497E-01     4.477733E+03
  8.529644E-01     4.492701E+03
  8.648423E-01     4.507492E+03
  8.768856E-01     4.522102E+03
  8.890966E-01     4.536527E+03
  9.014776E-01     4.550765E+03
  9.140311E-01     4.564814E+03
  9.267593E-01     4.578671E+03
  9.396648E-01     4.592334E+03
  9.527500E-01     4.605802E+03
  9.660175E-01     4.619070E+03
  9.794697E-01     4.632135E+03
  9.931092E-01     4.644995E+03
  1.006939E+00     4.657646E+03
  1.020961E+00     4.670087E+03
  1.035178E+00     4.682316E+03
  1.049593E+00     4.694332E+03
  1.064209E+00     4.706134E+03
  1.079029E+00     4.717722E+03
  1.094055E+00     4.729096E+03
  1.109290E+00     4.740253E+03
  1.124737E+00     4.751189E+03
  1.140400E+00     4.761903E+03
  1.156280E+00     4.772393E+03
  1.172382E+00     4.782658E+03
  1.188708E+00     4.792698E+03
  1.205261E+00     4.802512E+03
  1.222045E+00     4.812103E+03
  1.239062E+00     4.821469E+03
  1.256317E+00     4.830614E+03
  1.273811E+00     4.839533E+03
  1.291550E+00     4.848225E+03
  1.309535E+00     4.856690E+03
  1.327771E+00     4.864926E+03
  1.346261E+00     4.872934E+03
  1.365008E+00     4.880712E+03
  1.384016E+00     4.888264E+03
  1.403289E+00     4.895590E+03
  1.422830E+00     4.902693E+03
  1.442644E+00     4.909575E+03
  1.462733E+00     4.916234E+03
  1.483103E+00     4.922668E+03
  1.503755E+00     4.928877E+03
  1.524696E+00     4.934861E+03
  1.545928E+00     4.940619E+03
  1.567455E+00     4.946153E+03
  1.589283E+00     4.951464E+03
  1.611414E+00     4.956553E+03
  1.633854E+00     4.961424E+03
  1.656606E+00     4.966079E+03
  1.679675E+00     4.970518E+03
  1.703065E+00     4.974738E+03
  1.726781E+00     4.978741E+03
  1.750827E+00     4.982525E+03
  1.775208E+00     4.986092E+03
  1.799929E+00     4.989443E+03
  1.824993E+00     4.992579E+03
  1.850407E+00     4.995504E+03
  1.876175E+00     4.998220E+03
  1.902301E+00     5.000731E+03
  1.928792E+00     5.003036E+03
  1.955651E+00     5.005133E+03
  1.982884E+00     5.007023E+03
  2.010496E+00     5.008706E+03
  2.038493E+00     5.010180E+03
  2.066880E+00     5.011449E+03
  2.095662E+00     5.012513E+03
  2.124845E+00     5.013373E+03
  2.154435E+00     5.014034E+03
  2.184436E+00     5.014497E+03
  2.214855E+00     5.014762E+03
  2.245698E+00     5.014830E+03
  2.276970E+00     5.014699E+03
  2.308678E+00     5.014371E+03
  2.340827E+00     5.013847E+03
  2.373424E+00     5.013127E+03
  2.406475E+00     5.012214E+03
  2.439986E+00     5.011110E+03
  2.473964E+00     5.009819E+03
  2.508415E+00     5.008343E+03
  2.543346E+00     5.006682E+03
  2.578763E+00     5.004835E+03
  2.614673E+00     5.002801E+03
  2.651084E+00     5.000578E+03
  2.688001E+00     4.998167E+03
  2.725433E+00     4.995567E+03
  2.763385E+00     4.992778E+03
  2.801867E+00     4.989802E+03
  2.840884E+00     4.986638E+03
  2.880444E+00     4.983289E+03
  2.920556E+00     4.979753E+03
  2.961225E+00     4.976033E+03
  3.002462E+00     4.972127E+03
  3.044272E+00     4.968037E+03
  3.086665E+00     4.963763E+03
  3.129648E+00     4.959307E+03
  3.173230E+00     4.954672E+03
  3.217418E+00     4.949859E+03
  3.262222E+00     4.944873E+03
  3.307650E+00     4.939715E+03
  3.353710E+00     4.934387E+03
  3.400412E+00     4.928887E+03
  3.447764E+00     4.923215E+03
  3.495776E+00     4.917370E+03
  3.544456E+00     4.911352E+03
  3.593814E+00     4.905161E+03
  3.643859E+00     4.898796E+03
  3.694601E+00     4.892259E+03
  3.746050E+00     4.885550E+03
  3.798215E+00     4.878669E+03
  3.851107E+00     4.871618E+03
  3.904735E+00     4.864396E+03
  3.959110E+00     4.857002E+03
  4.014242E+00     4.849436E+03
  4.070142E+00     4.841699E+03
  4.126821E+00     4.833790E+03
  4.184289E+00     4.825712E+03
  4.242556E+00     4.817464E+03
  4.301636E+00     4.809048E+03
  4.361538E+00     4.800467E+03
  4.422274E+00     4.791719E+03
  4.483856E+00     4.782806E+03
  4.546295E+00     4.773726E+03
  4.609604E+00     4.764479E+03
  4.673795E+00     4.755065E+03
  4.738880E+00     4.745484E+03
  4.804870E+00     4.735737E+03
  4.871780E+00     4.725824E+03
  4.939622E+00     4.715746E+03
  5.008408E+00     4.705504E+03
  5.078152E+00     4.695099E+03
  5.148867E+00     4.684530E+03
  5.220568E+00     4.673797E+03
  5.293266E+00     4.662901E+03
  5.366977E+00     4.651842E+03
  5.441714E+00     4.640619E+03
  5.517492E+00     4.629234E+03
  5.594326E+00     4.617687E+03
  5.672229E+00     4.605980E+03
  5.751217E+00     4.594113E+03
  5.831305E+00     4.582089E+03
  5.912508E+00     4.569906E+03
  5.994843E+00     4.557564E+03
  6.078323E+00     4.545064E+03
  6.162966E+00     4.532406E+03
  6.248788E+00     4.519589E+03
  6.335805E+00     4.506616E+03
  6.424034E+00     4.493486E+03
  6.513491E+00     4.480200E+03
  6.604194E+00     4.466760E+03
  6.696160E+00     4.453167E+03
  6.789407E+00     4.439420E+03
  6.883952E+00     4.425520E+03
  6.979814E+00     4.411468E+03
  7.077011E+00     4.397265E+03
  7.175561E+00     4.382911E+03
  7.275484E+00     4.368408E+03
  7.376798E+00     4.353756E+03
  7.479523E+00     4.338958E+03
  7.583678E+00     4.324014E+03
  7.689284E+00     4.308927E+03
  7.796360E+00     4.293696E+03
  7.904928E+00     4.278323E+03
  8.015007E+00     4.262808E+03
  8.126619E+00     4.247151E+03
  8.239786E+00     4.231355E+03
  8.354528E+00     4.215419E+03
  8.470868E+00     4.199344E+03
  8.588829E+00     4.183133E+03
  8.708431E+00     4.166786E+03
  8.829700E+00     4.150305E+03
  8.952657E+00     4.133692E+03
  9.077327E+00     4.116946E+03
  9.203732E+00     4.100071E+03
  9.331898E+00     4.083066E+03
  9.461848E+00     4.065934E+03
  9.593608E+00     4.048676E+03
  9.727203E+00     4.031295E+03
  9.862658E+00     4.013791E+03
  1.000000E+01     3.996168E+03
  1.013925E+01     3.978428E+03
  1.028045E+01     3.960571E+03
  1.042361E+01     3.942598E+03
  1.056876E+01     3.924512E+03
  1.071593E+01     3.906313E+03
  1.086516E+01     3.888003E+03
  1.101646E+01     3.869582E+03
  1.116987E+01     3.851053E+03
  1.132541E+01     3.832416E+03
  1.148312E+01     3.813673E+03
  1.164303E+01     3.794826E+03
  1.180517E+01     3.775878E+03
  1.196956E+01     3.756829E+03
  1.213624E+01     3.737683E+03
  1.230524E+01     3.718442E+03
  1.247660E+01     3.699110E+03
  1.265034E+01     3.679688E+03
  1.282650E+01     3.660180E+03
  1.300511E+01     3.640588E+03
  1.318621E+01     3.620917E+03
  1.336984E+01     3.601168E+03
  1.355602E+01     3.581344E+03
  1.374479E+01     3.561447E+03
  1.393619E+01     3.541476E+03
  1.413026E+01     3.521435E+03
  1.432703E+01     3.501323E+03
  1.452654E+01     3.481142E+03
  1.472883E+01     3.460892E+03
  1.493393E+01     3.440575E+03
  1.514189E+01     3.420192E+03
  1.535275E+01     3.399743E+03
  1.556654E+01     3.379230E+03
  1.578331E+01     3.358658E+03
  1.600310E+01     3.338031E+03
  1.622595E+01     3.317352E+03
  1.645191E+01     3.296625E+03
  1.668101E+01     3.275855E+03
  1.691330E+01     3.255047E+03
  1.714882E+01     3.234204E+03
  1.738762E+01     3.213332E+03
  1.762975E+01     3.192434E+03
  1.787526E+01     3.171514E+03
  1.812418E+01     3.150574E+03
  1.837656E+01     3.129615E+03
  1.863246E+01     3.108639E+03
  1.889193E+01     3.087646E+03
  1.915501E+01     3.066638E+03
  1.942175E+01     3.045616E+03
  1.969220E+01     3.024580E+03
  1.996642E+01     3.003530E+03
  2.024447E+01     2.982467E+03
  2.052638E+01     2.961392E+03
  2.081222E+01     2.940308E+03
  2.110203E+01     2.919219E+03
  2.139589E+01     2.898129E+03
  2.169384E+01     2.877041E+03
  2.199593E+01     2.855958E+03
  2.230223E+01     2.834883E+03
  2.261280E+01     2.813820E+03
  2.292769E+01     2.792771E+03
  2.324697E+01     2.771740E+03
  2.357069E+01     2.750729E+03
  2.389893E+01     2.729741E+03
  2.423173E+01     2.708779E+03
  2.456916E+01     2.687846E+03
  2.491130E+01     2.666943E+03
  2.525820E+01     2.646073E+03
  2.560993E+01     2.625238E+03
  2.596656E+01     2.604439E+03
  2.632815E+01     2.583677E+03
  2.669478E+01     2.562955E+03
  2.706652E+01     2.542273E+03
  2.744343E+01     2.521635E+03
  2.782559E+01     2.501045E+03
  2.821308E+01     2.480505E+03
  2.860596E+01     2.460018E+03
  2.900430E+01     2.439587E+03
  2.940820E+01     2.419215E+03
  2.981772E+01     2.398904E+03
  3.023295E+01     2.378656E+03
  3.065395E+01     2.358472E+03
  3.108082E+01     2.338355E+03
  3.151363E+01     2.318308E+03
  3.195248E+01     2.298332E+03
  3.239743E+01     2.278430E+03
  3.284857E+01     2.258605E+03
  3.330600E+01     2.238857E+03
  3.376980E+01     2.219189E+03
  3.424006E+01     2.199601E+03
  3.471687E+01     2.180093E+03
  3.520031E+01     2.160666E+03
  3.569049E+01     2.141321E+03
  3.618750E+01     2.122060E+03
  3.669142E+01     2.102886E+03
  3.720237E+01     2.083804E+03
  3.772042E+01     2.064815E+03
  3.824570E+01     2.045922E+03
  3.877828E+01     2.027127E+03
  3.931829E+01     2.008432E+03
  3.986581E+01     1.989838E+03
  4.042096E+01     1.971347E+03
  4.098384E+01     1.952960E+03
  4.155455E+01     1.934678E+03
  4.213322E+01     1.916504E+03
  4.271994E+01     1.898440E+03
  4.331483E+01     1.880487E+03
  4.391801E+01     1.862646E+03
  4.452959E+01     1.844918E+03
  4.514968E+01     1.827303E+03
  4.577841E+01     1.809801E+03
  4.641589E+01     1.792409E+03
  4.706225E+01     1.775129E+03
  4.771761E+01     1.757960E+03
  4.838210E+01     1.740907E+03
  4.905584E+01     1.723972E+03
  4.973896E+01     1.707155E+03
  5.043159E+01     1.690460E+03
  5.113388E+01     1.673886E+03
  5.184594E+01     1.657435E+03
  5.256791E+01     1.641106E+03
  5.329994E+01     1.624900E+03
  5.404216E+01     1.608815E+03
  5.479472E+01     1.592854E+03
  5.555776E+01     1.577018E+03
  5.633143E+01     1.561308E+03
  5.711586E+01     1.545726E+03
  5.791123E+01     1.530273E+03
  5.871766E+01     1.514949E+03
  5.953533E+01     1.499753E+03
  6.036439E+01     1.484684E+03
  6.120498E+01     1.469741E+03
  6.205729E+01     1.454923E+03
  6.292146E+01     1.440230E+03
  6.379767E+01     1.425664E+03
  6.468608E+01     1.411226E+03
  6.558686E+01     1.396919E+03
  6.650018E+01     1.382742E+03
  6.742622E+01     1.368696E+03
  6.836516E+01     1.354782E+03
  6.931717E+01     1.340997E+03
  7.028244E+01     1.327342E+03
  7.126115E+01     1.313814E+03
  7.225349E+01     1.300414E+03
  7.325965E+01     1.287143E+03
  7.427982E+01     1.274002E+03
  7.531420E+01     1.260991E+03
  7.636298E+01     1.248111E+03
  7.742637E+01     1.235362E+03
  7.850456E+01     1.222741E+03
  7.959777E+01     1.210249E+03
  8.070620E+01     1.197882E+03
  8.183007E+01     1.185638E+03
  8.296959E+01     1.173517E+03
  8.412497E+01     1.161521E+03
  8.529644E+01     1.149649E+03
  8.648423E+01     1.137903E+03
  8.768856E+01     1.126282E+03
  8.890966E+01     1.114787E+03
  9.014776E+01     1.103417E+03
  9.140311E+01     1.092171E+03
  9.267593E+01     1.081046E+03
  9.396648E+01     1.070040E+03
  9.527500E+01     1.059153E+03
  9.660175E+01     1.048386E+03
  9.794697E+01     1.037739E+03
  9.931092E+01     1.027213E+03
  1.006939E+02     1.016808E+03
  1.020961E+02     1.006523E+03
  1.035178E+02     9.963571E+02
  1.049593E+02     9.863093E+02
  1.064209E+02     9.763775E+02
  1.079029E+02     9.665589E+02
  1.094055E+02     9.568526E+02
  1.109290E+02     9.472590E+02
  1.124737E+02     9.377785E+02
  1.140400E+02     9.284112E+02
  1.156280E+02     9.191566E+02
  1.172382E+02     9.100138E+02
  1.188708E+02     9.009817E+02
  1.205261E+02     8.920582E+02
  1.222045E+02     8.832412E+02
  1.239062E+02     8.745276E+02
  1.256317E+02     8.659158E+02
  1.273811E+02     8.574065E+02
  1.291550E+02     8.490001E+02
  1.309535E+02     8.406969E+02
  1.327771E+02     8.324966E+02
  1.346261E+02     8.243988E+02
  1.365008E+02     8.164026E+02
  1.384016E+02     8.085064E+02
  1.403289E+02     8.007086E+02
  1.422830E+02     7.930067E+02
  1.442644E+02     7.853992E+02
  1.462733E+02     7.778864E+02
  1.483103E+02     7.704685E+02
  1.503755E+02     7.631454E+02
  1.524696E+02     7.559167E+02
  1.545928E+02     7.487817E+02
  1.567455E+02     7.417391E+02
  1.589283E+02     7.347875E+02
  1.611414E+02     7.279248E+02
  1.633854E+02     7.211485E+02
  1.656606E+02     7.144566E+02
  1.679675E+02     7.078492E+02
  1.703065E+02     7.013268E+02
  1.726781E+02     6.948892E+02
  1.750827E+02     6.885361E+02
  1.775208E+02     6.822670E+02
  1.799929E+02     6.760809E+02
  1.824993E+02     6.699764E+02
  1.850407E+02     6.639519E+02
  1.876175E+02     6.580052E+02
  1.902301E+02     6.521344E+02
  1.928792E+02     6.463395E+02
  1.955651E+02     6.406208E+02
  1.982884E+02     6.349782E+02
  2.010496E+02     6.294114E+02
  2.038493E+02     6.239199E+02
  2.066880E+02     6.185026E+02
  2.095662E+02     6.131584E+02
  2.124845E+02     6.078857E+02
  2.154435E+02     6.026826E+02
  2.184436E+02     5.975471E+02
  2.214855E+02     5.924792E+02
  2.245698E+02     5.874790E+02
  2.276970E+02     5.825465E+02
  2.308678E+02     5.776814E+02
  2.340827E+02     5.728833E+02
  2.373424E+02     5.681513E+02
  2.406475E+02     5.634843E+02
  2.439986E+02     5.588810E+02
  2.473964E+02     5.543396E+02
  2.508415E+02     5.498584E+02
  2.543346E+02     5.454372E+02
  2.578763E+02     5.410760E+02
  2.614673E+02     5.367749E+02
  2.651084E+02     5.325337E+02
  2.688001E+02     5.283518E+02
  2.725433E+02     5.242287E+02
  2.763385E+02     5.201632E+02
  2.801867E+02     5.161543E+02
  2.840884E+02     5.122004E+02
  2.880444E+02     5.082999E+02
  2.920556E+02     5.044524E+02
  2.961225E+02     5.006581E+02
  3.002462E+02     4.969170E+02
  3.044272E+02     4.932290E+02
  3.086665E+02     4.895937E+02
  3.129648E+02     4.860106E+02
  3.173230E+02     4.824788E+02
  3.217418E+02     4.789973E+02
  3.262222E+02     4.755649E+02
  3.307650E+02     4.721800E+02
  3.353710E+02     4.688423E+02
  3.400412E+02     4.655520E+02
  3.447764E+02     4.623089E+02
  3.495776E+02     4.591129E+02
  3.544456E+02     4.559636E+02
  3.593814E+02     4.528605E+02
  3.643859E+02     4.498028E+02
  3.694601E+02     4.467896E+02
  3.746050E+02     4.438197E+02
  3.798215E+02     4.408917E+02
  3.851107E+02     4.380052E+02
  3.904735E+02     4.351604E+02
  3.959110E+02     4.323572E+02
  4.014242E+02     4.295956E+02
  4.070142E+02     4.268754E+02
  4.126821E+02     4.241963E+02
  4.184289E+02     4.215576E+02
  4.242556E+02     4.189587E+02
  4.301636E+02     4.163986E+02
  4.361538E+02     4.138764E+02
  4.422274E+02     4.113914E+02
  4.483856E+02     4.089438E+02
  4.546295E+02     4.065337E+02
  4.609604E+02     4.041609E+02
  4.673795E+02     4.018252E+02
  4.738880E+02     3.995262E+02
  4.804870E+02     3.972634E+02
  4.871780E+02     3.950362E+02
  4.939622E+02     3.928436E+02
  5.008408E+02     3.906846E+02
  5.078152E+02     3.885587E+02
  5.148867E+02     3.864660E+02
  5.220568E+02     3.844066E+02
  5.293266E+02     3.823803E+02
  5.366977E+02     3.803870E+02
  5.441714E+02     3.784264E+02
  5.517492E+02     3.764980E+02
  5.594326E+02     3.746014E+02
  5.672229E+02     3.727358E+02
  5.751217E+02     3.709002E+02
  5.831305E+02     3.690943E+02
  5.912508E+02     3.673180E+02
  5.994843E+02     3.655714E+02
  6.078323E+02     3.638544E+02
  6.162966E+02     3.621670E+02
  6.248788E+02     3.605088E+02
  6.335805E+02     3.588796E+02
  6.424034E+02     3.572787E+02
  6.513491E+02     3.557056E+02
  6.604194E+02     3.541596E+02
  6.696160E+02     3.526401E+02
  6.789407E+02     3.511470E+02
  6.883952E+02     3.496804E+02
  6.979814E+02     3.482401E+02
  7.077011E+02     3.468260E+02
  7.175561E+02     3.454376E+02
  7.275484E+02     3.440747E+02
  7.376798E+02     3.427366E+02
  7.479523E+02     3.414228E+02
  7.583678E+02     3.401325E+02
  7.689284E+02     3.388651E+02
  7.796360E+02     3.376209E+02
  7.904928E+02     3.364005E+02
  8.015007E+02     3.352041E+02
  8.126619E+02     3.340322E+02
  8.239786E+02     3.328849E+02
  8.354528E+02     3.317627E+02
  8.470868E+02     3.306656E+02
  8.588829E+02     3.295939E+02
  8.708431E+02     3.285477E+02
  8.829700E+02     3.275263E+02
  8.952657E+02     3.265279E+02
  9.077327E+02     3.255496E+02
  9.203732E+02     3.245887E+02
  9.331898E+02     3.236417E+02
  9.461848E+02     3.227052E+02
  9.593608E+02     3.217752E+02
  9.727203E+02     3.208475E+02
  9.862658E+02     3.199173E+02
  1.000000E+03     3.189795E+02
