FILE CREATED BY  : PROGRAM DPASS - VERSION 2.00
DATABASE VERSION : 21.06
DATE AND TIME    : 09/08/2022 22:24:25
PROJECTILE       : Mo
TARGET           : Ti
TARGET AT. MASS  : 4.790000E+01
TARGET DENSITY   : 4.540000E+00 g/cm^3
TABULATED OUTPUT : STOPPING FORCE VERSUS ENERGY
DATA TYPE        : SPLINE INTERPOLATED
ABSCISSA UNITS   : MeV/u
ORDINATE UNITS   : eV/nm


      E/n             S(E/n)

  1.000000E-03     6.026268E+02
  1.013925E-03     6.067313E+02
  1.028045E-03     6.108901E+02
  1.042361E-03     6.151008E+02
  1.056876E-03     6.193609E+02
  1.071593E-03     6.236675E+02
  1.086516E-03     6.280174E+02
  1.101646E-03     6.324073E+02
  1.116987E-03     6.368335E+02
  1.132541E-03     6.412919E+02
  1.148312E-03     6.457781E+02
  1.164303E-03     6.502881E+02
  1.180517E-03     6.548215E+02
  1.196956E-03     6.593793E+02
  1.213624E-03     6.639626E+02
  1.230524E-03     6.685725E+02
  1.247660E-03     6.732105E+02
  1.265034E-03     6.778778E+02
  1.282650E-03     6.825762E+02
  1.300511E-03     6.873073E+02
  1.318621E-03     6.920729E+02
  1.336984E-03     6.968751E+02
  1.355602E-03     7.017141E+02
  1.374479E-03     7.065900E+02
  1.393619E-03     7.115025E+02
  1.413026E-03     7.164516E+02
  1.432703E-03     7.214370E+02
  1.452654E-03     7.264586E+02
  1.472883E-03     7.315163E+02
  1.493393E-03     7.366098E+02
  1.514189E-03     7.417390E+02
  1.535275E-03     7.469036E+02
  1.556654E-03     7.521038E+02
  1.578331E-03     7.573399E+02
  1.600310E-03     7.626121E+02
  1.622595E-03     7.679207E+02
  1.645191E-03     7.732663E+02
  1.668101E-03     7.786492E+02
  1.691330E-03     7.840698E+02
  1.714882E-03     7.895287E+02
  1.738762E-03     7.950265E+02
  1.762975E-03     8.005637E+02
  1.787526E-03     8.061407E+02
  1.812418E-03     8.117577E+02
  1.837656E-03     8.174148E+02
  1.863246E-03     8.231123E+02
  1.889193E-03     8.288504E+02
  1.915501E-03     8.346293E+02
  1.942175E-03     8.404493E+02
  1.969220E-03     8.463108E+02
  1.996642E-03     8.522141E+02
  2.024447E-03     8.581595E+02
  2.052638E-03     8.641474E+02
  2.081222E-03     8.701780E+02
  2.110203E-03     8.762515E+02
  2.139589E-03     8.823682E+02
  2.169384E-03     8.885283E+02
  2.199593E-03     8.947323E+02
  2.230223E-03     9.009804E+02
  2.261280E-03     9.072731E+02
  2.292769E-03     9.136108E+02
  2.324697E-03     9.199939E+02
  2.357069E-03     9.264229E+02
  2.389893E-03     9.328980E+02
  2.423173E-03     9.394194E+02
  2.456916E-03     9.459875E+02
  2.491130E-03     9.526026E+02
  2.525820E-03     9.592651E+02
  2.560993E-03     9.659753E+02
  2.596656E-03     9.727337E+02
  2.632815E-03     9.795408E+02
  2.669478E-03     9.863972E+02
  2.706652E-03     9.933032E+02
  2.744343E-03     1.000259E+03
  2.782559E-03     1.007265E+03
  2.821308E-03     1.014322E+03
  2.860596E-03     1.021429E+03
  2.900430E-03     1.028588E+03
  2.940820E-03     1.035798E+03
  2.981772E-03     1.043060E+03
  3.023295E-03     1.050375E+03
  3.065395E-03     1.057743E+03
  3.108082E-03     1.065165E+03
  3.151363E-03     1.072640E+03
  3.195248E-03     1.080169E+03
  3.239743E-03     1.087753E+03
  3.284857E-03     1.095392E+03
  3.330600E-03     1.103086E+03
  3.376980E-03     1.110836E+03
  3.424006E-03     1.118642E+03
  3.471687E-03     1.126505E+03
  3.520031E-03     1.134425E+03
  3.569049E-03     1.142404E+03
  3.618750E-03     1.150440E+03
  3.669142E-03     1.158536E+03
  3.720237E-03     1.166690E+03
  3.772042E-03     1.174904E+03
  3.824570E-03     1.183178E+03
  3.877828E-03     1.191512E+03
  3.931829E-03     1.199907E+03
  3.986581E-03     1.208364E+03
  4.042096E-03     1.216882E+03
  4.098384E-03     1.225464E+03
  4.155455E-03     1.234108E+03
  4.213322E-03     1.242817E+03
  4.271994E-03     1.251589E+03
  4.331483E-03     1.260425E+03
  4.391801E-03     1.269326E+03
  4.452959E-03     1.278293E+03
  4.514968E-03     1.287326E+03
  4.577841E-03     1.296424E+03
  4.641589E-03     1.305591E+03
  4.706225E-03     1.314825E+03
  4.771761E-03     1.324127E+03
  4.838210E-03     1.333498E+03
  4.905584E-03     1.342938E+03
  4.973896E-03     1.352448E+03
  5.043159E-03     1.362028E+03
  5.113388E-03     1.371679E+03
  5.184594E-03     1.381401E+03
  5.256791E-03     1.391195E+03
  5.329994E-03     1.401063E+03
  5.404216E-03     1.411004E+03
  5.479472E-03     1.421020E+03
  5.555776E-03     1.431110E+03
  5.633143E-03     1.441276E+03
  5.711586E-03     1.451517E+03
  5.791123E-03     1.461835E+03
  5.871766E-03     1.472229E+03
  5.953533E-03     1.482701E+03
  6.036439E-03     1.493252E+03
  6.120498E-03     1.503882E+03
  6.205729E-03     1.514592E+03
  6.292146E-03     1.525383E+03
  6.379767E-03     1.536254E+03
  6.468608E-03     1.547208E+03
  6.558686E-03     1.558244E+03
  6.650018E-03     1.569362E+03
  6.742622E-03     1.580564E+03
  6.836516E-03     1.591850E+03
  6.931717E-03     1.603222E+03
  7.028244E-03     1.614679E+03
  7.126115E-03     1.626223E+03
  7.225349E-03     1.637855E+03
  7.325965E-03     1.649575E+03
  7.427982E-03     1.661384E+03
  7.531420E-03     1.673281E+03
  7.636298E-03     1.685269E+03
  7.742637E-03     1.697348E+03
  7.850456E-03     1.709518E+03
  7.959777E-03     1.721781E+03
  8.070620E-03     1.734138E+03
  8.183007E-03     1.746589E+03
  8.296959E-03     1.759136E+03
  8.412497E-03     1.771778E+03
  8.529644E-03     1.784517E+03
  8.648423E-03     1.797354E+03
  8.768856E-03     1.810288E+03
  8.890966E-03     1.823321E+03
  9.014776E-03     1.836454E+03
  9.140311E-03     1.849687E+03
  9.267593E-03     1.863022E+03
  9.396648E-03     1.876460E+03
  9.527500E-03     1.890002E+03
  9.660175E-03     1.903647E+03
  9.794697E-03     1.917398E+03
  9.931092E-03     1.931254E+03
  1.006939E-02     1.945217E+03
  1.020961E-02     1.959287E+03
  1.035178E-02     1.973465E+03
  1.049593E-02     1.987753E+03
  1.064209E-02     2.002152E+03
  1.079029E-02     2.016662E+03
  1.094055E-02     2.031284E+03
  1.109290E-02     2.046021E+03
  1.124737E-02     2.060871E+03
  1.140400E-02     2.075836E+03
  1.156280E-02     2.090917E+03
  1.172382E-02     2.106115E+03
  1.188708E-02     2.121430E+03
  1.205261E-02     2.136865E+03
  1.222045E-02     2.152419E+03
  1.239062E-02     2.168095E+03
  1.256317E-02     2.183893E+03
  1.273811E-02     2.199815E+03
  1.291550E-02     2.215860E+03
  1.309535E-02     2.232030E+03
  1.327771E-02     2.248326E+03
  1.346261E-02     2.264748E+03
  1.365008E-02     2.281299E+03
  1.384016E-02     2.297978E+03
  1.403289E-02     2.314787E+03
  1.422830E-02     2.331728E+03
  1.442644E-02     2.348802E+03
  1.462733E-02     2.366009E+03
  1.483103E-02     2.383351E+03
  1.503755E-02     2.400828E+03
  1.524696E-02     2.418441E+03
  1.545928E-02     2.436192E+03
  1.567455E-02     2.454081E+03
  1.589283E-02     2.472110E+03
  1.611414E-02     2.490280E+03
  1.633854E-02     2.508593E+03
  1.656606E-02     2.527050E+03
  1.679675E-02     2.545651E+03
  1.703065E-02     2.564398E+03
  1.726781E-02     2.583292E+03
  1.750827E-02     2.602333E+03
  1.775208E-02     2.621523E+03
  1.799929E-02     2.640863E+03
  1.824993E-02     2.660354E+03
  1.850407E-02     2.679997E+03
  1.876175E-02     2.699794E+03
  1.902301E-02     2.719747E+03
  1.928792E-02     2.739856E+03
  1.955651E-02     2.760122E+03
  1.982884E-02     2.780546E+03
  2.010496E-02     2.801130E+03
  2.038493E-02     2.821873E+03
  2.066880E-02     2.842777E+03
  2.095662E-02     2.863843E+03
  2.124845E-02     2.885073E+03
  2.154435E-02     2.906469E+03
  2.184436E-02     2.928030E+03
  2.214855E-02     2.949760E+03
  2.245698E-02     2.971658E+03
  2.276970E-02     2.993726E+03
  2.308678E-02     3.015966E+03
  2.340827E-02     3.038378E+03
  2.373424E-02     3.060965E+03
  2.406475E-02     3.083728E+03
  2.439986E-02     3.106668E+03
  2.473964E-02     3.129788E+03
  2.508415E-02     3.153091E+03
  2.543346E-02     3.176576E+03
  2.578763E-02     3.200245E+03
  2.614673E-02     3.224099E+03
  2.651084E-02     3.248139E+03
  2.688001E-02     3.272367E+03
  2.725433E-02     3.296783E+03
  2.763385E-02     3.321390E+03
  2.801867E-02     3.346188E+03
  2.840884E-02     3.371180E+03
  2.880444E-02     3.396367E+03
  2.920556E-02     3.421751E+03
  2.961225E-02     3.447331E+03
  3.002462E-02     3.473108E+03
  3.044272E-02     3.499084E+03
  3.086665E-02     3.525260E+03
  3.129648E-02     3.551635E+03
  3.173230E-02     3.578211E+03
  3.217418E-02     3.604990E+03
  3.262222E-02     3.631971E+03
  3.307650E-02     3.659157E+03
  3.353710E-02     3.686549E+03
  3.400412E-02     3.714145E+03
  3.447764E-02     3.741948E+03
  3.495776E-02     3.769957E+03
  3.544456E-02     3.798173E+03
  3.593814E-02     3.826596E+03
  3.643859E-02     3.855227E+03
  3.694601E-02     3.884067E+03
  3.746050E-02     3.913116E+03
  3.798215E-02     3.942375E+03
  3.851107E-02     3.971845E+03
  3.904735E-02     4.001526E+03
  3.959110E-02     4.031419E+03
  4.014242E-02     4.061522E+03
  4.070142E-02     4.091838E+03
  4.126821E-02     4.122367E+03
  4.184289E-02     4.153109E+03
  4.242556E-02     4.184064E+03
  4.301636E-02     4.215234E+03
  4.361538E-02     4.246619E+03
  4.422274E-02     4.278221E+03
  4.483856E-02     4.310039E+03
  4.546295E-02     4.342073E+03
  4.609604E-02     4.374325E+03
  4.673795E-02     4.406795E+03
  4.738880E-02     4.439483E+03
  4.804870E-02     4.472392E+03
  4.871780E-02     4.505520E+03
  4.939622E-02     4.538871E+03
  5.008408E-02     4.572444E+03
  5.078152E-02     4.606242E+03
  5.148867E-02     4.640264E+03
  5.220568E-02     4.674511E+03
  5.293266E-02     4.708986E+03
  5.366977E-02     4.743688E+03
  5.441714E-02     4.778618E+03
  5.517492E-02     4.813779E+03
  5.594326E-02     4.849172E+03
  5.672229E-02     4.884799E+03
  5.751217E-02     4.920661E+03
  5.831305E-02     4.956761E+03
  5.912508E-02     4.993100E+03
  5.994843E-02     5.029679E+03
  6.078323E-02     5.066499E+03
  6.162966E-02     5.103562E+03
  6.248788E-02     5.140870E+03
  6.335805E-02     5.178425E+03
  6.424034E-02     5.216228E+03
  6.513491E-02     5.254284E+03
  6.604194E-02     5.292594E+03
  6.696160E-02     5.331161E+03
  6.789407E-02     5.369987E+03
  6.883952E-02     5.409074E+03
  6.979814E-02     5.448425E+03
  7.077011E-02     5.488040E+03
  7.175561E-02     5.527923E+03
  7.275484E-02     5.568078E+03
  7.376798E-02     5.608506E+03
  7.479523E-02     5.649213E+03
  7.583678E-02     5.690201E+03
  7.689284E-02     5.731475E+03
  7.796360E-02     5.773036E+03
  7.904928E-02     5.814889E+03
  8.015007E-02     5.857034E+03
  8.126619E-02     5.899475E+03
  8.239786E-02     5.942216E+03
  8.354528E-02     5.985259E+03
  8.470868E-02     6.028610E+03
  8.588829E-02     6.072272E+03
  8.708431E-02     6.116249E+03
  8.829700E-02     6.160548E+03
  8.952657E-02     6.205170E+03
  9.077327E-02     6.250119E+03
  9.203732E-02     6.295399E+03
  9.331898E-02     6.341012E+03
  9.461848E-02     6.386963E+03
  9.593608E-02     6.433257E+03
  9.727203E-02     6.479897E+03
  9.862658E-02     6.526890E+03
  1.000000E-01     6.574240E+03
  1.013925E-01     6.621953E+03
  1.028045E-01     6.670034E+03
  1.042361E-01     6.718485E+03
  1.056876E-01     6.767309E+03
  1.071593E-01     6.816511E+03
  1.086516E-01     6.866096E+03
  1.101646E-01     6.916067E+03
  1.116987E-01     6.966429E+03
  1.132541E-01     7.017189E+03
  1.148312E-01     7.068351E+03
  1.164303E-01     7.119922E+03
  1.180517E-01     7.171905E+03
  1.196956E-01     7.224303E+03
  1.213624E-01     7.277120E+03
  1.230524E-01     7.330358E+03
  1.247660E-01     7.384023E+03
  1.265034E-01     7.438118E+03
  1.282650E-01     7.492648E+03
  1.300511E-01     7.547616E+03
  1.318621E-01     7.603029E+03
  1.336984E-01     7.658891E+03
  1.355602E-01     7.715206E+03
  1.374479E-01     7.771976E+03
  1.393619E-01     7.829203E+03
  1.413026E-01     7.886890E+03
  1.432703E-01     7.945039E+03
  1.452654E-01     8.003655E+03
  1.472883E-01     8.062739E+03
  1.493393E-01     8.122295E+03
  1.514189E-01     8.182328E+03
  1.535275E-01     8.242840E+03
  1.556654E-01     8.303836E+03
  1.578331E-01     8.365320E+03
  1.600310E-01     8.427297E+03
  1.622595E-01     8.489772E+03
  1.645191E-01     8.552749E+03
  1.668101E-01     8.616236E+03
  1.691330E-01     8.680237E+03
  1.714882E-01     8.744760E+03
  1.738762E-01     8.809812E+03
  1.762975E-01     8.875399E+03
  1.787526E-01     8.941526E+03
  1.812418E-01     9.008194E+03
  1.837656E-01     9.075404E+03
  1.863246E-01     9.143157E+03
  1.889193E-01     9.211454E+03
  1.915501E-01     9.280297E+03
  1.942175E-01     9.349686E+03
  1.969220E-01     9.419622E+03
  1.996642E-01     9.490108E+03
  2.024447E-01     9.561144E+03
  2.052638E-01     9.632727E+03
  2.081222E-01     9.704853E+03
  2.110203E-01     9.777515E+03
  2.139589E-01     9.850707E+03
  2.169384E-01     9.924420E+03
  2.199593E-01     9.998647E+03
  2.230223E-01     1.007338E+04
  2.261280E-01     1.014861E+04
  2.292769E-01     1.022432E+04
  2.324697E-01     1.030052E+04
  2.357069E-01     1.037717E+04
  2.389893E-01     1.045429E+04
  2.423173E-01     1.053185E+04
  2.456916E-01     1.060985E+04
  2.491130E-01     1.068828E+04
  2.525820E-01     1.076713E+04
  2.560993E-01     1.084638E+04
  2.596656E-01     1.092602E+04
  2.632815E-01     1.100604E+04
  2.669478E-01     1.108642E+04
  2.706652E-01     1.116716E+04
  2.744343E-01     1.124825E+04
  2.782559E-01     1.132966E+04
  2.821308E-01     1.141140E+04
  2.860596E-01     1.149345E+04
  2.900430E-01     1.157580E+04
  2.940820E-01     1.165844E+04
  2.981772E-01     1.174135E+04
  3.023295E-01     1.182454E+04
  3.065395E-01     1.190797E+04
  3.108082E-01     1.199164E+04
  3.151363E-01     1.207555E+04
  3.195248E-01     1.215967E+04
  3.239743E-01     1.224400E+04
  3.284857E-01     1.232853E+04
  3.330600E-01     1.241323E+04
  3.376980E-01     1.249811E+04
  3.424006E-01     1.258314E+04
  3.471687E-01     1.266833E+04
  3.520031E-01     1.275364E+04
  3.569049E-01     1.283908E+04
  3.618750E-01     1.292463E+04
  3.669142E-01     1.301027E+04
  3.720237E-01     1.309599E+04
  3.772042E-01     1.318177E+04
  3.824570E-01     1.326759E+04
  3.877828E-01     1.335345E+04
  3.931829E-01     1.343933E+04
  3.986581E-01     1.352520E+04
  4.042096E-01     1.361106E+04
  4.098384E-01     1.369689E+04
  4.155455E-01     1.378267E+04
  4.213322E-01     1.386838E+04
  4.271994E-01     1.395401E+04
  4.331483E-01     1.403953E+04
  4.391801E-01     1.412492E+04
  4.452959E-01     1.421018E+04
  4.514968E-01     1.429526E+04
  4.577841E-01     1.438017E+04
  4.641589E-01     1.446487E+04
  4.706225E-01     1.454936E+04
  4.771761E-01     1.463360E+04
  4.838210E-01     1.471758E+04
  4.905584E-01     1.480127E+04
  4.973896E-01     1.488466E+04
  5.043159E-01     1.496772E+04
  5.113388E-01     1.505042E+04
  5.184594E-01     1.513275E+04
  5.256791E-01     1.521469E+04
  5.329994E-01     1.529621E+04
  5.404216E-01     1.537730E+04
  5.479472E-01     1.545793E+04
  5.555776E-01     1.553808E+04
  5.633143E-01     1.561773E+04
  5.711586E-01     1.569686E+04
  5.791123E-01     1.577544E+04
  5.871766E-01     1.585346E+04
  5.953533E-01     1.593089E+04
  6.036439E-01     1.600772E+04
  6.120498E-01     1.608393E+04
  6.205729E-01     1.615950E+04
  6.292146E-01     1.623441E+04
  6.379767E-01     1.630865E+04
  6.468608E-01     1.638219E+04
  6.558686E-01     1.645501E+04
  6.650018E-01     1.652711E+04
  6.742622E-01     1.659846E+04
  6.836516E-01     1.666905E+04
  6.931717E-01     1.673887E+04
  7.028244E-01     1.680790E+04
  7.126115E-01     1.687615E+04
  7.225349E-01     1.694359E+04
  7.325965E-01     1.701021E+04
  7.427982E-01     1.707600E+04
  7.531420E-01     1.714094E+04
  7.636298E-01     1.720502E+04
  7.742637E-01     1.726824E+04
  7.850456E-01     1.733059E+04
  7.959777E-01     1.739207E+04
  8.070620E-01     1.745267E+04
  8.183007E-01     1.751239E+04
  8.296959E-01     1.757124E+04
  8.412497E-01     1.762919E+04
  8.529644E-01     1.768625E+04
  8.648423E-01     1.774239E+04
  8.768856E-01     1.779762E+04
  8.890966E-01     1.785193E+04
  9.014776E-01     1.790533E+04
  9.140311E-01     1.795781E+04
  9.267593E-01     1.800938E+04
  9.396648E-01     1.806005E+04
  9.527500E-01     1.810982E+04
  9.660175E-01     1.815868E+04
  9.794697E-01     1.820663E+04
  9.931092E-01     1.825367E+04
  1.006939E+00     1.829978E+04
  1.020961E+00     1.834498E+04
  1.035178E+00     1.838926E+04
  1.049593E+00     1.843264E+04
  1.064209E+00     1.847513E+04
  1.079029E+00     1.851674E+04
  1.094055E+00     1.855748E+04
  1.109290E+00     1.859733E+04
  1.124737E+00     1.863631E+04
  1.140400E+00     1.867440E+04
  1.156280E+00     1.871161E+04
  1.172382E+00     1.874794E+04
  1.188708E+00     1.878340E+04
  1.205261E+00     1.881800E+04
  1.222045E+00     1.885175E+04
  1.239062E+00     1.888467E+04
  1.256317E+00     1.891677E+04
  1.273811E+00     1.894804E+04
  1.291550E+00     1.897848E+04
  1.309535E+00     1.900809E+04
  1.327771E+00     1.903687E+04
  1.346261E+00     1.906483E+04
  1.365008E+00     1.909196E+04
  1.384016E+00     1.911829E+04
  1.403289E+00     1.914382E+04
  1.422830E+00     1.916856E+04
  1.442644E+00     1.919253E+04
  1.462733E+00     1.921573E+04
  1.483103E+00     1.923815E+04
  1.503755E+00     1.925979E+04
  1.524696E+00     1.928065E+04
  1.545928E+00     1.930073E+04
  1.567455E+00     1.932005E+04
  1.589283E+00     1.933860E+04
  1.611414E+00     1.935640E+04
  1.633854E+00     1.937347E+04
  1.656606E+00     1.938981E+04
  1.679675E+00     1.940542E+04
  1.703065E+00     1.942030E+04
  1.726781E+00     1.943444E+04
  1.750827E+00     1.944785E+04
  1.775208E+00     1.946053E+04
  1.799929E+00     1.947248E+04
  1.824993E+00     1.948371E+04
  1.850407E+00     1.949423E+04
  1.876175E+00     1.950405E+04
  1.902301E+00     1.951317E+04
  1.928792E+00     1.952161E+04
  1.955651E+00     1.952934E+04
  1.982884E+00     1.953638E+04
  2.010496E+00     1.954271E+04
  2.038493E+00     1.954835E+04
  2.066880E+00     1.955328E+04
  2.095662E+00     1.955753E+04
  2.124845E+00     1.956109E+04
  2.154435E+00     1.956397E+04
  2.184436E+00     1.956618E+04
  2.214855E+00     1.956772E+04
  2.245698E+00     1.956858E+04
  2.276970E+00     1.956876E+04
  2.308678E+00     1.956826E+04
  2.340827E+00     1.956708E+04
  2.373424E+00     1.956521E+04
  2.406475E+00     1.956267E+04
  2.439986E+00     1.955945E+04
  2.473964E+00     1.955556E+04
  2.508415E+00     1.955101E+04
  2.543346E+00     1.954579E+04
  2.578763E+00     1.953990E+04
  2.614673E+00     1.953334E+04
  2.651084E+00     1.952611E+04
  2.688001E+00     1.951820E+04
  2.725433E+00     1.950962E+04
  2.763385E+00     1.950036E+04
  2.801867E+00     1.949044E+04
  2.840884E+00     1.947986E+04
  2.880444E+00     1.946862E+04
  2.920556E+00     1.945672E+04
  2.961225E+00     1.944416E+04
  3.002462E+00     1.943094E+04
  3.044272E+00     1.941705E+04
  3.086665E+00     1.940249E+04
  3.129648E+00     1.938726E+04
  3.173230E+00     1.937137E+04
  3.217418E+00     1.935481E+04
  3.262222E+00     1.933759E+04
  3.307650E+00     1.931971E+04
  3.353710E+00     1.930118E+04
  3.400412E+00     1.928199E+04
  3.447764E+00     1.926214E+04
  3.495776E+00     1.924162E+04
  3.544456E+00     1.922045E+04
  3.593814E+00     1.919861E+04
  3.643859E+00     1.917611E+04
  3.694601E+00     1.915296E+04
  3.746050E+00     1.912916E+04
  3.798215E+00     1.910472E+04
  3.851107E+00     1.907963E+04
  3.904735E+00     1.905389E+04
  3.959110E+00     1.902751E+04
  4.014242E+00     1.900048E+04
  4.070142E+00     1.897281E+04
  4.126821E+00     1.894448E+04
  4.184289E+00     1.891551E+04
  4.242556E+00     1.888590E+04
  4.301636E+00     1.885565E+04
  4.361538E+00     1.882477E+04
  4.422274E+00     1.879326E+04
  4.483856E+00     1.876112E+04
  4.546295E+00     1.872834E+04
  4.609604E+00     1.869492E+04
  4.673795E+00     1.866087E+04
  4.738880E+00     1.862618E+04
  4.804870E+00     1.859086E+04
  4.871780E+00     1.855490E+04
  4.939622E+00     1.851831E+04
  5.008408E+00     1.848109E+04
  5.078152E+00     1.844325E+04
  5.148867E+00     1.840478E+04
  5.220568E+00     1.836570E+04
  5.293266E+00     1.832599E+04
  5.366977E+00     1.828567E+04
  5.441714E+00     1.824474E+04
  5.517492E+00     1.820320E+04
  5.594326E+00     1.816106E+04
  5.672229E+00     1.811833E+04
  5.751217E+00     1.807501E+04
  5.831305E+00     1.803112E+04
  5.912508E+00     1.798665E+04
  5.994843E+00     1.794159E+04
  6.078323E+00     1.789595E+04
  6.162966E+00     1.784973E+04
  6.248788E+00     1.780293E+04
  6.335805E+00     1.775554E+04
  6.424034E+00     1.770757E+04
  6.513491E+00     1.765902E+04
  6.604194E+00     1.760989E+04
  6.696160E+00     1.756018E+04
  6.789407E+00     1.750989E+04
  6.883952E+00     1.745903E+04
  6.979814E+00     1.740760E+04
  7.077011E+00     1.735561E+04
  7.175561E+00     1.730305E+04
  7.275484E+00     1.724993E+04
  7.376798E+00     1.719627E+04
  7.479523E+00     1.714206E+04
  7.583678E+00     1.708731E+04
  7.689284E+00     1.703204E+04
  7.796360E+00     1.697623E+04
  7.904928E+00     1.691990E+04
  8.015007E+00     1.686304E+04
  8.126619E+00     1.680565E+04
  8.239786E+00     1.674773E+04
  8.354528E+00     1.668928E+04
  8.470868E+00     1.663031E+04
  8.588829E+00     1.657082E+04
  8.708431E+00     1.651080E+04
  8.829700E+00     1.645027E+04
  8.952657E+00     1.638922E+04
  9.077327E+00     1.632767E+04
  9.203732E+00     1.626561E+04
  9.331898E+00     1.620306E+04
  9.461848E+00     1.614002E+04
  9.593608E+00     1.607651E+04
  9.727203E+00     1.601252E+04
  9.862658E+00     1.594808E+04
  1.000000E+01     1.588319E+04
  1.013925E+01     1.581786E+04
  1.028045E+01     1.575210E+04
  1.042361E+01     1.568591E+04
  1.056876E+01     1.561930E+04
  1.071593E+01     1.555227E+04
  1.086516E+01     1.548481E+04
  1.101646E+01     1.541695E+04
  1.116987E+01     1.534868E+04
  1.132541E+01     1.528000E+04
  1.148312E+01     1.521093E+04
  1.164303E+01     1.514146E+04
  1.180517E+01     1.507161E+04
  1.196956E+01     1.500136E+04
  1.213624E+01     1.493074E+04
  1.230524E+01     1.485974E+04
  1.247660E+01     1.478837E+04
  1.265034E+01     1.471663E+04
  1.282650E+01     1.464452E+04
  1.300511E+01     1.457206E+04
  1.318621E+01     1.449924E+04
  1.336984E+01     1.442606E+04
  1.355602E+01     1.435254E+04
  1.374479E+01     1.427869E+04
  1.393619E+01     1.420451E+04
  1.413026E+01     1.413002E+04
  1.432703E+01     1.405522E+04
  1.452654E+01     1.398012E+04
  1.472883E+01     1.390473E+04
  1.493393E+01     1.382907E+04
  1.514189E+01     1.375314E+04
  1.535275E+01     1.367696E+04
  1.556654E+01     1.360053E+04
  1.578331E+01     1.352386E+04
  1.600310E+01     1.344696E+04
  1.622595E+01     1.336983E+04
  1.645191E+01     1.329249E+04
  1.668101E+01     1.321492E+04
  1.691330E+01     1.313715E+04
  1.714882E+01     1.305918E+04
  1.738762E+01     1.298100E+04
  1.762975E+01     1.290263E+04
  1.787526E+01     1.282408E+04
  1.812418E+01     1.274535E+04
  1.837656E+01     1.266645E+04
  1.863246E+01     1.258740E+04
  1.889193E+01     1.250820E+04
  1.915501E+01     1.242887E+04
  1.942175E+01     1.234941E+04
  1.969220E+01     1.226984E+04
  1.996642E+01     1.219016E+04
  2.024447E+01     1.211039E+04
  2.052638E+01     1.203053E+04
  2.081222E+01     1.195059E+04
  2.110203E+01     1.187059E+04
  2.139589E+01     1.179053E+04
  2.169384E+01     1.171042E+04
  2.199593E+01     1.163027E+04
  2.230223E+01     1.155008E+04
  2.261280E+01     1.146987E+04
  2.292769E+01     1.138963E+04
  2.324697E+01     1.130938E+04
  2.357069E+01     1.122912E+04
  2.389893E+01     1.114887E+04
  2.423173E+01     1.106863E+04
  2.456916E+01     1.098842E+04
  2.491130E+01     1.090824E+04
  2.525820E+01     1.082811E+04
  2.560993E+01     1.074804E+04
  2.596656E+01     1.066803E+04
  2.632815E+01     1.058810E+04
  2.669478E+01     1.050825E+04
  2.706652E+01     1.042848E+04
  2.744343E+01     1.034882E+04
  2.782559E+01     1.026928E+04
  2.821308E+01     1.018985E+04
  2.860596E+01     1.011056E+04
  2.900430E+01     1.003142E+04
  2.940820E+01     9.952429E+03
  2.981772E+01     9.873599E+03
  3.023295E+01     9.794937E+03
  3.065395E+01     9.716448E+03
  3.108082E+01     9.638141E+03
  3.151363E+01     9.560024E+03
  3.195248E+01     9.482109E+03
  3.239743E+01     9.404405E+03
  3.284857E+01     9.326920E+03
  3.330600E+01     9.249661E+03
  3.376980E+01     9.172634E+03
  3.424006E+01     9.095845E+03
  3.471687E+01     9.019296E+03
  3.520031E+01     8.942990E+03
  3.569049E+01     8.866931E+03
  3.618750E+01     8.791131E+03
  3.669142E+01     8.715602E+03
  3.720237E+01     8.640356E+03
  3.772042E+01     8.565404E+03
  3.824570E+01     8.490755E+03
  3.877828E+01     8.416420E+03
  3.931829E+01     8.342404E+03
  3.986581E+01     8.268715E+03
  4.042096E+01     8.195358E+03
  4.098384E+01     8.122339E+03
  4.155455E+01     8.049665E+03
  4.213322E+01     7.977348E+03
  4.271994E+01     7.905396E+03
  4.331483E+01     7.833814E+03
  4.391801E+01     7.762610E+03
  4.452959E+01     7.691786E+03
  4.514968E+01     7.621346E+03
  4.577841E+01     7.551290E+03
  4.641589E+01     7.481617E+03
  4.706225E+01     7.412326E+03
  4.771761E+01     7.343426E+03
  4.838210E+01     7.274928E+03
  4.905584E+01     7.206841E+03
  4.973896E+01     7.139175E+03
  5.043159E+01     7.071937E+03
  5.113388E+01     7.005132E+03
  5.184594E+01     6.938764E+03
  5.256791E+01     6.872837E+03
  5.329994E+01     6.807351E+03
  5.404216E+01     6.742306E+03
  5.479472E+01     6.677708E+03
  5.555776E+01     6.613565E+03
  5.633143E+01     6.549882E+03
  5.711586E+01     6.486663E+03
  5.791123E+01     6.423912E+03
  5.871766E+01     6.361629E+03
  5.953533E+01     6.299811E+03
  6.036439E+01     6.238457E+03
  6.120498E+01     6.177559E+03
  6.205729E+01     6.117113E+03
  6.292146E+01     6.057122E+03
  6.379767E+01     5.997596E+03
  6.468608E+01     5.938544E+03
  6.558686E+01     5.879972E+03
  6.650018E+01     5.821886E+03
  6.742622E+01     5.764292E+03
  6.836516E+01     5.707189E+03
  6.931717E+01     5.650581E+03
  7.028244E+01     5.594465E+03
  7.126115E+01     5.538838E+03
  7.225349E+01     5.483703E+03
  7.325965E+01     5.429066E+03
  7.427982E+01     5.374932E+03
  7.531420E+01     5.321301E+03
  7.636298E+01     5.268175E+03
  7.742637E+01     5.215552E+03
  7.850456E+01     5.163429E+03
  7.959777E+01     5.111801E+03
  8.070620E+01     5.060658E+03
  8.183007E+01     5.009990E+03
  8.296959E+01     4.959799E+03
  8.412497E+01     4.910089E+03
  8.529644E+01     4.860867E+03
  8.648423E+01     4.812135E+03
  8.768856E+01     4.763897E+03
  8.890966E+01     4.716153E+03
  9.014776E+01     4.668902E+03
  9.140311E+01     4.622140E+03
  9.267593E+01     4.575863E+03
  9.396648E+01     4.530062E+03
  9.527500E+01     4.484738E+03
  9.660175E+01     4.439892E+03
  9.794697E+01     4.395528E+03
  9.931092E+01     4.351646E+03
  1.006939E+02     4.308245E+03
  1.020961E+02     4.265323E+03
  1.035178E+02     4.222874E+03
  1.049593E+02     4.180892E+03
  1.064209E+02     4.139367E+03
  1.079029E+02     4.098287E+03
  1.094055E+02     4.057649E+03
  1.109290E+02     4.017456E+03
  1.124737E+02     3.977712E+03
  1.140400E+02     3.938418E+03
  1.156280E+02     3.899575E+03
  1.172382E+02     3.861182E+03
  1.188708E+02     3.823237E+03
  1.205261E+02     3.785734E+03
  1.222045E+02     3.748668E+03
  1.239062E+02     3.712029E+03
  1.256317E+02     3.675813E+03
  1.273811E+02     3.640023E+03
  1.291550E+02     3.604660E+03
  1.309535E+02     3.569725E+03
  1.327771E+02     3.535216E+03
  1.346261E+02     3.501132E+03
  1.365008E+02     3.467468E+03
  1.384016E+02     3.434217E+03
  1.403289E+02     3.401372E+03
  1.422830E+02     3.368923E+03
  1.442644E+02     3.336862E+03
  1.462733E+02     3.305191E+03
  1.483103E+02     3.273911E+03
  1.503755E+02     3.243022E+03
  1.524696E+02     3.212522E+03
  1.545928E+02     3.182409E+03
  1.567455E+02     3.152679E+03
  1.589283E+02     3.123324E+03
  1.611414E+02     3.094337E+03
  1.633854E+02     3.065708E+03
  1.656606E+02     3.037429E+03
  1.679675E+02     3.009501E+03
  1.703065E+02     2.981926E+03
  1.726781E+02     2.954705E+03
  1.750827E+02     2.927836E+03
  1.775208E+02     2.901319E+03
  1.799929E+02     2.875149E+03
  1.824993E+02     2.849321E+03
  1.850407E+02     2.823831E+03
  1.876175E+02     2.798669E+03
  1.902301E+02     2.773828E+03
  1.928792E+02     2.749308E+03
  1.955651E+02     2.725110E+03
  1.982884E+02     2.701234E+03
  2.010496E+02     2.677678E+03
  2.038493E+02     2.654439E+03
  2.066880E+02     2.631512E+03
  2.095662E+02     2.608893E+03
  2.124845E+02     2.586574E+03
  2.154435E+02     2.564546E+03
  2.184436E+02     2.542802E+03
  2.214855E+02     2.521340E+03
  2.245698E+02     2.500163E+03
  2.276970E+02     2.479269E+03
  2.308678E+02     2.458659E+03
  2.340827E+02     2.438331E+03
  2.373424E+02     2.418282E+03
  2.406475E+02     2.398507E+03
  2.439986E+02     2.379003E+03
  2.473964E+02     2.359761E+03
  2.508415E+02     2.340775E+03
  2.543346E+02     2.322045E+03
  2.578763E+02     2.303570E+03
  2.614673E+02     2.285351E+03
  2.651084E+02     2.267386E+03
  2.688001E+02     2.249675E+03
  2.725433E+02     2.232212E+03
  2.763385E+02     2.214995E+03
  2.801867E+02     2.198018E+03
  2.840884E+02     2.181275E+03
  2.880444E+02     2.164757E+03
  2.920556E+02     2.148465E+03
  2.961225E+02     2.132399E+03
  3.002462E+02     2.116559E+03
  3.044272E+02     2.100943E+03
  3.086665E+02     2.085552E+03
  3.129648E+02     2.070381E+03
  3.173230E+02     2.055429E+03
  3.217418E+02     2.040690E+03
  3.262222E+02     2.026159E+03
  3.307650E+02     2.011831E+03
  3.353710E+02     1.997703E+03
  3.400412E+02     1.983776E+03
  3.447764E+02     1.970050E+03
  3.495776E+02     1.956524E+03
  3.544456E+02     1.943198E+03
  3.593814E+02     1.930068E+03
  3.643859E+02     1.917133E+03
  3.694601E+02     1.904387E+03
  3.746050E+02     1.891827E+03
  3.798215E+02     1.879446E+03
  3.851107E+02     1.867243E+03
  3.904735E+02     1.855218E+03
  3.959110E+02     1.843372E+03
  4.014242E+02     1.831703E+03
  4.070142E+02     1.820211E+03
  4.126821E+02     1.808895E+03
  4.184289E+02     1.797750E+03
  4.242556E+02     1.786776E+03
  4.301636E+02     1.775966E+03
  4.361538E+02     1.765316E+03
  4.422274E+02     1.754825E+03
  4.483856E+02     1.744492E+03
  4.546295E+02     1.734319E+03
  4.609604E+02     1.724303E+03
  4.673795E+02     1.714446E+03
  4.738880E+02     1.704744E+03
  4.804870E+02     1.695196E+03
  4.871780E+02     1.685799E+03
  4.939622E+02     1.676550E+03
  5.008408E+02     1.667444E+03
  5.078152E+02     1.658479E+03
  5.148867E+02     1.649655E+03
  5.220568E+02     1.640972E+03
  5.293266E+02     1.632431E+03
  5.366977E+02     1.624031E+03
  5.441714E+02     1.615769E+03
  5.517492E+02     1.607645E+03
  5.594326E+02     1.599655E+03
  5.672229E+02     1.591797E+03
  5.751217E+02     1.584067E+03
  5.831305E+02     1.576462E+03
  5.912508E+02     1.568983E+03
  5.994843E+02     1.561631E+03
  6.078323E+02     1.554404E+03
  6.162966E+02     1.547302E+03
  6.248788E+02     1.540324E+03
  6.335805E+02     1.533469E+03
  6.424034E+02     1.526734E+03
  6.513491E+02     1.520117E+03
  6.604194E+02     1.513614E+03
  6.696160E+02     1.507223E+03
  6.789407E+02     1.500944E+03
  6.883952E+02     1.494777E+03
  6.979814E+02     1.488721E+03
  7.077011E+02     1.482775E+03
  7.175561E+02     1.476937E+03
  7.275484E+02     1.471207E+03
  7.376798E+02     1.465581E+03
  7.479523E+02     1.460056E+03
  7.583678E+02     1.454629E+03
  7.689284E+02     1.449299E+03
  7.796360E+02     1.444065E+03
  7.904928E+02     1.438930E+03
  8.015007E+02     1.433896E+03
  8.126619E+02     1.428964E+03
  8.239786E+02     1.424135E+03
  8.354528E+02     1.419411E+03
  8.470868E+02     1.414792E+03
  8.588829E+02     1.410279E+03
  8.708431E+02     1.405873E+03
  8.829700E+02     1.401571E+03
  8.952657E+02     1.397364E+03
  9.077327E+02     1.393243E+03
  9.203732E+02     1.389193E+03
  9.331898E+02     1.385202E+03
  9.461848E+02     1.381255E+03
  9.593608E+02     1.377335E+03
  9.727203E+02     1.373424E+03
  9.862658E+02     1.369502E+03
  1.000000E+03     1.365549E+03
