FILE CREATED BY  : PROGRAM DPASS - VERSION 2.00
DATABASE VERSION : 21.06
DATE AND TIME    : 09/08/2022 22:24:47
PROJECTILE       : Mo
TARGET           : Ga
TARGET AT. MASS  : 6.972000E+01
TARGET DENSITY   : 5.907000E+00 g/cm^3
TABULATED OUTPUT : STOPPING FORCE VERSUS ENERGY
DATA TYPE        : SPLINE INTERPOLATED
ABSCISSA UNITS   : MeV/u
ORDINATE UNITS   : eV/nm


      E/n             S(E/n)

  1.000000E-03     6.354611E+02
  1.013925E-03     6.397923E+02
  1.028045E-03     6.441808E+02
  1.042361E-03     6.486242E+02
  1.056876E-03     6.531196E+02
  1.071593E-03     6.576642E+02
  1.086516E-03     6.622547E+02
  1.101646E-03     6.668875E+02
  1.116987E-03     6.715586E+02
  1.132541E-03     6.762639E+02
  1.148312E-03     6.809987E+02
  1.164303E-03     6.857588E+02
  1.180517E-03     6.905439E+02
  1.196956E-03     6.953548E+02
  1.213624E-03     7.001929E+02
  1.230524E-03     7.050592E+02
  1.247660E-03     7.099552E+02
  1.265034E-03     7.148823E+02
  1.282650E-03     7.198422E+02
  1.300511E-03     7.248368E+02
  1.318621E-03     7.298679E+02
  1.336984E-03     7.349374E+02
  1.355602E-03     7.400459E+02
  1.374479E-03     7.451933E+02
  1.393619E-03     7.503795E+02
  1.413026E-03     7.556042E+02
  1.432703E-03     7.608675E+02
  1.452654E-03     7.661691E+02
  1.472883E-03     7.715089E+02
  1.493393E-03     7.768866E+02
  1.514189E-03     7.823023E+02
  1.535275E-03     7.877556E+02
  1.556654E-03     7.932467E+02
  1.578331E-03     7.987760E+02
  1.600310E-03     8.043437E+02
  1.622595E-03     8.099503E+02
  1.645191E-03     8.155962E+02
  1.668101E-03     8.212819E+02
  1.691330E-03     8.270079E+02
  1.714882E-03     8.327747E+02
  1.738762E-03     8.385830E+02
  1.762975E-03     8.444334E+02
  1.787526E-03     8.503264E+02
  1.812418E-03     8.562620E+02
  1.837656E-03     8.622405E+02
  1.863246E-03     8.682619E+02
  1.889193E-03     8.743266E+02
  1.915501E-03     8.804347E+02
  1.942175E-03     8.865864E+02
  1.969220E-03     8.927821E+02
  1.996642E-03     8.990220E+02
  2.024447E-03     9.053066E+02
  2.052638E-03     9.116360E+02
  2.081222E-03     9.180105E+02
  2.110203E-03     9.244305E+02
  2.139589E-03     9.308962E+02
  2.169384E-03     9.374081E+02
  2.199593E-03     9.439664E+02
  2.230223E-03     9.505716E+02
  2.261280E-03     9.572242E+02
  2.292769E-03     9.639248E+02
  2.324697E-03     9.706738E+02
  2.357069E-03     9.774717E+02
  2.389893E-03     9.843187E+02
  2.423173E-03     9.912152E+02
  2.456916E-03     9.981613E+02
  2.491130E-03     1.005157E+03
  2.525820E-03     1.012204E+03
  2.560993E-03     1.019301E+03
  2.596656E-03     1.026450E+03
  2.632815E-03     1.033650E+03
  2.669478E-03     1.040902E+03
  2.706652E-03     1.048207E+03
  2.744343E-03     1.055564E+03
  2.782559E-03     1.062975E+03
  2.821308E-03     1.070440E+03
  2.860596E-03     1.077958E+03
  2.900430E-03     1.085531E+03
  2.940820E-03     1.093158E+03
  2.981772E-03     1.100841E+03
  3.023295E-03     1.108580E+03
  3.065395E-03     1.116375E+03
  3.108082E-03     1.124227E+03
  3.151363E-03     1.132136E+03
  3.195248E-03     1.140103E+03
  3.239743E-03     1.148127E+03
  3.284857E-03     1.156211E+03
  3.330600E-03     1.164352E+03
  3.376980E-03     1.172553E+03
  3.424006E-03     1.180814E+03
  3.471687E-03     1.189135E+03
  3.520031E-03     1.197517E+03
  3.569049E-03     1.205960E+03
  3.618750E-03     1.214465E+03
  3.669142E-03     1.223032E+03
  3.720237E-03     1.231662E+03
  3.772042E-03     1.240355E+03
  3.824570E-03     1.249111E+03
  3.877828E-03     1.257932E+03
  3.931829E-03     1.266818E+03
  3.986581E-03     1.275768E+03
  4.042096E-03     1.284785E+03
  4.098384E-03     1.293869E+03
  4.155455E-03     1.303020E+03
  4.213322E-03     1.312239E+03
  4.271994E-03     1.321525E+03
  4.331483E-03     1.330880E+03
  4.391801E-03     1.340304E+03
  4.452959E-03     1.349798E+03
  4.514968E-03     1.359361E+03
  4.577841E-03     1.368995E+03
  4.641589E-03     1.378701E+03
  4.706225E-03     1.388478E+03
  4.771761E-03     1.398328E+03
  4.838210E-03     1.408251E+03
  4.905584E-03     1.418247E+03
  4.973896E-03     1.428318E+03
  5.043159E-03     1.438463E+03
  5.113388E-03     1.448683E+03
  5.184594E-03     1.458979E+03
  5.256791E-03     1.469352E+03
  5.329994E-03     1.479802E+03
  5.404216E-03     1.490331E+03
  5.479472E-03     1.500938E+03
  5.555776E-03     1.511625E+03
  5.633143E-03     1.522392E+03
  5.711586E-03     1.533239E+03
  5.791123E-03     1.544167E+03
  5.871766E-03     1.555177E+03
  5.953533E-03     1.566269E+03
  6.036439E-03     1.577444E+03
  6.120498E-03     1.588703E+03
  6.205729E-03     1.600046E+03
  6.292146E-03     1.611475E+03
  6.379767E-03     1.622990E+03
  6.468608E-03     1.634592E+03
  6.558686E-03     1.646280E+03
  6.650018E-03     1.658056E+03
  6.742622E-03     1.669920E+03
  6.836516E-03     1.681873E+03
  6.931717E-03     1.693917E+03
  7.028244E-03     1.706051E+03
  7.126115E-03     1.718276E+03
  7.225349E-03     1.730595E+03
  7.325965E-03     1.743006E+03
  7.427982E-03     1.755511E+03
  7.531420E-03     1.768110E+03
  7.636298E-03     1.780805E+03
  7.742637E-03     1.793596E+03
  7.850456E-03     1.806484E+03
  7.959777E-03     1.819469E+03
  8.070620E-03     1.832554E+03
  8.183007E-03     1.845739E+03
  8.296959E-03     1.859026E+03
  8.412497E-03     1.872413E+03
  8.529644E-03     1.885903E+03
  8.648423E-03     1.899496E+03
  8.768856E-03     1.913192E+03
  8.890966E-03     1.926992E+03
  9.014776E-03     1.940897E+03
  9.140311E-03     1.954908E+03
  9.267593E-03     1.969026E+03
  9.396648E-03     1.983251E+03
  9.527500E-03     1.997585E+03
  9.660175E-03     2.012029E+03
  9.794697E-03     2.026582E+03
  9.931092E-03     2.041246E+03
  1.006939E-02     2.056022E+03
  1.020961E-02     2.070910E+03
  1.035178E-02     2.085912E+03
  1.049593E-02     2.101028E+03
  1.064209E-02     2.116260E+03
  1.079029E-02     2.131609E+03
  1.094055E-02     2.147077E+03
  1.109290E-02     2.162663E+03
  1.124737E-02     2.178368E+03
  1.140400E-02     2.194194E+03
  1.156280E-02     2.210141E+03
  1.172382E-02     2.226209E+03
  1.188708E-02     2.242400E+03
  1.205261E-02     2.258715E+03
  1.222045E-02     2.275155E+03
  1.239062E-02     2.291721E+03
  1.256317E-02     2.308414E+03
  1.273811E-02     2.325234E+03
  1.291550E-02     2.342183E+03
  1.309535E-02     2.359262E+03
  1.327771E-02     2.376471E+03
  1.346261E-02     2.393812E+03
  1.365008E-02     2.411286E+03
  1.384016E-02     2.428893E+03
  1.403289E-02     2.446636E+03
  1.422830E-02     2.464515E+03
  1.442644E-02     2.482532E+03
  1.462733E-02     2.500688E+03
  1.483103E-02     2.518983E+03
  1.503755E-02     2.537418E+03
  1.524696E-02     2.555995E+03
  1.545928E-02     2.574713E+03
  1.567455E-02     2.593574E+03
  1.589283E-02     2.612579E+03
  1.611414E-02     2.631729E+03
  1.633854E-02     2.651025E+03
  1.656606E-02     2.670469E+03
  1.679675E-02     2.690061E+03
  1.703065E-02     2.709802E+03
  1.726781E-02     2.729693E+03
  1.750827E-02     2.749735E+03
  1.775208E-02     2.769929E+03
  1.799929E-02     2.790276E+03
  1.824993E-02     2.810776E+03
  1.850407E-02     2.831432E+03
  1.876175E-02     2.852244E+03
  1.902301E-02     2.873214E+03
  1.928792E-02     2.894343E+03
  1.955651E-02     2.915631E+03
  1.982884E-02     2.937080E+03
  2.010496E-02     2.958691E+03
  2.038493E-02     2.980464E+03
  2.066880E-02     3.002402E+03
  2.095662E-02     3.024504E+03
  2.124845E-02     3.046773E+03
  2.154435E-02     3.069211E+03
  2.184436E-02     3.091818E+03
  2.214855E-02     3.114596E+03
  2.245698E-02     3.137545E+03
  2.276970E-02     3.160665E+03
  2.308678E-02     3.183959E+03
  2.340827E-02     3.207425E+03
  2.373424E-02     3.231066E+03
  2.406475E-02     3.254883E+03
  2.439986E-02     3.278876E+03
  2.473964E-02     3.303046E+03
  2.508415E-02     3.327395E+03
  2.543346E-02     3.351925E+03
  2.578763E-02     3.376634E+03
  2.614673E-02     3.401525E+03
  2.651084E-02     3.426598E+03
  2.688001E-02     3.451855E+03
  2.725433E-02     3.477297E+03
  2.763385E-02     3.502924E+03
  2.801867E-02     3.528739E+03
  2.840884E-02     3.554742E+03
  2.880444E-02     3.580937E+03
  2.920556E-02     3.607322E+03
  2.961225E-02     3.633900E+03
  3.002462E-02     3.660672E+03
  3.044272E-02     3.687638E+03
  3.086665E-02     3.714799E+03
  3.129648E-02     3.742157E+03
  3.173230E-02     3.769714E+03
  3.217418E-02     3.797470E+03
  3.262222E-02     3.825428E+03
  3.307650E-02     3.853589E+03
  3.353710E-02     3.881955E+03
  3.400412E-02     3.910525E+03
  3.447764E-02     3.939301E+03
  3.495776E-02     3.968283E+03
  3.544456E-02     3.997471E+03
  3.593814E-02     4.026868E+03
  3.643859E-02     4.056473E+03
  3.694601E-02     4.086288E+03
  3.746050E-02     4.116314E+03
  3.798215E-02     4.146552E+03
  3.851107E-02     4.177003E+03
  3.904735E-02     4.207668E+03
  3.959110E-02     4.238546E+03
  4.014242E-02     4.269637E+03
  4.070142E-02     4.300943E+03
  4.126821E-02     4.332464E+03
  4.184289E-02     4.364199E+03
  4.242556E-02     4.396151E+03
  4.301636E-02     4.428319E+03
  4.361538E-02     4.460704E+03
  4.422274E-02     4.493307E+03
  4.483856E-02     4.526128E+03
  4.546295E-02     4.559168E+03
  4.609604E-02     4.592425E+03
  4.673795E-02     4.625901E+03
  4.738880E-02     4.659596E+03
  4.804870E-02     4.693510E+03
  4.871780E-02     4.727644E+03
  4.939622E-02     4.761998E+03
  5.008408E-02     4.796574E+03
  5.078152E-02     4.831371E+03
  5.148867E-02     4.866391E+03
  5.220568E-02     4.901632E+03
  5.293266E-02     4.937096E+03
  5.366977E-02     4.972781E+03
  5.441714E-02     5.008690E+03
  5.517492E-02     5.044822E+03
  5.594326E-02     5.081178E+03
  5.672229E-02     5.117759E+03
  5.751217E-02     5.154565E+03
  5.831305E-02     5.191599E+03
  5.912508E-02     5.228859E+03
  5.994843E-02     5.266346E+03
  6.078323E-02     5.304060E+03
  6.162966E-02     5.342001E+03
  6.248788E-02     5.380171E+03
  6.335805E-02     5.418570E+03
  6.424034E-02     5.457198E+03
  6.513491E-02     5.496057E+03
  6.604194E-02     5.535149E+03
  6.696160E-02     5.574475E+03
  6.789407E-02     5.614034E+03
  6.883952E-02     5.653826E+03
  6.979814E-02     5.693853E+03
  7.077011E-02     5.734115E+03
  7.175561E-02     5.774611E+03
  7.275484E-02     5.815344E+03
  7.376798E-02     5.856314E+03
  7.479523E-02     5.897523E+03
  7.583678E-02     5.938972E+03
  7.689284E-02     5.980662E+03
  7.796360E-02     6.022595E+03
  7.904928E-02     6.064769E+03
  8.015007E-02     6.107187E+03
  8.126619E-02     6.149847E+03
  8.239786E-02     6.192751E+03
  8.354528E-02     6.235901E+03
  8.470868E-02     6.279297E+03
  8.588829E-02     6.322942E+03
  8.708431E-02     6.366836E+03
  8.829700E-02     6.410983E+03
  8.952657E-02     6.455382E+03
  9.077327E-02     6.500034E+03
  9.203732E-02     6.544941E+03
  9.331898E-02     6.590102E+03
  9.461848E-02     6.635519E+03
  9.593608E-02     6.681194E+03
  9.727203E-02     6.727128E+03
  9.862658E-02     6.773324E+03
  1.000000E-01     6.819784E+03
  1.013925E-01     6.866512E+03
  1.028045E-01     6.913508E+03
  1.042361E-01     6.960775E+03
  1.056876E-01     7.008315E+03
  1.071593E-01     7.056130E+03
  1.086516E-01     7.104224E+03
  1.101646E-01     7.152600E+03
  1.116987E-01     7.201262E+03
  1.132541E-01     7.250214E+03
  1.148312E-01     7.299461E+03
  1.164303E-01     7.349009E+03
  1.180517E-01     7.398862E+03
  1.196956E-01     7.449026E+03
  1.213624E-01     7.499505E+03
  1.230524E-01     7.550306E+03
  1.247660E-01     7.601436E+03
  1.265034E-01     7.652901E+03
  1.282650E-01     7.704711E+03
  1.300511E-01     7.756874E+03
  1.318621E-01     7.809400E+03
  1.336984E-01     7.862300E+03
  1.355602E-01     7.915582E+03
  1.374479E-01     7.969252E+03
  1.393619E-01     8.023319E+03
  1.413026E-01     8.077791E+03
  1.432703E-01     8.132678E+03
  1.452654E-01     8.187990E+03
  1.472883E-01     8.243738E+03
  1.493393E-01     8.299934E+03
  1.514189E-01     8.356591E+03
  1.535275E-01     8.413723E+03
  1.556654E-01     8.471336E+03
  1.578331E-01     8.529435E+03
  1.600310E-01     8.588023E+03
  1.622595E-01     8.647107E+03
  1.645191E-01     8.706689E+03
  1.668101E-01     8.766777E+03
  1.691330E-01     8.827374E+03
  1.714882E-01     8.888487E+03
  1.738762E-01     8.950121E+03
  1.762975E-01     9.012284E+03
  1.787526E-01     9.074978E+03
  1.812418E-01     9.138201E+03
  1.837656E-01     9.201954E+03
  1.863246E-01     9.266236E+03
  1.889193E-01     9.331045E+03
  1.915501E-01     9.396380E+03
  1.942175E-01     9.462240E+03
  1.969220E-01     9.528624E+03
  1.996642E-01     9.595529E+03
  2.024447E-01     9.662953E+03
  2.052638E-01     9.730893E+03
  2.081222E-01     9.799343E+03
  2.110203E-01     9.868296E+03
  2.139589E-01     9.937746E+03
  2.169384E-01     1.000769E+04
  2.199593E-01     1.007811E+04
  2.230223E-01     1.014900E+04
  2.261280E-01     1.022036E+04
  2.292769E-01     1.029218E+04
  2.324697E-01     1.036443E+04
  2.357069E-01     1.043713E+04
  2.389893E-01     1.051025E+04
  2.423173E-01     1.058380E+04
  2.456916E-01     1.065777E+04
  2.491130E-01     1.073214E+04
  2.525820E-01     1.080691E+04
  2.560993E-01     1.088208E+04
  2.596656E-01     1.095763E+04
  2.632815E-01     1.103357E+04
  2.669478E-01     1.110986E+04
  2.706652E-01     1.118653E+04
  2.744343E-01     1.126355E+04
  2.782559E-01     1.134092E+04
  2.821308E-01     1.141865E+04
  2.860596E-01     1.149673E+04
  2.900430E-01     1.157516E+04
  2.940820E-01     1.165393E+04
  2.981772E-01     1.173305E+04
  3.023295E-01     1.181251E+04
  3.065395E-01     1.189232E+04
  3.108082E-01     1.197247E+04
  3.151363E-01     1.205295E+04
  3.195248E-01     1.213376E+04
  3.239743E-01     1.221489E+04
  3.284857E-01     1.229634E+04
  3.330600E-01     1.237809E+04
  3.376980E-01     1.246015E+04
  3.424006E-01     1.254251E+04
  3.471687E-01     1.262515E+04
  3.520031E-01     1.270808E+04
  3.569049E-01     1.279128E+04
  3.618750E-01     1.287476E+04
  3.669142E-01     1.295849E+04
  3.720237E-01     1.304247E+04
  3.772042E-01     1.312669E+04
  3.824570E-01     1.321114E+04
  3.877828E-01     1.329580E+04
  3.931829E-01     1.338068E+04
  3.986581E-01     1.346576E+04
  4.042096E-01     1.355104E+04
  4.098384E-01     1.363649E+04
  4.155455E-01     1.372212E+04
  4.213322E-01     1.380791E+04
  4.271994E-01     1.389385E+04
  4.331483E-01     1.397994E+04
  4.391801E-01     1.406616E+04
  4.452959E-01     1.415250E+04
  4.514968E-01     1.423896E+04
  4.577841E-01     1.432553E+04
  4.641589E-01     1.441220E+04
  4.706225E-01     1.449896E+04
  4.771761E-01     1.458579E+04
  4.838210E-01     1.467269E+04
  4.905584E-01     1.475964E+04
  4.973896E-01     1.484662E+04
  5.043159E-01     1.493363E+04
  5.113388E-01     1.502064E+04
  5.184594E-01     1.510764E+04
  5.256791E-01     1.519463E+04
  5.329994E-01     1.528158E+04
  5.404216E-01     1.536848E+04
  5.479472E-01     1.545532E+04
  5.555776E-01     1.554208E+04
  5.633143E-01     1.562874E+04
  5.711586E-01     1.571529E+04
  5.791123E-01     1.580171E+04
  5.871766E-01     1.588798E+04
  5.953533E-01     1.597408E+04
  6.036439E-01     1.606001E+04
  6.120498E-01     1.614574E+04
  6.205729E-01     1.623126E+04
  6.292146E-01     1.631655E+04
  6.379767E-01     1.640160E+04
  6.468608E-01     1.648639E+04
  6.558686E-01     1.657089E+04
  6.650018E-01     1.665511E+04
  6.742622E-01     1.673901E+04
  6.836516E-01     1.682259E+04
  6.931717E-01     1.690583E+04
  7.028244E-01     1.698871E+04
  7.126115E-01     1.707124E+04
  7.225349E-01     1.715338E+04
  7.325965E-01     1.723512E+04
  7.427982E-01     1.731645E+04
  7.531420E-01     1.739735E+04
  7.636298E-01     1.747779E+04
  7.742637E-01     1.755777E+04
  7.850456E-01     1.763727E+04
  7.959777E-01     1.771628E+04
  8.070620E-01     1.779478E+04
  8.183007E-01     1.787277E+04
  8.296959E-01     1.795022E+04
  8.412497E-01     1.802713E+04
  8.529644E-01     1.810347E+04
  8.648423E-01     1.817922E+04
  8.768856E-01     1.825438E+04
  8.890966E-01     1.832892E+04
  9.014776E-01     1.840283E+04
  9.140311E-01     1.847610E+04
  9.267593E-01     1.854872E+04
  9.396648E-01     1.862068E+04
  9.527500E-01     1.869197E+04
  9.660175E-01     1.876256E+04
  9.794697E-01     1.883245E+04
  9.931092E-01     1.890161E+04
  1.006939E+00     1.897003E+04
  1.020961E+00     1.903770E+04
  1.035178E+00     1.910461E+04
  1.049593E+00     1.917074E+04
  1.064209E+00     1.923609E+04
  1.079029E+00     1.930065E+04
  1.094055E+00     1.936441E+04
  1.109290E+00     1.942735E+04
  1.124737E+00     1.948946E+04
  1.140400E+00     1.955072E+04
  1.156280E+00     1.961112E+04
  1.172382E+00     1.967065E+04
  1.188708E+00     1.972929E+04
  1.205261E+00     1.978704E+04
  1.222045E+00     1.984389E+04
  1.239062E+00     1.989985E+04
  1.256317E+00     1.995489E+04
  1.273811E+00     2.000902E+04
  1.291550E+00     2.006220E+04
  1.309535E+00     2.011444E+04
  1.327771E+00     2.016572E+04
  1.346261E+00     2.021602E+04
  1.365008E+00     2.026536E+04
  1.384016E+00     2.031371E+04
  1.403289E+00     2.036108E+04
  1.422830E+00     2.040747E+04
  1.442644E+00     2.045288E+04
  1.462733E+00     2.049730E+04
  1.483103E+00     2.054071E+04
  1.503755E+00     2.058310E+04
  1.524696E+00     2.062447E+04
  1.545928E+00     2.066481E+04
  1.567455E+00     2.070412E+04
  1.589283E+00     2.074240E+04
  1.611414E+00     2.077964E+04
  1.633854E+00     2.081586E+04
  1.656606E+00     2.085106E+04
  1.679675E+00     2.088522E+04
  1.703065E+00     2.091835E+04
  1.726781E+00     2.095042E+04
  1.750827E+00     2.098145E+04
  1.775208E+00     2.101142E+04
  1.799929E+00     2.104034E+04
  1.824993E+00     2.106821E+04
  1.850407E+00     2.109503E+04
  1.876175E+00     2.112082E+04
  1.902301E+00     2.114559E+04
  1.928792E+00     2.116932E+04
  1.955651E+00     2.119201E+04
  1.982884E+00     2.121367E+04
  2.010496E+00     2.123428E+04
  2.038493E+00     2.125385E+04
  2.066880E+00     2.127238E+04
  2.095662E+00     2.128988E+04
  2.124845E+00     2.130636E+04
  2.154435E+00     2.132183E+04
  2.184436E+00     2.133631E+04
  2.214855E+00     2.134979E+04
  2.245698E+00     2.136226E+04
  2.276970E+00     2.137374E+04
  2.308678E+00     2.138421E+04
  2.340827E+00     2.139368E+04
  2.373424E+00     2.140216E+04
  2.406475E+00     2.140965E+04
  2.439986E+00     2.141617E+04
  2.473964E+00     2.142172E+04
  2.508415E+00     2.142633E+04
  2.543346E+00     2.143000E+04
  2.578763E+00     2.143271E+04
  2.614673E+00     2.143448E+04
  2.651084E+00     2.143530E+04
  2.688001E+00     2.143518E+04
  2.725433E+00     2.143413E+04
  2.763385E+00     2.143214E+04
  2.801867E+00     2.142924E+04
  2.840884E+00     2.142544E+04
  2.880444E+00     2.142075E+04
  2.920556E+00     2.141517E+04
  2.961225E+00     2.140871E+04
  3.002462E+00     2.140137E+04
  3.044272E+00     2.139314E+04
  3.086665E+00     2.138404E+04
  3.129648E+00     2.137406E+04
  3.173230E+00     2.136322E+04
  3.217418E+00     2.135153E+04
  3.262222E+00     2.133900E+04
  3.307650E+00     2.132564E+04
  3.353710E+00     2.131147E+04
  3.400412E+00     2.129647E+04
  3.447764E+00     2.128065E+04
  3.495776E+00     2.126402E+04
  3.544456E+00     2.124656E+04
  3.593814E+00     2.122829E+04
  3.643859E+00     2.120922E+04
  3.694601E+00     2.118934E+04
  3.746050E+00     2.116869E+04
  3.798215E+00     2.114725E+04
  3.851107E+00     2.112505E+04
  3.904735E+00     2.110207E+04
  3.959110E+00     2.107833E+04
  4.014242E+00     2.105381E+04
  4.070142E+00     2.102852E+04
  4.126821E+00     2.100247E+04
  4.184289E+00     2.097566E+04
  4.242556E+00     2.094810E+04
  4.301636E+00     2.091980E+04
  4.361538E+00     2.089076E+04
  4.422274E+00     2.086100E+04
  4.483856E+00     2.083051E+04
  4.546295E+00     2.079928E+04
  4.609604E+00     2.076733E+04
  4.673795E+00     2.073465E+04
  4.738880E+00     2.070125E+04
  4.804870E+00     2.066713E+04
  4.871780E+00     2.063229E+04
  4.939622E+00     2.059675E+04
  5.008408E+00     2.056050E+04
  5.078152E+00     2.052357E+04
  5.148867E+00     2.048593E+04
  5.220568E+00     2.044760E+04
  5.293266E+00     2.040858E+04
  5.366977E+00     2.036886E+04
  5.441714E+00     2.032846E+04
  5.517492E+00     2.028737E+04
  5.594326E+00     2.024560E+04
  5.672229E+00     2.020316E+04
  5.751217E+00     2.016005E+04
  5.831305E+00     2.011629E+04
  5.912508E+00     2.007186E+04
  5.994843E+00     2.002677E+04
  6.078323E+00     1.998102E+04
  6.162966E+00     1.993460E+04
  6.248788E+00     1.988753E+04
  6.335805E+00     1.983980E+04
  6.424034E+00     1.979141E+04
  6.513491E+00     1.974237E+04
  6.604194E+00     1.969269E+04
  6.696160E+00     1.964237E+04
  6.789407E+00     1.959140E+04
  6.883952E+00     1.953979E+04
  6.979814E+00     1.948755E+04
  7.077011E+00     1.943466E+04
  7.175561E+00     1.938114E+04
  7.275484E+00     1.932698E+04
  7.376798E+00     1.927220E+04
  7.479523E+00     1.921679E+04
  7.583678E+00     1.916076E+04
  7.689284E+00     1.910412E+04
  7.796360E+00     1.904686E+04
  7.904928E+00     1.898899E+04
  8.015007E+00     1.893051E+04
  8.126619E+00     1.887142E+04
  8.239786E+00     1.881173E+04
  8.354528E+00     1.875143E+04
  8.470868E+00     1.869053E+04
  8.588829E+00     1.862903E+04
  8.708431E+00     1.856694E+04
  8.829700E+00     1.850426E+04
  8.952657E+00     1.844100E+04
  9.077327E+00     1.837715E+04
  9.203732E+00     1.831272E+04
  9.331898E+00     1.824772E+04
  9.461848E+00     1.818214E+04
  9.593608E+00     1.811599E+04
  9.727203E+00     1.804928E+04
  9.862658E+00     1.798201E+04
  1.000000E+01     1.791418E+04
  1.013925E+01     1.784581E+04
  1.028045E+01     1.777690E+04
  1.042361E+01     1.770744E+04
  1.056876E+01     1.763746E+04
  1.071593E+01     1.756694E+04
  1.086516E+01     1.749591E+04
  1.101646E+01     1.742436E+04
  1.116987E+01     1.735231E+04
  1.132541E+01     1.727975E+04
  1.148312E+01     1.720671E+04
  1.164303E+01     1.713318E+04
  1.180517E+01     1.705918E+04
  1.196956E+01     1.698470E+04
  1.213624E+01     1.690976E+04
  1.230524E+01     1.683434E+04
  1.247660E+01     1.675847E+04
  1.265034E+01     1.668214E+04
  1.282650E+01     1.660536E+04
  1.300511E+01     1.652813E+04
  1.318621E+01     1.645046E+04
  1.336984E+01     1.637235E+04
  1.355602E+01     1.629382E+04
  1.374479E+01     1.621486E+04
  1.393619E+01     1.613548E+04
  1.413026E+01     1.605570E+04
  1.432703E+01     1.597553E+04
  1.452654E+01     1.589497E+04
  1.472883E+01     1.581404E+04
  1.493393E+01     1.573273E+04
  1.514189E+01     1.565108E+04
  1.535275E+01     1.556907E+04
  1.556654E+01     1.548674E+04
  1.578331E+01     1.540407E+04
  1.600310E+01     1.532109E+04
  1.622595E+01     1.523780E+04
  1.645191E+01     1.515421E+04
  1.668101E+01     1.507033E+04
  1.691330E+01     1.498618E+04
  1.714882E+01     1.490175E+04
  1.738762E+01     1.481706E+04
  1.762975E+01     1.473212E+04
  1.787526E+01     1.464694E+04
  1.812418E+01     1.456153E+04
  1.837656E+01     1.447589E+04
  1.863246E+01     1.439003E+04
  1.889193E+01     1.430396E+04
  1.915501E+01     1.421769E+04
  1.942175E+01     1.413123E+04
  1.969220E+01     1.404458E+04
  1.996642E+01     1.395774E+04
  2.024447E+01     1.387073E+04
  2.052638E+01     1.378355E+04
  2.081222E+01     1.369622E+04
  2.110203E+01     1.360875E+04
  2.139589E+01     1.352114E+04
  2.169384E+01     1.343342E+04
  2.199593E+01     1.334560E+04
  2.230223E+01     1.325768E+04
  2.261280E+01     1.316967E+04
  2.292769E+01     1.308160E+04
  2.324697E+01     1.299347E+04
  2.357069E+01     1.290529E+04
  2.389893E+01     1.281707E+04
  2.423173E+01     1.272882E+04
  2.456916E+01     1.264056E+04
  2.491130E+01     1.255229E+04
  2.525820E+01     1.246403E+04
  2.560993E+01     1.237577E+04
  2.596656E+01     1.228754E+04
  2.632815E+01     1.219933E+04
  2.669478E+01     1.211116E+04
  2.706652E+01     1.202303E+04
  2.744343E+01     1.193495E+04
  2.782559E+01     1.184694E+04
  2.821308E+01     1.175902E+04
  2.860596E+01     1.167119E+04
  2.900430E+01     1.158347E+04
  2.940820E+01     1.149586E+04
  2.981772E+01     1.140839E+04
  3.023295E+01     1.132106E+04
  3.065395E+01     1.123387E+04
  3.108082E+01     1.114685E+04
  3.151363E+01     1.105999E+04
  3.195248E+01     1.097332E+04
  3.239743E+01     1.088683E+04
  3.284857E+01     1.080055E+04
  3.330600E+01     1.071448E+04
  3.376980E+01     1.062863E+04
  3.424006E+01     1.054300E+04
  3.471687E+01     1.045759E+04
  3.520031E+01     1.037242E+04
  3.569049E+01     1.028748E+04
  3.618750E+01     1.020279E+04
  3.669142E+01     1.011836E+04
  3.720237E+01     1.003419E+04
  3.772042E+01     9.950306E+03
  3.824570E+01     9.866705E+03
  3.877828E+01     9.783398E+03
  3.931829E+01     9.700390E+03
  3.986581E+01     9.617685E+03
  4.042096E+01     9.535284E+03
  4.098384E+01     9.453194E+03
  4.155455E+01     9.371427E+03
  4.213322E+01     9.289998E+03
  4.271994E+01     9.208922E+03
  4.331483E+01     9.128212E+03
  4.391801E+01     9.047881E+03
  4.452959E+01     8.967939E+03
  4.514968E+01     8.888398E+03
  4.577841E+01     8.809267E+03
  4.641589E+01     8.730551E+03
  4.706225E+01     8.652260E+03
  4.771761E+01     8.574400E+03
  4.838210E+01     8.496983E+03
  4.905584E+01     8.420014E+03
  4.973896E+01     8.343499E+03
  5.043159E+01     8.267443E+03
  5.113388E+01     8.191848E+03
  5.184594E+01     8.116712E+03
  5.256791E+01     8.042035E+03
  5.329994E+01     7.967810E+03
  5.404216E+01     7.894034E+03
  5.479472E+01     7.820714E+03
  5.555776E+01     7.747859E+03
  5.633143E+01     7.675478E+03
  5.711586E+01     7.603580E+03
  5.791123E+01     7.532169E+03
  5.871766E+01     7.461251E+03
  5.953533E+01     7.390826E+03
  6.036439E+01     7.320896E+03
  6.120498E+01     7.251458E+03
  6.205729E+01     7.182509E+03
  6.292146E+01     7.114056E+03
  6.379767E+01     7.046109E+03
  6.468608E+01     6.978676E+03
  6.558686E+01     6.911765E+03
  6.650018E+01     6.845380E+03
  6.742622E+01     6.779527E+03
  6.836516E+01     6.714205E+03
  6.931717E+01     6.649416E+03
  7.028244E+01     6.585156E+03
  7.126115E+01     6.521422E+03
  7.225349E+01     6.458217E+03
  7.325965E+01     6.395547E+03
  7.427982E+01     6.333418E+03
  7.531420E+01     6.271833E+03
  7.636298E+01     6.210795E+03
  7.742637E+01     6.150302E+03
  7.850456E+01     6.090353E+03
  7.959777E+01     6.030942E+03
  8.070620E+01     5.972062E+03
  8.183007E+01     5.913702E+03
  8.296959E+01     5.855864E+03
  8.412497E+01     5.798555E+03
  8.529644E+01     5.741782E+03
  8.648423E+01     5.685548E+03
  8.768856E+01     5.629859E+03
  8.890966E+01     5.574713E+03
  9.014776E+01     5.520111E+03
  9.140311E+01     5.466050E+03
  9.267593E+01     5.412524E+03
  9.396648E+01     5.359527E+03
  9.527500E+01     5.307056E+03
  9.660175E+01     5.255117E+03
  9.794697E+01     5.203714E+03
  9.931092E+01     5.152848E+03
  1.006939E+02     5.102520E+03
  1.020961E+02     5.052726E+03
  1.035178E+02     5.003465E+03
  1.049593E+02     4.954728E+03
  1.064209E+02     4.906506E+03
  1.079029E+02     4.858789E+03
  1.094055E+02     4.811572E+03
  1.109290E+02     4.764859E+03
  1.124737E+02     4.718654E+03
  1.140400E+02     4.672959E+03
  1.156280E+02     4.627774E+03
  1.172382E+02     4.583098E+03
  1.188708E+02     4.538927E+03
  1.205261E+02     4.495256E+03
  1.222045E+02     4.452077E+03
  1.239062E+02     4.409378E+03
  1.256317E+02     4.367156E+03
  1.273811E+02     4.325413E+03
  1.291550E+02     4.284151E+03
  1.309535E+02     4.243372E+03
  1.327771E+02     4.203076E+03
  1.346261E+02     4.163259E+03
  1.365008E+02     4.123918E+03
  1.384016E+02     4.085046E+03
  1.403289E+02     4.046636E+03
  1.422830E+02     4.008675E+03
  1.442644E+02     3.971157E+03
  1.462733E+02     3.934084E+03
  1.483103E+02     3.897458E+03
  1.503755E+02     3.861279E+03
  1.524696E+02     3.825547E+03
  1.545928E+02     3.790259E+03
  1.567455E+02     3.755409E+03
  1.589283E+02     3.720993E+03
  1.611414E+02     3.687001E+03
  1.633854E+02     3.653423E+03
  1.656606E+02     3.620250E+03
  1.679675E+02     3.587484E+03
  1.703065E+02     3.555127E+03
  1.726781E+02     3.523178E+03
  1.750827E+02     3.491636E+03
  1.775208E+02     3.460499E+03
  1.799929E+02     3.429762E+03
  1.824993E+02     3.399420E+03
  1.850407E+02     3.369464E+03
  1.876175E+02     3.339885E+03
  1.902301E+02     3.310674E+03
  1.928792E+02     3.281831E+03
  1.955651E+02     3.253358E+03
  1.982884E+02     3.225254E+03
  2.010496E+02     3.197520E+03
  2.038493E+02     3.170152E+03
  2.066880E+02     3.143146E+03
  2.095662E+02     3.116498E+03
  2.124845E+02     3.090199E+03
  2.154435E+02     3.064242E+03
  2.184436E+02     3.038617E+03
  2.214855E+02     3.013324E+03
  2.245698E+02     2.988365E+03
  2.276970E+02     2.963738E+03
  2.308678E+02     2.939444E+03
  2.340827E+02     2.915480E+03
  2.373424E+02     2.891842E+03
  2.406475E+02     2.868526E+03
  2.439986E+02     2.845524E+03
  2.473964E+02     2.822828E+03
  2.508415E+02     2.800430E+03
  2.543346E+02     2.778329E+03
  2.578763E+02     2.756526E+03
  2.614673E+02     2.735021E+03
  2.651084E+02     2.713813E+03
  2.688001E+02     2.692899E+03
  2.725433E+02     2.672277E+03
  2.763385E+02     2.651943E+03
  2.801867E+02     2.631889E+03
  2.840884E+02     2.612110E+03
  2.880444E+02     2.592596E+03
  2.920556E+02     2.573347E+03
  2.961225E+02     2.554364E+03
  3.002462E+02     2.535645E+03
  3.044272E+02     2.517192E+03
  3.086665E+02     2.499002E+03
  3.129648E+02     2.481072E+03
  3.173230E+02     2.463398E+03
  3.217418E+02     2.445975E+03
  3.262222E+02     2.428798E+03
  3.307650E+02     2.411858E+03
  3.353710E+02     2.395154E+03
  3.400412E+02     2.378686E+03
  3.447764E+02     2.362456E+03
  3.495776E+02     2.346461E+03
  3.544456E+02     2.330701E+03
  3.593814E+02     2.315173E+03
  3.643859E+02     2.299874E+03
  3.694601E+02     2.284799E+03
  3.746050E+02     2.269942E+03
  3.798215E+02     2.255297E+03
  3.851107E+02     2.240862E+03
  3.904735E+02     2.226638E+03
  3.959110E+02     2.212624E+03
  4.014242E+02     2.198820E+03
  4.070142E+02     2.185226E+03
  4.126821E+02     2.171838E+03
  4.184289E+02     2.158655E+03
  4.242556E+02     2.145671E+03
  4.301636E+02     2.132883E+03
  4.361538E+02     2.120285E+03
  4.422274E+02     2.107874E+03
  4.483856E+02     2.095651E+03
  4.546295E+02     2.083616E+03
  4.609604E+02     2.071769E+03
  4.673795E+02     2.060109E+03
  4.738880E+02     2.048633E+03
  4.804870E+02     2.037339E+03
  4.871780E+02     2.026225E+03
  4.939622E+02     2.015285E+03
  5.008408E+02     2.004515E+03
  5.078152E+02     1.993912E+03
  5.148867E+02     1.983476E+03
  5.220568E+02     1.973209E+03
  5.293266E+02     1.963108E+03
  5.366977E+02     1.953174E+03
  5.441714E+02     1.943405E+03
  5.517492E+02     1.933798E+03
  5.594326E+02     1.924351E+03
  5.672229E+02     1.915060E+03
  5.751217E+02     1.905921E+03
  5.831305E+02     1.896930E+03
  5.912508E+02     1.888089E+03
  5.994843E+02     1.879397E+03
  6.078323E+02     1.870854E+03
  6.162966E+02     1.862460E+03
  6.248788E+02     1.854213E+03
  6.335805E+02     1.846112E+03
  6.424034E+02     1.838153E+03
  6.513491E+02     1.830334E+03
  6.604194E+02     1.822651E+03
  6.696160E+02     1.815102E+03
  6.789407E+02     1.807685E+03
  6.883952E+02     1.800402E+03
  6.979814E+02     1.793249E+03
  7.077011E+02     1.786228E+03
  7.175561E+02     1.779335E+03
  7.275484E+02     1.772568E+03
  7.376798E+02     1.765924E+03
  7.479523E+02     1.759400E+03
  7.583678E+02     1.752992E+03
  7.689284E+02     1.746696E+03
  7.796360E+02     1.740514E+03
  7.904928E+02     1.734448E+03
  8.015007E+02     1.728500E+03
  8.126619E+02     1.722671E+03
  8.239786E+02     1.716965E+03
  8.354528E+02     1.711381E+03
  8.470868E+02     1.705920E+03
  8.588829E+02     1.700584E+03
  8.708431E+02     1.695373E+03
  8.829700E+02     1.690285E+03
  8.952657E+02     1.685309E+03
  9.077327E+02     1.680432E+03
  9.203732E+02     1.675641E+03
  9.331898E+02     1.670917E+03
  9.461848E+02     1.666245E+03
  9.593608E+02     1.661604E+03
  9.727203E+02     1.656974E+03
  9.862658E+02     1.652331E+03
  1.000000E+03     1.647650E+03
