FILE CREATED BY  : PROGRAM DPASS - VERSION 2.00
DATABASE VERSION : 21.06
DATE AND TIME    : 09/08/2022 22:26:07
PROJECTILE       : Mo
TARGET           : Eu
TARGET AT. MASS  : 1.519600E+02
TARGET DENSITY   : 5.240000E+00 g/cm^3
TABULATED OUTPUT : STOPPING FORCE VERSUS ENERGY
DATA TYPE        : SPLINE INTERPOLATED
ABSCISSA UNITS   : MeV/u
ORDINATE UNITS   : eV/nm


      E/n             S(E/n)

  1.000000E-03     4.086551E+02
  1.013925E-03     4.114480E+02
  1.028045E-03     4.142778E+02
  1.042361E-03     4.171431E+02
  1.056876E-03     4.200420E+02
  1.071593E-03     4.229726E+02
  1.086516E-03     4.259330E+02
  1.101646E-03     4.289208E+02
  1.116987E-03     4.319335E+02
  1.132541E-03     4.349685E+02
  1.148312E-03     4.380227E+02
  1.164303E-03     4.410936E+02
  1.180517E-03     4.441808E+02
  1.196956E-03     4.472850E+02
  1.213624E-03     4.504070E+02
  1.230524E-03     4.535475E+02
  1.247660E-03     4.567075E+02
  1.265034E-03     4.598878E+02
  1.282650E-03     4.630895E+02
  1.300511E-03     4.663138E+02
  1.318621E-03     4.695620E+02
  1.336984E-03     4.728352E+02
  1.355602E-03     4.761338E+02
  1.374479E-03     4.794577E+02
  1.393619E-03     4.828069E+02
  1.413026E-03     4.861814E+02
  1.432703E-03     4.895809E+02
  1.452654E-03     4.930056E+02
  1.472883E-03     4.964552E+02
  1.493393E-03     4.999297E+02
  1.514189E-03     5.034290E+02
  1.535275E-03     5.069529E+02
  1.556654E-03     5.105017E+02
  1.578331E-03     5.140754E+02
  1.600310E-03     5.176744E+02
  1.622595E-03     5.212987E+02
  1.645191E-03     5.249488E+02
  1.668101E-03     5.286248E+02
  1.691330E-03     5.323270E+02
  1.714882E-03     5.360560E+02
  1.738762E-03     5.398119E+02
  1.762975E-03     5.435952E+02
  1.787526E-03     5.474061E+02
  1.812418E-03     5.512448E+02
  1.837656E-03     5.551115E+02
  1.863246E-03     5.590061E+02
  1.889193E-03     5.629290E+02
  1.915501E-03     5.668804E+02
  1.942175E-03     5.708603E+02
  1.969220E-03     5.748691E+02
  1.996642E-03     5.789070E+02
  2.024447E-03     5.829743E+02
  2.052638E-03     5.870711E+02
  2.081222E-03     5.911976E+02
  2.110203E-03     5.953540E+02
  2.139589E-03     5.995405E+02
  2.169384E-03     6.037573E+02
  2.199593E-03     6.080045E+02
  2.230223E-03     6.122825E+02
  2.261280E-03     6.165914E+02
  2.292769E-03     6.209316E+02
  2.324697E-03     6.253035E+02
  2.357069E-03     6.297072E+02
  2.389893E-03     6.341429E+02
  2.423173E-03     6.386110E+02
  2.456916E-03     6.431116E+02
  2.491130E-03     6.476449E+02
  2.525820E-03     6.522114E+02
  2.560993E-03     6.568112E+02
  2.596656E-03     6.614447E+02
  2.632815E-03     6.661124E+02
  2.669478E-03     6.708146E+02
  2.706652E-03     6.755516E+02
  2.744343E-03     6.803236E+02
  2.782559E-03     6.851309E+02
  2.821308E-03     6.899735E+02
  2.860596E-03     6.948517E+02
  2.900430E-03     6.997657E+02
  2.940820E-03     7.047159E+02
  2.981772E-03     7.097024E+02
  3.023295E-03     7.147256E+02
  3.065395E-03     7.197858E+02
  3.108082E-03     7.248834E+02
  3.151363E-03     7.300184E+02
  3.195248E-03     7.351913E+02
  3.239743E-03     7.404021E+02
  3.284857E-03     7.456511E+02
  3.330600E-03     7.509388E+02
  3.376980E-03     7.562653E+02
  3.424006E-03     7.616310E+02
  3.471687E-03     7.670363E+02
  3.520031E-03     7.724816E+02
  3.569049E-03     7.779673E+02
  3.618750E-03     7.834936E+02
  3.669142E-03     7.890608E+02
  3.720237E-03     7.946693E+02
  3.772042E-03     8.003192E+02
  3.824570E-03     8.060110E+02
  3.877828E-03     8.117449E+02
  3.931829E-03     8.175215E+02
  3.986581E-03     8.233411E+02
  4.042096E-03     8.292041E+02
  4.098384E-03     8.351112E+02
  4.155455E-03     8.410625E+02
  4.213322E-03     8.470582E+02
  4.271994E-03     8.530987E+02
  4.331483E-03     8.591843E+02
  4.391801E-03     8.653153E+02
  4.452959E-03     8.714920E+02
  4.514968E-03     8.777149E+02
  4.577841E-03     8.839843E+02
  4.641589E-03     8.903008E+02
  4.706225E-03     8.966647E+02
  4.771761E-03     9.030765E+02
  4.838210E-03     9.095364E+02
  4.905584E-03     9.160446E+02
  4.973896E-03     9.226016E+02
  5.043159E-03     9.292077E+02
  5.113388E-03     9.358633E+02
  5.184594E-03     9.425688E+02
  5.256791E-03     9.493248E+02
  5.329994E-03     9.561317E+02
  5.404216E-03     9.629900E+02
  5.479472E-03     9.699002E+02
  5.555776E-03     9.768624E+02
  5.633143E-03     9.838771E+02
  5.711586E-03     9.909446E+02
  5.791123E-03     9.980652E+02
  5.871766E-03     1.005239E+03
  5.953533E-03     1.012468E+03
  6.036439E-03     1.019751E+03
  6.120498E-03     1.027089E+03
  6.205729E-03     1.034482E+03
  6.292146E-03     1.041932E+03
  6.379767E-03     1.049438E+03
  6.468608E-03     1.057001E+03
  6.558686E-03     1.064621E+03
  6.650018E-03     1.072299E+03
  6.742622E-03     1.080035E+03
  6.836516E-03     1.087830E+03
  6.931717E-03     1.095683E+03
  7.028244E-03     1.103597E+03
  7.126115E-03     1.111571E+03
  7.225349E-03     1.119606E+03
  7.325965E-03     1.127702E+03
  7.427982E-03     1.135859E+03
  7.531420E-03     1.144079E+03
  7.636298E-03     1.152360E+03
  7.742637E-03     1.160705E+03
  7.850456E-03     1.169113E+03
  7.959777E-03     1.177585E+03
  8.070620E-03     1.186121E+03
  8.183007E-03     1.194722E+03
  8.296959E-03     1.203388E+03
  8.412497E-03     1.212121E+03
  8.529644E-03     1.220919E+03
  8.648423E-03     1.229785E+03
  8.768856E-03     1.238717E+03
  8.890966E-03     1.247718E+03
  9.014776E-03     1.256787E+03
  9.140311E-03     1.265924E+03
  9.267593E-03     1.275131E+03
  9.396648E-03     1.284409E+03
  9.527500E-03     1.293757E+03
  9.660175E-03     1.303177E+03
  9.794697E-03     1.312668E+03
  9.931092E-03     1.322232E+03
  1.006939E-02     1.331868E+03
  1.020961E-02     1.341577E+03
  1.035178E-02     1.351359E+03
  1.049593E-02     1.361216E+03
  1.064209E-02     1.371148E+03
  1.079029E-02     1.381155E+03
  1.094055E-02     1.391239E+03
  1.109290E-02     1.401399E+03
  1.124737E-02     1.411636E+03
  1.140400E-02     1.421951E+03
  1.156280E-02     1.432343E+03
  1.172382E-02     1.442814E+03
  1.188708E-02     1.453364E+03
  1.205261E-02     1.463994E+03
  1.222045E-02     1.474704E+03
  1.239062E-02     1.485496E+03
  1.256317E-02     1.496369E+03
  1.273811E-02     1.507324E+03
  1.291550E-02     1.518362E+03
  1.309535E-02     1.529483E+03
  1.327771E-02     1.540688E+03
  1.346261E-02     1.551976E+03
  1.365008E-02     1.563350E+03
  1.384016E-02     1.574808E+03
  1.403289E-02     1.586352E+03
  1.422830E-02     1.597983E+03
  1.442644E-02     1.609702E+03
  1.462733E-02     1.621508E+03
  1.483103E-02     1.633402E+03
  1.503755E-02     1.645385E+03
  1.524696E-02     1.657457E+03
  1.545928E-02     1.669619E+03
  1.567455E-02     1.681870E+03
  1.589283E-02     1.694213E+03
  1.611414E-02     1.706647E+03
  1.633854E-02     1.719174E+03
  1.656606E-02     1.731793E+03
  1.679675E-02     1.744506E+03
  1.703065E-02     1.757313E+03
  1.726781E-02     1.770214E+03
  1.750827E-02     1.783209E+03
  1.775208E-02     1.796300E+03
  1.799929E-02     1.809487E+03
  1.824993E-02     1.822771E+03
  1.850407E-02     1.836152E+03
  1.876175E-02     1.849630E+03
  1.902301E-02     1.863208E+03
  1.928792E-02     1.876884E+03
  1.955651E-02     1.890661E+03
  1.982884E-02     1.904537E+03
  2.010496E-02     1.918513E+03
  2.038493E-02     1.932591E+03
  2.066880E-02     1.946769E+03
  2.095662E-02     1.961051E+03
  2.124845E-02     1.975434E+03
  2.154435E-02     1.989922E+03
  2.184436E-02     2.004514E+03
  2.214855E-02     2.019210E+03
  2.245698E-02     2.034012E+03
  2.276970E-02     2.048918E+03
  2.308678E-02     2.063931E+03
  2.340827E-02     2.079049E+03
  2.373424E-02     2.094275E+03
  2.406475E-02     2.109607E+03
  2.439986E-02     2.125047E+03
  2.473964E-02     2.140596E+03
  2.508415E-02     2.156253E+03
  2.543346E-02     2.172020E+03
  2.578763E-02     2.187898E+03
  2.614673E-02     2.203885E+03
  2.651084E-02     2.219984E+03
  2.688001E-02     2.236193E+03
  2.725433E-02     2.252515E+03
  2.763385E-02     2.268950E+03
  2.801867E-02     2.285499E+03
  2.840884E-02     2.302161E+03
  2.880444E-02     2.318940E+03
  2.920556E-02     2.335834E+03
  2.961225E-02     2.352845E+03
  3.002462E-02     2.369973E+03
  3.044272E-02     2.387218E+03
  3.086665E-02     2.404581E+03
  3.129648E-02     2.422063E+03
  3.173230E-02     2.439665E+03
  3.217418E-02     2.457388E+03
  3.262222E-02     2.475231E+03
  3.307650E-02     2.493198E+03
  3.353710E-02     2.511287E+03
  3.400412E-02     2.529500E+03
  3.447764E-02     2.547837E+03
  3.495776E-02     2.566299E+03
  3.544456E-02     2.584886E+03
  3.593814E-02     2.603599E+03
  3.643859E-02     2.622438E+03
  3.694601E-02     2.641404E+03
  3.746050E-02     2.660499E+03
  3.798215E-02     2.679724E+03
  3.851107E-02     2.699078E+03
  3.904735E-02     2.718563E+03
  3.959110E-02     2.738177E+03
  4.014242E-02     2.757921E+03
  4.070142E-02     2.777796E+03
  4.126821E-02     2.797801E+03
  4.184289E-02     2.817937E+03
  4.242556E-02     2.838204E+03
  4.301636E-02     2.858602E+03
  4.361538E-02     2.879133E+03
  4.422274E-02     2.899796E+03
  4.483856E-02     2.920590E+03
  4.546295E-02     2.941518E+03
  4.609604E-02     2.962577E+03
  4.673795E-02     2.983769E+03
  4.738880E-02     3.005093E+03
  4.804870E-02     3.026550E+03
  4.871780E-02     3.048141E+03
  4.939622E-02     3.069865E+03
  5.008408E-02     3.091723E+03
  5.078152E-02     3.113716E+03
  5.148867E-02     3.135844E+03
  5.220568E-02     3.158106E+03
  5.293266E-02     3.180503E+03
  5.366977E-02     3.203036E+03
  5.441714E-02     3.225704E+03
  5.517492E-02     3.248508E+03
  5.594326E-02     3.271448E+03
  5.672229E-02     3.294526E+03
  5.751217E-02     3.317742E+03
  5.831305E-02     3.341097E+03
  5.912508E-02     3.364591E+03
  5.994843E-02     3.388225E+03
  6.078323E-02     3.411998E+03
  6.162966E-02     3.435913E+03
  6.248788E-02     3.459969E+03
  6.335805E-02     3.484167E+03
  6.424034E-02     3.508509E+03
  6.513491E-02     3.532996E+03
  6.604194E-02     3.557630E+03
  6.696160E-02     3.582411E+03
  6.789407E-02     3.607340E+03
  6.883952E-02     3.632419E+03
  6.979814E-02     3.657648E+03
  7.077011E-02     3.683029E+03
  7.175561E-02     3.708562E+03
  7.275484E-02     3.734249E+03
  7.376798E-02     3.760092E+03
  7.479523E-02     3.786093E+03
  7.583678E-02     3.812254E+03
  7.689284E-02     3.838578E+03
  7.796360E-02     3.865064E+03
  7.904928E-02     3.891716E+03
  8.015007E-02     3.918533E+03
  8.126619E-02     3.945518E+03
  8.239786E-02     3.972672E+03
  8.354528E-02     3.999999E+03
  8.470868E-02     4.027499E+03
  8.588829E-02     4.055176E+03
  8.708431E-02     4.083032E+03
  8.829700E-02     4.111070E+03
  8.952657E-02     4.139293E+03
  9.077327E-02     4.167702E+03
  9.203732E-02     4.196298E+03
  9.331898E-02     4.225084E+03
  9.461848E-02     4.254063E+03
  9.593608E-02     4.283236E+03
  9.727203E-02     4.312608E+03
  9.862658E-02     4.342181E+03
  1.000000E-01     4.371959E+03
  1.013925E-01     4.401945E+03
  1.028045E-01     4.432142E+03
  1.042361E-01     4.462551E+03
  1.056876E-01     4.493175E+03
  1.071593E-01     4.524016E+03
  1.086516E-01     4.555076E+03
  1.101646E-01     4.586359E+03
  1.116987E-01     4.617868E+03
  1.132541E-01     4.649605E+03
  1.148312E-01     4.681575E+03
  1.164303E-01     4.713781E+03
  1.180517E-01     4.746226E+03
  1.196956E-01     4.778914E+03
  1.213624E-01     4.811846E+03
  1.230524E-01     4.845026E+03
  1.247660E-01     4.878456E+03
  1.265034E-01     4.912142E+03
  1.282650E-01     4.946087E+03
  1.300511E-01     4.980294E+03
  1.318621E-01     5.014770E+03
  1.336984E-01     5.049517E+03
  1.355602E-01     5.084540E+03
  1.374479E-01     5.119839E+03
  1.393619E-01     5.155415E+03
  1.413026E-01     5.191270E+03
  1.432703E-01     5.227405E+03
  1.452654E-01     5.263824E+03
  1.472883E-01     5.300526E+03
  1.493393E-01     5.337514E+03
  1.514189E-01     5.374791E+03
  1.535275E-01     5.412359E+03
  1.556654E-01     5.450217E+03
  1.578331E-01     5.488366E+03
  1.600310E-01     5.526804E+03
  1.622595E-01     5.565531E+03
  1.645191E-01     5.604545E+03
  1.668101E-01     5.643846E+03
  1.691330E-01     5.683432E+03
  1.714882E-01     5.723303E+03
  1.738762E-01     5.763457E+03
  1.762975E-01     5.803892E+03
  1.787526E-01     5.844608E+03
  1.812418E-01     5.885604E+03
  1.837656E-01     5.926877E+03
  1.863246E-01     5.968426E+03
  1.889193E-01     6.010250E+03
  1.915501E-01     6.052347E+03
  1.942175E-01     6.094715E+03
  1.969220E-01     6.137354E+03
  1.996642E-01     6.180260E+03
  2.024447E-01     6.223433E+03
  2.052638E-01     6.266870E+03
  2.081222E-01     6.310570E+03
  2.110203E-01     6.354531E+03
  2.139589E-01     6.398752E+03
  2.169384E-01     6.443230E+03
  2.199593E-01     6.487964E+03
  2.230223E-01     6.532952E+03
  2.261280E-01     6.578192E+03
  2.292769E-01     6.623683E+03
  2.324697E-01     6.669423E+03
  2.357069E-01     6.715410E+03
  2.389893E-01     6.761642E+03
  2.423173E-01     6.808116E+03
  2.456916E-01     6.854832E+03
  2.491130E-01     6.901785E+03
  2.525820E-01     6.948975E+03
  2.560993E-01     6.996399E+03
  2.596656E-01     7.044055E+03
  2.632815E-01     7.091941E+03
  2.669478E-01     7.140057E+03
  2.706652E-01     7.188399E+03
  2.744343E-01     7.236963E+03
  2.782559E-01     7.285747E+03
  2.821308E-01     7.334747E+03
  2.860596E-01     7.383960E+03
  2.900430E-01     7.433381E+03
  2.940820E-01     7.483008E+03
  2.981772E-01     7.532836E+03
  3.023295E-01     7.582864E+03
  3.065395E-01     7.633088E+03
  3.108082E-01     7.683503E+03
  3.151363E-01     7.734105E+03
  3.195248E-01     7.784889E+03
  3.239743E-01     7.835849E+03
  3.284857E-01     7.886980E+03
  3.330600E-01     7.938276E+03
  3.376980E-01     7.989733E+03
  3.424006E-01     8.041345E+03
  3.471687E-01     8.093106E+03
  3.520031E-01     8.145012E+03
  3.569049E-01     8.197058E+03
  3.618750E-01     8.249236E+03
  3.669142E-01     8.301540E+03
  3.720237E-01     8.353965E+03
  3.772042E-01     8.406504E+03
  3.824570E-01     8.459150E+03
  3.877828E-01     8.511898E+03
  3.931829E-01     8.564741E+03
  3.986581E-01     8.617673E+03
  4.042096E-01     8.670689E+03
  4.098384E-01     8.723783E+03
  4.155455E-01     8.776948E+03
  4.213322E-01     8.830176E+03
  4.271994E-01     8.883460E+03
  4.331483E-01     8.936795E+03
  4.391801E-01     8.990172E+03
  4.452959E-01     9.043586E+03
  4.514968E-01     9.097029E+03
  4.577841E-01     9.150497E+03
  4.641589E-01     9.203983E+03
  4.706225E-01     9.257482E+03
  4.771761E-01     9.310987E+03
  4.838210E-01     9.364489E+03
  4.905584E-01     9.417984E+03
  4.973896E-01     9.471463E+03
  5.043159E-01     9.524922E+03
  5.113388E-01     9.578353E+03
  5.184594E-01     9.631751E+03
  5.256791E-01     9.685112E+03
  5.329994E-01     9.738431E+03
  5.404216E-01     9.791704E+03
  5.479472E-01     9.844923E+03
  5.555776E-01     9.898080E+03
  5.633143E-01     9.951167E+03
  5.711586E-01     1.000418E+04
  5.791123E-01     1.005710E+04
  5.871766E-01     1.010993E+04
  5.953533E-01     1.016267E+04
  6.036439E-01     1.021530E+04
  6.120498E-01     1.026782E+04
  6.205729E-01     1.032022E+04
  6.292146E-01     1.037251E+04
  6.379767E-01     1.042467E+04
  6.468608E-01     1.047671E+04
  6.558686E-01     1.052862E+04
  6.650018E-01     1.058039E+04
  6.742622E-01     1.063204E+04
  6.836516E-01     1.068355E+04
  6.931717E-01     1.073492E+04
  7.028244E-01     1.078617E+04
  7.126115E-01     1.083729E+04
  7.225349E-01     1.088828E+04
  7.325965E-01     1.093914E+04
  7.427982E-01     1.098987E+04
  7.531420E-01     1.104046E+04
  7.636298E-01     1.109093E+04
  7.742637E-01     1.114125E+04
  7.850456E-01     1.119145E+04
  7.959777E-01     1.124152E+04
  8.070620E-01     1.129148E+04
  8.183007E-01     1.134131E+04
  8.296959E-01     1.139103E+04
  8.412497E-01     1.144062E+04
  8.529644E-01     1.149008E+04
  8.648423E-01     1.153939E+04
  8.768856E-01     1.158856E+04
  8.890966E-01     1.163757E+04
  9.014776E-01     1.168642E+04
  9.140311E-01     1.173511E+04
  9.267593E-01     1.178362E+04
  9.396648E-01     1.183196E+04
  9.527500E-01     1.188012E+04
  9.660175E-01     1.192808E+04
  9.794697E-01     1.197584E+04
  9.931092E-01     1.202339E+04
  1.006939E+00     1.207071E+04
  1.020961E+00     1.211780E+04
  1.035178E+00     1.216465E+04
  1.049593E+00     1.221126E+04
  1.064209E+00     1.225761E+04
  1.079029E+00     1.230369E+04
  1.094055E+00     1.234951E+04
  1.109290E+00     1.239504E+04
  1.124737E+00     1.244027E+04
  1.140400E+00     1.248519E+04
  1.156280E+00     1.252978E+04
  1.172382E+00     1.257404E+04
  1.188708E+00     1.261795E+04
  1.205261E+00     1.266150E+04
  1.222045E+00     1.270468E+04
  1.239062E+00     1.274747E+04
  1.256317E+00     1.278987E+04
  1.273811E+00     1.283187E+04
  1.291550E+00     1.287344E+04
  1.309535E+00     1.291457E+04
  1.327771E+00     1.295525E+04
  1.346261E+00     1.299547E+04
  1.365008E+00     1.303521E+04
  1.384016E+00     1.307446E+04
  1.403289E+00     1.311320E+04
  1.422830E+00     1.315143E+04
  1.442644E+00     1.318914E+04
  1.462733E+00     1.322631E+04
  1.483103E+00     1.326292E+04
  1.503755E+00     1.329897E+04
  1.524696E+00     1.333444E+04
  1.545928E+00     1.336932E+04
  1.567455E+00     1.340360E+04
  1.589283E+00     1.343726E+04
  1.611414E+00     1.347031E+04
  1.633854E+00     1.350274E+04
  1.656606E+00     1.353452E+04
  1.679675E+00     1.356566E+04
  1.703065E+00     1.359615E+04
  1.726781E+00     1.362596E+04
  1.750827E+00     1.365510E+04
  1.775208E+00     1.368355E+04
  1.799929E+00     1.371130E+04
  1.824993E+00     1.373836E+04
  1.850407E+00     1.376472E+04
  1.876175E+00     1.379037E+04
  1.902301E+00     1.381531E+04
  1.928792E+00     1.383953E+04
  1.955651E+00     1.386303E+04
  1.982884E+00     1.388580E+04
  2.010496E+00     1.390783E+04
  2.038493E+00     1.392911E+04
  2.066880E+00     1.394965E+04
  2.095662E+00     1.396944E+04
  2.124845E+00     1.398848E+04
  2.154435E+00     1.400677E+04
  2.184436E+00     1.402433E+04
  2.214855E+00     1.404113E+04
  2.245698E+00     1.405718E+04
  2.276970E+00     1.407247E+04
  2.308678E+00     1.408700E+04
  2.340827E+00     1.410076E+04
  2.373424E+00     1.411377E+04
  2.406475E+00     1.412601E+04
  2.439986E+00     1.413750E+04
  2.473964E+00     1.414824E+04
  2.508415E+00     1.415824E+04
  2.543346E+00     1.416750E+04
  2.578763E+00     1.417601E+04
  2.614673E+00     1.418377E+04
  2.651084E+00     1.419078E+04
  2.688001E+00     1.419704E+04
  2.725433E+00     1.420256E+04
  2.763385E+00     1.420733E+04
  2.801867E+00     1.421136E+04
  2.840884E+00     1.421467E+04
  2.880444E+00     1.421726E+04
  2.920556E+00     1.421914E+04
  2.961225E+00     1.422030E+04
  3.002462E+00     1.422074E+04
  3.044272E+00     1.422046E+04
  3.086665E+00     1.421948E+04
  3.129648E+00     1.421778E+04
  3.173230E+00     1.421539E+04
  3.217418E+00     1.421230E+04
  3.262222E+00     1.420854E+04
  3.307650E+00     1.420410E+04
  3.353710E+00     1.419901E+04
  3.400412E+00     1.419325E+04
  3.447764E+00     1.418683E+04
  3.495776E+00     1.417974E+04
  3.544456E+00     1.417200E+04
  3.593814E+00     1.416360E+04
  3.643859E+00     1.415456E+04
  3.694601E+00     1.414488E+04
  3.746050E+00     1.413457E+04
  3.798215E+00     1.412364E+04
  3.851107E+00     1.411210E+04
  3.904735E+00     1.409995E+04
  3.959110E+00     1.408720E+04
  4.014242E+00     1.407383E+04
  4.070142E+00     1.405987E+04
  4.126821E+00     1.404530E+04
  4.184289E+00     1.403015E+04
  4.242556E+00     1.401442E+04
  4.301636E+00     1.399811E+04
  4.361538E+00     1.398125E+04
  4.422274E+00     1.396384E+04
  4.483856E+00     1.394587E+04
  4.546295E+00     1.392736E+04
  4.609604E+00     1.390830E+04
  4.673795E+00     1.388869E+04
  4.738880E+00     1.386854E+04
  4.804870E+00     1.384786E+04
  4.871780E+00     1.382665E+04
  4.939622E+00     1.380492E+04
  5.008408E+00     1.378268E+04
  5.078152E+00     1.375994E+04
  5.148867E+00     1.373670E+04
  5.220568E+00     1.371296E+04
  5.293266E+00     1.368872E+04
  5.366977E+00     1.366398E+04
  5.441714E+00     1.363875E+04
  5.517492E+00     1.361303E+04
  5.594326E+00     1.358683E+04
  5.672229E+00     1.356016E+04
  5.751217E+00     1.353302E+04
  5.831305E+00     1.350541E+04
  5.912508E+00     1.347735E+04
  5.994843E+00     1.344883E+04
  6.078323E+00     1.341985E+04
  6.162966E+00     1.339042E+04
  6.248788E+00     1.336053E+04
  6.335805E+00     1.333020E+04
  6.424034E+00     1.329942E+04
  6.513491E+00     1.326820E+04
  6.604194E+00     1.323656E+04
  6.696160E+00     1.320448E+04
  6.789407E+00     1.317199E+04
  6.883952E+00     1.313907E+04
  6.979814E+00     1.310573E+04
  7.077011E+00     1.307197E+04
  7.175561E+00     1.303779E+04
  7.275484E+00     1.300320E+04
  7.376798E+00     1.296821E+04
  7.479523E+00     1.293281E+04
  7.583678E+00     1.289702E+04
  7.689284E+00     1.286083E+04
  7.796360E+00     1.282425E+04
  7.904928E+00     1.278729E+04
  8.015007E+00     1.274994E+04
  8.126619E+00     1.271220E+04
  8.239786E+00     1.267409E+04
  8.354528E+00     1.263559E+04
  8.470868E+00     1.259673E+04
  8.588829E+00     1.255749E+04
  8.708431E+00     1.251789E+04
  8.829700E+00     1.247793E+04
  8.952657E+00     1.243761E+04
  9.077327E+00     1.239694E+04
  9.203732E+00     1.235591E+04
  9.331898E+00     1.231453E+04
  9.461848E+00     1.227279E+04
  9.593608E+00     1.223071E+04
  9.727203E+00     1.218828E+04
  9.862658E+00     1.214550E+04
  1.000000E+01     1.210239E+04
  1.013925E+01     1.205893E+04
  1.028045E+01     1.201514E+04
  1.042361E+01     1.197101E+04
  1.056876E+01     1.192656E+04
  1.071593E+01     1.188177E+04
  1.086516E+01     1.183667E+04
  1.101646E+01     1.179125E+04
  1.116987E+01     1.174551E+04
  1.132541E+01     1.169946E+04
  1.148312E+01     1.165310E+04
  1.164303E+01     1.160645E+04
  1.180517E+01     1.155949E+04
  1.196956E+01     1.151225E+04
  1.213624E+01     1.146471E+04
  1.230524E+01     1.141688E+04
  1.247660E+01     1.136877E+04
  1.265034E+01     1.132037E+04
  1.282650E+01     1.127170E+04
  1.300511E+01     1.122276E+04
  1.318621E+01     1.117354E+04
  1.336984E+01     1.112406E+04
  1.355602E+01     1.107431E+04
  1.374479E+01     1.102431E+04
  1.393619E+01     1.097406E+04
  1.413026E+01     1.092355E+04
  1.432703E+01     1.087280E+04
  1.452654E+01     1.082181E+04
  1.472883E+01     1.077059E+04
  1.493393E+01     1.071913E+04
  1.514189E+01     1.066746E+04
  1.535275E+01     1.061556E+04
  1.556654E+01     1.056344E+04
  1.578331E+01     1.051112E+04
  1.600310E+01     1.045859E+04
  1.622595E+01     1.040586E+04
  1.645191E+01     1.035293E+04
  1.668101E+01     1.029981E+04
  1.691330E+01     1.024650E+04
  1.714882E+01     1.019301E+04
  1.738762E+01     1.013934E+04
  1.762975E+01     1.008549E+04
  1.787526E+01     1.003147E+04
  1.812418E+01     9.977291E+03
  1.837656E+01     9.922950E+03
  1.863246E+01     9.868457E+03
  1.889193E+01     9.813818E+03
  1.915501E+01     9.759039E+03
  1.942175E+01     9.704124E+03
  1.969220E+01     9.649081E+03
  1.996642E+01     9.593914E+03
  2.024447E+01     9.538629E+03
  2.052638E+01     9.483232E+03
  2.081222E+01     9.427728E+03
  2.110203E+01     9.372123E+03
  2.139589E+01     9.316422E+03
  2.169384E+01     9.260631E+03
  2.199593E+01     9.204754E+03
  2.230223E+01     9.148797E+03
  2.261280E+01     9.092763E+03
  2.292769E+01     9.036656E+03
  2.324697E+01     8.980480E+03
  2.357069E+01     8.924239E+03
  2.389893E+01     8.867942E+03
  2.423173E+01     8.811596E+03
  2.456916E+01     8.755207E+03
  2.491130E+01     8.698783E+03
  2.525820E+01     8.642331E+03
  2.560993E+01     8.585856E+03
  2.596656E+01     8.529365E+03
  2.632815E+01     8.472864E+03
  2.669478E+01     8.416358E+03
  2.706652E+01     8.359853E+03
  2.744343E+01     8.303356E+03
  2.782559E+01     8.246875E+03
  2.821308E+01     8.190417E+03
  2.860596E+01     8.133988E+03
  2.900430E+01     8.077595E+03
  2.940820E+01     8.021243E+03
  2.981772E+01     7.964939E+03
  3.023295E+01     7.908685E+03
  3.065395E+01     7.852488E+03
  3.108082E+01     7.796350E+03
  3.151363E+01     7.740280E+03
  3.195248E+01     7.684285E+03
  3.239743E+01     7.628372E+03
  3.284857E+01     7.572546E+03
  3.330600E+01     7.516814E+03
  3.376980E+01     7.461180E+03
  3.424006E+01     7.405650E+03
  3.471687E+01     7.350225E+03
  3.520031E+01     7.294910E+03
  3.569049E+01     7.239707E+03
  3.618750E+01     7.184625E+03
  3.669142E+01     7.129672E+03
  3.720237E+01     7.074855E+03
  3.772042E+01     7.020181E+03
  3.824570E+01     6.965657E+03
  3.877828E+01     6.911288E+03
  3.931829E+01     6.857080E+03
  3.986581E+01     6.803036E+03
  4.042096E+01     6.749160E+03
  4.098384E+01     6.695456E+03
  4.155455E+01     6.641930E+03
  4.213322E+01     6.588589E+03
  4.271994E+01     6.535440E+03
  4.331483E+01     6.482490E+03
  4.391801E+01     6.429742E+03
  4.452959E+01     6.377200E+03
  4.514968E+01     6.324869E+03
  4.577841E+01     6.272750E+03
  4.641589E+01     6.220843E+03
  4.706225E+01     6.169151E+03
  4.771761E+01     6.117679E+03
  4.838210E+01     6.066436E+03
  4.905584E+01     6.015430E+03
  4.973896E+01     5.964667E+03
  5.043159E+01     5.914152E+03
  5.113388E+01     5.863891E+03
  5.184594E+01     5.813887E+03
  5.256791E+01     5.764144E+03
  5.329994E+01     5.714663E+03
  5.404216E+01     5.665445E+03
  5.479472E+01     5.616497E+03
  5.555776E+01     5.567823E+03
  5.633143E+01     5.519429E+03
  5.711586E+01     5.471318E+03
  5.791123E+01     5.423495E+03
  5.871766E+01     5.375961E+03
  5.953533E+01     5.328716E+03
  6.036439E+01     5.281759E+03
  6.120498E+01     5.235089E+03
  6.205729E+01     5.188703E+03
  6.292146E+01     5.142605E+03
  6.379767E+01     5.096802E+03
  6.468608E+01     5.051300E+03
  6.558686E+01     5.006105E+03
  6.650018E+01     4.961221E+03
  6.742622E+01     4.916652E+03
  6.836516E+01     4.872399E+03
  6.931717E+01     4.828464E+03
  7.028244E+01     4.784847E+03
  7.126115E+01     4.741546E+03
  7.225349E+01     4.698563E+03
  7.325965E+01     4.655905E+03
  7.427982E+01     4.613575E+03
  7.531420E+01     4.571576E+03
  7.636298E+01     4.529909E+03
  7.742637E+01     4.488576E+03
  7.850456E+01     4.447575E+03
  7.959777E+01     4.406903E+03
  8.070620E+01     4.366557E+03
  8.183007E+01     4.326532E+03
  8.296959E+01     4.286828E+03
  8.412497E+01     4.247451E+03
  8.529644E+01     4.208406E+03
  8.648423E+01     4.169695E+03
  8.768856E+01     4.131322E+03
  8.890966E+01     4.093288E+03
  9.014776E+01     4.055592E+03
  9.140311E+01     4.018234E+03
  9.267593E+01     3.981210E+03
  9.396648E+01     3.944517E+03
  9.527500E+01     3.908155E+03
  9.660175E+01     3.872127E+03
  9.794697E+01     3.836436E+03
  9.931092E+01     3.801085E+03
  1.006939E+02     3.766074E+03
  1.020961E+02     3.731402E+03
  1.035178E+02     3.697069E+03
  1.049593E+02     3.663070E+03
  1.064209E+02     3.629401E+03
  1.079029E+02     3.596055E+03
  1.094055E+02     3.563031E+03
  1.109290E+02     3.530330E+03
  1.124737E+02     3.497957E+03
  1.140400E+02     3.465913E+03
  1.156280E+02     3.434199E+03
  1.172382E+02     3.402813E+03
  1.188708E+02     3.371754E+03
  1.205261E+02     3.341019E+03
  1.222045E+02     3.310602E+03
  1.239062E+02     3.280498E+03
  1.256317E+02     3.250704E+03
  1.273811E+02     3.221221E+03
  1.291550E+02     3.192053E+03
  1.309535E+02     3.163202E+03
  1.327771E+02     3.134666E+03
  1.346261E+02     3.106446E+03
  1.365008E+02     3.078540E+03
  1.384016E+02     3.050944E+03
  1.403289E+02     3.023654E+03
  1.422830E+02     2.996663E+03
  1.442644E+02     2.969968E+03
  1.462733E+02     2.943569E+03
  1.483103E+02     2.917469E+03
  1.503755E+02     2.891668E+03
  1.524696E+02     2.866166E+03
  1.545928E+02     2.840961E+03
  1.567455E+02     2.816050E+03
  1.589283E+02     2.791430E+03
  1.611414E+02     2.767094E+03
  1.633854E+02     2.743036E+03
  1.656606E+02     2.719251E+03
  1.679675E+02     2.695739E+03
  1.703065E+02     2.672503E+03
  1.726781E+02     2.649543E+03
  1.750827E+02     2.626858E+03
  1.775208E+02     2.604448E+03
  1.799929E+02     2.582311E+03
  1.824993E+02     2.560442E+03
  1.850407E+02     2.538838E+03
  1.876175E+02     2.517492E+03
  1.902301E+02     2.496398E+03
  1.928792E+02     2.475558E+03
  1.955651E+02     2.454973E+03
  1.982884E+02     2.434643E+03
  2.010496E+02     2.414567E+03
  2.038493E+02     2.394744E+03
  2.066880E+02     2.375172E+03
  2.095662E+02     2.355847E+03
  2.124845E+02     2.336765E+03
  2.154435E+02     2.317919E+03
  2.184436E+02     2.299303E+03
  2.214855E+02     2.280919E+03
  2.245698E+02     2.262767E+03
  2.276970E+02     2.244847E+03
  2.308678E+02     2.227158E+03
  2.340827E+02     2.209700E+03
  2.373424E+02     2.192471E+03
  2.406475E+02     2.175466E+03
  2.439986E+02     2.158682E+03
  2.473964E+02     2.142113E+03
  2.508415E+02     2.125753E+03
  2.543346E+02     2.109603E+03
  2.578763E+02     2.093663E+03
  2.614673E+02     2.077934E+03
  2.651084E+02     2.062414E+03
  2.688001E+02     2.047103E+03
  2.725433E+02     2.031999E+03
  2.763385E+02     2.017098E+03
  2.801867E+02     2.002397E+03
  2.840884E+02     1.987891E+03
  2.880444E+02     1.973575E+03
  2.920556E+02     1.959447E+03
  2.961225E+02     1.945509E+03
  3.002462E+02     1.931761E+03
  3.044272E+02     1.918202E+03
  3.086665E+02     1.904831E+03
  3.129648E+02     1.891647E+03
  3.173230E+02     1.878646E+03
  3.217418E+02     1.865827E+03
  3.262222E+02     1.853183E+03
  3.307650E+02     1.840710E+03
  3.353710E+02     1.828408E+03
  3.400412E+02     1.816276E+03
  3.447764E+02     1.804316E+03
  3.495776E+02     1.792525E+03
  3.544456E+02     1.780904E+03
  3.593814E+02     1.769452E+03
  3.643859E+02     1.758164E+03
  3.694601E+02     1.747039E+03
  3.746050E+02     1.736073E+03
  3.798215E+02     1.725261E+03
  3.851107E+02     1.714601E+03
  3.904735E+02     1.704094E+03
  3.959110E+02     1.693741E+03
  4.014242E+02     1.683541E+03
  4.070142E+02     1.673493E+03
  4.126821E+02     1.663596E+03
  4.184289E+02     1.653847E+03
  4.242556E+02     1.644245E+03
  4.301636E+02     1.634785E+03
  4.361538E+02     1.625465E+03
  4.422274E+02     1.616281E+03
  4.483856E+02     1.607234E+03
  4.546295E+02     1.598326E+03
  4.609604E+02     1.589555E+03
  4.673795E+02     1.580920E+03
  4.738880E+02     1.572421E+03
  4.804870E+02     1.564056E+03
  4.871780E+02     1.555822E+03
  4.939622E+02     1.547717E+03
  5.008408E+02     1.539737E+03
  5.078152E+02     1.531879E+03
  5.148867E+02     1.524145E+03
  5.220568E+02     1.516534E+03
  5.293266E+02     1.509047E+03
  5.366977E+02     1.501682E+03
  5.441714E+02     1.494438E+03
  5.517492E+02     1.487314E+03
  5.594326E+02     1.480308E+03
  5.672229E+02     1.473416E+03
  5.751217E+02     1.466636E+03
  5.831305E+02     1.459966E+03
  5.912508E+02     1.453405E+03
  5.994843E+02     1.446954E+03
  6.078323E+02     1.440613E+03
  6.162966E+02     1.434381E+03
  6.248788E+02     1.428258E+03
  6.335805E+02     1.422241E+03
  6.424034E+02     1.416330E+03
  6.513491E+02     1.410521E+03
  6.604194E+02     1.404813E+03
  6.696160E+02     1.399202E+03
  6.789407E+02     1.393689E+03
  6.883952E+02     1.388273E+03
  6.979814E+02     1.382954E+03
  7.077011E+02     1.377730E+03
  7.175561E+02     1.372601E+03
  7.275484E+02     1.367563E+03
  7.376798E+02     1.362616E+03
  7.479523E+02     1.357756E+03
  7.583678E+02     1.352980E+03
  7.689284E+02     1.348286E+03
  7.796360E+02     1.343675E+03
  7.904928E+02     1.339148E+03
  8.015007E+02     1.334708E+03
  8.126619E+02     1.330354E+03
  8.239786E+02     1.326090E+03
  8.354528E+02     1.321915E+03
  8.470868E+02     1.317831E+03
  8.588829E+02     1.313837E+03
  8.708431E+02     1.309936E+03
  8.829700E+02     1.306124E+03
  8.952657E+02     1.302395E+03
  9.077327E+02     1.298739E+03
  9.203732E+02     1.295145E+03
  9.331898E+02     1.291601E+03
  9.461848E+02     1.288093E+03
  9.593608E+02     1.284609E+03
  9.727203E+02     1.281131E+03
  9.862658E+02     1.277644E+03
  1.000000E+03     1.274127E+03
