FILE CREATED BY  : PROGRAM DPASS - VERSION 2.00
DATABASE VERSION : 21.06
DATE AND TIME    : 09/08/2022 22:28:32
PROJECTILE       : Tc
TARGET           : Cu
TARGET AT. MASS  : 6.354600E+01
TARGET DENSITY   : 8.960000E+00 g/cm^3
TABULATED OUTPUT : STOPPING FORCE VERSUS ENERGY
DATA TYPE        : SPLINE INTERPOLATED
ABSCISSA UNITS   : MeV/u
ORDINATE UNITS   : eV/nm


      E/n             S(E/n)

  1.000000E-03     1.077129E+03
  1.013925E-03     1.084435E+03
  1.028045E-03     1.091839E+03
  1.042361E-03     1.099334E+03
  1.056876E-03     1.106918E+03
  1.071593E-03     1.114584E+03
  1.086516E-03     1.122327E+03
  1.101646E-03     1.130140E+03
  1.116987E-03     1.138018E+03
  1.132541E-03     1.145953E+03
  1.148312E-03     1.153937E+03
  1.164303E-03     1.161963E+03
  1.180517E-03     1.170030E+03
  1.196956E-03     1.178139E+03
  1.213624E-03     1.186293E+03
  1.230524E-03     1.194494E+03
  1.247660E-03     1.202743E+03
  1.265034E-03     1.211044E+03
  1.282650E-03     1.219400E+03
  1.300511E-03     1.227812E+03
  1.318621E-03     1.236285E+03
  1.336984E-03     1.244821E+03
  1.355602E-03     1.253422E+03
  1.374479E-03     1.262088E+03
  1.393619E-03     1.270817E+03
  1.413026E-03     1.279610E+03
  1.432703E-03     1.288467E+03
  1.452654E-03     1.297388E+03
  1.472883E-03     1.306372E+03
  1.493393E-03     1.315419E+03
  1.514189E-03     1.324528E+03
  1.535275E-03     1.333700E+03
  1.556654E-03     1.342935E+03
  1.578331E-03     1.352233E+03
  1.600310E-03     1.361594E+03
  1.622595E-03     1.371020E+03
  1.645191E-03     1.380510E+03
  1.668101E-03     1.390066E+03
  1.691330E-03     1.399688E+03
  1.714882E-03     1.409377E+03
  1.738762E-03     1.419134E+03
  1.762975E-03     1.428961E+03
  1.787526E-03     1.438856E+03
  1.812418E-03     1.448822E+03
  1.837656E-03     1.458858E+03
  1.863246E-03     1.468964E+03
  1.889193E-03     1.479140E+03
  1.915501E-03     1.489388E+03
  1.942175E-03     1.499707E+03
  1.969220E-03     1.510098E+03
  1.996642E-03     1.520561E+03
  2.024447E-03     1.531098E+03
  2.052638E-03     1.541707E+03
  2.081222E-03     1.552391E+03
  2.110203E-03     1.563148E+03
  2.139589E-03     1.573981E+03
  2.169384E-03     1.584889E+03
  2.199593E-03     1.595872E+03
  2.230223E-03     1.606932E+03
  2.261280E-03     1.618070E+03
  2.292769E-03     1.629285E+03
  2.324697E-03     1.640580E+03
  2.357069E-03     1.651954E+03
  2.389893E-03     1.663408E+03
  2.423173E-03     1.674943E+03
  2.456916E-03     1.686558E+03
  2.491130E-03     1.698255E+03
  2.525820E-03     1.710034E+03
  2.560993E-03     1.721895E+03
  2.596656E-03     1.733839E+03
  2.632815E-03     1.745867E+03
  2.669478E-03     1.757980E+03
  2.706652E-03     1.770177E+03
  2.744343E-03     1.782461E+03
  2.782559E-03     1.794831E+03
  2.821308E-03     1.807288E+03
  2.860596E-03     1.819832E+03
  2.900430E-03     1.832464E+03
  2.940820E-03     1.845184E+03
  2.981772E-03     1.857994E+03
  3.023295E-03     1.870894E+03
  3.065395E-03     1.883886E+03
  3.108082E-03     1.896969E+03
  3.151363E-03     1.910145E+03
  3.195248E-03     1.923414E+03
  3.239743E-03     1.936776E+03
  3.284857E-03     1.950232E+03
  3.330600E-03     1.963783E+03
  3.376980E-03     1.977428E+03
  3.424006E-03     1.991169E+03
  3.471687E-03     2.005007E+03
  3.520031E-03     2.018942E+03
  3.569049E-03     2.032975E+03
  3.618750E-03     2.047108E+03
  3.669142E-03     2.061339E+03
  3.720237E-03     2.075671E+03
  3.772042E-03     2.090103E+03
  3.824570E-03     2.104637E+03
  3.877828E-03     2.119273E+03
  3.931829E-03     2.134012E+03
  3.986581E-03     2.148856E+03
  4.042096E-03     2.163805E+03
  4.098384E-03     2.178861E+03
  4.155455E-03     2.194024E+03
  4.213322E-03     2.209295E+03
  4.271994E-03     2.224674E+03
  4.331483E-03     2.240162E+03
  4.391801E-03     2.255759E+03
  4.452959E-03     2.271466E+03
  4.514968E-03     2.287285E+03
  4.577841E-03     2.303216E+03
  4.641589E-03     2.319260E+03
  4.706225E-03     2.335418E+03
  4.771761E-03     2.351691E+03
  4.838210E-03     2.368079E+03
  4.905584E-03     2.384584E+03
  4.973896E-03     2.401205E+03
  5.043159E-03     2.417943E+03
  5.113388E-03     2.434801E+03
  5.184594E-03     2.451777E+03
  5.256791E-03     2.468874E+03
  5.329994E-03     2.486093E+03
  5.404216E-03     2.503435E+03
  5.479472E-03     2.520901E+03
  5.555776E-03     2.538491E+03
  5.633143E-03     2.556206E+03
  5.711586E-03     2.574047E+03
  5.791123E-03     2.592015E+03
  5.871766E-03     2.610112E+03
  5.953533E-03     2.628338E+03
  6.036439E-03     2.646694E+03
  6.120498E-03     2.665182E+03
  6.205729E-03     2.683804E+03
  6.292146E-03     2.702560E+03
  6.379767E-03     2.721451E+03
  6.468608E-03     2.740478E+03
  6.558686E-03     2.759640E+03
  6.650018E-03     2.778940E+03
  6.742622E-03     2.798378E+03
  6.836516E-03     2.817955E+03
  6.931717E-03     2.837672E+03
  7.028244E-03     2.857530E+03
  7.126115E-03     2.877530E+03
  7.225349E-03     2.897675E+03
  7.325965E-03     2.917963E+03
  7.427982E-03     2.938397E+03
  7.531420E-03     2.958977E+03
  7.636298E-03     2.979704E+03
  7.742637E-03     3.000579E+03
  7.850456E-03     3.021604E+03
  7.959777E-03     3.042780E+03
  8.070620E-03     3.064108E+03
  8.183007E-03     3.085591E+03
  8.296959E-03     3.107228E+03
  8.412497E-03     3.129022E+03
  8.529644E-03     3.150973E+03
  8.648423E-03     3.173081E+03
  8.768856E-03     3.195348E+03
  8.890966E-03     3.217775E+03
  9.014776E-03     3.240364E+03
  9.140311E-03     3.263115E+03
  9.267593E-03     3.286031E+03
  9.396648E-03     3.309112E+03
  9.527500E-03     3.332361E+03
  9.660175E-03     3.355778E+03
  9.794697E-03     3.379364E+03
  9.931092E-03     3.403119E+03
  1.006939E-02     3.427046E+03
  1.020961E-02     3.451145E+03
  1.035178E-02     3.475418E+03
  1.049593E-02     3.499866E+03
  1.064209E-02     3.524491E+03
  1.079029E-02     3.549294E+03
  1.094055E-02     3.574278E+03
  1.109290E-02     3.599442E+03
  1.124737E-02     3.624789E+03
  1.140400E-02     3.650318E+03
  1.156280E-02     3.676032E+03
  1.172382E-02     3.701931E+03
  1.188708E-02     3.728017E+03
  1.205261E-02     3.754291E+03
  1.222045E-02     3.780755E+03
  1.239062E-02     3.807412E+03
  1.256317E-02     3.834261E+03
  1.273811E-02     3.861305E+03
  1.291550E-02     3.888545E+03
  1.309535E-02     3.915982E+03
  1.327771E-02     3.943616E+03
  1.346261E-02     3.971450E+03
  1.365008E-02     3.999485E+03
  1.384016E-02     4.027723E+03
  1.403289E-02     4.056166E+03
  1.422830E-02     4.084815E+03
  1.442644E-02     4.113672E+03
  1.462733E-02     4.142740E+03
  1.483103E-02     4.172017E+03
  1.503755E-02     4.201506E+03
  1.524696E-02     4.231208E+03
  1.545928E-02     4.261125E+03
  1.567455E-02     4.291257E+03
  1.589283E-02     4.321606E+03
  1.611414E-02     4.352175E+03
  1.633854E-02     4.382965E+03
  1.656606E-02     4.413978E+03
  1.679675E-02     4.445215E+03
  1.703065E-02     4.476678E+03
  1.726781E-02     4.508366E+03
  1.750827E-02     4.540283E+03
  1.775208E-02     4.572429E+03
  1.799929E-02     4.604806E+03
  1.824993E-02     4.637415E+03
  1.850407E-02     4.670260E+03
  1.876175E-02     4.703341E+03
  1.902301E-02     4.736661E+03
  1.928792E-02     4.770221E+03
  1.955651E-02     4.804022E+03
  1.982884E-02     4.838066E+03
  2.010496E-02     4.872353E+03
  2.038493E-02     4.906885E+03
  2.066880E-02     4.941664E+03
  2.095662E-02     4.976692E+03
  2.124845E-02     5.011970E+03
  2.154435E-02     5.047501E+03
  2.184436E-02     5.083286E+03
  2.214855E-02     5.119328E+03
  2.245698E-02     5.155627E+03
  2.276970E-02     5.192183E+03
  2.308678E-02     5.229000E+03
  2.340827E-02     5.266077E+03
  2.373424E-02     5.303417E+03
  2.406475E-02     5.341020E+03
  2.439986E-02     5.378890E+03
  2.473964E-02     5.417029E+03
  2.508415E-02     5.455438E+03
  2.543346E-02     5.494118E+03
  2.578763E-02     5.533073E+03
  2.614673E-02     5.572301E+03
  2.651084E-02     5.611806E+03
  2.688001E-02     5.651589E+03
  2.725433E-02     5.691652E+03
  2.763385E-02     5.731998E+03
  2.801867E-02     5.772627E+03
  2.840884E-02     5.813545E+03
  2.880444E-02     5.854752E+03
  2.920556E-02     5.896250E+03
  2.961225E-02     5.938042E+03
  3.002462E-02     5.980128E+03
  3.044272E-02     6.022509E+03
  3.086665E-02     6.065187E+03
  3.129648E-02     6.108165E+03
  3.173230E-02     6.151443E+03
  3.217418E-02     6.195025E+03
  3.262222E-02     6.238913E+03
  3.307650E-02     6.283109E+03
  3.353710E-02     6.327615E+03
  3.400412E-02     6.372431E+03
  3.447764E-02     6.417558E+03
  3.495776E-02     6.462997E+03
  3.544456E-02     6.508748E+03
  3.593814E-02     6.554813E+03
  3.643859E-02     6.601192E+03
  3.694601E-02     6.647887E+03
  3.746050E-02     6.694900E+03
  3.798215E-02     6.742231E+03
  3.851107E-02     6.789883E+03
  3.904735E-02     6.837856E+03
  3.959110E-02     6.886151E+03
  4.014242E-02     6.934768E+03
  4.070142E-02     6.983709E+03
  4.126821E-02     7.032976E+03
  4.184289E-02     7.082568E+03
  4.242556E-02     7.132489E+03
  4.301636E-02     7.182741E+03
  4.361538E-02     7.233325E+03
  4.422274E-02     7.284244E+03
  4.483856E-02     7.335496E+03
  4.546295E-02     7.387083E+03
  4.609604E-02     7.439006E+03
  4.673795E-02     7.491265E+03
  4.738880E-02     7.543861E+03
  4.804870E-02     7.596795E+03
  4.871780E-02     7.650070E+03
  4.939622E-02     7.703685E+03
  5.008408E-02     7.757644E+03
  5.078152E-02     7.811948E+03
  5.148867E-02     7.866598E+03
  5.220568E-02     7.921594E+03
  5.293266E-02     7.976939E+03
  5.366977E-02     8.032632E+03
  5.441714E-02     8.088676E+03
  5.517492E-02     8.145073E+03
  5.594326E-02     8.201826E+03
  5.672229E-02     8.258936E+03
  5.751217E-02     8.316407E+03
  5.831305E-02     8.374242E+03
  5.912508E-02     8.432441E+03
  5.994843E-02     8.491006E+03
  6.078323E-02     8.549939E+03
  6.162966E-02     8.609240E+03
  6.248788E-02     8.668914E+03
  6.335805E-02     8.728961E+03
  6.424034E-02     8.789385E+03
  6.513491E-02     8.850190E+03
  6.604194E-02     8.911379E+03
  6.696160E-02     8.972956E+03
  6.789407E-02     9.034922E+03
  6.883952E-02     9.097280E+03
  6.979814E-02     9.160031E+03
  7.077011E-02     9.223178E+03
  7.175561E-02     9.286725E+03
  7.275484E-02     9.350674E+03
  7.376798E-02     9.415031E+03
  7.479523E-02     9.479798E+03
  7.583678E-02     9.544981E+03
  7.689284E-02     9.610586E+03
  7.796360E-02     9.676613E+03
  7.904928E-02     9.743066E+03
  8.015007E-02     9.809948E+03
  8.126619E-02     9.877261E+03
  8.239786E-02     9.945011E+03
  8.354528E-02     1.001320E+04
  8.470868E-02     1.008183E+04
  8.588829E-02     1.015092E+04
  8.708431E-02     1.022046E+04
  8.829700E-02     1.029046E+04
  8.952657E-02     1.036093E+04
  9.077327E-02     1.043186E+04
  9.203732E-02     1.050327E+04
  9.331898E-02     1.057515E+04
  9.461848E-02     1.064752E+04
  9.593608E-02     1.072037E+04
  9.727203E-02     1.079371E+04
  9.862658E-02     1.086754E+04
  1.000000E-01     1.094188E+04
  1.013925E-01     1.101673E+04
  1.028045E-01     1.109210E+04
  1.042361E-01     1.116798E+04
  1.056876E-01     1.124439E+04
  1.071593E-01     1.132132E+04
  1.086516E-01     1.139879E+04
  1.101646E-01     1.147679E+04
  1.116987E-01     1.155533E+04
  1.132541E-01     1.163443E+04
  1.148312E-01     1.171409E+04
  1.164303E-01     1.179431E+04
  1.180517E-01     1.187510E+04
  1.196956E-01     1.195646E+04
  1.213624E-01     1.203840E+04
  1.230524E-01     1.212093E+04
  1.247660E-01     1.220404E+04
  1.265034E-01     1.228775E+04
  1.282650E-01     1.237206E+04
  1.300511E-01     1.245697E+04
  1.318621E-01     1.254249E+04
  1.336984E-01     1.262864E+04
  1.355602E-01     1.271542E+04
  1.374479E-01     1.280282E+04
  1.393619E-01     1.289086E+04
  1.413026E-01     1.297954E+04
  1.432703E-01     1.306887E+04
  1.452654E-01     1.315885E+04
  1.472883E-01     1.324948E+04
  1.493393E-01     1.334079E+04
  1.514189E-01     1.343276E+04
  1.535275E-01     1.352542E+04
  1.556654E-01     1.361876E+04
  1.578331E-01     1.371279E+04
  1.600310E-01     1.380752E+04
  1.622595E-01     1.390294E+04
  1.645191E-01     1.399907E+04
  1.668101E-01     1.409590E+04
  1.691330E-01     1.419344E+04
  1.714882E-01     1.429170E+04
  1.738762E-01     1.439068E+04
  1.762975E-01     1.449039E+04
  1.787526E-01     1.459082E+04
  1.812418E-01     1.469199E+04
  1.837656E-01     1.479387E+04
  1.863246E-01     1.489648E+04
  1.889193E-01     1.499980E+04
  1.915501E-01     1.510382E+04
  1.942175E-01     1.520855E+04
  1.969220E-01     1.531398E+04
  1.996642E-01     1.542010E+04
  2.024447E-01     1.552691E+04
  2.052638E-01     1.563439E+04
  2.081222E-01     1.574256E+04
  2.110203E-01     1.585140E+04
  2.139589E-01     1.596090E+04
  2.169384E-01     1.607107E+04
  2.199593E-01     1.618188E+04
  2.230223E-01     1.629335E+04
  2.261280E-01     1.640546E+04
  2.292769E-01     1.651821E+04
  2.324697E-01     1.663159E+04
  2.357069E-01     1.674560E+04
  2.389893E-01     1.686025E+04
  2.423173E-01     1.697554E+04
  2.456916E-01     1.709148E+04
  2.491130E-01     1.720808E+04
  2.525820E-01     1.732534E+04
  2.560993E-01     1.744329E+04
  2.596656E-01     1.756192E+04
  2.632815E-01     1.768127E+04
  2.669478E-01     1.780134E+04
  2.706652E-01     1.792214E+04
  2.744343E-01     1.804367E+04
  2.782559E-01     1.816595E+04
  2.821308E-01     1.828896E+04
  2.860596E-01     1.841273E+04
  2.900430E-01     1.853724E+04
  2.940820E-01     1.866252E+04
  2.981772E-01     1.878856E+04
  3.023295E-01     1.891537E+04
  3.065395E-01     1.904296E+04
  3.108082E-01     1.917133E+04
  3.151363E-01     1.930048E+04
  3.195248E-01     1.943038E+04
  3.239743E-01     1.956102E+04
  3.284857E-01     1.969239E+04
  3.330600E-01     1.982447E+04
  3.376980E-01     1.995723E+04
  3.424006E-01     2.009067E+04
  3.471687E-01     2.022476E+04
  3.520031E-01     2.035949E+04
  3.569049E-01     2.049482E+04
  3.618750E-01     2.063075E+04
  3.669142E-01     2.076726E+04
  3.720237E-01     2.090433E+04
  3.772042E-01     2.104193E+04
  3.824570E-01     2.118006E+04
  3.877828E-01     2.131868E+04
  3.931829E-01     2.145778E+04
  3.986581E-01     2.159735E+04
  4.042096E-01     2.173734E+04
  4.098384E-01     2.187776E+04
  4.155455E-01     2.201856E+04
  4.213322E-01     2.215974E+04
  4.271994E-01     2.230128E+04
  4.331483E-01     2.244315E+04
  4.391801E-01     2.258534E+04
  4.452959E-01     2.272783E+04
  4.514968E-01     2.287059E+04
  4.577841E-01     2.301360E+04
  4.641589E-01     2.315685E+04
  4.706225E-01     2.330031E+04
  4.771761E-01     2.344397E+04
  4.838210E-01     2.358779E+04
  4.905584E-01     2.373175E+04
  4.973896E-01     2.387583E+04
  5.043159E-01     2.401999E+04
  5.113388E-01     2.416423E+04
  5.184594E-01     2.430850E+04
  5.256791E-01     2.445279E+04
  5.329994E-01     2.459707E+04
  5.404216E-01     2.474132E+04
  5.479472E-01     2.488551E+04
  5.555776E-01     2.502961E+04
  5.633143E-01     2.517358E+04
  5.711586E-01     2.531741E+04
  5.791123E-01     2.546107E+04
  5.871766E-01     2.560452E+04
  5.953533E-01     2.574773E+04
  6.036439E-01     2.589069E+04
  6.120498E-01     2.603336E+04
  6.205729E-01     2.617572E+04
  6.292146E-01     2.631773E+04
  6.379767E-01     2.645938E+04
  6.468608E-01     2.660061E+04
  6.558686E-01     2.674142E+04
  6.650018E-01     2.688176E+04
  6.742622E-01     2.702162E+04
  6.836516E-01     2.716096E+04
  6.931717E-01     2.729975E+04
  7.028244E-01     2.743799E+04
  7.126115E-01     2.757563E+04
  7.225349E-01     2.771265E+04
  7.325965E-01     2.784902E+04
  7.427982E-01     2.798470E+04
  7.531420E-01     2.811967E+04
  7.636298E-01     2.825388E+04
  7.742637E-01     2.838733E+04
  7.850456E-01     2.851996E+04
  7.959777E-01     2.865177E+04
  8.070620E-01     2.878272E+04
  8.183007E-01     2.891280E+04
  8.296959E-01     2.904196E+04
  8.412497E-01     2.917019E+04
  8.529644E-01     2.929744E+04
  8.648423E-01     2.942369E+04
  8.768856E-01     2.954890E+04
  8.890966E-01     2.967305E+04
  9.014776E-01     2.979612E+04
  9.140311E-01     2.991807E+04
  9.267593E-01     3.003889E+04
  9.396648E-01     3.015855E+04
  9.527500E-01     3.027704E+04
  9.660175E-01     3.039432E+04
  9.794697E-01     3.051036E+04
  9.931092E-01     3.062513E+04
  1.006939E+00     3.073860E+04
  1.020961E+00     3.085076E+04
  1.035178E+00     3.096157E+04
  1.049593E+00     3.107102E+04
  1.064209E+00     3.117909E+04
  1.079029E+00     3.128578E+04
  1.094055E+00     3.139105E+04
  1.109290E+00     3.149489E+04
  1.124737E+00     3.159727E+04
  1.140400E+00     3.169816E+04
  1.156280E+00     3.179754E+04
  1.172382E+00     3.189539E+04
  1.188708E+00     3.199169E+04
  1.205261E+00     3.208644E+04
  1.222045E+00     3.217963E+04
  1.239062E+00     3.227126E+04
  1.256317E+00     3.236130E+04
  1.273811E+00     3.244975E+04
  1.291550E+00     3.253658E+04
  1.309535E+00     3.262177E+04
  1.327771E+00     3.270530E+04
  1.346261E+00     3.278716E+04
  1.365008E+00     3.286735E+04
  1.384016E+00     3.294586E+04
  1.403289E+00     3.302270E+04
  1.422830E+00     3.309786E+04
  1.442644E+00     3.317135E+04
  1.462733E+00     3.324316E+04
  1.483103E+00     3.331326E+04
  1.503755E+00     3.338165E+04
  1.524696E+00     3.344831E+04
  1.545928E+00     3.351325E+04
  1.567455E+00     3.357645E+04
  1.589283E+00     3.363793E+04
  1.611414E+00     3.369770E+04
  1.633854E+00     3.375576E+04
  1.656606E+00     3.381214E+04
  1.679675E+00     3.386682E+04
  1.703065E+00     3.391979E+04
  1.726781E+00     3.397105E+04
  1.750827E+00     3.402058E+04
  1.775208E+00     3.406839E+04
  1.799929E+00     3.411449E+04
  1.824993E+00     3.415888E+04
  1.850407E+00     3.420159E+04
  1.876175E+00     3.424264E+04
  1.902301E+00     3.428203E+04
  1.928792E+00     3.431978E+04
  1.955651E+00     3.435586E+04
  1.982884E+00     3.439028E+04
  2.010496E+00     3.442304E+04
  2.038493E+00     3.445414E+04
  2.066880E+00     3.448359E+04
  2.095662E+00     3.451141E+04
  2.124845E+00     3.453761E+04
  2.154435E+00     3.456222E+04
  2.184436E+00     3.458526E+04
  2.214855E+00     3.460673E+04
  2.245698E+00     3.462664E+04
  2.276970E+00     3.464497E+04
  2.308678E+00     3.466173E+04
  2.340827E+00     3.467693E+04
  2.373424E+00     3.469058E+04
  2.406475E+00     3.470270E+04
  2.439986E+00     3.471331E+04
  2.473964E+00     3.472244E+04
  2.508415E+00     3.473010E+04
  2.543346E+00     3.473632E+04
  2.578763E+00     3.474107E+04
  2.614673E+00     3.474436E+04
  2.651084E+00     3.474619E+04
  2.688001E+00     3.474656E+04
  2.725433E+00     3.474548E+04
  2.763385E+00     3.474297E+04
  2.801867E+00     3.473903E+04
  2.840884E+00     3.473369E+04
  2.880444E+00     3.472698E+04
  2.920556E+00     3.471889E+04
  2.961225E+00     3.470943E+04
  3.002462E+00     3.469859E+04
  3.044272E+00     3.468639E+04
  3.086665E+00     3.467282E+04
  3.129648E+00     3.465790E+04
  3.173230E+00     3.464164E+04
  3.217418E+00     3.462406E+04
  3.262222E+00     3.460519E+04
  3.307650E+00     3.458504E+04
  3.353710E+00     3.456363E+04
  3.400412E+00     3.454094E+04
  3.447764E+00     3.451698E+04
  3.495776E+00     3.449176E+04
  3.544456E+00     3.446526E+04
  3.593814E+00     3.443750E+04
  3.643859E+00     3.440849E+04
  3.694601E+00     3.437824E+04
  3.746050E+00     3.434676E+04
  3.798215E+00     3.431406E+04
  3.851107E+00     3.428016E+04
  3.904735E+00     3.424505E+04
  3.959110E+00     3.420874E+04
  4.014242E+00     3.417122E+04
  4.070142E+00     3.413249E+04
  4.126821E+00     3.409256E+04
  4.184289E+00     3.405144E+04
  4.242556E+00     3.400915E+04
  4.301636E+00     3.396568E+04
  4.361538E+00     3.392107E+04
  4.422274E+00     3.387531E+04
  4.483856E+00     3.382840E+04
  4.546295E+00     3.378034E+04
  4.609604E+00     3.373114E+04
  4.673795E+00     3.368078E+04
  4.738880E+00     3.362927E+04
  4.804870E+00     3.357662E+04
  4.871780E+00     3.352284E+04
  4.939622E+00     3.346793E+04
  5.008408E+00     3.341190E+04
  5.078152E+00     3.335476E+04
  5.148867E+00     3.329651E+04
  5.220568E+00     3.323714E+04
  5.293266E+00     3.317666E+04
  5.366977E+00     3.311507E+04
  5.441714E+00     3.305236E+04
  5.517492E+00     3.298855E+04
  5.594326E+00     3.292363E+04
  5.672229E+00     3.285763E+04
  5.751217E+00     3.279054E+04
  5.831305E+00     3.272237E+04
  5.912508E+00     3.265313E+04
  5.994843E+00     3.258281E+04
  6.078323E+00     3.251140E+04
  6.162966E+00     3.243892E+04
  6.248788E+00     3.236535E+04
  6.335805E+00     3.229072E+04
  6.424034E+00     3.221501E+04
  6.513491E+00     3.213823E+04
  6.604194E+00     3.206040E+04
  6.696160E+00     3.198152E+04
  6.789407E+00     3.190158E+04
  6.883952E+00     3.182059E+04
  6.979814E+00     3.173855E+04
  7.077011E+00     3.165546E+04
  7.175561E+00     3.157133E+04
  7.275484E+00     3.148615E+04
  7.376798E+00     3.139993E+04
  7.479523E+00     3.131268E+04
  7.583678E+00     3.122440E+04
  7.689284E+00     3.113511E+04
  7.796360E+00     3.104480E+04
  7.904928E+00     3.095348E+04
  8.015007E+00     3.086114E+04
  8.126619E+00     3.076779E+04
  8.239786E+00     3.067344E+04
  8.354528E+00     3.057808E+04
  8.470868E+00     3.048172E+04
  8.588829E+00     3.038437E+04
  8.708431E+00     3.028603E+04
  8.829700E+00     3.018672E+04
  8.952657E+00     3.008643E+04
  9.077327E+00     2.998517E+04
  9.203732E+00     2.988295E+04
  9.331898E+00     2.977977E+04
  9.461848E+00     2.967563E+04
  9.593608E+00     2.957055E+04
  9.727203E+00     2.946454E+04
  9.862658E+00     2.935760E+04
  1.000000E+01     2.924975E+04
  1.013925E+01     2.914099E+04
  1.028045E+01     2.903133E+04
  1.042361E+01     2.892078E+04
  1.056876E+01     2.880935E+04
  1.071593E+01     2.869703E+04
  1.086516E+01     2.858384E+04
  1.101646E+01     2.846979E+04
  1.116987E+01     2.835489E+04
  1.132541E+01     2.823913E+04
  1.148312E+01     2.812255E+04
  1.164303E+01     2.800514E+04
  1.180517E+01     2.788691E+04
  1.196956E+01     2.776787E+04
  1.213624E+01     2.764803E+04
  1.230524E+01     2.752740E+04
  1.247660E+01     2.740598E+04
  1.265034E+01     2.728378E+04
  1.282650E+01     2.716081E+04
  1.300511E+01     2.703709E+04
  1.318621E+01     2.691262E+04
  1.336984E+01     2.678741E+04
  1.355602E+01     2.666148E+04
  1.374479E+01     2.653483E+04
  1.393619E+01     2.640748E+04
  1.413026E+01     2.627944E+04
  1.432703E+01     2.615074E+04
  1.452654E+01     2.602137E+04
  1.472883E+01     2.589136E+04
  1.493393E+01     2.576073E+04
  1.514189E+01     2.562948E+04
  1.535275E+01     2.549764E+04
  1.556654E+01     2.536522E+04
  1.578331E+01     2.523224E+04
  1.600310E+01     2.509870E+04
  1.622595E+01     2.496462E+04
  1.645191E+01     2.483001E+04
  1.668101E+01     2.469488E+04
  1.691330E+01     2.455926E+04
  1.714882E+01     2.442315E+04
  1.738762E+01     2.428656E+04
  1.762975E+01     2.414950E+04
  1.787526E+01     2.401200E+04
  1.812418E+01     2.387407E+04
  1.837656E+01     2.373572E+04
  1.863246E+01     2.359697E+04
  1.889193E+01     2.345783E+04
  1.915501E+01     2.331832E+04
  1.942175E+01     2.317846E+04
  1.969220E+01     2.303825E+04
  1.996642E+01     2.289771E+04
  2.024447E+01     2.275687E+04
  2.052638E+01     2.261572E+04
  2.081222E+01     2.247430E+04
  2.110203E+01     2.233263E+04
  2.139589E+01     2.219071E+04
  2.169384E+01     2.204858E+04
  2.199593E+01     2.190624E+04
  2.230223E+01     2.176372E+04
  2.261280E+01     2.162104E+04
  2.292769E+01     2.147821E+04
  2.324697E+01     2.133525E+04
  2.357069E+01     2.119218E+04
  2.389893E+01     2.104902E+04
  2.423173E+01     2.090577E+04
  2.456916E+01     2.076247E+04
  2.491130E+01     2.061911E+04
  2.525820E+01     2.047573E+04
  2.560993E+01     2.033232E+04
  2.596656E+01     2.018890E+04
  2.632815E+01     2.004549E+04
  2.669478E+01     1.990209E+04
  2.706652E+01     1.975871E+04
  2.744343E+01     1.961538E+04
  2.782559E+01     1.947211E+04
  2.821308E+01     1.932894E+04
  2.860596E+01     1.918589E+04
  2.900430E+01     1.904296E+04
  2.940820E+01     1.890019E+04
  2.981772E+01     1.875759E+04
  3.023295E+01     1.861518E+04
  3.065395E+01     1.847298E+04
  3.108082E+01     1.833099E+04
  3.151363E+01     1.818925E+04
  3.195248E+01     1.804777E+04
  3.239743E+01     1.790657E+04
  3.284857E+01     1.776565E+04
  3.330600E+01     1.762504E+04
  3.376980E+01     1.748475E+04
  3.424006E+01     1.734478E+04
  3.471687E+01     1.720515E+04
  3.520031E+01     1.706586E+04
  3.569049E+01     1.692692E+04
  3.618750E+01     1.678834E+04
  3.669142E+01     1.665016E+04
  3.720237E+01     1.651238E+04
  3.772042E+01     1.637504E+04
  3.824570E+01     1.623815E+04
  3.877828E+01     1.610172E+04
  3.931829E+01     1.596577E+04
  3.986581E+01     1.583031E+04
  4.042096E+01     1.569535E+04
  4.098384E+01     1.556089E+04
  4.155455E+01     1.542697E+04
  4.213322E+01     1.529360E+04
  4.271994E+01     1.516079E+04
  4.331483E+01     1.502857E+04
  4.391801E+01     1.489695E+04
  4.452959E+01     1.476594E+04
  4.514968E+01     1.463555E+04
  4.577841E+01     1.450579E+04
  4.641589E+01     1.437666E+04
  4.706225E+01     1.424816E+04
  4.771761E+01     1.412033E+04
  4.838210E+01     1.399316E+04
  4.905584E+01     1.386668E+04
  4.973896E+01     1.374091E+04
  5.043159E+01     1.361586E+04
  5.113388E+01     1.349154E+04
  5.184594E+01     1.336796E+04
  5.256791E+01     1.324511E+04
  5.329994E+01     1.312301E+04
  5.404216E+01     1.300164E+04
  5.479472E+01     1.288104E+04
  5.555776E+01     1.276119E+04
  5.633143E+01     1.264212E+04
  5.711586E+01     1.252383E+04
  5.791123E+01     1.240633E+04
  5.871766E+01     1.228961E+04
  5.953533E+01     1.217367E+04
  6.036439E+01     1.205851E+04
  6.120498E+01     1.194411E+04
  6.205729E+01     1.183046E+04
  6.292146E+01     1.171758E+04
  6.379767E+01     1.160548E+04
  6.468608E+01     1.149419E+04
  6.558686E+01     1.138372E+04
  6.650018E+01     1.127409E+04
  6.742622E+01     1.116532E+04
  6.836516E+01     1.105741E+04
  6.931717E+01     1.095038E+04
  7.028244E+01     1.084424E+04
  7.126115E+01     1.073898E+04
  7.225349E+01     1.063461E+04
  7.325965E+01     1.053115E+04
  7.427982E+01     1.042860E+04
  7.531420E+01     1.032696E+04
  7.636298E+01     1.022623E+04
  7.742637E+01     1.012640E+04
  7.850456E+01     1.002748E+04
  7.959777E+01     9.929430E+03
  8.070620E+01     9.832249E+03
  8.183007E+01     9.735912E+03
  8.296959E+01     9.640418E+03
  8.412497E+01     9.545780E+03
  8.529644E+01     9.452010E+03
  8.648423E+01     9.359117E+03
  8.768856E+01     9.267107E+03
  8.890966E+01     9.175985E+03
  9.014776E+01     9.085750E+03
  9.140311E+01     8.996399E+03
  9.267593E+01     8.907927E+03
  9.396648E+01     8.820322E+03
  9.527500E+01     8.733584E+03
  9.660175E+01     8.647722E+03
  9.794697E+01     8.562742E+03
  9.931092E+01     8.478649E+03
  1.006939E+02     8.395442E+03
  1.020961E+02     8.313118E+03
  1.035178E+02     8.231673E+03
  1.049593E+02     8.151094E+03
  1.064209E+02     8.071369E+03
  1.079029E+02     7.992480E+03
  1.094055E+02     7.914418E+03
  1.109290E+02     7.837192E+03
  1.124737E+02     7.760805E+03
  1.140400E+02     7.685261E+03
  1.156280E+02     7.610559E+03
  1.172382E+02     7.536696E+03
  1.188708E+02     7.463665E+03
  1.205261E+02     7.391455E+03
  1.222045E+02     7.320053E+03
  1.239062E+02     7.249440E+03
  1.256317E+02     7.179606E+03
  1.273811E+02     7.110559E+03
  1.291550E+02     7.042303E+03
  1.309535E+02     6.974843E+03
  1.327771E+02     6.908178E+03
  1.346261E+02     6.842307E+03
  1.365008E+02     6.777224E+03
  1.384016E+02     6.712922E+03
  1.403289E+02     6.649388E+03
  1.422830E+02     6.586608E+03
  1.442644E+02     6.524570E+03
  1.462733E+02     6.463276E+03
  1.483103E+02     6.402730E+03
  1.503755E+02     6.342931E+03
  1.524696E+02     6.283874E+03
  1.545928E+02     6.225555E+03
  1.567455E+02     6.167965E+03
  1.589283E+02     6.111090E+03
  1.611414E+02     6.054914E+03
  1.633854E+02     5.999419E+03
  1.656606E+02     5.944588E+03
  1.679675E+02     5.890424E+03
  1.703065E+02     5.836932E+03
  1.726781E+02     5.784112E+03
  1.750827E+02     5.731965E+03
  1.775208E+02     5.680487E+03
  1.799929E+02     5.629673E+03
  1.824993E+02     5.579515E+03
  1.850407E+02     5.530002E+03
  1.876175E+02     5.481120E+03
  1.902301E+02     5.432855E+03
  1.928792E+02     5.385208E+03
  1.955651E+02     5.338180E+03
  1.982884E+02     5.291771E+03
  2.010496E+02     5.245978E+03
  2.038493E+02     5.200795E+03
  2.066880E+02     5.156215E+03
  2.095662E+02     5.112228E+03
  2.124845E+02     5.068819E+03
  2.154435E+02     5.025972E+03
  2.184436E+02     4.983672E+03
  2.214855E+02     4.941920E+03
  2.245698E+02     4.900717E+03
  2.276970E+02     4.860067E+03
  2.308678E+02     4.819968E+03
  2.340827E+02     4.780419E+03
  2.373424E+02     4.741416E+03
  2.406475E+02     4.702953E+03
  2.439986E+02     4.665020E+03
  2.473964E+02     4.627606E+03
  2.508415E+02     4.590701E+03
  2.543346E+02     4.554300E+03
  2.578763E+02     4.518404E+03
  2.614673E+02     4.483008E+03
  2.651084E+02     4.448109E+03
  2.688001E+02     4.413699E+03
  2.725433E+02     4.379769E+03
  2.763385E+02     4.346308E+03
  2.801867E+02     4.313301E+03
  2.840884E+02     4.280732E+03
  2.880444E+02     4.248584E+03
  2.920556E+02     4.216855E+03
  2.961225E+02     4.185551E+03
  3.002462E+02     4.154675E+03
  3.044272E+02     4.124232E+03
  3.086665E+02     4.094224E+03
  3.129648E+02     4.064651E+03
  3.173230E+02     4.035513E+03
  3.217418E+02     4.006807E+03
  3.262222E+02     3.978531E+03
  3.307650E+02     3.950680E+03
  3.353710E+02     3.923249E+03
  3.400412E+02     3.896234E+03
  3.447764E+02     3.869631E+03
  3.495776E+02     3.843432E+03
  3.544456E+02     3.817628E+03
  3.593814E+02     3.792207E+03
  3.643859E+02     3.767156E+03
  3.694601E+02     3.742458E+03
  3.746050E+02     3.718095E+03
  3.798215E+02     3.694048E+03
  3.851107E+02     3.670309E+03
  3.904735E+02     3.646885E+03
  3.959110E+02     3.623778E+03
  4.014242E+02     3.600993E+03
  4.070142E+02     3.578532E+03
  4.126821E+02     3.556397E+03
  4.184289E+02     3.534589E+03
  4.242556E+02     3.513109E+03
  4.301636E+02     3.491955E+03
  4.361538E+02     3.471125E+03
  4.422274E+02     3.450618E+03
  4.483856E+02     3.430434E+03
  4.546295E+02     3.410575E+03
  4.609604E+02     3.391037E+03
  4.673795E+02     3.371819E+03
  4.738880E+02     3.352916E+03
  4.804870E+02     3.334324E+03
  4.871780E+02     3.316036E+03
  4.939622E+02     3.298043E+03
  5.008408E+02     3.280337E+03
  5.078152E+02     3.262912E+03
  5.148867E+02     3.245767E+03
  5.220568E+02     3.228903E+03
  5.293266E+02     3.212319E+03
  5.366977E+02     3.196011E+03
  5.441714E+02     3.179977E+03
  5.517492E+02     3.164213E+03
  5.594326E+02     3.148712E+03
  5.672229E+02     3.133467E+03
  5.751217E+02     3.118471E+03
  5.831305E+02     3.103717E+03
  5.912508E+02     3.089206E+03
  5.994843E+02     3.074940E+03
  6.078323E+02     3.060918E+03
  6.162966E+02     3.047139E+03
  6.248788E+02     3.033601E+03
  6.335805E+02     3.020302E+03
  6.424034E+02     3.007238E+03
  6.513491E+02     2.994404E+03
  6.604194E+02     2.981795E+03
  6.696160E+02     2.969406E+03
  6.789407E+02     2.957237E+03
  6.883952E+02     2.945286E+03
  6.979814E+02     2.933553E+03
  7.077011E+02     2.922036E+03
  7.175561E+02     2.910730E+03
  7.275484E+02     2.899633E+03
  7.376798E+02     2.888738E+03
  7.479523E+02     2.878041E+03
  7.583678E+02     2.867534E+03
  7.689284E+02     2.857211E+03
  7.796360E+02     2.847076E+03
  7.904928E+02     2.837132E+03
  8.015007E+02     2.827383E+03
  8.126619E+02     2.817831E+03
  8.239786E+02     2.808478E+03
  8.354528E+02     2.799327E+03
  8.470868E+02     2.790380E+03
  8.588829E+02     2.781638E+03
  8.708431E+02     2.773101E+03
  8.829700E+02     2.764767E+03
  8.952657E+02     2.756618E+03
  9.077327E+02     2.748632E+03
  9.203732E+02     2.740786E+03
  9.331898E+02     2.733053E+03
  9.461848E+02     2.725404E+03
  9.593608E+02     2.717808E+03
  9.727203E+02     2.710229E+03
  9.862658E+02     2.702630E+03
  1.000000E+03     2.694969E+03
