FILE CREATED BY  : PROGRAM DPASS - VERSION 2.00
DATABASE VERSION : 21.06
DATE AND TIME    : 09/08/2022 22:37:48
PROJECTILE       : Rh
TARGET           : Er
TARGET AT. MASS  : 1.672600E+02
TARGET DENSITY   : 9.070000E+00 g/cm^3
TABULATED OUTPUT : STOPPING FORCE VERSUS ENERGY
DATA TYPE        : SPLINE INTERPOLATED
ABSCISSA UNITS   : MeV/u
ORDINATE UNITS   : eV/nm


      E/n             S(E/n)

  1.000000E-03     6.882296E+02
  1.013925E-03     6.929167E+02
  1.028045E-03     6.976658E+02
  1.042361E-03     7.024741E+02
  1.056876E-03     7.073389E+02
  1.071593E-03     7.122568E+02
  1.086516E-03     7.172243E+02
  1.101646E-03     7.222375E+02
  1.116987E-03     7.272922E+02
  1.132541E-03     7.323838E+02
  1.148312E-03     7.375072E+02
  1.164303E-03     7.426580E+02
  1.180517E-03     7.478356E+02
  1.196956E-03     7.530412E+02
  1.213624E-03     7.582761E+02
  1.230524E-03     7.635416E+02
  1.247660E-03     7.688391E+02
  1.265034E-03     7.741704E+02
  1.282650E-03     7.795373E+02
  1.300511E-03     7.849416E+02
  1.318621E-03     7.903857E+02
  1.336984E-03     7.958714E+02
  1.355602E-03     8.013995E+02
  1.374479E-03     8.069696E+02
  1.393619E-03     8.125815E+02
  1.413026E-03     8.182351E+02
  1.432703E-03     8.239301E+02
  1.452654E-03     8.296661E+02
  1.472883E-03     8.354430E+02
  1.493393E-03     8.412604E+02
  1.514189E-03     8.471179E+02
  1.535275E-03     8.530153E+02
  1.556654E-03     8.589528E+02
  1.578331E-03     8.649309E+02
  1.600310E-03     8.709500E+02
  1.622595E-03     8.770108E+02
  1.645191E-03     8.831139E+02
  1.668101E-03     8.892601E+02
  1.691330E-03     8.954501E+02
  1.714882E-03     9.016848E+02
  1.738762E-03     9.079652E+02
  1.762975E-03     9.142922E+02
  1.787526E-03     9.206662E+02
  1.812418E-03     9.270873E+02
  1.837656E-03     9.335555E+02
  1.863246E-03     9.400707E+02
  1.889193E-03     9.466330E+02
  1.915501E-03     9.532424E+02
  1.942175E-03     9.598989E+02
  1.969220E-03     9.666025E+02
  1.996642E-03     9.733534E+02
  2.024447E-03     9.801514E+02
  2.052638E-03     9.869969E+02
  2.081222E-03     9.938902E+02
  2.110203E-03     1.000832E+03
  2.139589E-03     1.007822E+03
  2.169384E-03     1.014861E+03
  2.199593E-03     1.021950E+03
  2.230223E-03     1.029089E+03
  2.261280E-03     1.036279E+03
  2.292769E-03     1.043520E+03
  2.324697E-03     1.050814E+03
  2.357069E-03     1.058160E+03
  2.389893E-03     1.065559E+03
  2.423173E-03     1.073012E+03
  2.456916E-03     1.080519E+03
  2.491130E-03     1.088079E+03
  2.525820E-03     1.095694E+03
  2.560993E-03     1.103363E+03
  2.596656E-03     1.111087E+03
  2.632815E-03     1.118867E+03
  2.669478E-03     1.126703E+03
  2.706652E-03     1.134595E+03
  2.744343E-03     1.142544E+03
  2.782559E-03     1.150551E+03
  2.821308E-03     1.158614E+03
  2.860596E-03     1.166736E+03
  2.900430E-03     1.174915E+03
  2.940820E-03     1.183153E+03
  2.981772E-03     1.191451E+03
  3.023295E-03     1.199808E+03
  3.065395E-03     1.208226E+03
  3.108082E-03     1.216704E+03
  3.151363E-03     1.225244E+03
  3.195248E-03     1.233845E+03
  3.239743E-03     1.242508E+03
  3.284857E-03     1.251233E+03
  3.330600E-03     1.260022E+03
  3.376980E-03     1.268874E+03
  3.424006E-03     1.277790E+03
  3.471687E-03     1.286770E+03
  3.520031E-03     1.295816E+03
  3.569049E-03     1.304927E+03
  3.618750E-03     1.314105E+03
  3.669142E-03     1.323350E+03
  3.720237E-03     1.332661E+03
  3.772042E-03     1.342041E+03
  3.824570E-03     1.351487E+03
  3.877828E-03     1.361003E+03
  3.931829E-03     1.370587E+03
  3.986581E-03     1.380241E+03
  4.042096E-03     1.389965E+03
  4.098384E-03     1.399760E+03
  4.155455E-03     1.409626E+03
  4.213322E-03     1.419564E+03
  4.271994E-03     1.429574E+03
  4.331483E-03     1.439657E+03
  4.391801E-03     1.449813E+03
  4.452959E-03     1.460044E+03
  4.514968E-03     1.470349E+03
  4.577841E-03     1.480729E+03
  4.641589E-03     1.491186E+03
  4.706225E-03     1.501720E+03
  4.771761E-03     1.512331E+03
  4.838210E-03     1.523020E+03
  4.905584E-03     1.533788E+03
  4.973896E-03     1.544635E+03
  5.043159E-03     1.555561E+03
  5.113388E-03     1.566567E+03
  5.184594E-03     1.577654E+03
  5.256791E-03     1.588822E+03
  5.329994E-03     1.600073E+03
  5.404216E-03     1.611406E+03
  5.479472E-03     1.622823E+03
  5.555776E-03     1.634324E+03
  5.633143E-03     1.645910E+03
  5.711586E-03     1.657580E+03
  5.791123E-03     1.669336E+03
  5.871766E-03     1.681177E+03
  5.953533E-03     1.693106E+03
  6.036439E-03     1.705122E+03
  6.120498E-03     1.717226E+03
  6.205729E-03     1.729420E+03
  6.292146E-03     1.741703E+03
  6.379767E-03     1.754077E+03
  6.468608E-03     1.766542E+03
  6.558686E-03     1.779099E+03
  6.650018E-03     1.791749E+03
  6.742622E-03     1.804492E+03
  6.836516E-03     1.817330E+03
  6.931717E-03     1.830264E+03
  7.028244E-03     1.843294E+03
  7.126115E-03     1.856423E+03
  7.225349E-03     1.869650E+03
  7.325965E-03     1.882977E+03
  7.427982E-03     1.896403E+03
  7.531420E-03     1.909929E+03
  7.636298E-03     1.923556E+03
  7.742637E-03     1.937284E+03
  7.850456E-03     1.951114E+03
  7.959777E-03     1.965047E+03
  8.070620E-03     1.979082E+03
  8.183007E-03     1.993222E+03
  8.296959E-03     2.007467E+03
  8.412497E-03     2.021817E+03
  8.529644E-03     2.036274E+03
  8.648423E-03     2.050837E+03
  8.768856E-03     2.065508E+03
  8.890966E-03     2.080288E+03
  9.014776E-03     2.095178E+03
  9.140311E-03     2.110178E+03
  9.267593E-03     2.125291E+03
  9.396648E-03     2.140517E+03
  9.527500E-03     2.155857E+03
  9.660175E-03     2.171313E+03
  9.794697E-03     2.186884E+03
  9.931092E-03     2.202571E+03
  1.006939E-02     2.218375E+03
  1.020961E-02     2.234297E+03
  1.035178E-02     2.250339E+03
  1.049593E-02     2.266499E+03
  1.064209E-02     2.282781E+03
  1.079029E-02     2.299185E+03
  1.094055E-02     2.315712E+03
  1.109290E-02     2.332363E+03
  1.124737E-02     2.349138E+03
  1.140400E-02     2.366038E+03
  1.156280E-02     2.383065E+03
  1.172382E-02     2.400218E+03
  1.188708E-02     2.417500E+03
  1.205261E-02     2.434911E+03
  1.222045E-02     2.452452E+03
  1.239062E-02     2.470124E+03
  1.256317E-02     2.487930E+03
  1.273811E-02     2.505868E+03
  1.291550E-02     2.523941E+03
  1.309535E-02     2.542149E+03
  1.327771E-02     2.560492E+03
  1.346261E-02     2.578972E+03
  1.365008E-02     2.597590E+03
  1.384016E-02     2.616346E+03
  1.403289E-02     2.635242E+03
  1.422830E-02     2.654279E+03
  1.442644E-02     2.673459E+03
  1.462733E-02     2.692781E+03
  1.483103E-02     2.712247E+03
  1.503755E-02     2.731858E+03
  1.524696E-02     2.751614E+03
  1.545928E-02     2.771517E+03
  1.567455E-02     2.791568E+03
  1.589283E-02     2.811768E+03
  1.611414E-02     2.832117E+03
  1.633854E-02     2.852619E+03
  1.656606E-02     2.873273E+03
  1.679675E-02     2.894081E+03
  1.703065E-02     2.915043E+03
  1.726781E-02     2.936161E+03
  1.750827E-02     2.957435E+03
  1.775208E-02     2.978865E+03
  1.799929E-02     3.000454E+03
  1.824993E-02     3.022201E+03
  1.850407E-02     3.044110E+03
  1.876175E-02     3.066179E+03
  1.902301E-02     3.088412E+03
  1.928792E-02     3.110809E+03
  1.955651E-02     3.133370E+03
  1.982884E-02     3.156097E+03
  2.010496E-02     3.178990E+03
  2.038493E-02     3.202050E+03
  2.066880E-02     3.225278E+03
  2.095662E-02     3.248676E+03
  2.124845E-02     3.272245E+03
  2.154435E-02     3.295987E+03
  2.184436E-02     3.319902E+03
  2.214855E-02     3.343992E+03
  2.245698E-02     3.368257E+03
  2.276970E-02     3.392698E+03
  2.308678E-02     3.417316E+03
  2.340827E-02     3.442112E+03
  2.373424E-02     3.467087E+03
  2.406475E-02     3.492242E+03
  2.439986E-02     3.517579E+03
  2.473964E-02     3.543099E+03
  2.508415E-02     3.568803E+03
  2.543346E-02     3.594692E+03
  2.578763E-02     3.620767E+03
  2.614673E-02     3.647027E+03
  2.651084E-02     3.673475E+03
  2.688001E-02     3.700111E+03
  2.725433E-02     3.726936E+03
  2.763385E-02     3.753950E+03
  2.801867E-02     3.781155E+03
  2.840884E-02     3.808552E+03
  2.880444E-02     3.836142E+03
  2.920556E-02     3.863927E+03
  2.961225E-02     3.891907E+03
  3.002462E-02     3.920083E+03
  3.044272E-02     3.948456E+03
  3.086665E-02     3.977028E+03
  3.129648E-02     4.005799E+03
  3.173230E-02     4.034772E+03
  3.217418E-02     4.063948E+03
  3.262222E-02     4.093329E+03
  3.307650E-02     4.122917E+03
  3.353710E-02     4.152713E+03
  3.400412E-02     4.182717E+03
  3.447764E-02     4.212931E+03
  3.495776E-02     4.243355E+03
  3.544456E-02     4.273990E+03
  3.593814E-02     4.304838E+03
  3.643859E-02     4.335899E+03
  3.694601E-02     4.367175E+03
  3.746050E-02     4.398668E+03
  3.798215E-02     4.430379E+03
  3.851107E-02     4.462309E+03
  3.904735E-02     4.494458E+03
  3.959110E-02     4.526827E+03
  4.014242E-02     4.559416E+03
  4.070142E-02     4.592225E+03
  4.126821E-02     4.625256E+03
  4.184289E-02     4.658508E+03
  4.242556E-02     4.691984E+03
  4.301636E-02     4.725682E+03
  4.361538E-02     4.759606E+03
  4.422274E-02     4.793755E+03
  4.483856E-02     4.828129E+03
  4.546295E-02     4.862729E+03
  4.609604E-02     4.897554E+03
  4.673795E-02     4.932606E+03
  4.738880E-02     4.967884E+03
  4.804870E-02     5.003389E+03
  4.871780E-02     5.039121E+03
  4.939622E-02     5.075082E+03
  5.008408E-02     5.111273E+03
  5.078152E-02     5.147693E+03
  5.148867E-02     5.184344E+03
  5.220568E-02     5.221225E+03
  5.293266E-02     5.258336E+03
  5.366977E-02     5.295678E+03
  5.441714E-02     5.333252E+03
  5.517492E-02     5.371058E+03
  5.594326E-02     5.409098E+03
  5.672229E-02     5.447371E+03
  5.751217E-02     5.485881E+03
  5.831305E-02     5.524627E+03
  5.912508E-02     5.563609E+03
  5.994843E-02     5.602830E+03
  6.078323E-02     5.642288E+03
  6.162966E-02     5.681985E+03
  6.248788E-02     5.721923E+03
  6.335805E-02     5.762101E+03
  6.424034E-02     5.802522E+03
  6.513491E-02     5.843188E+03
  6.604194E-02     5.884101E+03
  6.696160E-02     5.925261E+03
  6.789407E-02     5.966671E+03
  6.883952E-02     6.008331E+03
  6.979814E-02     6.050242E+03
  7.077011E-02     6.092406E+03
  7.175561E-02     6.134825E+03
  7.275484E-02     6.177500E+03
  7.376798E-02     6.220434E+03
  7.479523E-02     6.263629E+03
  7.583678E-02     6.307088E+03
  7.689284E-02     6.350814E+03
  7.796360E-02     6.394809E+03
  7.904928E-02     6.439074E+03
  8.015007E-02     6.483612E+03
  8.126619E-02     6.528423E+03
  8.239786E-02     6.573510E+03
  8.354528E-02     6.618877E+03
  8.470868E-02     6.664527E+03
  8.588829E-02     6.710462E+03
  8.708431E-02     6.756688E+03
  8.829700E-02     6.803207E+03
  8.952657E-02     6.850023E+03
  9.077327E-02     6.897137E+03
  9.203732E-02     6.944552E+03
  9.331898E-02     6.992271E+03
  9.461848E-02     7.040297E+03
  9.593608E-02     7.088633E+03
  9.727203E-02     7.137285E+03
  9.862658E-02     7.186255E+03
  1.000000E-01     7.235549E+03
  1.013925E-01     7.285173E+03
  1.028045E-01     7.335129E+03
  1.042361E-01     7.385420E+03
  1.056876E-01     7.436049E+03
  1.071593E-01     7.487020E+03
  1.086516E-01     7.538337E+03
  1.101646E-01     7.590003E+03
  1.116987E-01     7.642024E+03
  1.132541E-01     7.694406E+03
  1.148312E-01     7.747153E+03
  1.164303E-01     7.800272E+03
  1.180517E-01     7.853767E+03
  1.196956E-01     7.907640E+03
  1.213624E-01     7.961895E+03
  1.230524E-01     8.016534E+03
  1.247660E-01     8.071564E+03
  1.265034E-01     8.126987E+03
  1.282650E-01     8.182808E+03
  1.300511E-01     8.239034E+03
  1.318621E-01     8.295669E+03
  1.336984E-01     8.352720E+03
  1.355602E-01     8.410191E+03
  1.374479E-01     8.468085E+03
  1.393619E-01     8.526408E+03
  1.413026E-01     8.585163E+03
  1.432703E-01     8.644354E+03
  1.452654E-01     8.703988E+03
  1.472883E-01     8.764070E+03
  1.493393E-01     8.824606E+03
  1.514189E-01     8.885604E+03
  1.535275E-01     8.947069E+03
  1.556654E-01     9.009006E+03
  1.578331E-01     9.071417E+03
  1.600310E-01     9.134306E+03
  1.622595E-01     9.197673E+03
  1.645191E-01     9.261524E+03
  1.668101E-01     9.325859E+03
  1.691330E-01     9.390684E+03
  1.714882E-01     9.456002E+03
  1.738762E-01     9.521817E+03
  1.762975E-01     9.588133E+03
  1.787526E-01     9.654951E+03
  1.812418E-01     9.722270E+03
  1.837656E-01     9.790089E+03
  1.863246E-01     9.858406E+03
  1.889193E-01     9.927219E+03
  1.915501E-01     9.996527E+03
  1.942175E-01     1.006633E+04
  1.969220E-01     1.013662E+04
  1.996642E-01     1.020740E+04
  2.024447E-01     1.027867E+04
  2.052638E-01     1.035043E+04
  2.081222E-01     1.042266E+04
  2.110203E-01     1.049538E+04
  2.139589E-01     1.056858E+04
  2.169384E-01     1.064225E+04
  2.199593E-01     1.071639E+04
  2.230223E-01     1.079101E+04
  2.261280E-01     1.086609E+04
  2.292769E-01     1.094164E+04
  2.324697E-01     1.101765E+04
  2.357069E-01     1.109412E+04
  2.389893E-01     1.117105E+04
  2.423173E-01     1.124843E+04
  2.456916E-01     1.132627E+04
  2.491130E-01     1.140455E+04
  2.525820E-01     1.148328E+04
  2.560993E-01     1.156246E+04
  2.596656E-01     1.164208E+04
  2.632815E-01     1.172215E+04
  2.669478E-01     1.180265E+04
  2.706652E-01     1.188359E+04
  2.744343E-01     1.196497E+04
  2.782559E-01     1.204678E+04
  2.821308E-01     1.212902E+04
  2.860596E-01     1.221169E+04
  2.900430E-01     1.229478E+04
  2.940820E-01     1.237830E+04
  2.981772E-01     1.246224E+04
  3.023295E-01     1.254660E+04
  3.065395E-01     1.263138E+04
  3.108082E-01     1.271657E+04
  3.151363E-01     1.280219E+04
  3.195248E-01     1.288821E+04
  3.239743E-01     1.297463E+04
  3.284857E-01     1.306146E+04
  3.330600E-01     1.314869E+04
  3.376980E-01     1.323632E+04
  3.424006E-01     1.332433E+04
  3.471687E-01     1.341274E+04
  3.520031E-01     1.350153E+04
  3.569049E-01     1.359071E+04
  3.618750E-01     1.368027E+04
  3.669142E-01     1.377020E+04
  3.720237E-01     1.386049E+04
  3.772042E-01     1.395115E+04
  3.824570E-01     1.404215E+04
  3.877828E-01     1.413351E+04
  3.931829E-01     1.422520E+04
  3.986581E-01     1.431722E+04
  4.042096E-01     1.440958E+04
  4.098384E-01     1.450226E+04
  4.155455E-01     1.459525E+04
  4.213322E-01     1.468854E+04
  4.271994E-01     1.478213E+04
  4.331483E-01     1.487599E+04
  4.391801E-01     1.497013E+04
  4.452959E-01     1.506453E+04
  4.514968E-01     1.515917E+04
  4.577841E-01     1.525406E+04
  4.641589E-01     1.534917E+04
  4.706225E-01     1.544450E+04
  4.771761E-01     1.554003E+04
  4.838210E-01     1.563575E+04
  4.905584E-01     1.573165E+04
  4.973896E-01     1.582771E+04
  5.043159E-01     1.592391E+04
  5.113388E-01     1.602024E+04
  5.184594E-01     1.611669E+04
  5.256791E-01     1.621323E+04
  5.329994E-01     1.630987E+04
  5.404216E-01     1.640658E+04
  5.479472E-01     1.650334E+04
  5.555776E-01     1.660015E+04
  5.633143E-01     1.669698E+04
  5.711586E-01     1.679383E+04
  5.791123E-01     1.689068E+04
  5.871766E-01     1.698752E+04
  5.953533E-01     1.708434E+04
  6.036439E-01     1.718112E+04
  6.120498E-01     1.727785E+04
  6.205729E-01     1.737453E+04
  6.292146E-01     1.747113E+04
  6.379767E-01     1.756764E+04
  6.468608E-01     1.766405E+04
  6.558686E-01     1.776034E+04
  6.650018E-01     1.785650E+04
  6.742622E-01     1.795251E+04
  6.836516E-01     1.804836E+04
  6.931717E-01     1.814404E+04
  7.028244E-01     1.823954E+04
  7.126115E-01     1.833485E+04
  7.225349E-01     1.842995E+04
  7.325965E-01     1.852485E+04
  7.427982E-01     1.861953E+04
  7.531420E-01     1.871399E+04
  7.636298E-01     1.880823E+04
  7.742637E-01     1.890224E+04
  7.850456E-01     1.899603E+04
  7.959777E-01     1.908960E+04
  8.070620E-01     1.918296E+04
  8.183007E-01     1.927610E+04
  8.296959E-01     1.936903E+04
  8.412497E-01     1.946175E+04
  8.529644E-01     1.955423E+04
  8.648423E-01     1.964648E+04
  8.768856E-01     1.973848E+04
  8.890966E-01     1.983025E+04
  9.014776E-01     1.992177E+04
  9.140311E-01     2.001304E+04
  9.267593E-01     2.010407E+04
  9.396648E-01     2.019486E+04
  9.527500E-01     2.028541E+04
  9.660175E-01     2.037570E+04
  9.794697E-01     2.046571E+04
  9.931092E-01     2.055543E+04
  1.006939E+00     2.064485E+04
  1.020961E+00     2.073395E+04
  1.035178E+00     2.082272E+04
  1.049593E+00     2.091116E+04
  1.064209E+00     2.099924E+04
  1.079029E+00     2.108697E+04
  1.094055E+00     2.117434E+04
  1.109290E+00     2.126132E+04
  1.124737E+00     2.134789E+04
  1.140400E+00     2.143404E+04
  1.156280E+00     2.151975E+04
  1.172382E+00     2.160500E+04
  1.188708E+00     2.168978E+04
  1.205261E+00     2.177408E+04
  1.222045E+00     2.185788E+04
  1.239062E+00     2.194118E+04
  1.256317E+00     2.202395E+04
  1.273811E+00     2.210617E+04
  1.291550E+00     2.218783E+04
  1.309535E+00     2.226889E+04
  1.327771E+00     2.234934E+04
  1.346261E+00     2.242917E+04
  1.365008E+00     2.250834E+04
  1.384016E+00     2.258684E+04
  1.403289E+00     2.266466E+04
  1.422830E+00     2.274178E+04
  1.442644E+00     2.281817E+04
  1.462733E+00     2.289382E+04
  1.483103E+00     2.296871E+04
  1.503755E+00     2.304280E+04
  1.524696E+00     2.311607E+04
  1.545928E+00     2.318851E+04
  1.567455E+00     2.326008E+04
  1.589283E+00     2.333078E+04
  1.611414E+00     2.340058E+04
  1.633854E+00     2.346947E+04
  1.656606E+00     2.353742E+04
  1.679675E+00     2.360442E+04
  1.703065E+00     2.367044E+04
  1.726781E+00     2.373546E+04
  1.750827E+00     2.379945E+04
  1.775208E+00     2.386241E+04
  1.799929E+00     2.392430E+04
  1.824993E+00     2.398512E+04
  1.850407E+00     2.404485E+04
  1.876175E+00     2.410347E+04
  1.902301E+00     2.416098E+04
  1.928792E+00     2.421736E+04
  1.955651E+00     2.427258E+04
  1.982884E+00     2.432662E+04
  2.010496E+00     2.437948E+04
  2.038493E+00     2.443114E+04
  2.066880E+00     2.448158E+04
  2.095662E+00     2.453079E+04
  2.124845E+00     2.457877E+04
  2.154435E+00     2.462552E+04
  2.184436E+00     2.467103E+04
  2.214855E+00     2.471528E+04
  2.245698E+00     2.475826E+04
  2.276970E+00     2.479995E+04
  2.308678E+00     2.484035E+04
  2.340827E+00     2.487944E+04
  2.373424E+00     2.491722E+04
  2.406475E+00     2.495368E+04
  2.439986E+00     2.498883E+04
  2.473964E+00     2.502266E+04
  2.508415E+00     2.505518E+04
  2.543346E+00     2.508638E+04
  2.578763E+00     2.511625E+04
  2.614673E+00     2.514478E+04
  2.651084E+00     2.517196E+04
  2.688001E+00     2.519779E+04
  2.725433E+00     2.522227E+04
  2.763385E+00     2.524540E+04
  2.801867E+00     2.526718E+04
  2.840884E+00     2.528763E+04
  2.880444E+00     2.530676E+04
  2.920556E+00     2.532456E+04
  2.961225E+00     2.534102E+04
  3.002462E+00     2.535614E+04
  3.044272E+00     2.536993E+04
  3.086665E+00     2.538236E+04
  3.129648E+00     2.539346E+04
  3.173230E+00     2.540323E+04
  3.217418E+00     2.541168E+04
  3.262222E+00     2.541881E+04
  3.307650E+00     2.542466E+04
  3.353710E+00     2.542922E+04
  3.400412E+00     2.543248E+04
  3.447764E+00     2.543445E+04
  3.495776E+00     2.543513E+04
  3.544456E+00     2.543451E+04
  3.593814E+00     2.543261E+04
  3.643859E+00     2.542943E+04
  3.694601E+00     2.542500E+04
  3.746050E+00     2.541931E+04
  3.798215E+00     2.541240E+04
  3.851107E+00     2.540428E+04
  3.904735E+00     2.539494E+04
  3.959110E+00     2.538437E+04
  4.014242E+00     2.537259E+04
  4.070142E+00     2.535960E+04
  4.126821E+00     2.534540E+04
  4.184289E+00     2.533001E+04
  4.242556E+00     2.531344E+04
  4.301636E+00     2.529571E+04
  4.361538E+00     2.527684E+04
  4.422274E+00     2.525685E+04
  4.483856E+00     2.523572E+04
  4.546295E+00     2.521347E+04
  4.609604E+00     2.519009E+04
  4.673795E+00     2.516560E+04
  4.738880E+00     2.514000E+04
  4.804870E+00     2.511330E+04
  4.871780E+00     2.508552E+04
  4.939622E+00     2.505667E+04
  5.008408E+00     2.502679E+04
  5.078152E+00     2.499587E+04
  5.148867E+00     2.496392E+04
  5.220568E+00     2.493095E+04
  5.293266E+00     2.489695E+04
  5.366977E+00     2.486193E+04
  5.441714E+00     2.482590E+04
  5.517492E+00     2.478888E+04
  5.594326E+00     2.475087E+04
  5.672229E+00     2.471188E+04
  5.751217E+00     2.467195E+04
  5.831305E+00     2.463108E+04
  5.912508E+00     2.458926E+04
  5.994843E+00     2.454651E+04
  6.078323E+00     2.450283E+04
  6.162966E+00     2.445821E+04
  6.248788E+00     2.441267E+04
  6.335805E+00     2.436621E+04
  6.424034E+00     2.431884E+04
  6.513491E+00     2.427058E+04
  6.604194E+00     2.422144E+04
  6.696160E+00     2.417142E+04
  6.789407E+00     2.412054E+04
  6.883952E+00     2.406880E+04
  6.979814E+00     2.401620E+04
  7.077011E+00     2.396276E+04
  7.175561E+00     2.390848E+04
  7.275484E+00     2.385338E+04
  7.376798E+00     2.379746E+04
  7.479523E+00     2.374076E+04
  7.583678E+00     2.368327E+04
  7.689284E+00     2.362502E+04
  7.796360E+00     2.356602E+04
  7.904928E+00     2.350624E+04
  8.015007E+00     2.344571E+04
  8.126619E+00     2.338441E+04
  8.239786E+00     2.332235E+04
  8.354528E+00     2.325954E+04
  8.470868E+00     2.319597E+04
  8.588829E+00     2.313165E+04
  8.708431E+00     2.306658E+04
  8.829700E+00     2.300077E+04
  8.952657E+00     2.293422E+04
  9.077327E+00     2.286694E+04
  9.203732E+00     2.279893E+04
  9.331898E+00     2.273020E+04
  9.461848E+00     2.266075E+04
  9.593608E+00     2.259059E+04
  9.727203E+00     2.251973E+04
  9.862658E+00     2.244818E+04
  1.000000E+01     2.237594E+04
  1.013925E+01     2.230304E+04
  1.028045E+01     2.222948E+04
  1.042361E+01     2.215525E+04
  1.056876E+01     2.208037E+04
  1.071593E+01     2.200483E+04
  1.086516E+01     2.192866E+04
  1.101646E+01     2.185185E+04
  1.116987E+01     2.177440E+04
  1.132541E+01     2.169634E+04
  1.148312E+01     2.161767E+04
  1.164303E+01     2.153839E+04
  1.180517E+01     2.145851E+04
  1.196956E+01     2.137804E+04
  1.213624E+01     2.129698E+04
  1.230524E+01     2.121534E+04
  1.247660E+01     2.113312E+04
  1.265034E+01     2.105032E+04
  1.282650E+01     2.096696E+04
  1.300511E+01     2.088303E+04
  1.318621E+01     2.079855E+04
  1.336984E+01     2.071353E+04
  1.355602E+01     2.062796E+04
  1.374479E+01     2.054185E+04
  1.393619E+01     2.045522E+04
  1.413026E+01     2.036807E+04
  1.432703E+01     2.028041E+04
  1.452654E+01     2.019223E+04
  1.472883E+01     2.010356E+04
  1.493393E+01     2.001440E+04
  1.514189E+01     1.992476E+04
  1.535275E+01     1.983465E+04
  1.556654E+01     1.974408E+04
  1.578331E+01     1.965304E+04
  1.600310E+01     1.956157E+04
  1.622595E+01     1.946965E+04
  1.645191E+01     1.937730E+04
  1.668101E+01     1.928453E+04
  1.691330E+01     1.919135E+04
  1.714882E+01     1.909776E+04
  1.738762E+01     1.900378E+04
  1.762975E+01     1.890942E+04
  1.787526E+01     1.881468E+04
  1.812418E+01     1.871957E+04
  1.837656E+01     1.862411E+04
  1.863246E+01     1.852829E+04
  1.889193E+01     1.843214E+04
  1.915501E+01     1.833565E+04
  1.942175E+01     1.823884E+04
  1.969220E+01     1.814172E+04
  1.996642E+01     1.804429E+04
  2.024447E+01     1.794656E+04
  2.052638E+01     1.784854E+04
  2.081222E+01     1.775024E+04
  2.110203E+01     1.765168E+04
  2.139589E+01     1.755285E+04
  2.169384E+01     1.745379E+04
  2.199593E+01     1.735449E+04
  2.230223E+01     1.725496E+04
  2.261280E+01     1.715522E+04
  2.292769E+01     1.705528E+04
  2.324697E+01     1.695514E+04
  2.357069E+01     1.685482E+04
  2.389893E+01     1.675432E+04
  2.423173E+01     1.665366E+04
  2.456916E+01     1.655286E+04
  2.491130E+01     1.645192E+04
  2.525820E+01     1.635084E+04
  2.560993E+01     1.624965E+04
  2.596656E+01     1.614836E+04
  2.632815E+01     1.604696E+04
  2.669478E+01     1.594548E+04
  2.706652E+01     1.584391E+04
  2.744343E+01     1.574227E+04
  2.782559E+01     1.564059E+04
  2.821308E+01     1.553886E+04
  2.860596E+01     1.543710E+04
  2.900430E+01     1.533532E+04
  2.940820E+01     1.523354E+04
  2.981772E+01     1.513176E+04
  3.023295E+01     1.503000E+04
  3.065395E+01     1.492826E+04
  3.108082E+01     1.482656E+04
  3.151363E+01     1.472490E+04
  3.195248E+01     1.462330E+04
  3.239743E+01     1.452177E+04
  3.284857E+01     1.442032E+04
  3.330600E+01     1.431897E+04
  3.376980E+01     1.421772E+04
  3.424006E+01     1.411659E+04
  3.471687E+01     1.401557E+04
  3.520031E+01     1.391468E+04
  3.569049E+01     1.381392E+04
  3.618750E+01     1.371331E+04
  3.669142E+01     1.361286E+04
  3.720237E+01     1.351259E+04
  3.772042E+01     1.341251E+04
  3.824570E+01     1.331263E+04
  3.877828E+01     1.321296E+04
  3.931829E+01     1.311352E+04
  3.986581E+01     1.301430E+04
  4.042096E+01     1.291533E+04
  4.098384E+01     1.281660E+04
  4.155455E+01     1.271812E+04
  4.213322E+01     1.261992E+04
  4.271994E+01     1.252201E+04
  4.331483E+01     1.242438E+04
  4.391801E+01     1.232706E+04
  4.452959E+01     1.223006E+04
  4.514968E+01     1.213336E+04
  4.577841E+01     1.203700E+04
  4.641589E+01     1.194095E+04
  4.706225E+01     1.184523E+04
  4.771761E+01     1.174986E+04
  4.838210E+01     1.165484E+04
  4.905584E+01     1.156019E+04
  4.973896E+01     1.146592E+04
  5.043159E+01     1.137204E+04
  5.113388E+01     1.127857E+04
  5.184594E+01     1.118550E+04
  5.256791E+01     1.109286E+04
  5.329994E+01     1.100064E+04
  5.404216E+01     1.090884E+04
  5.479472E+01     1.081748E+04
  5.555776E+01     1.072657E+04
  5.633143E+01     1.063611E+04
  5.711586E+01     1.054613E+04
  5.791123E+01     1.045662E+04
  5.871766E+01     1.036759E+04
  5.953533E+01     1.027904E+04
  6.036439E+01     1.019098E+04
  6.120498E+01     1.010340E+04
  6.205729E+01     1.001629E+04
  6.292146E+01     9.929680E+03
  6.379767E+01     9.843568E+03
  6.468608E+01     9.757969E+03
  6.558686E+01     9.672894E+03
  6.650018E+01     9.588351E+03
  6.742622E+01     9.504346E+03
  6.836516E+01     9.420886E+03
  6.931717E+01     9.337971E+03
  7.028244E+01     9.255603E+03
  7.126115E+01     9.173779E+03
  7.225349E+01     9.092507E+03
  7.325965E+01     9.011797E+03
  7.427982E+01     8.931656E+03
  7.531420E+01     8.852091E+03
  7.636298E+01     8.773108E+03
  7.742637E+01     8.694707E+03
  7.850456E+01     8.616890E+03
  7.959777E+01     8.539653E+03
  8.070620E+01     8.462991E+03
  8.183007E+01     8.386897E+03
  8.296959E+01     8.311373E+03
  8.412497E+01     8.236431E+03
  8.529644E+01     8.162079E+03
  8.648423E+01     8.088325E+03
  8.768856E+01     8.015173E+03
  8.890966E+01     7.942629E+03
  9.014776E+01     7.870692E+03
  9.140311E+01     7.799361E+03
  9.267593E+01     7.728632E+03
  9.396648E+01     7.658500E+03
  9.527500E+01     7.588965E+03
  9.660175E+01     7.520035E+03
  9.794697E+01     7.451716E+03
  9.931092E+01     7.384012E+03
  1.006939E+02     7.316927E+03
  1.020961E+02     7.250459E+03
  1.035178E+02     7.184606E+03
  1.049593E+02     7.119365E+03
  1.064209E+02     7.054725E+03
  1.079029E+02     6.990677E+03
  1.094055E+02     6.927218E+03
  1.109290E+02     6.864354E+03
  1.124737E+02     6.802092E+03
  1.140400E+02     6.740434E+03
  1.156280E+02     6.679385E+03
  1.172382E+02     6.618942E+03
  1.188708E+02     6.559103E+03
  1.205261E+02     6.499864E+03
  1.222045E+02     6.441216E+03
  1.239062E+02     6.383149E+03
  1.256317E+02     6.325658E+03
  1.273811E+02     6.268749E+03
  1.291550E+02     6.212426E+03
  1.309535E+02     6.156694E+03
  1.327771E+02     6.101552E+03
  1.346261E+02     6.047002E+03
  1.365008E+02     5.993039E+03
  1.384016E+02     5.939658E+03
  1.403289E+02     5.886852E+03
  1.422830E+02     5.834608E+03
  1.442644E+02     5.782921E+03
  1.462733E+02     5.731794E+03
  1.483103E+02     5.681230E+03
  1.503755E+02     5.631232E+03
  1.524696E+02     5.581799E+03
  1.545928E+02     5.532929E+03
  1.567455E+02     5.484617E+03
  1.589283E+02     5.436857E+03
  1.611414E+02     5.389639E+03
  1.633854E+02     5.342950E+03
  1.656606E+02     5.296781E+03
  1.679675E+02     5.251135E+03
  1.703065E+02     5.206015E+03
  1.726781E+02     5.161422E+03
  1.750827E+02     5.117355E+03
  1.775208E+02     5.073812E+03
  1.799929E+02     5.030788E+03
  1.824993E+02     4.988276E+03
  1.850407E+02     4.946268E+03
  1.876175E+02     4.904752E+03
  1.902301E+02     4.863716E+03
  1.928792E+02     4.823164E+03
  1.955651E+02     4.783098E+03
  1.982884E+02     4.743519E+03
  2.010496E+02     4.704428E+03
  2.038493E+02     4.665822E+03
  2.066880E+02     4.627699E+03
  2.095662E+02     4.590051E+03
  2.124845E+02     4.552873E+03
  2.154435E+02     4.516152E+03
  2.184436E+02     4.479879E+03
  2.214855E+02     4.444056E+03
  2.245698E+02     4.408683E+03
  2.276970E+02     4.373761E+03
  2.308678E+02     4.339290E+03
  2.340827E+02     4.305265E+03
  2.373424E+02     4.271683E+03
  2.406475E+02     4.238538E+03
  2.439986E+02     4.205821E+03
  2.473964E+02     4.173521E+03
  2.508415E+02     4.141627E+03
  2.543346E+02     4.110139E+03
  2.578763E+02     4.079058E+03
  2.614673E+02     4.048386E+03
  2.651084E+02     4.018121E+03
  2.688001E+02     3.988262E+03
  2.725433E+02     3.958804E+03
  2.763385E+02     3.929743E+03
  2.801867E+02     3.901071E+03
  2.840884E+02     3.872778E+03
  2.880444E+02     3.844856E+03
  2.920556E+02     3.817303E+03
  2.961225E+02     3.790119E+03
  3.002462E+02     3.763305E+03
  3.044272E+02     3.736862E+03
  3.086665E+02     3.710785E+03
  3.129648E+02     3.685072E+03
  3.173230E+02     3.659718E+03
  3.217418E+02     3.634715E+03
  3.262222E+02     3.610055E+03
  3.307650E+02     3.585729E+03
  3.353710E+02     3.561734E+03
  3.400412E+02     3.538072E+03
  3.447764E+02     3.514743E+03
  3.495776E+02     3.491746E+03
  3.544456E+02     3.469080E+03
  3.593814E+02     3.446742E+03
  3.643859E+02     3.424727E+03
  3.694601E+02     3.403029E+03
  3.746050E+02     3.381642E+03
  3.798215E+02     3.360556E+03
  3.851107E+02     3.339768E+03
  3.904735E+02     3.319281E+03
  3.959110E+02     3.299093E+03
  4.014242E+02     3.279205E+03
  4.070142E+02     3.259615E+03
  4.126821E+02     3.240320E+03
  4.184289E+02     3.221316E+03
  4.242556E+02     3.202597E+03
  4.301636E+02     3.184157E+03
  4.361538E+02     3.165989E+03
  4.422274E+02     3.148088E+03
  4.483856E+02     3.130455E+03
  4.546295E+02     3.113092E+03
  4.609604E+02     3.095997E+03
  4.673795E+02     3.079169E+03
  4.738880E+02     3.062606E+03
  4.804870E+02     3.046304E+03
  4.871780E+02     3.030259E+03
  4.939622E+02     3.014465E+03
  5.008408E+02     2.998915E+03
  5.078152E+02     2.983605E+03
  5.148867E+02     2.968536E+03
  5.220568E+02     2.953708E+03
  5.293266E+02     2.939120E+03
  5.366977E+02     2.924772E+03
  5.441714E+02     2.910660E+03
  5.517492E+02     2.896782E+03
  5.594326E+02     2.883134E+03
  5.672229E+02     2.869710E+03
  5.751217E+02     2.856503E+03
  5.831305E+02     2.843510E+03
  5.912508E+02     2.830731E+03
  5.994843E+02     2.818167E+03
  6.078323E+02     2.805817E+03
  6.162966E+02     2.793680E+03
  6.248788E+02     2.781754E+03
  6.335805E+02     2.770037E+03
  6.424034E+02     2.758525E+03
  6.513491E+02     2.747213E+03
  6.604194E+02     2.736097E+03
  6.696160E+02     2.725171E+03
  6.789407E+02     2.714436E+03
  6.883952E+02     2.703890E+03
  6.979814E+02     2.693532E+03
  7.077011E+02     2.683361E+03
  7.175561E+02     2.673373E+03
  7.275484E+02     2.663564E+03
  7.376798E+02     2.653930E+03
  7.479523E+02     2.644466E+03
  7.583678E+02     2.635165E+03
  7.689284E+02     2.626023E+03
  7.796360E+02     2.617042E+03
  7.904928E+02     2.608224E+03
  8.015007E+02     2.599574E+03
  8.126619E+02     2.591094E+03
  8.239786E+02     2.582786E+03
  8.354528E+02     2.574651E+03
  8.470868E+02     2.566693E+03
  8.588829E+02     2.558912E+03
  8.708431E+02     2.551309E+03
  8.829700E+02     2.543880E+03
  8.952657E+02     2.536612E+03
  9.077327E+02     2.529485E+03
  9.203732E+02     2.522478E+03
  9.331898E+02     2.515569E+03
  9.461848E+02     2.508731E+03
  9.593608E+02     2.501937E+03
  9.727203E+02     2.495156E+03
  9.862658E+02     2.488356E+03
  1.000000E+03     2.481499E+03
