FILE CREATED BY  : PROGRAM DPASS - VERSION 2.00
DATABASE VERSION : 21.06
DATE AND TIME    : 09/08/2022 22:39:55
PROJECTILE       : Pd
TARGET           : Co
TARGET AT. MASS  : 5.893320E+01
TARGET DENSITY   : 8.900000E+00 g/cm^3
TABULATED OUTPUT : STOPPING FORCE VERSUS ENERGY
DATA TYPE        : SPLINE INTERPOLATED
ABSCISSA UNITS   : MeV/u
ORDINATE UNITS   : eV/nm


      E/n             S(E/n)

  1.000000E-03     1.108129E+03
  1.013925E-03     1.115659E+03
  1.028045E-03     1.123289E+03
  1.042361E-03     1.131014E+03
  1.056876E-03     1.138829E+03
  1.071593E-03     1.146730E+03
  1.086516E-03     1.154710E+03
  1.101646E-03     1.162763E+03
  1.116987E-03     1.170882E+03
  1.132541E-03     1.179060E+03
  1.148312E-03     1.187288E+03
  1.164303E-03     1.195560E+03
  1.180517E-03     1.203874E+03
  1.196956E-03     1.212233E+03
  1.213624E-03     1.220637E+03
  1.230524E-03     1.229090E+03
  1.247660E-03     1.237593E+03
  1.265034E-03     1.246150E+03
  1.282650E-03     1.254763E+03
  1.300511E-03     1.263436E+03
  1.318621E-03     1.272171E+03
  1.336984E-03     1.280972E+03
  1.355602E-03     1.289840E+03
  1.374479E-03     1.298775E+03
  1.393619E-03     1.307776E+03
  1.413026E-03     1.316844E+03
  1.432703E-03     1.325977E+03
  1.452654E-03     1.335177E+03
  1.472883E-03     1.344442E+03
  1.493393E-03     1.353772E+03
  1.514189E-03     1.363167E+03
  1.535275E-03     1.372626E+03
  1.556654E-03     1.382151E+03
  1.578331E-03     1.391740E+03
  1.600310E-03     1.401396E+03
  1.622595E-03     1.411118E+03
  1.645191E-03     1.420906E+03
  1.668101E-03     1.430763E+03
  1.691330E-03     1.440688E+03
  1.714882E-03     1.450682E+03
  1.738762E-03     1.460747E+03
  1.762975E-03     1.470883E+03
  1.787526E-03     1.481092E+03
  1.812418E-03     1.491372E+03
  1.837656E-03     1.501726E+03
  1.863246E-03     1.512152E+03
  1.889193E-03     1.522651E+03
  1.915501E-03     1.533225E+03
  1.942175E-03     1.543873E+03
  1.969220E-03     1.554595E+03
  1.996642E-03     1.565394E+03
  2.024447E-03     1.576268E+03
  2.052638E-03     1.587219E+03
  2.081222E-03     1.598247E+03
  2.110203E-03     1.609352E+03
  2.139589E-03     1.620535E+03
  2.169384E-03     1.631797E+03
  2.199593E-03     1.643137E+03
  2.230223E-03     1.654556E+03
  2.261280E-03     1.666055E+03
  2.292769E-03     1.677635E+03
  2.324697E-03     1.689297E+03
  2.357069E-03     1.701040E+03
  2.389893E-03     1.712866E+03
  2.423173E-03     1.724776E+03
  2.456916E-03     1.736769E+03
  2.491130E-03     1.748846E+03
  2.525820E-03     1.761009E+03
  2.560993E-03     1.773258E+03
  2.596656E-03     1.785593E+03
  2.632815E-03     1.798017E+03
  2.669478E-03     1.810530E+03
  2.706652E-03     1.823132E+03
  2.744343E-03     1.835825E+03
  2.782559E-03     1.848608E+03
  2.821308E-03     1.861482E+03
  2.860596E-03     1.874448E+03
  2.900430E-03     1.887505E+03
  2.940820E-03     1.900655E+03
  2.981772E-03     1.913898E+03
  3.023295E-03     1.927234E+03
  3.065395E-03     1.940664E+03
  3.108082E-03     1.954190E+03
  3.151363E-03     1.967811E+03
  3.195248E-03     1.981528E+03
  3.239743E-03     1.995342E+03
  3.284857E-03     2.009253E+03
  3.330600E-03     2.023262E+03
  3.376980E-03     2.037370E+03
  3.424006E-03     2.051578E+03
  3.471687E-03     2.065887E+03
  3.520031E-03     2.080299E+03
  3.569049E-03     2.094813E+03
  3.618750E-03     2.109431E+03
  3.669142E-03     2.124153E+03
  3.720237E-03     2.138980E+03
  3.772042E-03     2.153912E+03
  3.824570E-03     2.168951E+03
  3.877828E-03     2.184097E+03
  3.931829E-03     2.199350E+03
  3.986581E-03     2.214713E+03
  4.042096E-03     2.230185E+03
  4.098384E-03     2.245769E+03
  4.155455E-03     2.261464E+03
  4.213322E-03     2.277272E+03
  4.271994E-03     2.293192E+03
  4.331483E-03     2.309226E+03
  4.391801E-03     2.325375E+03
  4.452959E-03     2.341638E+03
  4.514968E-03     2.358018E+03
  4.577841E-03     2.374515E+03
  4.641589E-03     2.391130E+03
  4.706225E-03     2.407865E+03
  4.771761E-03     2.424720E+03
  4.838210E-03     2.441696E+03
  4.905584E-03     2.458793E+03
  4.973896E-03     2.476014E+03
  5.043159E-03     2.493357E+03
  5.113388E-03     2.510825E+03
  5.184594E-03     2.528419E+03
  5.256791E-03     2.546139E+03
  5.329994E-03     2.563988E+03
  5.404216E-03     2.581966E+03
  5.479472E-03     2.600075E+03
  5.555776E-03     2.618315E+03
  5.633143E-03     2.636686E+03
  5.711586E-03     2.655190E+03
  5.791123E-03     2.673827E+03
  5.871766E-03     2.692599E+03
  5.953533E-03     2.711506E+03
  6.036439E-03     2.730551E+03
  6.120498E-03     2.749733E+03
  6.205729E-03     2.769055E+03
  6.292146E-03     2.788517E+03
  6.379767E-03     2.808120E+03
  6.468608E-03     2.827865E+03
  6.558686E-03     2.847753E+03
  6.650018E-03     2.867785E+03
  6.742622E-03     2.887961E+03
  6.836516E-03     2.908285E+03
  6.931717E-03     2.928755E+03
  7.028244E-03     2.949375E+03
  7.126115E-03     2.970146E+03
  7.225349E-03     2.991068E+03
  7.325965E-03     3.012143E+03
  7.427982E-03     3.033371E+03
  7.531420E-03     3.054754E+03
  7.636298E-03     3.076293E+03
  7.742637E-03     3.097990E+03
  7.850456E-03     3.119844E+03
  7.959777E-03     3.141859E+03
  8.070620E-03     3.164036E+03
  8.183007E-03     3.186376E+03
  8.296959E-03     3.208881E+03
  8.412497E-03     3.231552E+03
  8.529644E-03     3.254390E+03
  8.648423E-03     3.277394E+03
  8.768856E-03     3.300568E+03
  8.890966E-03     3.323912E+03
  9.014776E-03     3.347426E+03
  9.140311E-03     3.371114E+03
  9.267593E-03     3.394975E+03
  9.396648E-03     3.419013E+03
  9.527500E-03     3.443228E+03
  9.660175E-03     3.467621E+03
  9.794697E-03     3.492194E+03
  9.931092E-03     3.516948E+03
  1.006939E-02     3.541884E+03
  1.020961E-02     3.567003E+03
  1.035178E-02     3.592309E+03
  1.049593E-02     3.617801E+03
  1.064209E-02     3.643482E+03
  1.079029E-02     3.669355E+03
  1.094055E-02     3.695421E+03
  1.109290E-02     3.721681E+03
  1.124737E-02     3.748136E+03
  1.140400E-02     3.774787E+03
  1.156280E-02     3.801636E+03
  1.172382E-02     3.828684E+03
  1.188708E-02     3.855932E+03
  1.205261E-02     3.883383E+03
  1.222045E-02     3.911038E+03
  1.239062E-02     3.938900E+03
  1.256317E-02     3.966969E+03
  1.273811E-02     3.995247E+03
  1.291550E-02     4.023736E+03
  1.309535E-02     4.052437E+03
  1.327771E-02     4.081351E+03
  1.346261E-02     4.110481E+03
  1.365008E-02     4.139828E+03
  1.384016E-02     4.169393E+03
  1.403289E-02     4.199181E+03
  1.422830E-02     4.229191E+03
  1.442644E-02     4.259428E+03
  1.462733E-02     4.289892E+03
  1.483103E-02     4.320584E+03
  1.503755E-02     4.351507E+03
  1.524696E-02     4.382661E+03
  1.545928E-02     4.414048E+03
  1.567455E-02     4.445672E+03
  1.589283E-02     4.477532E+03
  1.611414E-02     4.509633E+03
  1.633854E-02     4.541976E+03
  1.656606E-02     4.574564E+03
  1.679675E-02     4.607398E+03
  1.703065E-02     4.640479E+03
  1.726781E-02     4.673810E+03
  1.750827E-02     4.707391E+03
  1.775208E-02     4.741226E+03
  1.799929E-02     4.775314E+03
  1.824993E-02     4.809660E+03
  1.850407E-02     4.844265E+03
  1.876175E-02     4.879131E+03
  1.902301E-02     4.914262E+03
  1.928792E-02     4.949658E+03
  1.955651E-02     4.985321E+03
  1.982884E-02     5.021252E+03
  2.010496E-02     5.057453E+03
  2.038493E-02     5.093925E+03
  2.066880E-02     5.130671E+03
  2.095662E-02     5.167692E+03
  2.124845E-02     5.204991E+03
  2.154435E-02     5.242569E+03
  2.184436E-02     5.280430E+03
  2.214855E-02     5.318575E+03
  2.245698E-02     5.357006E+03
  2.276970E-02     5.395725E+03
  2.308678E-02     5.434736E+03
  2.340827E-02     5.474039E+03
  2.373424E-02     5.513638E+03
  2.406475E-02     5.553536E+03
  2.439986E-02     5.593736E+03
  2.473964E-02     5.634242E+03
  2.508415E-02     5.675057E+03
  2.543346E-02     5.716184E+03
  2.578763E-02     5.757624E+03
  2.614673E-02     5.799378E+03
  2.651084E-02     5.841451E+03
  2.688001E-02     5.883842E+03
  2.725433E-02     5.926555E+03
  2.763385E-02     5.969593E+03
  2.801867E-02     6.012959E+03
  2.840884E-02     6.056655E+03
  2.880444E-02     6.100685E+03
  2.920556E-02     6.145051E+03
  2.961225E-02     6.189755E+03
  3.002462E-02     6.234797E+03
  3.044272E-02     6.280180E+03
  3.086665E-02     6.325905E+03
  3.129648E-02     6.371975E+03
  3.173230E-02     6.418391E+03
  3.217418E-02     6.465157E+03
  3.262222E-02     6.512275E+03
  3.307650E-02     6.559747E+03
  3.353710E-02     6.607575E+03
  3.400412E-02     6.655760E+03
  3.447764E-02     6.704304E+03
  3.495776E-02     6.753208E+03
  3.544456E-02     6.802473E+03
  3.593814E-02     6.852101E+03
  3.643859E-02     6.902094E+03
  3.694601E-02     6.952453E+03
  3.746050E-02     7.003181E+03
  3.798215E-02     7.054280E+03
  3.851107E-02     7.105751E+03
  3.904735E-02     7.157596E+03
  3.959110E-02     7.209814E+03
  4.014242E-02     7.262408E+03
  4.070142E-02     7.315378E+03
  4.126821E-02     7.368725E+03
  4.184289E-02     7.422451E+03
  4.242556E-02     7.476558E+03
  4.301636E-02     7.531047E+03
  4.361538E-02     7.585921E+03
  4.422274E-02     7.641180E+03
  4.483856E-02     7.696825E+03
  4.546295E-02     7.752859E+03
  4.609604E-02     7.809281E+03
  4.673795E-02     7.866093E+03
  4.738880E-02     7.923297E+03
  4.804870E-02     7.980895E+03
  4.871780E-02     8.038887E+03
  4.939622E-02     8.097278E+03
  5.008408E-02     8.156069E+03
  5.078152E-02     8.215262E+03
  5.148867E-02     8.274858E+03
  5.220568E-02     8.334858E+03
  5.293266E-02     8.395264E+03
  5.366977E-02     8.456077E+03
  5.441714E-02     8.517299E+03
  5.517492E-02     8.578932E+03
  5.594326E-02     8.640978E+03
  5.672229E-02     8.703441E+03
  5.751217E-02     8.766323E+03
  5.831305E-02     8.829626E+03
  5.912508E-02     8.893353E+03
  5.994843E-02     8.957504E+03
  6.078323E-02     9.022081E+03
  6.162966E-02     9.087087E+03
  6.248788E-02     9.152523E+03
  6.335805E-02     9.218394E+03
  6.424034E-02     9.284701E+03
  6.513491E-02     9.351448E+03
  6.604194E-02     9.418640E+03
  6.696160E-02     9.486279E+03
  6.789407E-02     9.554368E+03
  6.883952E-02     9.622908E+03
  6.979814E-02     9.691903E+03
  7.077011E-02     9.761356E+03
  7.175561E-02     9.831268E+03
  7.275484E-02     9.901645E+03
  7.376798E-02     9.972489E+03
  7.479523E-02     1.004381E+04
  7.583678E-02     1.011560E+04
  7.689284E-02     1.018788E+04
  7.796360E-02     1.026064E+04
  7.904928E-02     1.033389E+04
  8.015007E-02     1.040764E+04
  8.126619E-02     1.048187E+04
  8.239786E-02     1.055661E+04
  8.354528E-02     1.063184E+04
  8.470868E-02     1.070759E+04
  8.588829E-02     1.078384E+04
  8.708431E-02     1.086062E+04
  8.829700E-02     1.093792E+04
  8.952657E-02     1.101575E+04
  9.077327E-02     1.109411E+04
  9.203732E-02     1.117301E+04
  9.331898E-02     1.125245E+04
  9.461848E-02     1.133243E+04
  9.593608E-02     1.141296E+04
  9.727203E-02     1.149406E+04
  9.862658E-02     1.157571E+04
  1.000000E-01     1.165794E+04
  1.013925E-01     1.174074E+04
  1.028045E-01     1.182413E+04
  1.042361E-01     1.190810E+04
  1.056876E-01     1.199267E+04
  1.071593E-01     1.207783E+04
  1.086516E-01     1.216360E+04
  1.101646E-01     1.224997E+04
  1.116987E-01     1.233696E+04
  1.132541E-01     1.242457E+04
  1.148312E-01     1.251281E+04
  1.164303E-01     1.260169E+04
  1.180517E-01     1.269122E+04
  1.196956E-01     1.278139E+04
  1.213624E-01     1.287222E+04
  1.230524E-01     1.296371E+04
  1.247660E-01     1.305586E+04
  1.265034E-01     1.314869E+04
  1.282650E-01     1.324219E+04
  1.300511E-01     1.333638E+04
  1.318621E-01     1.343127E+04
  1.336984E-01     1.352686E+04
  1.355602E-01     1.362317E+04
  1.374479E-01     1.372018E+04
  1.393619E-01     1.381793E+04
  1.413026E-01     1.391639E+04
  1.432703E-01     1.401559E+04
  1.452654E-01     1.411553E+04
  1.472883E-01     1.421621E+04
  1.493393E-01     1.431765E+04
  1.514189E-01     1.441985E+04
  1.535275E-01     1.452283E+04
  1.556654E-01     1.462658E+04
  1.578331E-01     1.473111E+04
  1.600310E-01     1.483643E+04
  1.622595E-01     1.494254E+04
  1.645191E-01     1.504945E+04
  1.668101E-01     1.515716E+04
  1.691330E-01     1.526567E+04
  1.714882E-01     1.537500E+04
  1.738762E-01     1.548515E+04
  1.762975E-01     1.559612E+04
  1.787526E-01     1.570793E+04
  1.812418E-01     1.582058E+04
  1.837656E-01     1.593406E+04
  1.863246E-01     1.604839E+04
  1.889193E-01     1.616357E+04
  1.915501E-01     1.627960E+04
  1.942175E-01     1.639649E+04
  1.969220E-01     1.651423E+04
  1.996642E-01     1.663285E+04
  2.024447E-01     1.675234E+04
  2.052638E-01     1.687271E+04
  2.081222E-01     1.699396E+04
  2.110203E-01     1.711608E+04
  2.139589E-01     1.723909E+04
  2.169384E-01     1.736297E+04
  2.199593E-01     1.748772E+04
  2.230223E-01     1.761336E+04
  2.261280E-01     1.773987E+04
  2.292769E-01     1.786727E+04
  2.324697E-01     1.799554E+04
  2.357069E-01     1.812469E+04
  2.389893E-01     1.825471E+04
  2.423173E-01     1.838559E+04
  2.456916E-01     1.851731E+04
  2.491130E-01     1.864988E+04
  2.525820E-01     1.878326E+04
  2.560993E-01     1.891746E+04
  2.596656E-01     1.905246E+04
  2.632815E-01     1.918825E+04
  2.669478E-01     1.932481E+04
  2.706652E-01     1.946214E+04
  2.744343E-01     1.960021E+04
  2.782559E-01     1.973901E+04
  2.821308E-01     1.987855E+04
  2.860596E-01     2.001880E+04
  2.900430E-01     2.015975E+04
  2.940820E-01     2.030139E+04
  2.981772E-01     2.044370E+04
  3.023295E-01     2.058668E+04
  3.065395E-01     2.073031E+04
  3.108082E-01     2.087457E+04
  3.151363E-01     2.101946E+04
  3.195248E-01     2.116497E+04
  3.239743E-01     2.131107E+04
  3.284857E-01     2.145776E+04
  3.330600E-01     2.160502E+04
  3.376980E-01     2.175285E+04
  3.424006E-01     2.190123E+04
  3.471687E-01     2.205015E+04
  3.520031E-01     2.219959E+04
  3.569049E-01     2.234955E+04
  3.618750E-01     2.250001E+04
  3.669142E-01     2.265095E+04
  3.720237E-01     2.280237E+04
  3.772042E-01     2.295424E+04
  3.824570E-01     2.310656E+04
  3.877828E-01     2.325931E+04
  3.931829E-01     2.341247E+04
  3.986581E-01     2.356604E+04
  4.042096E-01     2.372000E+04
  4.098384E-01     2.387434E+04
  4.155455E-01     2.402904E+04
  4.213322E-01     2.418408E+04
  4.271994E-01     2.433944E+04
  4.331483E-01     2.449511E+04
  4.391801E-01     2.465107E+04
  4.452959E-01     2.480730E+04
  4.514968E-01     2.496378E+04
  4.577841E-01     2.512049E+04
  4.641589E-01     2.527743E+04
  4.706225E-01     2.543458E+04
  4.771761E-01     2.559190E+04
  4.838210E-01     2.574939E+04
  4.905584E-01     2.590701E+04
  4.973896E-01     2.606474E+04
  5.043159E-01     2.622256E+04
  5.113388E-01     2.638044E+04
  5.184594E-01     2.653837E+04
  5.256791E-01     2.669632E+04
  5.329994E-01     2.685427E+04
  5.404216E-01     2.701220E+04
  5.479472E-01     2.717008E+04
  5.555776E-01     2.732788E+04
  5.633143E-01     2.748558E+04
  5.711586E-01     2.764314E+04
  5.791123E-01     2.780054E+04
  5.871766E-01     2.795774E+04
  5.953533E-01     2.811473E+04
  6.036439E-01     2.827147E+04
  6.120498E-01     2.842794E+04
  6.205729E-01     2.858411E+04
  6.292146E-01     2.873995E+04
  6.379767E-01     2.889543E+04
  6.468608E-01     2.905051E+04
  6.558686E-01     2.920515E+04
  6.650018E-01     2.935934E+04
  6.742622E-01     2.951302E+04
  6.836516E-01     2.966617E+04
  6.931717E-01     2.981877E+04
  7.028244E-01     2.997077E+04
  7.126115E-01     3.012216E+04
  7.225349E-01     3.027289E+04
  7.325965E-01     3.042294E+04
  7.427982E-01     3.057226E+04
  7.531420E-01     3.072081E+04
  7.636298E-01     3.086857E+04
  7.742637E-01     3.101550E+04
  7.850456E-01     3.116157E+04
  7.959777E-01     3.130674E+04
  8.070620E-01     3.145100E+04
  8.183007E-01     3.159431E+04
  8.296959E-01     3.173664E+04
  8.412497E-01     3.187795E+04
  8.529644E-01     3.201820E+04
  8.648423E-01     3.215735E+04
  8.768856E-01     3.229538E+04
  8.890966E-01     3.243224E+04
  9.014776E-01     3.256791E+04
  9.140311E-01     3.270236E+04
  9.267593E-01     3.283556E+04
  9.396648E-01     3.296749E+04
  9.527500E-01     3.309811E+04
  9.660175E-01     3.322739E+04
  9.794697E-01     3.335529E+04
  9.931092E-01     3.348179E+04
  1.006939E+00     3.360685E+04
  1.020961E+00     3.373044E+04
  1.035178E+00     3.385254E+04
  1.049593E+00     3.397313E+04
  1.064209E+00     3.409218E+04
  1.079029E+00     3.420969E+04
  1.094055E+00     3.432563E+04
  1.109290E+00     3.443998E+04
  1.124737E+00     3.455269E+04
  1.140400E+00     3.466375E+04
  1.156280E+00     3.477314E+04
  1.172382E+00     3.488083E+04
  1.188708E+00     3.498682E+04
  1.205261E+00     3.509108E+04
  1.222045E+00     3.519361E+04
  1.239062E+00     3.529442E+04
  1.256317E+00     3.539349E+04
  1.273811E+00     3.549079E+04
  1.291550E+00     3.558632E+04
  1.309535E+00     3.568005E+04
  1.327771E+00     3.577196E+04
  1.346261E+00     3.586205E+04
  1.365008E+00     3.595032E+04
  1.384016E+00     3.603676E+04
  1.403289E+00     3.612138E+04
  1.422830E+00     3.620420E+04
  1.442644E+00     3.628521E+04
  1.462733E+00     3.636441E+04
  1.483103E+00     3.644178E+04
  1.503755E+00     3.651730E+04
  1.524696E+00     3.659098E+04
  1.545928E+00     3.666281E+04
  1.567455E+00     3.673281E+04
  1.589283E+00     3.680096E+04
  1.611414E+00     3.686731E+04
  1.633854E+00     3.693186E+04
  1.656606E+00     3.699464E+04
  1.679675E+00     3.705563E+04
  1.703065E+00     3.711483E+04
  1.726781E+00     3.717223E+04
  1.750827E+00     3.722784E+04
  1.775208E+00     3.728166E+04
  1.799929E+00     3.733369E+04
  1.824993E+00     3.738396E+04
  1.850407E+00     3.743249E+04
  1.876175E+00     3.747931E+04
  1.902301E+00     3.752444E+04
  1.928792E+00     3.756788E+04
  1.955651E+00     3.760962E+04
  1.982884E+00     3.764966E+04
  2.010496E+00     3.768801E+04
  2.038493E+00     3.772468E+04
  2.066880E+00     3.775967E+04
  2.095662E+00     3.779300E+04
  2.124845E+00     3.782470E+04
  2.154435E+00     3.785480E+04
  2.184436E+00     3.788332E+04
  2.214855E+00     3.791027E+04
  2.245698E+00     3.793564E+04
  2.276970E+00     3.795944E+04
  2.308678E+00     3.798166E+04
  2.340827E+00     3.800231E+04
  2.373424E+00     3.802140E+04
  2.406475E+00     3.803896E+04
  2.439986E+00     3.805500E+04
  2.473964E+00     3.806955E+04
  2.508415E+00     3.808263E+04
  2.543346E+00     3.809426E+04
  2.578763E+00     3.810442E+04
  2.614673E+00     3.811312E+04
  2.651084E+00     3.812036E+04
  2.688001E+00     3.812613E+04
  2.725433E+00     3.813047E+04
  2.763385E+00     3.813337E+04
  2.801867E+00     3.813485E+04
  2.840884E+00     3.813494E+04
  2.880444E+00     3.813367E+04
  2.920556E+00     3.813103E+04
  2.961225E+00     3.812703E+04
  3.002462E+00     3.812166E+04
  3.044272E+00     3.811492E+04
  3.086665E+00     3.810681E+04
  3.129648E+00     3.809736E+04
  3.173230E+00     3.808655E+04
  3.217418E+00     3.807442E+04
  3.262222E+00     3.806097E+04
  3.307650E+00     3.804624E+04
  3.353710E+00     3.803022E+04
  3.400412E+00     3.801291E+04
  3.447764E+00     3.799430E+04
  3.495776E+00     3.797439E+04
  3.544456E+00     3.795319E+04
  3.593814E+00     3.793070E+04
  3.643859E+00     3.790692E+04
  3.694601E+00     3.788187E+04
  3.746050E+00     3.785555E+04
  3.798215E+00     3.782799E+04
  3.851107E+00     3.779919E+04
  3.904735E+00     3.776913E+04
  3.959110E+00     3.773783E+04
  4.014242E+00     3.770527E+04
  4.070142E+00     3.767146E+04
  4.126821E+00     3.763639E+04
  4.184289E+00     3.760009E+04
  4.242556E+00     3.756255E+04
  4.301636E+00     3.752378E+04
  4.361538E+00     3.748380E+04
  4.422274E+00     3.744260E+04
  4.483856E+00     3.740020E+04
  4.546295E+00     3.735657E+04
  4.609604E+00     3.731172E+04
  4.673795E+00     3.726564E+04
  4.738880E+00     3.721833E+04
  4.804870E+00     3.716980E+04
  4.871780E+00     3.712004E+04
  4.939622E+00     3.706907E+04
  5.008408E+00     3.701689E+04
  5.078152E+00     3.696350E+04
  5.148867E+00     3.690890E+04
  5.220568E+00     3.685309E+04
  5.293266E+00     3.679605E+04
  5.366977E+00     3.673779E+04
  5.441714E+00     3.667831E+04
  5.517492E+00     3.661761E+04
  5.594326E+00     3.655569E+04
  5.672229E+00     3.649255E+04
  5.751217E+00     3.642821E+04
  5.831305E+00     3.636267E+04
  5.912508E+00     3.629592E+04
  5.994843E+00     3.622795E+04
  6.078323E+00     3.615878E+04
  6.162966E+00     3.608838E+04
  6.248788E+00     3.601676E+04
  6.335805E+00     3.594393E+04
  6.424034E+00     3.586988E+04
  6.513491E+00     3.579463E+04
  6.604194E+00     3.571817E+04
  6.696160E+00     3.564051E+04
  6.789407E+00     3.556165E+04
  6.883952E+00     3.548159E+04
  6.979814E+00     3.540035E+04
  7.077011E+00     3.531791E+04
  7.175561E+00     3.523430E+04
  7.275484E+00     3.514952E+04
  7.376798E+00     3.506357E+04
  7.479523E+00     3.497648E+04
  7.583678E+00     3.488826E+04
  7.689284E+00     3.479891E+04
  7.796360E+00     3.470845E+04
  7.904928E+00     3.461686E+04
  8.015007E+00     3.452415E+04
  8.126619E+00     3.443032E+04
  8.239786E+00     3.433537E+04
  8.354528E+00     3.423930E+04
  8.470868E+00     3.414211E+04
  8.588829E+00     3.404381E+04
  8.708431E+00     3.394441E+04
  8.829700E+00     3.384390E+04
  8.952657E+00     3.374230E+04
  9.077327E+00     3.363959E+04
  9.203732E+00     3.353577E+04
  9.331898E+00     3.343085E+04
  9.461848E+00     3.332483E+04
  9.593608E+00     3.321770E+04
  9.727203E+00     3.310947E+04
  9.862658E+00     3.300013E+04
  1.000000E+01     3.288970E+04
  1.013925E+01     3.277817E+04
  1.028045E+01     3.266556E+04
  1.042361E+01     3.255186E+04
  1.056876E+01     3.243707E+04
  1.071593E+01     3.232122E+04
  1.086516E+01     3.220431E+04
  1.101646E+01     3.208634E+04
  1.116987E+01     3.196733E+04
  1.132541E+01     3.184728E+04
  1.148312E+01     3.172622E+04
  1.164303E+01     3.160416E+04
  1.180517E+01     3.148110E+04
  1.196956E+01     3.135704E+04
  1.213624E+01     3.123201E+04
  1.230524E+01     3.110601E+04
  1.247660E+01     3.097904E+04
  1.265034E+01     3.085112E+04
  1.282650E+01     3.072225E+04
  1.300511E+01     3.059246E+04
  1.318621E+01     3.046175E+04
  1.336984E+01     3.033014E+04
  1.355602E+01     3.019763E+04
  1.374479E+01     3.006425E+04
  1.393619E+01     2.993000E+04
  1.413026E+01     2.979489E+04
  1.432703E+01     2.965895E+04
  1.452654E+01     2.952218E+04
  1.472883E+01     2.938459E+04
  1.493393E+01     2.924622E+04
  1.514189E+01     2.910706E+04
  1.535275E+01     2.896715E+04
  1.556654E+01     2.882649E+04
  1.578331E+01     2.868509E+04
  1.600310E+01     2.854297E+04
  1.622595E+01     2.840013E+04
  1.645191E+01     2.825660E+04
  1.668101E+01     2.811237E+04
  1.691330E+01     2.796746E+04
  1.714882E+01     2.782188E+04
  1.738762E+01     2.767565E+04
  1.762975E+01     2.752877E+04
  1.787526E+01     2.738127E+04
  1.812418E+01     2.723315E+04
  1.837656E+01     2.708443E+04
  1.863246E+01     2.693514E+04
  1.889193E+01     2.678528E+04
  1.915501E+01     2.663487E+04
  1.942175E+01     2.648393E+04
  1.969220E+01     2.633248E+04
  1.996642E+01     2.618054E+04
  2.024447E+01     2.602812E+04
  2.052638E+01     2.587525E+04
  2.081222E+01     2.572193E+04
  2.110203E+01     2.556820E+04
  2.139589E+01     2.541407E+04
  2.169384E+01     2.525957E+04
  2.199593E+01     2.510471E+04
  2.230223E+01     2.494951E+04
  2.261280E+01     2.479401E+04
  2.292769E+01     2.463820E+04
  2.324697E+01     2.448213E+04
  2.357069E+01     2.432580E+04
  2.389893E+01     2.416923E+04
  2.423173E+01     2.401244E+04
  2.456916E+01     2.385544E+04
  2.491130E+01     2.369825E+04
  2.525820E+01     2.354088E+04
  2.560993E+01     2.338335E+04
  2.596656E+01     2.322566E+04
  2.632815E+01     2.306782E+04
  2.669478E+01     2.290985E+04
  2.706652E+01     2.275176E+04
  2.744343E+01     2.259358E+04
  2.782559E+01     2.243532E+04
  2.821308E+01     2.227701E+04
  2.860596E+01     2.211868E+04
  2.900430E+01     2.196035E+04
  2.940820E+01     2.180204E+04
  2.981772E+01     2.164378E+04
  3.023295E+01     2.148559E+04
  3.065395E+01     2.132748E+04
  3.108082E+01     2.116948E+04
  3.151363E+01     2.101162E+04
  3.195248E+01     2.085391E+04
  3.239743E+01     2.069637E+04
  3.284857E+01     2.053902E+04
  3.330600E+01     2.038189E+04
  3.376980E+01     2.022499E+04
  3.424006E+01     2.006833E+04
  3.471687E+01     1.991193E+04
  3.520031E+01     1.975581E+04
  3.569049E+01     1.959996E+04
  3.618750E+01     1.944443E+04
  3.669142E+01     1.928922E+04
  3.720237E+01     1.913436E+04
  3.772042E+01     1.897988E+04
  3.824570E+01     1.882578E+04
  3.877828E+01     1.867209E+04
  3.931829E+01     1.851882E+04
  3.986581E+01     1.836598E+04
  4.042096E+01     1.821358E+04
  4.098384E+01     1.806164E+04
  4.155455E+01     1.791018E+04
  4.213322E+01     1.775921E+04
  4.271994E+01     1.760875E+04
  4.331483E+01     1.745884E+04
  4.391801E+01     1.730947E+04
  4.452959E+01     1.716067E+04
  4.514968E+01     1.701245E+04
  4.577841E+01     1.686481E+04
  4.641589E+01     1.671777E+04
  4.706225E+01     1.657132E+04
  4.771761E+01     1.642550E+04
  4.838210E+01     1.628032E+04
  4.905584E+01     1.613581E+04
  4.973896E+01     1.599200E+04
  5.043159E+01     1.584889E+04
  5.113388E+01     1.570650E+04
  5.184594E+01     1.556486E+04
  5.256791E+01     1.542397E+04
  5.329994E+01     1.528383E+04
  5.404216E+01     1.514447E+04
  5.479472E+01     1.500589E+04
  5.555776E+01     1.486811E+04
  5.633143E+01     1.473115E+04
  5.711586E+01     1.459502E+04
  5.791123E+01     1.445973E+04
  5.871766E+01     1.432528E+04
  5.953533E+01     1.419169E+04
  6.036439E+01     1.405894E+04
  6.120498E+01     1.392704E+04
  6.205729E+01     1.379597E+04
  6.292146E+01     1.366575E+04
  6.379767E+01     1.353639E+04
  6.468608E+01     1.340791E+04
  6.558686E+01     1.328032E+04
  6.650018E+01     1.315362E+04
  6.742622E+01     1.302782E+04
  6.836516E+01     1.290292E+04
  6.931717E+01     1.277892E+04
  7.028244E+01     1.265581E+04
  7.126115E+01     1.253358E+04
  7.225349E+01     1.241223E+04
  7.325965E+01     1.229180E+04
  7.427982E+01     1.217230E+04
  7.531420E+01     1.205375E+04
  7.636298E+01     1.193616E+04
  7.742637E+01     1.181954E+04
  7.850456E+01     1.170391E+04
  7.959777E+01     1.158926E+04
  8.070620E+01     1.147561E+04
  8.183007E+01     1.136294E+04
  8.296959E+01     1.125127E+04
  8.412497E+01     1.114061E+04
  8.529644E+01     1.103097E+04
  8.648423E+01     1.092235E+04
  8.768856E+01     1.081475E+04
  8.890966E+01     1.070817E+04
  9.014776E+01     1.060262E+04
  9.140311E+01     1.049806E+04
  9.267593E+01     1.039450E+04
  9.396648E+01     1.029191E+04
  9.527500E+01     1.019029E+04
  9.660175E+01     1.008965E+04
  9.794697E+01     9.989990E+03
  9.931092E+01     9.891329E+03
  1.006939E+02     9.793664E+03
  1.020961E+02     9.696997E+03
  1.035178E+02     9.601321E+03
  1.049593E+02     9.506630E+03
  1.064209E+02     9.412908E+03
  1.079029E+02     9.320140E+03
  1.094055E+02     9.228320E+03
  1.109290E+02     9.137456E+03
  1.124737E+02     9.047558E+03
  1.140400E+02     8.958629E+03
  1.156280E+02     8.870672E+03
  1.172382E+02     8.783685E+03
  1.188708E+02     8.697662E+03
  1.205261E+02     8.612594E+03
  1.222045E+02     8.528468E+03
  1.239062E+02     8.445265E+03
  1.256317E+02     8.362976E+03
  1.273811E+02     8.281608E+03
  1.291550E+02     8.201168E+03
  1.309535E+02     8.121659E+03
  1.327771E+02     8.043082E+03
  1.346261E+02     7.965432E+03
  1.365008E+02     7.888705E+03
  1.384016E+02     7.812888E+03
  1.403289E+02     7.737969E+03
  1.422830E+02     7.663926E+03
  1.442644E+02     7.590749E+03
  1.462733E+02     7.518441E+03
  1.483103E+02     7.447005E+03
  1.503755E+02     7.376443E+03
  1.524696E+02     7.306751E+03
  1.545928E+02     7.237926E+03
  1.567455E+02     7.169956E+03
  1.589283E+02     7.102831E+03
  1.611414E+02     7.036532E+03
  1.633854E+02     6.971039E+03
  1.656606E+02     6.906335E+03
  1.679675E+02     6.842424E+03
  1.703065E+02     6.779309E+03
  1.726781E+02     6.716992E+03
  1.750827E+02     6.655473E+03
  1.775208E+02     6.594747E+03
  1.799929E+02     6.534807E+03
  1.824993E+02     6.475642E+03
  1.850407E+02     6.417240E+03
  1.876175E+02     6.359582E+03
  1.902301E+02     6.302653E+03
  1.928792E+02     6.246454E+03
  1.955651E+02     6.190987E+03
  1.982884E+02     6.136253E+03
  2.010496E+02     6.082249E+03
  2.038493E+02     6.028970E+03
  2.066880E+02     5.976409E+03
  2.095662E+02     5.924555E+03
  2.124845E+02     5.873392E+03
  2.154435E+02     5.822904E+03
  2.184436E+02     5.773072E+03
  2.214855E+02     5.723897E+03
  2.245698E+02     5.675381E+03
  2.276970E+02     5.627522E+03
  2.308678E+02     5.580321E+03
  2.340827E+02     5.533770E+03
  2.373424E+02     5.487865E+03
  2.406475E+02     5.442593E+03
  2.439986E+02     5.397943E+03
  2.473964E+02     5.353898E+03
  2.508415E+02     5.310441E+03
  2.543346E+02     5.267571E+03
  2.578763E+02     5.225290E+03
  2.614673E+02     5.183597E+03
  2.651084E+02     5.142491E+03
  2.688001E+02     5.101967E+03
  2.725433E+02     5.062019E+03
  2.763385E+02     5.022638E+03
  2.801867E+02     4.983813E+03
  2.840884E+02     4.945530E+03
  2.880444E+02     4.907772E+03
  2.920556E+02     4.870537E+03
  2.961225E+02     4.833827E+03
  3.002462E+02     4.797641E+03
  3.044272E+02     4.761977E+03
  3.086665E+02     4.726833E+03
  3.129648E+02     4.692202E+03
  3.173230E+02     4.658076E+03
  3.217418E+02     4.624445E+03
  3.262222E+02     4.591297E+03
  3.307650E+02     4.558616E+03
  3.353710E+02     4.526400E+03
  3.400412E+02     4.494650E+03
  3.447764E+02     4.463365E+03
  3.495776E+02     4.432544E+03
  3.544456E+02     4.402184E+03
  3.593814E+02     4.372280E+03
  3.643859E+02     4.342826E+03
  3.694601E+02     4.313812E+03
  3.746050E+02     4.285227E+03
  3.798215E+02     4.257059E+03
  3.851107E+02     4.229303E+03
  3.904735E+02     4.201960E+03
  3.959110E+02     4.175030E+03
  4.014242E+02     4.148511E+03
  4.070142E+02     4.122402E+03
  4.126821E+02     4.096697E+03
  4.184289E+02     4.071392E+03
  4.242556E+02     4.046476E+03
  4.301636E+02     4.021942E+03
  4.361538E+02     3.997778E+03
  4.422274E+02     3.973978E+03
  4.483856E+02     3.950543E+03
  4.546295E+02     3.927475E+03
  4.609604E+02     3.904771E+03
  4.673795E+02     3.882431E+03
  4.738880E+02     3.860449E+03
  4.804870E+02     3.838823E+03
  4.871780E+02     3.817544E+03
  4.939622E+02     3.796605E+03
  5.008408E+02     3.775996E+03
  5.078152E+02     3.755712E+03
  5.148867E+02     3.735753E+03
  5.220568E+02     3.716120E+03
  5.293266E+02     3.696812E+03
  5.366977E+02     3.677827E+03
  5.441714E+02     3.659161E+03
  5.517492E+02     3.640811E+03
  5.594326E+02     3.622769E+03
  5.672229E+02     3.605031E+03
  5.751217E+02     3.587585E+03
  5.831305E+02     3.570427E+03
  5.912508E+02     3.553557E+03
  5.994843E+02     3.536976E+03
  6.078323E+02     3.520683E+03
  6.162966E+02     3.504677E+03
  6.248788E+02     3.488954E+03
  6.335805E+02     3.473511E+03
  6.424034E+02     3.458344E+03
  6.513491E+02     3.443446E+03
  6.604194E+02     3.428809E+03
  6.696160E+02     3.414428E+03
  6.789407E+02     3.400303E+03
  6.883952E+02     3.386432E+03
  6.979814E+02     3.372815E+03
  7.077011E+02     3.359448E+03
  7.175561E+02     3.346329E+03
  7.275484E+02     3.333453E+03
  7.376798E+02     3.320815E+03
  7.479523E+02     3.308406E+03
  7.583678E+02     3.296221E+03
  7.689284E+02     3.284252E+03
  7.796360E+02     3.272503E+03
  7.904928E+02     3.260978E+03
  8.015007E+02     3.249680E+03
  8.126619E+02     3.238613E+03
  8.239786E+02     3.227780E+03
  8.354528E+02     3.217183E+03
  8.470868E+02     3.206823E+03
  8.588829E+02     3.196703E+03
  8.708431E+02     3.186823E+03
  8.829700E+02     3.177178E+03
  8.952657E+02     3.167749E+03
  9.077327E+02     3.158511E+03
  9.203732E+02     3.149436E+03
  9.331898E+02     3.140493E+03
  9.461848E+02     3.131649E+03
  9.593608E+02     3.122866E+03
  9.727203E+02     3.114105E+03
  9.862658E+02     3.105320E+03
  1.000000E+03     3.096463E+03
