FILE CREATED BY  : PROGRAM DPASS - VERSION 2.00
DATABASE VERSION : 21.06
DATE AND TIME    : 09/08/2022 22:45:06
PROJECTILE       : Ag
TARGET           : Nd
TARGET AT. MASS  : 1.442400E+02
TARGET DENSITY   : 7.010000E+00 g/cm^3
TABULATED OUTPUT : STOPPING FORCE VERSUS ENERGY
DATA TYPE        : SPLINE INTERPOLATED
ABSCISSA UNITS   : MeV/u
ORDINATE UNITS   : eV/nm


      E/n             S(E/n)

  1.000000E-03     5.771550E+02
  1.013925E-03     5.810922E+02
  1.028045E-03     5.850814E+02
  1.042361E-03     5.891205E+02
  1.056876E-03     5.932071E+02
  1.071593E-03     5.973384E+02
  1.086516E-03     6.015115E+02
  1.101646E-03     6.057232E+02
  1.116987E-03     6.099699E+02
  1.132541E-03     6.142479E+02
  1.148312E-03     6.185529E+02
  1.164303E-03     6.228811E+02
  1.180517E-03     6.272323E+02
  1.196956E-03     6.316073E+02
  1.213624E-03     6.360071E+02
  1.230524E-03     6.404329E+02
  1.247660E-03     6.448859E+02
  1.265034E-03     6.493674E+02
  1.282650E-03     6.538790E+02
  1.300511E-03     6.584222E+02
  1.318621E-03     6.629989E+02
  1.336984E-03     6.676106E+02
  1.355602E-03     6.722580E+02
  1.374479E-03     6.769410E+02
  1.393619E-03     6.816594E+02
  1.413026E-03     6.864131E+02
  1.432703E-03     6.912020E+02
  1.452654E-03     6.960259E+02
  1.472883E-03     7.008849E+02
  1.493393E-03     7.057786E+02
  1.514189E-03     7.107070E+02
  1.535275E-03     7.156700E+02
  1.556654E-03     7.206676E+02
  1.578331E-03     7.257001E+02
  1.600310E-03     7.307680E+02
  1.622595E-03     7.358714E+02
  1.645191E-03     7.410110E+02
  1.668101E-03     7.461870E+02
  1.691330E-03     7.514000E+02
  1.714882E-03     7.566505E+02
  1.738762E-03     7.619392E+02
  1.762975E-03     7.672665E+02
  1.787526E-03     7.726328E+02
  1.812418E-03     7.780383E+02
  1.837656E-03     7.834832E+02
  1.863246E-03     7.889674E+02
  1.889193E-03     7.944913E+02
  1.915501E-03     8.000549E+02
  1.942175E-03     8.056586E+02
  1.969220E-03     8.113025E+02
  1.996642E-03     8.169869E+02
  2.024447E-03     8.227121E+02
  2.052638E-03     8.284783E+02
  2.081222E-03     8.342857E+02
  2.110203E-03     8.401348E+02
  2.139589E-03     8.460257E+02
  2.169384E-03     8.519589E+02
  2.199593E-03     8.579347E+02
  2.230223E-03     8.639536E+02
  2.261280E-03     8.700159E+02
  2.292769E-03     8.761223E+02
  2.324697E-03     8.822732E+02
  2.357069E-03     8.884691E+02
  2.389893E-03     8.947102E+02
  2.423173E-03     9.009967E+02
  2.456916E-03     9.073289E+02
  2.491130E-03     9.137071E+02
  2.525820E-03     9.201317E+02
  2.560993E-03     9.266029E+02
  2.596656E-03     9.331211E+02
  2.632815E-03     9.396868E+02
  2.669478E-03     9.463005E+02
  2.706652E-03     9.529624E+02
  2.744343E-03     9.596730E+02
  2.782559E-03     9.664324E+02
  2.821308E-03     9.732411E+02
  2.860596E-03     9.800992E+02
  2.900430E-03     9.870073E+02
  2.940820E-03     9.939656E+02
  2.981772E-03     1.000975E+03
  3.023295E-03     1.008035E+03
  3.065395E-03     1.015147E+03
  3.108082E-03     1.022312E+03
  3.151363E-03     1.029528E+03
  3.195248E-03     1.036798E+03
  3.239743E-03     1.044121E+03
  3.284857E-03     1.051498E+03
  3.330600E-03     1.058929E+03
  3.376980E-03     1.066414E+03
  3.424006E-03     1.073955E+03
  3.471687E-03     1.081551E+03
  3.520031E-03     1.089203E+03
  3.569049E-03     1.096912E+03
  3.618750E-03     1.104678E+03
  3.669142E-03     1.112502E+03
  3.720237E-03     1.120383E+03
  3.772042E-03     1.128322E+03
  3.824570E-03     1.136320E+03
  3.877828E-03     1.144377E+03
  3.931829E-03     1.152493E+03
  3.986581E-03     1.160670E+03
  4.042096E-03     1.168907E+03
  4.098384E-03     1.177205E+03
  4.155455E-03     1.185564E+03
  4.213322E-03     1.193986E+03
  4.271994E-03     1.202470E+03
  4.331483E-03     1.211017E+03
  4.391801E-03     1.219627E+03
  4.452959E-03     1.228301E+03
  4.514968E-03     1.237040E+03
  4.577841E-03     1.245843E+03
  4.641589E-03     1.254713E+03
  4.706225E-03     1.263649E+03
  4.771761E-03     1.272652E+03
  4.838210E-03     1.281723E+03
  4.905584E-03     1.290861E+03
  4.973896E-03     1.300068E+03
  5.043159E-03     1.309343E+03
  5.113388E-03     1.318688E+03
  5.184594E-03     1.328102E+03
  5.256791E-03     1.337588E+03
  5.329994E-03     1.347144E+03
  5.404216E-03     1.356772E+03
  5.479472E-03     1.366473E+03
  5.555776E-03     1.376247E+03
  5.633143E-03     1.386094E+03
  5.711586E-03     1.396015E+03
  5.791123E-03     1.406011E+03
  5.871766E-03     1.416082E+03
  5.953533E-03     1.426228E+03
  6.036439E-03     1.436451E+03
  6.120498E-03     1.446752E+03
  6.205729E-03     1.457130E+03
  6.292146E-03     1.467588E+03
  6.379767E-03     1.478125E+03
  6.468608E-03     1.488741E+03
  6.558686E-03     1.499438E+03
  6.650018E-03     1.510216E+03
  6.742622E-03     1.521075E+03
  6.836516E-03     1.532017E+03
  6.931717E-03     1.543042E+03
  7.028244E-03     1.554150E+03
  7.126115E-03     1.565344E+03
  7.225349E-03     1.576623E+03
  7.325965E-03     1.587988E+03
  7.427982E-03     1.599440E+03
  7.531420E-03     1.610979E+03
  7.636298E-03     1.622605E+03
  7.742637E-03     1.634320E+03
  7.850456E-03     1.646124E+03
  7.959777E-03     1.658017E+03
  8.070620E-03     1.670002E+03
  8.183007E-03     1.682079E+03
  8.296959E-03     1.694247E+03
  8.412497E-03     1.706509E+03
  8.529644E-03     1.718865E+03
  8.648423E-03     1.731315E+03
  8.768856E-03     1.743860E+03
  8.890966E-03     1.756501E+03
  9.014776E-03     1.769238E+03
  9.140311E-03     1.782073E+03
  9.267593E-03     1.795007E+03
  9.396648E-03     1.808041E+03
  9.527500E-03     1.821175E+03
  9.660175E-03     1.834411E+03
  9.794697E-03     1.847748E+03
  9.931092E-03     1.861188E+03
  1.006939E-02     1.874731E+03
  1.020961E-02     1.888378E+03
  1.035178E-02     1.902130E+03
  1.049593E-02     1.915988E+03
  1.064209E-02     1.929953E+03
  1.079029E-02     1.944026E+03
  1.094055E-02     1.958207E+03
  1.109290E-02     1.972498E+03
  1.124737E-02     1.986899E+03
  1.140400E-02     2.001411E+03
  1.156280E-02     2.016034E+03
  1.172382E-02     2.030770E+03
  1.188708E-02     2.045619E+03
  1.205261E-02     2.060581E+03
  1.222045E-02     2.075660E+03
  1.239062E-02     2.090854E+03
  1.256317E-02     2.106166E+03
  1.273811E-02     2.121595E+03
  1.291550E-02     2.137143E+03
  1.309535E-02     2.152811E+03
  1.327771E-02     2.168599E+03
  1.346261E-02     2.184508E+03
  1.365008E-02     2.200539E+03
  1.384016E-02     2.216694E+03
  1.403289E-02     2.232973E+03
  1.422830E-02     2.249377E+03
  1.442644E-02     2.265908E+03
  1.462733E-02     2.282567E+03
  1.483103E-02     2.299354E+03
  1.503755E-02     2.316269E+03
  1.524696E-02     2.333315E+03
  1.545928E-02     2.350491E+03
  1.567455E-02     2.367798E+03
  1.589283E-02     2.385238E+03
  1.611414E-02     2.402812E+03
  1.633854E-02     2.420521E+03
  1.656606E-02     2.438366E+03
  1.679675E-02     2.456348E+03
  1.703065E-02     2.474467E+03
  1.726781E-02     2.492724E+03
  1.750827E-02     2.511121E+03
  1.775208E-02     2.529658E+03
  1.799929E-02     2.548336E+03
  1.824993E-02     2.567156E+03
  1.850407E-02     2.586119E+03
  1.876175E-02     2.605227E+03
  1.902301E-02     2.624481E+03
  1.928792E-02     2.643882E+03
  1.955651E-02     2.663430E+03
  1.982884E-02     2.683126E+03
  2.010496E-02     2.702971E+03
  2.038493E-02     2.722966E+03
  2.066880E-02     2.743112E+03
  2.095662E-02     2.763409E+03
  2.124845E-02     2.783859E+03
  2.154435E-02     2.804463E+03
  2.184436E-02     2.825223E+03
  2.214855E-02     2.846138E+03
  2.245698E-02     2.867211E+03
  2.276970E-02     2.888441E+03
  2.308678E-02     2.909830E+03
  2.340827E-02     2.931379E+03
  2.373424E-02     2.953088E+03
  2.406475E-02     2.974958E+03
  2.439986E-02     2.996992E+03
  2.473964E-02     3.019190E+03
  2.508415E-02     3.041554E+03
  2.543346E-02     3.064084E+03
  2.578763E-02     3.086782E+03
  2.614673E-02     3.109647E+03
  2.651084E-02     3.132680E+03
  2.688001E-02     3.155883E+03
  2.725433E-02     3.179256E+03
  2.763385E-02     3.202800E+03
  2.801867E-02     3.226517E+03
  2.840884E-02     3.250406E+03
  2.880444E-02     3.274471E+03
  2.920556E-02     3.298710E+03
  2.961225E-02     3.323126E+03
  3.002462E-02     3.347719E+03
  3.044272E-02     3.372489E+03
  3.086665E-02     3.397438E+03
  3.129648E-02     3.422567E+03
  3.173230E-02     3.447877E+03
  3.217418E-02     3.473368E+03
  3.262222E-02     3.499043E+03
  3.307650E-02     3.524903E+03
  3.353710E-02     3.550949E+03
  3.400412E-02     3.577182E+03
  3.447764E-02     3.603603E+03
  3.495776E-02     3.630213E+03
  3.544456E-02     3.657013E+03
  3.593814E-02     3.684005E+03
  3.643859E-02     3.711189E+03
  3.694601E-02     3.738568E+03
  3.746050E-02     3.766143E+03
  3.798215E-02     3.793916E+03
  3.851107E-02     3.821889E+03
  3.904735E-02     3.850062E+03
  3.959110E-02     3.878435E+03
  4.014242E-02     3.907009E+03
  4.070142E-02     3.935786E+03
  4.126821E-02     3.964766E+03
  4.184289E-02     3.993951E+03
  4.242556E-02     4.023341E+03
  4.301636E-02     4.052937E+03
  4.361538E-02     4.082742E+03
  4.422274E-02     4.112757E+03
  4.483856E-02     4.142980E+03
  4.546295E-02     4.173414E+03
  4.609604E-02     4.204057E+03
  4.673795E-02     4.234911E+03
  4.738880E-02     4.265976E+03
  4.804870E-02     4.297253E+03
  4.871780E-02     4.328742E+03
  4.939622E-02     4.360444E+03
  5.008408E-02     4.392360E+03
  5.078152E-02     4.424491E+03
  5.148867E-02     4.456837E+03
  5.220568E-02     4.489398E+03
  5.293266E-02     4.522173E+03
  5.366977E-02     4.555165E+03
  5.441714E-02     4.588372E+03
  5.517492E-02     4.621795E+03
  5.594326E-02     4.655436E+03
  5.672229E-02     4.689294E+03
  5.751217E-02     4.723370E+03
  5.831305E-02     4.757666E+03
  5.912508E-02     4.792182E+03
  5.994843E-02     4.826917E+03
  6.078323E-02     4.861873E+03
  6.162966E-02     4.897050E+03
  6.248788E-02     4.932449E+03
  6.335805E-02     4.968070E+03
  6.424034E-02     5.003915E+03
  6.513491E-02     5.039984E+03
  6.604194E-02     5.076280E+03
  6.696160E-02     5.112804E+03
  6.789407E-02     5.149556E+03
  6.883952E-02     5.186538E+03
  6.979814E-02     5.223749E+03
  7.077011E-02     5.261191E+03
  7.175561E-02     5.298866E+03
  7.275484E-02     5.336774E+03
  7.376798E-02     5.374918E+03
  7.479523E-02     5.413300E+03
  7.583678E-02     5.451922E+03
  7.689284E-02     5.490786E+03
  7.796360E-02     5.529893E+03
  7.904928E-02     5.569245E+03
  8.015007E-02     5.608844E+03
  8.126619E-02     5.648690E+03
  8.239786E-02     5.688786E+03
  8.354528E-02     5.729135E+03
  8.470868E-02     5.769739E+03
  8.588829E-02     5.810601E+03
  8.708431E-02     5.851724E+03
  8.829700E-02     5.893112E+03
  8.952657E-02     5.934766E+03
  9.077327E-02     5.976689E+03
  9.203732E-02     6.018883E+03
  9.331898E-02     6.061350E+03
  9.461848E-02     6.104093E+03
  9.593608E-02     6.147116E+03
  9.727203E-02     6.190422E+03
  9.862658E-02     6.234015E+03
  1.000000E-01     6.277899E+03
  1.013925E-01     6.322079E+03
  1.028045E-01     6.366558E+03
  1.042361E-01     6.411337E+03
  1.056876E-01     6.456421E+03
  1.071593E-01     6.501812E+03
  1.086516E-01     6.547514E+03
  1.101646E-01     6.593531E+03
  1.116987E-01     6.639867E+03
  1.132541E-01     6.686527E+03
  1.148312E-01     6.733516E+03
  1.164303E-01     6.780840E+03
  1.180517E-01     6.828502E+03
  1.196956E-01     6.876504E+03
  1.213624E-01     6.924850E+03
  1.230524E-01     6.973544E+03
  1.247660E-01     7.022589E+03
  1.265034E-01     7.071988E+03
  1.282650E-01     7.121748E+03
  1.300511E-01     7.171872E+03
  1.318621E-01     7.222366E+03
  1.336984E-01     7.273235E+03
  1.355602E-01     7.324484E+03
  1.374479E-01     7.376117E+03
  1.393619E-01     7.428136E+03
  1.413026E-01     7.480546E+03
  1.432703E-01     7.533353E+03
  1.452654E-01     7.586559E+03
  1.472883E-01     7.640172E+03
  1.493393E-01     7.694197E+03
  1.514189E-01     7.748640E+03
  1.535275E-01     7.803508E+03
  1.556654E-01     7.858804E+03
  1.578331E-01     7.914532E+03
  1.600310E-01     7.970695E+03
  1.622595E-01     8.027295E+03
  1.645191E-01     8.084336E+03
  1.668101E-01     8.141821E+03
  1.691330E-01     8.199755E+03
  1.714882E-01     8.258142E+03
  1.738762E-01     8.316986E+03
  1.762975E-01     8.376292E+03
  1.787526E-01     8.436062E+03
  1.812418E-01     8.496295E+03
  1.837656E-01     8.556990E+03
  1.863246E-01     8.618147E+03
  1.889193E-01     8.679765E+03
  1.915501E-01     8.741843E+03
  1.942175E-01     8.804380E+03
  1.969220E-01     8.867374E+03
  1.996642E-01     8.930826E+03
  2.024447E-01     8.994733E+03
  2.052638E-01     9.059095E+03
  2.081222E-01     9.123910E+03
  2.110203E-01     9.189176E+03
  2.139589E-01     9.254891E+03
  2.169384E-01     9.321054E+03
  2.199593E-01     9.387663E+03
  2.230223E-01     9.454716E+03
  2.261280E-01     9.522212E+03
  2.292769E-01     9.590148E+03
  2.324697E-01     9.658523E+03
  2.357069E-01     9.727334E+03
  2.389893E-01     9.796580E+03
  2.423173E-01     9.866258E+03
  2.456916E-01     9.936367E+03
  2.491130E-01     1.000690E+04
  2.525820E-01     1.007787E+04
  2.560993E-01     1.014925E+04
  2.596656E-01     1.022106E+04
  2.632815E-01     1.029329E+04
  2.669478E-01     1.036594E+04
  2.706652E-01     1.043900E+04
  2.744343E-01     1.051247E+04
  2.782559E-01     1.058636E+04
  2.821308E-01     1.066064E+04
  2.860596E-01     1.073533E+04
  2.900430E-01     1.081041E+04
  2.940820E-01     1.088589E+04
  2.981772E-01     1.096176E+04
  3.023295E-01     1.103801E+04
  3.065395E-01     1.111464E+04
  3.108082E-01     1.119165E+04
  3.151363E-01     1.126903E+04
  3.195248E-01     1.134678E+04
  3.239743E-01     1.142488E+04
  3.284857E-01     1.150333E+04
  3.330600E-01     1.158213E+04
  3.376980E-01     1.166127E+04
  3.424006E-01     1.174073E+04
  3.471687E-01     1.182053E+04
  3.520031E-01     1.190064E+04
  3.569049E-01     1.198106E+04
  3.618750E-01     1.206178E+04
  3.669142E-01     1.214280E+04
  3.720237E-01     1.222410E+04
  3.772042E-01     1.230568E+04
  3.824570E-01     1.238752E+04
  3.877828E-01     1.246962E+04
  3.931829E-01     1.255197E+04
  3.986581E-01     1.263456E+04
  4.042096E-01     1.271738E+04
  4.098384E-01     1.280042E+04
  4.155455E-01     1.288367E+04
  4.213322E-01     1.296713E+04
  4.271994E-01     1.305078E+04
  4.331483E-01     1.313461E+04
  4.391801E-01     1.321861E+04
  4.452959E-01     1.330277E+04
  4.514968E-01     1.338709E+04
  4.577841E-01     1.347155E+04
  4.641589E-01     1.355615E+04
  4.706225E-01     1.364088E+04
  4.771761E-01     1.372572E+04
  4.838210E-01     1.381066E+04
  4.905584E-01     1.389570E+04
  4.973896E-01     1.398081E+04
  5.043159E-01     1.406599E+04
  5.113388E-01     1.415123E+04
  5.184594E-01     1.423651E+04
  5.256791E-01     1.432182E+04
  5.329994E-01     1.440716E+04
  5.404216E-01     1.449251E+04
  5.479472E-01     1.457785E+04
  5.555776E-01     1.466319E+04
  5.633143E-01     1.474849E+04
  5.711586E-01     1.483376E+04
  5.791123E-01     1.491898E+04
  5.871766E-01     1.500413E+04
  5.953533E-01     1.508921E+04
  6.036439E-01     1.517420E+04
  6.120498E-01     1.525910E+04
  6.205729E-01     1.534389E+04
  6.292146E-01     1.542857E+04
  6.379767E-01     1.551314E+04
  6.468608E-01     1.559758E+04
  6.558686E-01     1.568190E+04
  6.650018E-01     1.576610E+04
  6.742622E-01     1.585016E+04
  6.836516E-01     1.593410E+04
  6.931717E-01     1.601792E+04
  7.028244E-01     1.610163E+04
  7.126115E-01     1.618522E+04
  7.225349E-01     1.626870E+04
  7.325965E-01     1.635205E+04
  7.427982E-01     1.643527E+04
  7.531420E-01     1.651836E+04
  7.636298E-01     1.660130E+04
  7.742637E-01     1.668409E+04
  7.850456E-01     1.676673E+04
  7.959777E-01     1.684922E+04
  8.070620E-01     1.693155E+04
  8.183007E-01     1.701373E+04
  8.296959E-01     1.709574E+04
  8.412497E-01     1.717758E+04
  8.529644E-01     1.725923E+04
  8.648423E-01     1.734067E+04
  8.768856E-01     1.742189E+04
  8.890966E-01     1.750287E+04
  9.014776E-01     1.758362E+04
  9.140311E-01     1.766411E+04
  9.267593E-01     1.774433E+04
  9.396648E-01     1.782427E+04
  9.527500E-01     1.790393E+04
  9.660175E-01     1.798328E+04
  9.794697E-01     1.806231E+04
  9.931092E-01     1.814100E+04
  1.006939E+00     1.821934E+04
  1.020961E+00     1.829732E+04
  1.035178E+00     1.837492E+04
  1.049593E+00     1.845213E+04
  1.064209E+00     1.852894E+04
  1.079029E+00     1.860534E+04
  1.094055E+00     1.868131E+04
  1.109290E+00     1.875684E+04
  1.124737E+00     1.883191E+04
  1.140400E+00     1.890649E+04
  1.156280E+00     1.898057E+04
  1.172382E+00     1.905414E+04
  1.188708E+00     1.912716E+04
  1.205261E+00     1.919964E+04
  1.222045E+00     1.927154E+04
  1.239062E+00     1.934287E+04
  1.256317E+00     1.941359E+04
  1.273811E+00     1.948370E+04
  1.291550E+00     1.955316E+04
  1.309535E+00     1.962196E+04
  1.327771E+00     1.969006E+04
  1.346261E+00     1.975746E+04
  1.365008E+00     1.982413E+04
  1.384016E+00     1.989006E+04
  1.403289E+00     1.995522E+04
  1.422830E+00     2.001960E+04
  1.442644E+00     2.008318E+04
  1.462733E+00     2.014595E+04
  1.483103E+00     2.020787E+04
  1.503755E+00     2.026892E+04
  1.524696E+00     2.032910E+04
  1.545928E+00     2.038838E+04
  1.567455E+00     2.044674E+04
  1.589283E+00     2.050417E+04
  1.611414E+00     2.056066E+04
  1.633854E+00     2.061618E+04
  1.656606E+00     2.067074E+04
  1.679675E+00     2.072432E+04
  1.703065E+00     2.077688E+04
  1.726781E+00     2.082843E+04
  1.750827E+00     2.087894E+04
  1.775208E+00     2.092839E+04
  1.799929E+00     2.097679E+04
  1.824993E+00     2.102411E+04
  1.850407E+00     2.107036E+04
  1.876175E+00     2.111553E+04
  1.902301E+00     2.115961E+04
  1.928792E+00     2.120259E+04
  1.955651E+00     2.124447E+04
  1.982884E+00     2.128522E+04
  2.010496E+00     2.132484E+04
  2.038493E+00     2.136332E+04
  2.066880E+00     2.140066E+04
  2.095662E+00     2.143685E+04
  2.124845E+00     2.147191E+04
  2.154435E+00     2.150583E+04
  2.184436E+00     2.153863E+04
  2.214855E+00     2.157029E+04
  2.245698E+00     2.160080E+04
  2.276970E+00     2.163016E+04
  2.308678E+00     2.165837E+04
  2.340827E+00     2.168542E+04
  2.373424E+00     2.171132E+04
  2.406475E+00     2.173608E+04
  2.439986E+00     2.175969E+04
  2.473964E+00     2.178218E+04
  2.508415E+00     2.180356E+04
  2.543346E+00     2.182382E+04
  2.578763E+00     2.184296E+04
  2.614673E+00     2.186099E+04
  2.651084E+00     2.187789E+04
  2.688001E+00     2.189368E+04
  2.725433E+00     2.190836E+04
  2.763385E+00     2.192194E+04
  2.801867E+00     2.193444E+04
  2.840884E+00     2.194586E+04
  2.880444E+00     2.195624E+04
  2.920556E+00     2.196556E+04
  2.961225E+00     2.197384E+04
  3.002462E+00     2.198107E+04
  3.044272E+00     2.198725E+04
  3.086665E+00     2.199238E+04
  3.129648E+00     2.199648E+04
  3.173230E+00     2.199956E+04
  3.217418E+00     2.200163E+04
  3.262222E+00     2.200271E+04
  3.307650E+00     2.200281E+04
  3.353710E+00     2.200195E+04
  3.400412E+00     2.200012E+04
  3.447764E+00     2.199733E+04
  3.495776E+00     2.199357E+04
  3.544456E+00     2.198885E+04
  3.593814E+00     2.198318E+04
  3.643859E+00     2.197657E+04
  3.694601E+00     2.196903E+04
  3.746050E+00     2.196058E+04
  3.798215E+00     2.195124E+04
  3.851107E+00     2.194101E+04
  3.904735E+00     2.192990E+04
  3.959110E+00     2.191790E+04
  4.014242E+00     2.190501E+04
  4.070142E+00     2.189125E+04
  4.126821E+00     2.187662E+04
  4.184289E+00     2.186112E+04
  4.242556E+00     2.184477E+04
  4.301636E+00     2.182758E+04
  4.361538E+00     2.180957E+04
  4.422274E+00     2.179074E+04
  4.483856E+00     2.177109E+04
  4.546295E+00     2.175063E+04
  4.609604E+00     2.172936E+04
  4.673795E+00     2.170727E+04
  4.738880E+00     2.168438E+04
  4.804870E+00     2.166069E+04
  4.871780E+00     2.163620E+04
  4.939622E+00     2.161094E+04
  5.008408E+00     2.158490E+04
  5.078152E+00     2.155811E+04
  5.148867E+00     2.153055E+04
  5.220568E+00     2.150223E+04
  5.293266E+00     2.147316E+04
  5.366977E+00     2.144332E+04
  5.441714E+00     2.141274E+04
  5.517492E+00     2.138141E+04
  5.594326E+00     2.134934E+04
  5.672229E+00     2.131654E+04
  5.751217E+00     2.128302E+04
  5.831305E+00     2.124879E+04
  5.912508E+00     2.121385E+04
  5.994843E+00     2.117820E+04
  6.078323E+00     2.114184E+04
  6.162966E+00     2.110477E+04
  6.248788E+00     2.106700E+04
  6.335805E+00     2.102852E+04
  6.424034E+00     2.098935E+04
  6.513491E+00     2.094949E+04
  6.604194E+00     2.090895E+04
  6.696160E+00     2.086773E+04
  6.789407E+00     2.082584E+04
  6.883952E+00     2.078328E+04
  6.979814E+00     2.074004E+04
  7.077011E+00     2.069614E+04
  7.175561E+00     2.065156E+04
  7.275484E+00     2.060632E+04
  7.376798E+00     2.056042E+04
  7.479523E+00     2.051387E+04
  7.583678E+00     2.046667E+04
  7.689284E+00     2.041883E+04
  7.796360E+00     2.037035E+04
  7.904928E+00     2.032124E+04
  8.015007E+00     2.027148E+04
  8.126619E+00     2.022109E+04
  8.239786E+00     2.017007E+04
  8.354528E+00     2.011841E+04
  8.470868E+00     2.006614E+04
  8.588829E+00     2.001324E+04
  8.708431E+00     1.995972E+04
  8.829700E+00     1.990560E+04
  8.952657E+00     1.985087E+04
  9.077327E+00     1.979553E+04
  9.203732E+00     1.973959E+04
  9.331898E+00     1.968305E+04
  9.461848E+00     1.962591E+04
  9.593608E+00     1.956817E+04
  9.727203E+00     1.950984E+04
  9.862658E+00     1.945092E+04
  1.000000E+01     1.939143E+04
  1.013925E+01     1.933136E+04
  1.028045E+01     1.927071E+04
  1.042361E+01     1.920950E+04
  1.056876E+01     1.914772E+04
  1.071593E+01     1.908538E+04
  1.086516E+01     1.902249E+04
  1.101646E+01     1.895904E+04
  1.116987E+01     1.889504E+04
  1.132541E+01     1.883050E+04
  1.148312E+01     1.876543E+04
  1.164303E+01     1.869983E+04
  1.180517E+01     1.863371E+04
  1.196956E+01     1.856707E+04
  1.213624E+01     1.849990E+04
  1.230524E+01     1.843222E+04
  1.247660E+01     1.836403E+04
  1.265034E+01     1.829533E+04
  1.282650E+01     1.822612E+04
  1.300511E+01     1.815641E+04
  1.318621E+01     1.808620E+04
  1.336984E+01     1.801550E+04
  1.355602E+01     1.794431E+04
  1.374479E+01     1.787264E+04
  1.393619E+01     1.780049E+04
  1.413026E+01     1.772787E+04
  1.432703E+01     1.765478E+04
  1.452654E+01     1.758124E+04
  1.472883E+01     1.750726E+04
  1.493393E+01     1.743283E+04
  1.514189E+01     1.735796E+04
  1.535275E+01     1.728268E+04
  1.556654E+01     1.720697E+04
  1.578331E+01     1.713085E+04
  1.600310E+01     1.705432E+04
  1.622595E+01     1.697740E+04
  1.645191E+01     1.690007E+04
  1.668101E+01     1.682236E+04
  1.691330E+01     1.674425E+04
  1.714882E+01     1.666577E+04
  1.738762E+01     1.658692E+04
  1.762975E+01     1.650770E+04
  1.787526E+01     1.642812E+04
  1.812418E+01     1.634818E+04
  1.837656E+01     1.626790E+04
  1.863246E+01     1.618727E+04
  1.889193E+01     1.610631E+04
  1.915501E+01     1.602503E+04
  1.942175E+01     1.594343E+04
  1.969220E+01     1.586152E+04
  1.996642E+01     1.577930E+04
  2.024447E+01     1.569679E+04
  2.052638E+01     1.561398E+04
  2.081222E+01     1.553090E+04
  2.110203E+01     1.544755E+04
  2.139589E+01     1.536393E+04
  2.169384E+01     1.528006E+04
  2.199593E+01     1.519594E+04
  2.230223E+01     1.511159E+04
  2.261280E+01     1.502701E+04
  2.292769E+01     1.494221E+04
  2.324697E+01     1.485720E+04
  2.357069E+01     1.477199E+04
  2.389893E+01     1.468659E+04
  2.423173E+01     1.460100E+04
  2.456916E+01     1.451524E+04
  2.491130E+01     1.442931E+04
  2.525820E+01     1.434323E+04
  2.560993E+01     1.425700E+04
  2.596656E+01     1.417064E+04
  2.632815E+01     1.408414E+04
  2.669478E+01     1.399751E+04
  2.706652E+01     1.391077E+04
  2.744343E+01     1.382392E+04
  2.782559E+01     1.373698E+04
  2.821308E+01     1.364996E+04
  2.860596E+01     1.356286E+04
  2.900430E+01     1.347570E+04
  2.940820E+01     1.338848E+04
  2.981772E+01     1.330122E+04
  3.023295E+01     1.321392E+04
  3.065395E+01     1.312658E+04
  3.108082E+01     1.303923E+04
  3.151363E+01     1.295187E+04
  3.195248E+01     1.286450E+04
  3.239743E+01     1.277715E+04
  3.284857E+01     1.268982E+04
  3.330600E+01     1.260253E+04
  3.376980E+01     1.251527E+04
  3.424006E+01     1.242806E+04
  3.471687E+01     1.234092E+04
  3.520031E+01     1.225383E+04
  3.569049E+01     1.216682E+04
  3.618750E+01     1.207989E+04
  3.669142E+01     1.199306E+04
  3.720237E+01     1.190633E+04
  3.772042E+01     1.181973E+04
  3.824570E+01     1.173325E+04
  3.877828E+01     1.164692E+04
  3.931829E+01     1.156073E+04
  3.986581E+01     1.147470E+04
  4.042096E+01     1.138883E+04
  4.098384E+01     1.130313E+04
  4.155455E+01     1.121762E+04
  4.213322E+01     1.113229E+04
  4.271994E+01     1.104717E+04
  4.331483E+01     1.096226E+04
  4.391801E+01     1.087757E+04
  4.452959E+01     1.079311E+04
  4.514968E+01     1.070889E+04
  4.577841E+01     1.062490E+04
  4.641589E+01     1.054116E+04
  4.706225E+01     1.045767E+04
  4.771761E+01     1.037443E+04
  4.838210E+01     1.029147E+04
  4.905584E+01     1.020879E+04
  4.973896E+01     1.012641E+04
  5.043159E+01     1.004433E+04
  5.113388E+01     9.962569E+03
  5.184594E+01     9.881129E+03
  5.256791E+01     9.800018E+03
  5.329994E+01     9.719242E+03
  5.404216E+01     9.638804E+03
  5.479472E+01     9.558716E+03
  5.555776E+01     9.478986E+03
  5.633143E+01     9.399627E+03
  5.711586E+01     9.320645E+03
  5.791123E+01     9.242048E+03
  5.871766E+01     9.163842E+03
  5.953533E+01     9.086029E+03
  6.036439E+01     9.008613E+03
  6.120498E+01     8.931594E+03
  6.205729E+01     8.854970E+03
  6.292146E+01     8.778751E+03
  6.379767E+01     8.702947E+03
  6.468608E+01     8.627571E+03
  6.558686E+01     8.552630E+03
  6.650018E+01     8.478134E+03
  6.742622E+01     8.404088E+03
  6.836516E+01     8.330499E+03
  6.931717E+01     8.257367E+03
  7.028244E+01     8.184696E+03
  7.126115E+01     8.112484E+03
  7.225349E+01     8.040739E+03
  7.325965E+01     7.969468E+03
  7.427982E+01     7.898679E+03
  7.531420E+01     7.828379E+03
  7.636298E+01     7.758572E+03
  7.742637E+01     7.689260E+03
  7.850456E+01     7.620444E+03
  7.959777E+01     7.552122E+03
  8.070620E+01     7.484291E+03
  8.183007E+01     7.416943E+03
  8.296959E+01     7.350084E+03
  8.412497E+01     7.283721E+03
  8.529644E+01     7.217865E+03
  8.648423E+01     7.152522E+03
  8.768856E+01     7.087698E+03
  8.890966E+01     7.023397E+03
  9.014776E+01     6.959620E+03
  9.140311E+01     6.896368E+03
  9.267593E+01     6.833639E+03
  9.396648E+01     6.771427E+03
  9.527500E+01     6.709735E+03
  9.660175E+01     6.648569E+03
  9.794697E+01     6.587936E+03
  9.931092E+01     6.527838E+03
  1.006939E+02     6.468278E+03
  1.020961E+02     6.409257E+03
  1.035178E+02     6.350771E+03
  1.049593E+02     6.292817E+03
  1.064209E+02     6.235388E+03
  1.079029E+02     6.178473E+03
  1.094055E+02     6.122072E+03
  1.109290E+02     6.066190E+03
  1.124737E+02     6.010834E+03
  1.140400E+02     5.956006E+03
  1.156280E+02     5.901711E+03
  1.172382E+02     5.847948E+03
  1.188708E+02     5.794715E+03
  1.205261E+02     5.742010E+03
  1.222045E+02     5.689826E+03
  1.239062E+02     5.638155E+03
  1.256317E+02     5.586994E+03
  1.273811E+02     5.536347E+03
  1.291550E+02     5.486219E+03
  1.309535E+02     5.436613E+03
  1.327771E+02     5.387530E+03
  1.346261E+02     5.338970E+03
  1.365008E+02     5.290930E+03
  1.384016E+02     5.243404E+03
  1.403289E+02     5.196387E+03
  1.422830E+02     5.149868E+03
  1.442644E+02     5.103841E+03
  1.462733E+02     5.058310E+03
  1.483103E+02     5.013278E+03
  1.503755E+02     4.968746E+03
  1.524696E+02     4.924716E+03
  1.545928E+02     4.881184E+03
  1.567455E+02     4.838147E+03
  1.589283E+02     4.795600E+03
  1.611414E+02     4.753533E+03
  1.633854E+02     4.711936E+03
  1.656606E+02     4.670802E+03
  1.679675E+02     4.630132E+03
  1.703065E+02     4.589930E+03
  1.726781E+02     4.550198E+03
  1.750827E+02     4.510936E+03
  1.775208E+02     4.472141E+03
  1.799929E+02     4.433812E+03
  1.824993E+02     4.395941E+03
  1.850407E+02     4.358523E+03
  1.876175E+02     4.321547E+03
  1.902301E+02     4.285005E+03
  1.928792E+02     4.248899E+03
  1.955651E+02     4.213230E+03
  1.982884E+02     4.177999E+03
  2.010496E+02     4.143206E+03
  2.038493E+02     4.108847E+03
  2.066880E+02     4.074920E+03
  2.095662E+02     4.041418E+03
  2.124845E+02     4.008333E+03
  2.154435E+02     3.975656E+03
  2.184436E+02     3.943376E+03
  2.214855E+02     3.911495E+03
  2.245698E+02     3.880014E+03
  2.276970E+02     3.848933E+03
  2.308678E+02     3.818254E+03
  2.340827E+02     3.787973E+03
  2.373424E+02     3.758087E+03
  2.406475E+02     3.728591E+03
  2.439986E+02     3.699478E+03
  2.473964E+02     3.670740E+03
  2.508415E+02     3.642367E+03
  2.543346E+02     3.614358E+03
  2.578763E+02     3.586716E+03
  2.614673E+02     3.559440E+03
  2.651084E+02     3.532530E+03
  2.688001E+02     3.505983E+03
  2.725433E+02     3.479796E+03
  2.763385E+02     3.453963E+03
  2.801867E+02     3.428479E+03
  2.840884E+02     3.403333E+03
  2.880444E+02     3.378518E+03
  2.920556E+02     3.354031E+03
  2.961225E+02     3.329874E+03
  3.002462E+02     3.306048E+03
  3.044272E+02     3.282551E+03
  3.086665E+02     3.259383E+03
  3.129648E+02     3.236540E+03
  3.173230E+02     3.214018E+03
  3.217418E+02     3.191811E+03
  3.262222E+02     3.169912E+03
  3.307650E+02     3.148312E+03
  3.353710E+02     3.127009E+03
  3.400412E+02     3.106005E+03
  3.447764E+02     3.085299E+03
  3.495776E+02     3.064892E+03
  3.544456E+02     3.044780E+03
  3.593814E+02     3.024962E+03
  3.643859E+02     3.005432E+03
  3.694601E+02     2.986186E+03
  3.746050E+02     2.967216E+03
  3.798215E+02     2.948515E+03
  3.851107E+02     2.930080E+03
  3.904735E+02     2.911912E+03
  3.959110E+02     2.894011E+03
  4.014242E+02     2.876377E+03
  4.070142E+02     2.859008E+03
  4.126821E+02     2.841902E+03
  4.184289E+02     2.825055E+03
  4.242556E+02     2.808464E+03
  4.301636E+02     2.792121E+03
  4.361538E+02     2.776020E+03
  4.422274E+02     2.760158E+03
  4.483856E+02     2.744536E+03
  4.546295E+02     2.729154E+03
  4.609604E+02     2.714012E+03
  4.673795E+02     2.699107E+03
  4.738880E+02     2.684439E+03
  4.804870E+02     2.670003E+03
  4.871780E+02     2.655796E+03
  4.939622E+02     2.641812E+03
  5.008408E+02     2.628046E+03
  5.078152E+02     2.614493E+03
  5.148867E+02     2.601154E+03
  5.220568E+02     2.588030E+03
  5.293266E+02     2.575119E+03
  5.366977E+02     2.562422E+03
  5.441714E+02     2.549935E+03
  5.517492E+02     2.537655E+03
  5.594326E+02     2.525580E+03
  5.672229E+02     2.513704E+03
  5.751217E+02     2.502022E+03
  5.831305E+02     2.490530E+03
  5.912508E+02     2.479229E+03
  5.994843E+02     2.468118E+03
  6.078323E+02     2.457198E+03
  6.162966E+02     2.446467E+03
  6.248788E+02     2.435924E+03
  6.335805E+02     2.425566E+03
  6.424034E+02     2.415390E+03
  6.513491E+02     2.405392E+03
  6.604194E+02     2.395567E+03
  6.696160E+02     2.385911E+03
  6.789407E+02     2.376424E+03
  6.883952E+02     2.367105E+03
  6.979814E+02     2.357954E+03
  7.077011E+02     2.348968E+03
  7.175561E+02     2.340144E+03
  7.275484E+02     2.331480E+03
  7.376798E+02     2.322972E+03
  7.479523E+02     2.314614E+03
  7.583678E+02     2.306402E+03
  7.689284E+02     2.298331E+03
  7.796360E+02     2.290403E+03
  7.904928E+02     2.282621E+03
  8.015007E+02     2.274989E+03
  8.126619E+02     2.267507E+03
  8.239786E+02     2.260179E+03
  8.354528E+02     2.253005E+03
  8.470868E+02     2.245988E+03
  8.588829E+02     2.239129E+03
  8.708431E+02     2.232428E+03
  8.829700E+02     2.225883E+03
  8.952657E+02     2.219480E+03
  9.077327E+02     2.213203E+03
  9.203732E+02     2.207034E+03
  9.331898E+02     2.200951E+03
  9.461848E+02     2.194933E+03
  9.593608E+02     2.188954E+03
  9.727203E+02     2.182987E+03
  9.862658E+02     2.177003E+03
  1.000000E+03     2.170971E+03
