FILE CREATED BY  : PROGRAM DPASS - VERSION 2.00
DATABASE VERSION : 21.06
DATE AND TIME    : 09/08/2022 22:56:04
PROJECTILE       : Sn
TARGET           : Cd
TARGET AT. MASS  : 1.124100E+02
TARGET DENSITY   : 8.650000E+00 g/cm^3
TABULATED OUTPUT : STOPPING FORCE VERSUS ENERGY
DATA TYPE        : SPLINE INTERPOLATED
ABSCISSA UNITS   : MeV/u
ORDINATE UNITS   : eV/nm


      E/n             S(E/n)

  1.000000E-03     8.752056E+02
  1.013925E-03     8.811632E+02
  1.028045E-03     8.871996E+02
  1.042361E-03     8.933113E+02
  1.056876E-03     8.994945E+02
  1.071593E-03     9.057452E+02
  1.086516E-03     9.120587E+02
  1.101646E-03     9.184301E+02
  1.116987E-03     9.248540E+02
  1.132541E-03     9.313244E+02
  1.148312E-03     9.378349E+02
  1.164303E-03     9.443796E+02
  1.180517E-03     9.509581E+02
  1.196956E-03     9.575717E+02
  1.213624E-03     9.642219E+02
  1.230524E-03     9.709105E+02
  1.247660E-03     9.776394E+02
  1.265034E-03     9.844106E+02
  1.282650E-03     9.912264E+02
  1.300511E-03     9.980894E+02
  1.318621E-03     1.005002E+03
  1.336984E-03     1.011967E+03
  1.355602E-03     1.018986E+03
  1.374479E-03     1.026057E+03
  1.393619E-03     1.033182E+03
  1.413026E-03     1.040359E+03
  1.432703E-03     1.047589E+03
  1.452654E-03     1.054871E+03
  1.472883E-03     1.062206E+03
  1.493393E-03     1.069593E+03
  1.514189E-03     1.077031E+03
  1.535275E-03     1.084521E+03
  1.556654E-03     1.092063E+03
  1.578331E-03     1.099657E+03
  1.600310E-03     1.107304E+03
  1.622595E-03     1.115004E+03
  1.645191E-03     1.122757E+03
  1.668101E-03     1.130564E+03
  1.691330E-03     1.138426E+03
  1.714882E-03     1.146343E+03
  1.738762E-03     1.154317E+03
  1.762975E-03     1.162347E+03
  1.787526E-03     1.170435E+03
  1.812418E-03     1.178580E+03
  1.837656E-03     1.186783E+03
  1.863246E-03     1.195045E+03
  1.889193E-03     1.203365E+03
  1.915501E-03     1.211743E+03
  1.942175E-03     1.220181E+03
  1.969220E-03     1.228679E+03
  1.996642E-03     1.237237E+03
  2.024447E-03     1.245855E+03
  2.052638E-03     1.254535E+03
  2.081222E-03     1.263277E+03
  2.110203E-03     1.272080E+03
  2.139589E-03     1.280945E+03
  2.169384E-03     1.289874E+03
  2.199593E-03     1.298865E+03
  2.230223E-03     1.307920E+03
  2.261280E-03     1.317039E+03
  2.292769E-03     1.326223E+03
  2.324697E-03     1.335473E+03
  2.357069E-03     1.344788E+03
  2.389893E-03     1.354171E+03
  2.423173E-03     1.363620E+03
  2.456916E-03     1.373136E+03
  2.491130E-03     1.382719E+03
  2.525820E-03     1.392371E+03
  2.560993E-03     1.402091E+03
  2.596656E-03     1.411881E+03
  2.632815E-03     1.421740E+03
  2.669478E-03     1.431669E+03
  2.706652E-03     1.441670E+03
  2.744343E-03     1.451742E+03
  2.782559E-03     1.461885E+03
  2.821308E-03     1.472101E+03
  2.860596E-03     1.482390E+03
  2.900430E-03     1.492751E+03
  2.940820E-03     1.503187E+03
  2.981772E-03     1.513697E+03
  3.023295E-03     1.524283E+03
  3.065395E-03     1.534944E+03
  3.108082E-03     1.545682E+03
  3.151363E-03     1.556497E+03
  3.195248E-03     1.567390E+03
  3.239743E-03     1.578361E+03
  3.284857E-03     1.589410E+03
  3.330600E-03     1.600538E+03
  3.376980E-03     1.611746E+03
  3.424006E-03     1.623034E+03
  3.471687E-03     1.634403E+03
  3.520031E-03     1.645854E+03
  3.569049E-03     1.657387E+03
  3.618750E-03     1.669004E+03
  3.669142E-03     1.680704E+03
  3.720237E-03     1.692488E+03
  3.772042E-03     1.704356E+03
  3.824570E-03     1.716309E+03
  3.877828E-03     1.728348E+03
  3.931829E-03     1.740473E+03
  3.986581E-03     1.752685E+03
  4.042096E-03     1.764985E+03
  4.098384E-03     1.777374E+03
  4.155455E-03     1.789852E+03
  4.213322E-03     1.802420E+03
  4.271994E-03     1.815078E+03
  4.331483E-03     1.827828E+03
  4.391801E-03     1.840670E+03
  4.452959E-03     1.853604E+03
  4.514968E-03     1.866633E+03
  4.577841E-03     1.879756E+03
  4.641589E-03     1.892975E+03
  4.706225E-03     1.906292E+03
  4.771761E-03     1.919706E+03
  4.838210E-03     1.933218E+03
  4.905584E-03     1.946828E+03
  4.973896E-03     1.960538E+03
  5.043159E-03     1.974347E+03
  5.113388E-03     1.988255E+03
  5.184594E-03     2.002265E+03
  5.256791E-03     2.016376E+03
  5.329994E-03     2.030589E+03
  5.404216E-03     2.044905E+03
  5.479472E-03     2.059325E+03
  5.555776E-03     2.073849E+03
  5.633143E-03     2.088479E+03
  5.711586E-03     2.103214E+03
  5.791123E-03     2.118056E+03
  5.871766E-03     2.133006E+03
  5.953533E-03     2.148065E+03
  6.036439E-03     2.163234E+03
  6.120498E-03     2.178515E+03
  6.205729E-03     2.193909E+03
  6.292146E-03     2.209416E+03
  6.379767E-03     2.225037E+03
  6.468608E-03     2.240773E+03
  6.558686E-03     2.256625E+03
  6.650018E-03     2.272592E+03
  6.742622E-03     2.288677E+03
  6.836516E-03     2.304879E+03
  6.931717E-03     2.321200E+03
  7.028244E-03     2.337641E+03
  7.126115E-03     2.354202E+03
  7.225349E-03     2.370885E+03
  7.325965E-03     2.387691E+03
  7.427982E-03     2.404620E+03
  7.531420E-03     2.421674E+03
  7.636298E-03     2.438852E+03
  7.742637E-03     2.456157E+03
  7.850456E-03     2.473589E+03
  7.959777E-03     2.491150E+03
  8.070620E-03     2.508842E+03
  8.183007E-03     2.526665E+03
  8.296959E-03     2.544621E+03
  8.412497E-03     2.562710E+03
  8.529644E-03     2.580933E+03
  8.648423E-03     2.599292E+03
  8.768856E-03     2.617786E+03
  8.890966E-03     2.636417E+03
  9.014776E-03     2.655186E+03
  9.140311E-03     2.674093E+03
  9.267593E-03     2.693141E+03
  9.396648E-03     2.712331E+03
  9.527500E-03     2.731663E+03
  9.660175E-03     2.751138E+03
  9.794697E-03     2.770758E+03
  9.931092E-03     2.790523E+03
  1.006939E-02     2.810434E+03
  1.020961E-02     2.830493E+03
  1.035178E-02     2.850701E+03
  1.049593E-02     2.871059E+03
  1.064209E-02     2.891569E+03
  1.079029E-02     2.912232E+03
  1.094055E-02     2.933050E+03
  1.109290E-02     2.954023E+03
  1.124737E-02     2.975153E+03
  1.140400E-02     2.996440E+03
  1.156280E-02     3.017886E+03
  1.172382E-02     3.039491E+03
  1.188708E-02     3.061257E+03
  1.205261E-02     3.083185E+03
  1.222045E-02     3.105278E+03
  1.239062E-02     3.127535E+03
  1.256317E-02     3.149960E+03
  1.273811E-02     3.172552E+03
  1.291550E-02     3.195313E+03
  1.309535E-02     3.218244E+03
  1.327771E-02     3.241345E+03
  1.346261E-02     3.264619E+03
  1.365008E-02     3.288067E+03
  1.384016E-02     3.311689E+03
  1.403289E-02     3.335488E+03
  1.422830E-02     3.359465E+03
  1.442644E-02     3.383622E+03
  1.462733E-02     3.407960E+03
  1.483103E-02     3.432480E+03
  1.503755E-02     3.457183E+03
  1.524696E-02     3.482070E+03
  1.545928E-02     3.507143E+03
  1.567455E-02     3.532403E+03
  1.589283E-02     3.557851E+03
  1.611414E-02     3.583490E+03
  1.633854E-02     3.609321E+03
  1.656606E-02     3.635346E+03
  1.679675E-02     3.661566E+03
  1.703065E-02     3.687981E+03
  1.726781E-02     3.714594E+03
  1.750827E-02     3.741406E+03
  1.775208E-02     3.768417E+03
  1.799929E-02     3.795630E+03
  1.824993E-02     3.823046E+03
  1.850407E-02     3.850666E+03
  1.876175E-02     3.878494E+03
  1.902301E-02     3.906530E+03
  1.928792E-02     3.934776E+03
  1.955651E-02     3.963232E+03
  1.982884E-02     3.991901E+03
  2.010496E-02     4.020783E+03
  2.038493E-02     4.049879E+03
  2.066880E-02     4.079192E+03
  2.095662E-02     4.108722E+03
  2.124845E-02     4.138471E+03
  2.154435E-02     4.168442E+03
  2.184436E-02     4.198637E+03
  2.214855E-02     4.229055E+03
  2.245698E-02     4.259700E+03
  2.276970E-02     4.290571E+03
  2.308678E-02     4.321670E+03
  2.340827E-02     4.352999E+03
  2.373424E-02     4.384559E+03
  2.406475E-02     4.416351E+03
  2.439986E-02     4.448379E+03
  2.473964E-02     4.480643E+03
  2.508415E-02     4.513146E+03
  2.543346E-02     4.545889E+03
  2.578763E-02     4.578873E+03
  2.614673E-02     4.612099E+03
  2.651084E-02     4.645569E+03
  2.688001E-02     4.679283E+03
  2.725433E-02     4.713244E+03
  2.763385E-02     4.747453E+03
  2.801867E-02     4.781912E+03
  2.840884E-02     4.816622E+03
  2.880444E-02     4.851586E+03
  2.920556E-02     4.886805E+03
  2.961225E-02     4.922280E+03
  3.002462E-02     4.958013E+03
  3.044272E-02     4.994003E+03
  3.086665E-02     5.030254E+03
  3.129648E-02     5.066766E+03
  3.173230E-02     5.103541E+03
  3.217418E-02     5.140581E+03
  3.262222E-02     5.177888E+03
  3.307650E-02     5.215464E+03
  3.353710E-02     5.253311E+03
  3.400412E-02     5.291430E+03
  3.447764E-02     5.329822E+03
  3.495776E-02     5.368490E+03
  3.544456E-02     5.407434E+03
  3.593814E-02     5.446657E+03
  3.643859E-02     5.486162E+03
  3.694601E-02     5.525950E+03
  3.746050E-02     5.566024E+03
  3.798215E-02     5.606388E+03
  3.851107E-02     5.647042E+03
  3.904735E-02     5.687988E+03
  3.959110E-02     5.729227E+03
  4.014242E-02     5.770760E+03
  4.070142E-02     5.812589E+03
  4.126821E-02     5.854714E+03
  4.184289E-02     5.897138E+03
  4.242556E-02     5.939862E+03
  4.301636E-02     5.982889E+03
  4.361538E-02     6.026221E+03
  4.422274E-02     6.069858E+03
  4.483856E-02     6.113802E+03
  4.546295E-02     6.158054E+03
  4.609604E-02     6.202613E+03
  4.673795E-02     6.247481E+03
  4.738880E-02     6.292658E+03
  4.804870E-02     6.338146E+03
  4.871780E-02     6.383945E+03
  4.939622E-02     6.430058E+03
  5.008408E-02     6.476486E+03
  5.078152E-02     6.523229E+03
  5.148867E-02     6.570289E+03
  5.220568E-02     6.617665E+03
  5.293266E-02     6.665358E+03
  5.366977E-02     6.713368E+03
  5.441714E-02     6.761696E+03
  5.517492E-02     6.810343E+03
  5.594326E-02     6.859311E+03
  5.672229E-02     6.908599E+03
  5.751217E-02     6.958211E+03
  5.831305E-02     7.008146E+03
  5.912508E-02     7.058406E+03
  5.994843E-02     7.108991E+03
  6.078323E-02     7.159901E+03
  6.162966E-02     7.211138E+03
  6.248788E-02     7.262703E+03
  6.335805E-02     7.314596E+03
  6.424034E-02     7.366820E+03
  6.513491E-02     7.419377E+03
  6.604194E-02     7.472268E+03
  6.696160E-02     7.525496E+03
  6.789407E-02     7.579062E+03
  6.883952E-02     7.632965E+03
  6.979814E-02     7.687208E+03
  7.077011E-02     7.741792E+03
  7.175561E-02     7.796718E+03
  7.275484E-02     7.851988E+03
  7.376798E-02     7.907606E+03
  7.479523E-02     7.963573E+03
  7.583678E-02     8.019892E+03
  7.689284E-02     8.076567E+03
  7.796360E-02     8.133598E+03
  7.904928E-02     8.190989E+03
  8.015007E-02     8.248740E+03
  8.126619E-02     8.306854E+03
  8.239786E-02     8.365333E+03
  8.354528E-02     8.424181E+03
  8.470868E-02     8.483402E+03
  8.588829E-02     8.542999E+03
  8.708431E-02     8.602976E+03
  8.829700E-02     8.663338E+03
  8.952657E-02     8.724088E+03
  9.077327E-02     8.785228E+03
  9.203732E-02     8.846760E+03
  9.331898E-02     8.908688E+03
  9.461848E-02     8.971015E+03
  9.593608E-02     9.033746E+03
  9.727203E-02     9.096884E+03
  9.862658E-02     9.160434E+03
  1.000000E-01     9.224403E+03
  1.013925E-01     9.288796E+03
  1.028045E-01     9.353616E+03
  1.042361E-01     9.418866E+03
  1.056876E-01     9.484550E+03
  1.071593E-01     9.550673E+03
  1.086516E-01     9.617237E+03
  1.101646E-01     9.684248E+03
  1.116987E-01     9.751713E+03
  1.132541E-01     9.819636E+03
  1.148312E-01     9.888025E+03
  1.164303E-01     9.956886E+03
  1.180517E-01     1.002622E+04
  1.196956E-01     1.009604E+04
  1.213624E-01     1.016634E+04
  1.230524E-01     1.023714E+04
  1.247660E-01     1.030842E+04
  1.265034E-01     1.038021E+04
  1.282650E-01     1.045250E+04
  1.300511E-01     1.052530E+04
  1.318621E-01     1.059863E+04
  1.336984E-01     1.067248E+04
  1.355602E-01     1.074686E+04
  1.374479E-01     1.082179E+04
  1.393619E-01     1.089725E+04
  1.413026E-01     1.097326E+04
  1.432703E-01     1.104982E+04
  1.452654E-01     1.112693E+04
  1.472883E-01     1.120461E+04
  1.493393E-01     1.128286E+04
  1.514189E-01     1.136169E+04
  1.535275E-01     1.144111E+04
  1.556654E-01     1.152111E+04
  1.578331E-01     1.160171E+04
  1.600310E-01     1.168291E+04
  1.622595E-01     1.176471E+04
  1.645191E-01     1.184713E+04
  1.668101E-01     1.193016E+04
  1.691330E-01     1.201382E+04
  1.714882E-01     1.209810E+04
  1.738762E-01     1.218302E+04
  1.762975E-01     1.226859E+04
  1.787526E-01     1.235481E+04
  1.812418E-01     1.244169E+04
  1.837656E-01     1.252923E+04
  1.863246E-01     1.261743E+04
  1.889193E-01     1.270630E+04
  1.915501E-01     1.279585E+04
  1.942175E-01     1.288608E+04
  1.969220E-01     1.297699E+04
  1.996642E-01     1.306860E+04
  2.024447E-01     1.316092E+04
  2.052638E-01     1.325393E+04
  2.081222E-01     1.334765E+04
  2.110203E-01     1.344207E+04
  2.139589E-01     1.353719E+04
  2.169384E-01     1.363301E+04
  2.199593E-01     1.372952E+04
  2.230223E-01     1.382673E+04
  2.261280E-01     1.392462E+04
  2.292769E-01     1.402321E+04
  2.324697E-01     1.412247E+04
  2.357069E-01     1.422242E+04
  2.389893E-01     1.432304E+04
  2.423173E-01     1.442434E+04
  2.456916E-01     1.452630E+04
  2.491130E-01     1.462893E+04
  2.525820E-01     1.473222E+04
  2.560993E-01     1.483616E+04
  2.596656E-01     1.494075E+04
  2.632815E-01     1.504599E+04
  2.669478E-01     1.515187E+04
  2.706652E-01     1.525837E+04
  2.744343E-01     1.536551E+04
  2.782559E-01     1.547327E+04
  2.821308E-01     1.558165E+04
  2.860596E-01     1.569063E+04
  2.900430E-01     1.580023E+04
  2.940820E-01     1.591043E+04
  2.981772E-01     1.602122E+04
  3.023295E-01     1.613260E+04
  3.065395E-01     1.624457E+04
  3.108082E-01     1.635712E+04
  3.151363E-01     1.647024E+04
  3.195248E-01     1.658393E+04
  3.239743E-01     1.669817E+04
  3.284857E-01     1.681297E+04
  3.330600E-01     1.692832E+04
  3.376980E-01     1.704422E+04
  3.424006E-01     1.716064E+04
  3.471687E-01     1.727760E+04
  3.520031E-01     1.739508E+04
  3.569049E-01     1.751308E+04
  3.618750E-01     1.763160E+04
  3.669142E-01     1.775061E+04
  3.720237E-01     1.787012E+04
  3.772042E-01     1.799011E+04
  3.824570E-01     1.811058E+04
  3.877828E-01     1.823151E+04
  3.931829E-01     1.835291E+04
  3.986581E-01     1.847476E+04
  4.042096E-01     1.859705E+04
  4.098384E-01     1.871979E+04
  4.155455E-01     1.884295E+04
  4.213322E-01     1.896654E+04
  4.271994E-01     1.909054E+04
  4.331483E-01     1.921495E+04
  4.391801E-01     1.933976E+04
  4.452959E-01     1.946497E+04
  4.514968E-01     1.959057E+04
  4.577841E-01     1.971656E+04
  4.641589E-01     1.984293E+04
  4.706225E-01     1.996969E+04
  4.771761E-01     2.009681E+04
  4.838210E-01     2.022432E+04
  4.905584E-01     2.035218E+04
  4.973896E-01     2.048041E+04
  5.043159E-01     2.060901E+04
  5.113388E-01     2.073797E+04
  5.184594E-01     2.086729E+04
  5.256791E-01     2.099697E+04
  5.329994E-01     2.112702E+04
  5.404216E-01     2.125744E+04
  5.479472E-01     2.138822E+04
  5.555776E-01     2.151935E+04
  5.633143E-01     2.165081E+04
  5.711586E-01     2.178258E+04
  5.791123E-01     2.191465E+04
  5.871766E-01     2.204700E+04
  5.953533E-01     2.217963E+04
  6.036439E-01     2.231252E+04
  6.120498E-01     2.244565E+04
  6.205729E-01     2.257901E+04
  6.292146E-01     2.271257E+04
  6.379767E-01     2.284630E+04
  6.468608E-01     2.298017E+04
  6.558686E-01     2.311414E+04
  6.650018E-01     2.324817E+04
  6.742622E-01     2.338222E+04
  6.836516E-01     2.351626E+04
  6.931717E-01     2.365025E+04
  7.028244E-01     2.378414E+04
  7.126115E-01     2.391790E+04
  7.225349E-01     2.405147E+04
  7.325965E-01     2.418483E+04
  7.427982E-01     2.431794E+04
  7.531420E-01     2.445074E+04
  7.636298E-01     2.458322E+04
  7.742637E-01     2.471531E+04
  7.850456E-01     2.484698E+04
  7.959777E-01     2.497819E+04
  8.070620E-01     2.510890E+04
  8.183007E-01     2.523905E+04
  8.296959E-01     2.536862E+04
  8.412497E-01     2.549755E+04
  8.529644E-01     2.562583E+04
  8.648423E-01     2.575340E+04
  8.768856E-01     2.588023E+04
  8.890966E-01     2.600629E+04
  9.014776E-01     2.613154E+04
  9.140311E-01     2.625594E+04
  9.267593E-01     2.637947E+04
  9.396648E-01     2.650208E+04
  9.527500E-01     2.662375E+04
  9.660175E-01     2.674443E+04
  9.794697E-01     2.686411E+04
  9.931092E-01     2.698273E+04
  1.006939E+00     2.710028E+04
  1.020961E+00     2.721673E+04
  1.035178E+00     2.733204E+04
  1.049593E+00     2.744619E+04
  1.064209E+00     2.755915E+04
  1.079029E+00     2.767091E+04
  1.094055E+00     2.778145E+04
  1.109290E+00     2.789072E+04
  1.124737E+00     2.799871E+04
  1.140400E+00     2.810539E+04
  1.156280E+00     2.821073E+04
  1.172382E+00     2.831472E+04
  1.188708E+00     2.841734E+04
  1.205261E+00     2.851858E+04
  1.222045E+00     2.861841E+04
  1.239062E+00     2.871684E+04
  1.256317E+00     2.881386E+04
  1.273811E+00     2.890944E+04
  1.291550E+00     2.900356E+04
  1.309535E+00     2.909620E+04
  1.327771E+00     2.918735E+04
  1.346261E+00     2.927701E+04
  1.365008E+00     2.936516E+04
  1.384016E+00     2.945179E+04
  1.403289E+00     2.953693E+04
  1.422830E+00     2.962056E+04
  1.442644E+00     2.970269E+04
  1.462733E+00     2.978331E+04
  1.483103E+00     2.986240E+04
  1.503755E+00     2.993995E+04
  1.524696E+00     3.001595E+04
  1.545928E+00     3.009041E+04
  1.567455E+00     3.016332E+04
  1.589283E+00     3.023469E+04
  1.611414E+00     3.030453E+04
  1.633854E+00     3.037287E+04
  1.656606E+00     3.043970E+04
  1.679675E+00     3.050502E+04
  1.703065E+00     3.056882E+04
  1.726781E+00     3.063111E+04
  1.750827E+00     3.069187E+04
  1.775208E+00     3.075111E+04
  1.799929E+00     3.080883E+04
  1.824993E+00     3.086506E+04
  1.850407E+00     3.091980E+04
  1.876175E+00     3.097308E+04
  1.902301E+00     3.102492E+04
  1.928792E+00     3.107532E+04
  1.955651E+00     3.112428E+04
  1.982884E+00     3.117178E+04
  2.010496E+00     3.121783E+04
  2.038493E+00     3.126244E+04
  2.066880E+00     3.130562E+04
  2.095662E+00     3.134739E+04
  2.124845E+00     3.138775E+04
  2.154435E+00     3.142675E+04
  2.184436E+00     3.146440E+04
  2.214855E+00     3.150071E+04
  2.245698E+00     3.153566E+04
  2.276970E+00     3.156926E+04
  2.308678E+00     3.160151E+04
  2.340827E+00     3.163241E+04
  2.373424E+00     3.166198E+04
  2.406475E+00     3.169023E+04
  2.439986E+00     3.171717E+04
  2.473964E+00     3.174282E+04
  2.508415E+00     3.176722E+04
  2.543346E+00     3.179036E+04
  2.578763E+00     3.181224E+04
  2.614673E+00     3.183285E+04
  2.651084E+00     3.185220E+04
  2.688001E+00     3.187028E+04
  2.725433E+00     3.188711E+04
  2.763385E+00     3.190270E+04
  2.801867E+00     3.191705E+04
  2.840884E+00     3.193020E+04
  2.880444E+00     3.194216E+04
  2.920556E+00     3.195292E+04
  2.961225E+00     3.196249E+04
  3.002462E+00     3.197085E+04
  3.044272E+00     3.197801E+04
  3.086665E+00     3.198397E+04
  3.129648E+00     3.198871E+04
  3.173230E+00     3.199226E+04
  3.217418E+00     3.199462E+04
  3.262222E+00     3.199580E+04
  3.307650E+00     3.199581E+04
  3.353710E+00     3.199466E+04
  3.400412E+00     3.199234E+04
  3.447764E+00     3.198885E+04
  3.495776E+00     3.198418E+04
  3.544456E+00     3.197835E+04
  3.593814E+00     3.197135E+04
  3.643859E+00     3.196319E+04
  3.694601E+00     3.195388E+04
  3.746050E+00     3.194344E+04
  3.798215E+00     3.193188E+04
  3.851107E+00     3.191920E+04
  3.904735E+00     3.190540E+04
  3.959110E+00     3.189046E+04
  4.014242E+00     3.187440E+04
  4.070142E+00     3.185719E+04
  4.126821E+00     3.183884E+04
  4.184289E+00     3.181935E+04
  4.242556E+00     3.179873E+04
  4.301636E+00     3.177698E+04
  4.361538E+00     3.175410E+04
  4.422274E+00     3.173011E+04
  4.483856E+00     3.170499E+04
  4.546295E+00     3.167874E+04
  4.609604E+00     3.165136E+04
  4.673795E+00     3.162284E+04
  4.738880E+00     3.159320E+04
  4.804870E+00     3.156243E+04
  4.871780E+00     3.153054E+04
  4.939622E+00     3.149755E+04
  5.008408E+00     3.146345E+04
  5.078152E+00     3.142826E+04
  5.148867E+00     3.139197E+04
  5.220568E+00     3.135458E+04
  5.293266E+00     3.131608E+04
  5.366977E+00     3.127648E+04
  5.441714E+00     3.123578E+04
  5.517492E+00     3.119398E+04
  5.594326E+00     3.115109E+04
  5.672229E+00     3.110712E+04
  5.751217E+00     3.106207E+04
  5.831305E+00     3.101595E+04
  5.912508E+00     3.096876E+04
  5.994843E+00     3.092049E+04
  6.078323E+00     3.087116E+04
  6.162966E+00     3.082075E+04
  6.248788E+00     3.076927E+04
  6.335805E+00     3.071673E+04
  6.424034E+00     3.066314E+04
  6.513491E+00     3.060849E+04
  6.604194E+00     3.055281E+04
  6.696160E+00     3.049609E+04
  6.789407E+00     3.043835E+04
  6.883952E+00     3.037958E+04
  6.979814E+00     3.031977E+04
  7.077011E+00     3.025895E+04
  7.175561E+00     3.019710E+04
  7.275484E+00     3.013424E+04
  7.376798E+00     3.007038E+04
  7.479523E+00     3.000552E+04
  7.583678E+00     2.993968E+04
  7.689284E+00     2.987286E+04
  7.796360E+00     2.980507E+04
  7.904928E+00     2.973631E+04
  8.015007E+00     2.966658E+04
  8.126619E+00     2.959588E+04
  8.239786E+00     2.952423E+04
  8.354528E+00     2.945162E+04
  8.470868E+00     2.937807E+04
  8.588829E+00     2.930358E+04
  8.708431E+00     2.922816E+04
  8.829700E+00     2.915183E+04
  8.952657E+00     2.907458E+04
  9.077327E+00     2.899643E+04
  9.203732E+00     2.891736E+04
  9.331898E+00     2.883739E+04
  9.461848E+00     2.875651E+04
  9.593608E+00     2.867474E+04
  9.727203E+00     2.859208E+04
  9.862658E+00     2.850854E+04
  1.000000E+01     2.842412E+04
  1.013925E+01     2.833884E+04
  1.028045E+01     2.825270E+04
  1.042361E+01     2.816570E+04
  1.056876E+01     2.807785E+04
  1.071593E+01     2.798915E+04
  1.086516E+01     2.789961E+04
  1.101646E+01     2.780923E+04
  1.116987E+01     2.771802E+04
  1.132541E+01     2.762599E+04
  1.148312E+01     2.753315E+04
  1.164303E+01     2.743951E+04
  1.180517E+01     2.734507E+04
  1.196956E+01     2.724984E+04
  1.213624E+01     2.715382E+04
  1.230524E+01     2.705703E+04
  1.247660E+01     2.695946E+04
  1.265034E+01     2.686113E+04
  1.282650E+01     2.676203E+04
  1.300511E+01     2.666219E+04
  1.318621E+01     2.656160E+04
  1.336984E+01     2.646029E+04
  1.355602E+01     2.635825E+04
  1.374479E+01     2.625549E+04
  1.393619E+01     2.615202E+04
  1.413026E+01     2.604785E+04
  1.432703E+01     2.594299E+04
  1.452654E+01     2.583744E+04
  1.472883E+01     2.573122E+04
  1.493393E+01     2.562432E+04
  1.514189E+01     2.551678E+04
  1.535275E+01     2.540858E+04
  1.556654E+01     2.529975E+04
  1.578331E+01     2.519029E+04
  1.600310E+01     2.508021E+04
  1.622595E+01     2.496951E+04
  1.645191E+01     2.485821E+04
  1.668101E+01     2.474631E+04
  1.691330E+01     2.463381E+04
  1.714882E+01     2.452074E+04
  1.738762E+01     2.440709E+04
  1.762975E+01     2.429287E+04
  1.787526E+01     2.417810E+04
  1.812418E+01     2.406278E+04
  1.837656E+01     2.394692E+04
  1.863246E+01     2.383054E+04
  1.889193E+01     2.371365E+04
  1.915501E+01     2.359625E+04
  1.942175E+01     2.347835E+04
  1.969220E+01     2.335998E+04
  1.996642E+01     2.324113E+04
  2.024447E+01     2.312183E+04
  2.052638E+01     2.300207E+04
  2.081222E+01     2.288188E+04
  2.110203E+01     2.276126E+04
  2.139589E+01     2.264023E+04
  2.169384E+01     2.251880E+04
  2.199593E+01     2.239698E+04
  2.230223E+01     2.227477E+04
  2.261280E+01     2.215220E+04
  2.292769E+01     2.202928E+04
  2.324697E+01     2.190600E+04
  2.357069E+01     2.178239E+04
  2.389893E+01     2.165846E+04
  2.423173E+01     2.153422E+04
  2.456916E+01     2.140970E+04
  2.491130E+01     2.128489E+04
  2.525820E+01     2.115982E+04
  2.560993E+01     2.103450E+04
  2.596656E+01     2.090894E+04
  2.632815E+01     2.078315E+04
  2.669478E+01     2.065716E+04
  2.706652E+01     2.053096E+04
  2.744343E+01     2.040458E+04
  2.782559E+01     2.027803E+04
  2.821308E+01     2.015132E+04
  2.860596E+01     2.002447E+04
  2.900430E+01     1.989750E+04
  2.940820E+01     1.977041E+04
  2.981772E+01     1.964322E+04
  3.023295E+01     1.951593E+04
  3.065395E+01     1.938857E+04
  3.108082E+01     1.926114E+04
  3.151363E+01     1.913365E+04
  3.195248E+01     1.900613E+04
  3.239743E+01     1.887860E+04
  3.284857E+01     1.875106E+04
  3.330600E+01     1.862354E+04
  3.376980E+01     1.849604E+04
  3.424006E+01     1.836859E+04
  3.471687E+01     1.824119E+04
  3.520031E+01     1.811386E+04
  3.569049E+01     1.798661E+04
  3.618750E+01     1.785946E+04
  3.669142E+01     1.773242E+04
  3.720237E+01     1.760551E+04
  3.772042E+01     1.747874E+04
  3.824570E+01     1.735214E+04
  3.877828E+01     1.722572E+04
  3.931829E+01     1.709948E+04
  3.986581E+01     1.697344E+04
  4.042096E+01     1.684761E+04
  4.098384E+01     1.672199E+04
  4.155455E+01     1.659662E+04
  4.213322E+01     1.647149E+04
  4.271994E+01     1.634664E+04
  4.331483E+01     1.622207E+04
  4.391801E+01     1.609779E+04
  4.452959E+01     1.597383E+04
  4.514968E+01     1.585019E+04
  4.577841E+01     1.572689E+04
  4.641589E+01     1.560392E+04
  4.706225E+01     1.548129E+04
  4.771761E+01     1.535903E+04
  4.838210E+01     1.523715E+04
  4.905584E+01     1.511566E+04
  4.973896E+01     1.499459E+04
  5.043159E+01     1.487395E+04
  5.113388E+01     1.475374E+04
  5.184594E+01     1.463399E+04
  5.256791E+01     1.451470E+04
  5.329994E+01     1.439587E+04
  5.404216E+01     1.427752E+04
  5.479472E+01     1.415965E+04
  5.555776E+01     1.404228E+04
  5.633143E+01     1.392544E+04
  5.711586E+01     1.380913E+04
  5.791123E+01     1.369336E+04
  5.871766E+01     1.357815E+04
  5.953533E+01     1.346350E+04
  6.036439E+01     1.334942E+04
  6.120498E+01     1.323591E+04
  6.205729E+01     1.312297E+04
  6.292146E+01     1.301061E+04
  6.379767E+01     1.289886E+04
  6.468608E+01     1.278772E+04
  6.558686E+01     1.267720E+04
  6.650018E+01     1.256732E+04
  6.742622E+01     1.245809E+04
  6.836516E+01     1.234951E+04
  6.931717E+01     1.224159E+04
  7.028244E+01     1.213431E+04
  7.126115E+01     1.202769E+04
  7.225349E+01     1.192173E+04
  7.325965E+01     1.181644E+04
  7.427982E+01     1.171184E+04
  7.531420E+01     1.160794E+04
  7.636298E+01     1.150474E+04
  7.742637E+01     1.140225E+04
  7.850456E+01     1.130047E+04
  7.959777E+01     1.119940E+04
  8.070620E+01     1.109904E+04
  8.183007E+01     1.099938E+04
  8.296959E+01     1.090042E+04
  8.412497E+01     1.080218E+04
  8.529644E+01     1.070468E+04
  8.648423E+01     1.060792E+04
  8.768856E+01     1.051192E+04
  8.890966E+01     1.041668E+04
  9.014776E+01     1.032220E+04
  9.140311E+01     1.022849E+04
  9.267593E+01     1.013554E+04
  9.396648E+01     1.004335E+04
  9.527500E+01     9.951920E+03
  9.660175E+01     9.861263E+03
  9.794697E+01     9.771385E+03
  9.931092E+01     9.682293E+03
  1.006939E+02     9.593988E+03
  1.020961E+02     9.506472E+03
  1.035178E+02     9.419740E+03
  1.049593E+02     9.333787E+03
  1.064209E+02     9.248601E+03
  1.079029E+02     9.164170E+03
  1.094055E+02     9.080489E+03
  1.109290E+02     8.997569E+03
  1.124737E+02     8.915418E+03
  1.140400E+02     8.834042E+03
  1.156280E+02     8.753446E+03
  1.172382E+02     8.673631E+03
  1.188708E+02     8.594595E+03
  1.205261E+02     8.516334E+03
  1.222045E+02     8.438838E+03
  1.239062E+02     8.362096E+03
  1.256317E+02     8.286103E+03
  1.273811E+02     8.210867E+03
  1.291550E+02     8.136395E+03
  1.309535E+02     8.062691E+03
  1.327771E+02     7.989758E+03
  1.346261E+02     7.917594E+03
  1.365008E+02     7.846195E+03
  1.384016E+02     7.775556E+03
  1.403289E+02     7.705664E+03
  1.422830E+02     7.636507E+03
  1.442644E+02     7.568076E+03
  1.462733E+02     7.500376E+03
  1.483103E+02     7.433411E+03
  1.503755E+02     7.367185E+03
  1.524696E+02     7.301698E+03
  1.545928E+02     7.236947E+03
  1.567455E+02     7.172927E+03
  1.589283E+02     7.109628E+03
  1.611414E+02     7.047040E+03
  1.633854E+02     6.985146E+03
  1.656606E+02     6.923934E+03
  1.679675E+02     6.863410E+03
  1.703065E+02     6.803577E+03
  1.726781E+02     6.744437E+03
  1.750827E+02     6.685992E+03
  1.775208E+02     6.628239E+03
  1.799929E+02     6.571174E+03
  1.824993E+02     6.514787E+03
  1.850407E+02     6.459069E+03
  1.876175E+02     6.404005E+03
  1.902301E+02     6.349583E+03
  1.928792E+02     6.295806E+03
  1.955651E+02     6.242676E+03
  1.982884E+02     6.190196E+03
  2.010496E+02     6.138364E+03
  2.038493E+02     6.087178E+03
  2.066880E+02     6.036632E+03
  2.095662E+02     5.986718E+03
  2.124845E+02     5.937424E+03
  2.154435E+02     5.888737E+03
  2.184436E+02     5.840642E+03
  2.214855E+02     5.793141E+03
  2.245698E+02     5.746235E+03
  2.276970E+02     5.699927E+03
  2.308678E+02     5.654215E+03
  2.340827E+02     5.609096E+03
  2.373424E+02     5.564564E+03
  2.406475E+02     5.520612E+03
  2.439986E+02     5.477230E+03
  2.473964E+02     5.434402E+03
  2.508415E+02     5.392117E+03
  2.543346E+02     5.350373E+03
  2.578763E+02     5.309172E+03
  2.614673E+02     5.268516E+03
  2.651084E+02     5.228403E+03
  2.688001E+02     5.188830E+03
  2.725433E+02     5.149793E+03
  2.763385E+02     5.111284E+03
  2.801867E+02     5.073294E+03
  2.840884E+02     5.035810E+03
  2.880444E+02     4.998819E+03
  2.920556E+02     4.962318E+03
  2.961225E+02     4.926311E+03
  3.002462E+02     4.890797E+03
  3.044272E+02     4.855775E+03
  3.086665E+02     4.821242E+03
  3.129648E+02     4.787194E+03
  3.173230E+02     4.753624E+03
  3.217418E+02     4.720522E+03
  3.262222E+02     4.687877E+03
  3.307650E+02     4.655677E+03
  3.353710E+02     4.623917E+03
  3.400412E+02     4.592601E+03
  3.447764E+02     4.561729E+03
  3.495776E+02     4.531299E+03
  3.544456E+02     4.501309E+03
  3.593814E+02     4.471756E+03
  3.643859E+02     4.442633E+03
  3.694601E+02     4.413931E+03
  3.746050E+02     4.385643E+03
  3.798215E+02     4.357755E+03
  3.851107E+02     4.330264E+03
  3.904735E+02     4.303171E+03
  3.959110E+02     4.276477E+03
  4.014242E+02     4.250182E+03
  4.070142E+02     4.224282E+03
  4.126821E+02     4.198775E+03
  4.184289E+02     4.173654E+03
  4.242556E+02     4.148914E+03
  4.301636E+02     4.124545E+03
  4.361538E+02     4.100536E+03
  4.422274E+02     4.076884E+03
  4.483856E+02     4.053589E+03
  4.546295E+02     4.030652E+03
  4.609604E+02     4.008073E+03
  4.673795E+02     3.985848E+03
  4.738880E+02     3.963976E+03
  4.804870E+02     3.942450E+03
  4.871780E+02     3.921266E+03
  4.939622E+02     3.900415E+03
  5.008408E+02     3.879888E+03
  5.078152E+02     3.859679E+03
  5.148867E+02     3.839791E+03
  5.220568E+02     3.820222E+03
  5.293266E+02     3.800972E+03
  5.366977E+02     3.782040E+03
  5.441714E+02     3.763422E+03
  5.517492E+02     3.745114E+03
  5.594326E+02     3.727110E+03
  5.672229E+02     3.709403E+03
  5.751217E+02     3.691986E+03
  5.831305E+02     3.674851E+03
  5.912508E+02     3.658001E+03
  5.994843E+02     3.641434E+03
  6.078323E+02     3.625152E+03
  6.162966E+02     3.609152E+03
  6.248788E+02     3.593432E+03
  6.335805E+02     3.577988E+03
  6.424034E+02     3.562816E+03
  6.513491E+02     3.547909E+03
  6.604194E+02     3.533260E+03
  6.696160E+02     3.518864E+03
  6.789407E+02     3.504720E+03
  6.883952E+02     3.490828E+03
  6.979814E+02     3.477185E+03
  7.077011E+02     3.463790E+03
  7.175561E+02     3.450638E+03
  7.275484E+02     3.437725E+03
  7.376798E+02     3.425045E+03
  7.479523E+02     3.412592E+03
  7.583678E+02     3.400358E+03
  7.689284E+02     3.388336E+03
  7.796360E+02     3.376530E+03
  7.904928E+02     3.364943E+03
  8.015007E+02     3.353580E+03
  8.126619E+02     3.342445E+03
  8.239786E+02     3.331539E+03
  8.354528E+02     3.320865E+03
  8.470868E+02     3.310427E+03
  8.588829E+02     3.300224E+03
  8.708431E+02     3.290259E+03
  8.829700E+02     3.280528E+03
  8.952657E+02     3.271009E+03
  9.077327E+02     3.261679E+03
  9.203732E+02     3.252509E+03
  9.331898E+02     3.243470E+03
  9.461848E+02     3.234527E+03
  9.593608E+02     3.225644E+03
  9.727203E+02     3.216780E+03
  9.862658E+02     3.207891E+03
  1.000000E+03     3.198929E+03
