FILE CREATED BY  : PROGRAM DPASS - VERSION 2.00
DATABASE VERSION : 21.06
DATE AND TIME    : 09/08/2022 22:58:21
PROJECTILE       : Sb
TARGET           : Na
TARGET AT. MASS  : 2.298977E+01
TARGET DENSITY   : 9.710000E-01 g/cm^3
TABULATED OUTPUT : STOPPING FORCE VERSUS ENERGY
DATA TYPE        : SPLINE INTERPOLATED
ABSCISSA UNITS   : MeV/u
ORDINATE UNITS   : eV/nm


      E/n             S(E/n)

  1.000000E-03     1.956479E+02
  1.013925E-03     1.970005E+02
  1.028045E-03     1.983710E+02
  1.042361E-03     1.997587E+02
  1.056876E-03     2.011627E+02
  1.071593E-03     2.025823E+02
  1.086516E-03     2.040163E+02
  1.101646E-03     2.054638E+02
  1.116987E-03     2.069236E+02
  1.132541E-03     2.083944E+02
  1.148312E-03     2.098747E+02
  1.164303E-03     2.113635E+02
  1.180517E-03     2.128604E+02
  1.196956E-03     2.143660E+02
  1.213624E-03     2.158804E+02
  1.230524E-03     2.174041E+02
  1.247660E-03     2.189376E+02
  1.265034E-03     2.204812E+02
  1.282650E-03     2.220356E+02
  1.300511E-03     2.236011E+02
  1.318621E-03     2.251786E+02
  1.336984E-03     2.267684E+02
  1.355602E-03     2.283709E+02
  1.374479E-03     2.299860E+02
  1.393619E-03     2.316137E+02
  1.413026E-03     2.332539E+02
  1.432703E-03     2.349067E+02
  1.452654E-03     2.365721E+02
  1.472883E-03     2.382499E+02
  1.493393E-03     2.399403E+02
  1.514189E-03     2.416431E+02
  1.535275E-03     2.433583E+02
  1.556654E-03     2.450860E+02
  1.578331E-03     2.468264E+02
  1.600310E-03     2.485794E+02
  1.622595E-03     2.503452E+02
  1.645191E-03     2.521240E+02
  1.668101E-03     2.539158E+02
  1.691330E-03     2.557208E+02
  1.714882E-03     2.575392E+02
  1.738762E-03     2.593712E+02
  1.762975E-03     2.612169E+02
  1.787526E-03     2.630764E+02
  1.812418E-03     2.649500E+02
  1.837656E-03     2.668375E+02
  1.863246E-03     2.687391E+02
  1.889193E-03     2.706550E+02
  1.915501E-03     2.725852E+02
  1.942175E-03     2.745298E+02
  1.969220E-03     2.764890E+02
  1.996642E-03     2.784629E+02
  2.024447E-03     2.804517E+02
  2.052638E-03     2.824555E+02
  2.081222E-03     2.844743E+02
  2.110203E-03     2.865084E+02
  2.139589E-03     2.885576E+02
  2.169384E-03     2.906223E+02
  2.199593E-03     2.927025E+02
  2.230223E-03     2.947983E+02
  2.261280E-03     2.969100E+02
  2.292769E-03     2.990375E+02
  2.324697E-03     3.011812E+02
  2.357069E-03     3.033412E+02
  2.389893E-03     3.055175E+02
  2.423173E-03     3.077103E+02
  2.456916E-03     3.099197E+02
  2.491130E-03     3.121457E+02
  2.525820E-03     3.143886E+02
  2.560993E-03     3.166484E+02
  2.596656E-03     3.189254E+02
  2.632815E-03     3.212196E+02
  2.669478E-03     3.235314E+02
  2.706652E-03     3.258607E+02
  2.744343E-03     3.282078E+02
  2.782559E-03     3.305728E+02
  2.821308E-03     3.329557E+02
  2.860596E-03     3.353568E+02
  2.900430E-03     3.377762E+02
  2.940820E-03     3.402140E+02
  2.981772E-03     3.426704E+02
  3.023295E-03     3.451457E+02
  3.065395E-03     3.476400E+02
  3.108082E-03     3.501535E+02
  3.151363E-03     3.526863E+02
  3.195248E-03     3.552386E+02
  3.239743E-03     3.578105E+02
  3.284857E-03     3.604020E+02
  3.330600E-03     3.630135E+02
  3.376980E-03     3.656449E+02
  3.424006E-03     3.682966E+02
  3.471687E-03     3.709687E+02
  3.520031E-03     3.736613E+02
  3.569049E-03     3.763747E+02
  3.618750E-03     3.791091E+02
  3.669142E-03     3.818645E+02
  3.720237E-03     3.846412E+02
  3.772042E-03     3.874392E+02
  3.824570E-03     3.902588E+02
  3.877828E-03     3.931002E+02
  3.931829E-03     3.959635E+02
  3.986581E-03     3.988490E+02
  4.042096E-03     4.017569E+02
  4.098384E-03     4.046875E+02
  4.155455E-03     4.076409E+02
  4.213322E-03     4.106173E+02
  4.271994E-03     4.136167E+02
  4.331483E-03     4.166393E+02
  4.391801E-03     4.196853E+02
  4.452959E-03     4.227548E+02
  4.514968E-03     4.258481E+02
  4.577841E-03     4.289653E+02
  4.641589E-03     4.321067E+02
  4.706225E-03     4.352725E+02
  4.771761E-03     4.384628E+02
  4.838210E-03     4.416779E+02
  4.905584E-03     4.449179E+02
  4.973896E-03     4.481830E+02
  5.043159E-03     4.514734E+02
  5.113388E-03     4.547894E+02
  5.184594E-03     4.581312E+02
  5.256791E-03     4.614991E+02
  5.329994E-03     4.648934E+02
  5.404216E-03     4.683144E+02
  5.479472E-03     4.717622E+02
  5.555776E-03     4.752370E+02
  5.633143E-03     4.787389E+02
  5.711586E-03     4.822682E+02
  5.791123E-03     4.858250E+02
  5.871766E-03     4.894095E+02
  5.953533E-03     4.930219E+02
  6.036439E-03     4.966625E+02
  6.120498E-03     5.003314E+02
  6.205729E-03     5.040289E+02
  6.292146E-03     5.077553E+02
  6.379767E-03     5.115107E+02
  6.468608E-03     5.152952E+02
  6.558686E-03     5.191091E+02
  6.650018E-03     5.229526E+02
  6.742622E-03     5.268258E+02
  6.836516E-03     5.307290E+02
  6.931717E-03     5.346626E+02
  7.028244E-03     5.386266E+02
  7.126115E-03     5.426215E+02
  7.225349E-03     5.466475E+02
  7.325965E-03     5.507046E+02
  7.427982E-03     5.547932E+02
  7.531420E-03     5.589133E+02
  7.636298E-03     5.630651E+02
  7.742637E-03     5.672490E+02
  7.850456E-03     5.714651E+02
  7.959777E-03     5.757136E+02
  8.070620E-03     5.799949E+02
  8.183007E-03     5.843093E+02
  8.296959E-03     5.886569E+02
  8.412497E-03     5.930379E+02
  8.529644E-03     5.974525E+02
  8.648423E-03     6.019008E+02
  8.768856E-03     6.063832E+02
  8.890966E-03     6.108997E+02
  9.014776E-03     6.154506E+02
  9.140311E-03     6.200363E+02
  9.267593E-03     6.246569E+02
  9.396648E-03     6.293128E+02
  9.527500E-03     6.340041E+02
  9.660175E-03     6.387311E+02
  9.794697E-03     6.434938E+02
  9.931092E-03     6.482925E+02
  1.006939E-02     6.531273E+02
  1.020961E-02     6.579985E+02
  1.035178E-02     6.629062E+02
  1.049593E-02     6.678507E+02
  1.064209E-02     6.728322E+02
  1.079029E-02     6.778510E+02
  1.094055E-02     6.829073E+02
  1.109290E-02     6.880014E+02
  1.124737E-02     6.931332E+02
  1.140400E-02     6.983031E+02
  1.156280E-02     7.035111E+02
  1.172382E-02     7.087575E+02
  1.188708E-02     7.140426E+02
  1.205261E-02     7.193665E+02
  1.222045E-02     7.247295E+02
  1.239062E-02     7.301319E+02
  1.256317E-02     7.355740E+02
  1.273811E-02     7.410558E+02
  1.291550E-02     7.465775E+02
  1.309535E-02     7.521392E+02
  1.327771E-02     7.577411E+02
  1.346261E-02     7.633832E+02
  1.365008E-02     7.690659E+02
  1.384016E-02     7.747892E+02
  1.403289E-02     7.805534E+02
  1.422830E-02     7.863588E+02
  1.442644E-02     7.922056E+02
  1.462733E-02     7.980938E+02
  1.483103E-02     8.040236E+02
  1.503755E-02     8.099950E+02
  1.524696E-02     8.160082E+02
  1.545928E-02     8.220634E+02
  1.567455E-02     8.281608E+02
  1.589283E-02     8.343004E+02
  1.611414E-02     8.404826E+02
  1.633854E-02     8.467075E+02
  1.656606E-02     8.529755E+02
  1.679675E-02     8.592865E+02
  1.703065E-02     8.656405E+02
  1.726781E-02     8.720378E+02
  1.750827E-02     8.784783E+02
  1.775208E-02     8.849622E+02
  1.799929E-02     8.914895E+02
  1.824993E-02     8.980605E+02
  1.850407E-02     9.046752E+02
  1.876175E-02     9.113339E+02
  1.902301E-02     9.180368E+02
  1.928792E-02     9.247839E+02
  1.955651E-02     9.315753E+02
  1.982884E-02     9.384111E+02
  2.010496E-02     9.452914E+02
  2.038493E-02     9.522164E+02
  2.066880E-02     9.591861E+02
  2.095662E-02     9.662008E+02
  2.124845E-02     9.732607E+02
  2.154435E-02     9.803661E+02
  2.184436E-02     9.875172E+02
  2.214855E-02     9.947140E+02
  2.245698E-02     1.001957E+03
  2.276970E-02     1.009245E+03
  2.308678E-02     1.016580E+03
  2.340827E-02     1.023960E+03
  2.373424E-02     1.031387E+03
  2.406475E-02     1.038859E+03
  2.439986E-02     1.046379E+03
  2.473964E-02     1.053945E+03
  2.508415E-02     1.061558E+03
  2.543346E-02     1.069218E+03
  2.578763E-02     1.076925E+03
  2.614673E-02     1.084679E+03
  2.651084E-02     1.092481E+03
  2.688001E-02     1.100330E+03
  2.725433E-02     1.108227E+03
  2.763385E-02     1.116172E+03
  2.801867E-02     1.124165E+03
  2.840884E-02     1.132206E+03
  2.880444E-02     1.140297E+03
  2.920556E-02     1.148436E+03
  2.961225E-02     1.156625E+03
  3.002462E-02     1.164863E+03
  3.044272E-02     1.173150E+03
  3.086665E-02     1.181487E+03
  3.129648E-02     1.189873E+03
  3.173230E-02     1.198309E+03
  3.217418E-02     1.206796E+03
  3.262222E-02     1.215333E+03
  3.307650E-02     1.223922E+03
  3.353710E-02     1.232561E+03
  3.400412E-02     1.241252E+03
  3.447764E-02     1.249994E+03
  3.495776E-02     1.258787E+03
  3.544456E-02     1.267633E+03
  3.593814E-02     1.276530E+03
  3.643859E-02     1.285481E+03
  3.694601E-02     1.294483E+03
  3.746050E-02     1.303539E+03
  3.798215E-02     1.312649E+03
  3.851107E-02     1.321813E+03
  3.904735E-02     1.331031E+03
  3.959110E-02     1.340304E+03
  4.014242E-02     1.349630E+03
  4.070142E-02     1.359012E+03
  4.126821E-02     1.368448E+03
  4.184289E-02     1.377940E+03
  4.242556E-02     1.387488E+03
  4.301636E-02     1.397092E+03
  4.361538E-02     1.406752E+03
  4.422274E-02     1.416470E+03
  4.483856E-02     1.426246E+03
  4.546295E-02     1.436080E+03
  4.609604E-02     1.445974E+03
  4.673795E-02     1.455926E+03
  4.738880E-02     1.465940E+03
  4.804870E-02     1.476015E+03
  4.871780E-02     1.486153E+03
  4.939622E-02     1.496354E+03
  5.008408E-02     1.506620E+03
  5.078152E-02     1.516953E+03
  5.148867E-02     1.527351E+03
  5.220568E-02     1.537816E+03
  5.293266E-02     1.548348E+03
  5.366977E-02     1.558947E+03
  5.441714E-02     1.569614E+03
  5.517492E-02     1.580349E+03
  5.594326E-02     1.591154E+03
  5.672229E-02     1.602028E+03
  5.751217E-02     1.612974E+03
  5.831305E-02     1.623990E+03
  5.912508E-02     1.635077E+03
  5.994843E-02     1.646235E+03
  6.078323E-02     1.657464E+03
  6.162966E-02     1.668763E+03
  6.248788E-02     1.680133E+03
  6.335805E-02     1.691573E+03
  6.424034E-02     1.703083E+03
  6.513491E-02     1.714664E+03
  6.604194E-02     1.726314E+03
  6.696160E-02     1.738035E+03
  6.789407E-02     1.749827E+03
  6.883952E-02     1.761688E+03
  6.979814E-02     1.773619E+03
  7.077011E-02     1.785620E+03
  7.175561E-02     1.797691E+03
  7.275484E-02     1.809832E+03
  7.376798E-02     1.822044E+03
  7.479523E-02     1.834326E+03
  7.583678E-02     1.846678E+03
  7.689284E-02     1.859102E+03
  7.796360E-02     1.871596E+03
  7.904928E-02     1.884161E+03
  8.015007E-02     1.896796E+03
  8.126619E-02     1.909502E+03
  8.239786E-02     1.922278E+03
  8.354528E-02     1.935125E+03
  8.470868E-02     1.948043E+03
  8.588829E-02     1.961032E+03
  8.708431E-02     1.974092E+03
  8.829700E-02     1.987223E+03
  8.952657E-02     2.000427E+03
  9.077327E-02     2.013702E+03
  9.203732E-02     2.027049E+03
  9.331898E-02     2.040469E+03
  9.461848E-02     2.053962E+03
  9.593608E-02     2.067529E+03
  9.727203E-02     2.081170E+03
  9.862658E-02     2.094887E+03
  1.000000E-01     2.108679E+03
  1.013925E-01     2.122549E+03
  1.028045E-01     2.136496E+03
  1.042361E-01     2.150521E+03
  1.056876E-01     2.164624E+03
  1.071593E-01     2.178806E+03
  1.086516E-01     2.193068E+03
  1.101646E-01     2.207411E+03
  1.116987E-01     2.221834E+03
  1.132541E-01     2.236340E+03
  1.148312E-01     2.250930E+03
  1.164303E-01     2.265604E+03
  1.180517E-01     2.280364E+03
  1.196956E-01     2.295210E+03
  1.213624E-01     2.310143E+03
  1.230524E-01     2.325163E+03
  1.247660E-01     2.340272E+03
  1.265034E-01     2.355470E+03
  1.282650E-01     2.370760E+03
  1.300511E-01     2.386141E+03
  1.318621E-01     2.401617E+03
  1.336984E-01     2.417187E+03
  1.355602E-01     2.432855E+03
  1.374479E-01     2.448620E+03
  1.393619E-01     2.464485E+03
  1.413026E-01     2.480451E+03
  1.432703E-01     2.496520E+03
  1.452654E-01     2.512694E+03
  1.472883E-01     2.528975E+03
  1.493393E-01     2.545366E+03
  1.514189E-01     2.561870E+03
  1.535275E-01     2.578489E+03
  1.556654E-01     2.595223E+03
  1.578331E-01     2.612074E+03
  1.600310E-01     2.629039E+03
  1.622595E-01     2.646119E+03
  1.645191E-01     2.663313E+03
  1.668101E-01     2.680621E+03
  1.691330E-01     2.698043E+03
  1.714882E-01     2.715577E+03
  1.738762E-01     2.733223E+03
  1.762975E-01     2.750982E+03
  1.787526E-01     2.768852E+03
  1.812418E-01     2.786831E+03
  1.837656E-01     2.804919E+03
  1.863246E-01     2.823115E+03
  1.889193E-01     2.841416E+03
  1.915501E-01     2.859822E+03
  1.942175E-01     2.878332E+03
  1.969220E-01     2.896943E+03
  1.996642E-01     2.915654E+03
  2.024447E-01     2.934465E+03
  2.052638E-01     2.953372E+03
  2.081222E-01     2.972376E+03
  2.110203E-01     2.991475E+03
  2.139589E-01     3.010666E+03
  2.169384E-01     3.029950E+03
  2.199593E-01     3.049325E+03
  2.230223E-01     3.068789E+03
  2.261280E-01     3.088341E+03
  2.292769E-01     3.107980E+03
  2.324697E-01     3.127704E+03
  2.357069E-01     3.147513E+03
  2.389893E-01     3.167404E+03
  2.423173E-01     3.187378E+03
  2.456916E-01     3.207431E+03
  2.491130E-01     3.227565E+03
  2.525820E-01     3.247777E+03
  2.560993E-01     3.268066E+03
  2.596656E-01     3.288431E+03
  2.632815E-01     3.308872E+03
  2.669478E-01     3.329388E+03
  2.706652E-01     3.349978E+03
  2.744343E-01     3.370641E+03
  2.782559E-01     3.391375E+03
  2.821308E-01     3.412180E+03
  2.860596E-01     3.433055E+03
  2.900430E-01     3.453999E+03
  2.940820E-01     3.475011E+03
  2.981772E-01     3.496092E+03
  3.023295E-01     3.517239E+03
  3.065395E-01     3.538454E+03
  3.108082E-01     3.559736E+03
  3.151363E-01     3.581083E+03
  3.195248E-01     3.602495E+03
  3.239743E-01     3.623971E+03
  3.284857E-01     3.645510E+03
  3.330600E-01     3.667110E+03
  3.376980E-01     3.688772E+03
  3.424006E-01     3.710496E+03
  3.471687E-01     3.732281E+03
  3.520031E-01     3.754126E+03
  3.569049E-01     3.776033E+03
  3.618750E-01     3.798000E+03
  3.669142E-01     3.820026E+03
  3.720237E-01     3.842111E+03
  3.772042E-01     3.864253E+03
  3.824570E-01     3.886453E+03
  3.877828E-01     3.908711E+03
  3.931829E-01     3.931026E+03
  3.986581E-01     3.953399E+03
  4.042096E-01     3.975830E+03
  4.098384E-01     3.998320E+03
  4.155455E-01     4.020867E+03
  4.213322E-01     4.043469E+03
  4.271994E-01     4.066126E+03
  4.331483E-01     4.088836E+03
  4.391801E-01     4.111597E+03
  4.452959E-01     4.134408E+03
  4.514968E-01     4.157269E+03
  4.577841E-01     4.180178E+03
  4.641589E-01     4.203136E+03
  4.706225E-01     4.226141E+03
  4.771761E-01     4.249191E+03
  4.838210E-01     4.272281E+03
  4.905584E-01     4.295409E+03
  4.973896E-01     4.318571E+03
  5.043159E-01     4.341763E+03
  5.113388E-01     4.364981E+03
  5.184594E-01     4.388223E+03
  5.256791E-01     4.411485E+03
  5.329994E-01     4.434763E+03
  5.404216E-01     4.458054E+03
  5.479472E-01     4.481353E+03
  5.555776E-01     4.504655E+03
  5.633143E-01     4.527956E+03
  5.711586E-01     4.551249E+03
  5.791123E-01     4.574531E+03
  5.871766E-01     4.597795E+03
  5.953533E-01     4.621037E+03
  6.036439E-01     4.644251E+03
  6.120498E-01     4.667432E+03
  6.205729E-01     4.690575E+03
  6.292146E-01     4.713675E+03
  6.379767E-01     4.736725E+03
  6.468608E-01     4.759721E+03
  6.558686E-01     4.782655E+03
  6.650018E-01     4.805524E+03
  6.742622E-01     4.828321E+03
  6.836516E-01     4.851041E+03
  6.931717E-01     4.873679E+03
  7.028244E-01     4.896228E+03
  7.126115E-01     4.918685E+03
  7.225349E-01     4.941042E+03
  7.325965E-01     4.963295E+03
  7.427982E-01     4.985435E+03
  7.531420E-01     5.007458E+03
  7.636298E-01     5.029358E+03
  7.742637E-01     5.051128E+03
  7.850456E-01     5.072763E+03
  7.959777E-01     5.094257E+03
  8.070620E-01     5.115604E+03
  8.183007E-01     5.136801E+03
  8.296959E-01     5.157839E+03
  8.412497E-01     5.178715E+03
  8.529644E-01     5.199422E+03
  8.648423E-01     5.219954E+03
  8.768856E-01     5.240307E+03
  8.890966E-01     5.260475E+03
  9.014776E-01     5.280453E+03
  9.140311E-01     5.300237E+03
  9.267593E-01     5.319824E+03
  9.396648E-01     5.339208E+03
  9.527500E-01     5.358387E+03
  9.660175E-01     5.377355E+03
  9.794697E-01     5.396107E+03
  9.931092E-01     5.414638E+03
  1.006939E+00     5.432945E+03
  1.020961E+00     5.451024E+03
  1.035178E+00     5.468872E+03
  1.049593E+00     5.486486E+03
  1.064209E+00     5.503864E+03
  1.079029E+00     5.521005E+03
  1.094055E+00     5.537907E+03
  1.109290E+00     5.554565E+03
  1.124737E+00     5.570975E+03
  1.140400E+00     5.587135E+03
  1.156280E+00     5.603042E+03
  1.172382E+00     5.618693E+03
  1.188708E+00     5.634087E+03
  1.205261E+00     5.649224E+03
  1.222045E+00     5.664104E+03
  1.239062E+00     5.678727E+03
  1.256317E+00     5.693092E+03
  1.273811E+00     5.707197E+03
  1.291550E+00     5.721039E+03
  1.309535E+00     5.734616E+03
  1.327771E+00     5.747927E+03
  1.346261E+00     5.760969E+03
  1.365008E+00     5.773744E+03
  1.384016E+00     5.786252E+03
  1.403289E+00     5.798494E+03
  1.422830E+00     5.810472E+03
  1.442644E+00     5.822189E+03
  1.462733E+00     5.833641E+03
  1.483103E+00     5.844828E+03
  1.503755E+00     5.855746E+03
  1.524696E+00     5.866397E+03
  1.545928E+00     5.876779E+03
  1.567455E+00     5.886894E+03
  1.589283E+00     5.896743E+03
  1.611414E+00     5.906329E+03
  1.633854E+00     5.915655E+03
  1.656606E+00     5.924724E+03
  1.679675E+00     5.933533E+03
  1.703065E+00     5.942083E+03
  1.726781E+00     5.950371E+03
  1.750827E+00     5.958399E+03
  1.775208E+00     5.966165E+03
  1.799929E+00     5.973672E+03
  1.824993E+00     5.980922E+03
  1.850407E+00     5.987917E+03
  1.876175E+00     5.994661E+03
  1.902301E+00     6.001157E+03
  1.928792E+00     6.007405E+03
  1.955651E+00     6.013403E+03
  1.982884E+00     6.019151E+03
  2.010496E+00     6.024647E+03
  2.038493E+00     6.029893E+03
  2.066880E+00     6.034890E+03
  2.095662E+00     6.039640E+03
  2.124845E+00     6.044144E+03
  2.154435E+00     6.048407E+03
  2.184436E+00     6.052431E+03
  2.214855E+00     6.056217E+03
  2.245698E+00     6.059763E+03
  2.276970E+00     6.063070E+03
  2.308678E+00     6.066136E+03
  2.340827E+00     6.068963E+03
  2.373424E+00     6.071552E+03
  2.406475E+00     6.073905E+03
  2.439986E+00     6.076025E+03
  2.473964E+00     6.077916E+03
  2.508415E+00     6.079580E+03
  2.543346E+00     6.081018E+03
  2.578763E+00     6.082229E+03
  2.614673E+00     6.083212E+03
  2.651084E+00     6.083967E+03
  2.688001E+00     6.084494E+03
  2.725433E+00     6.084794E+03
  2.763385E+00     6.084868E+03
  2.801867E+00     6.084718E+03
  2.840884E+00     6.084348E+03
  2.880444E+00     6.083760E+03
  2.920556E+00     6.082953E+03
  2.961225E+00     6.081926E+03
  3.002462E+00     6.080677E+03
  3.044272E+00     6.079206E+03
  3.086665E+00     6.077511E+03
  3.129648E+00     6.075593E+03
  3.173230E+00     6.073451E+03
  3.217418E+00     6.071087E+03
  3.262222E+00     6.068501E+03
  3.307650E+00     6.065695E+03
  3.353710E+00     6.062669E+03
  3.400412E+00     6.059423E+03
  3.447764E+00     6.055956E+03
  3.495776E+00     6.052269E+03
  3.544456E+00     6.048363E+03
  3.593814E+00     6.044239E+03
  3.643859E+00     6.039899E+03
  3.694601E+00     6.035345E+03
  3.746050E+00     6.030581E+03
  3.798215E+00     6.025609E+03
  3.851107E+00     6.020431E+03
  3.904735E+00     6.015044E+03
  3.959110E+00     6.009449E+03
  4.014242E+00     6.003644E+03
  4.070142E+00     5.997628E+03
  4.126821E+00     5.991402E+03
  4.184289E+00     5.984964E+03
  4.242556E+00     5.978317E+03
  4.301636E+00     5.971460E+03
  4.361538E+00     5.964395E+03
  4.422274E+00     5.957122E+03
  4.483856E+00     5.949639E+03
  4.546295E+00     5.941947E+03
  4.609604E+00     5.934045E+03
  4.673795E+00     5.925932E+03
  4.738880E+00     5.917609E+03
  4.804870E+00     5.909076E+03
  4.871780E+00     5.900334E+03
  4.939622E+00     5.891384E+03
  5.008408E+00     5.882228E+03
  5.078152E+00     5.872866E+03
  5.148867E+00     5.863298E+03
  5.220568E+00     5.853523E+03
  5.293266E+00     5.843541E+03
  5.366977E+00     5.833350E+03
  5.441714E+00     5.822953E+03
  5.517492E+00     5.812348E+03
  5.594326E+00     5.801537E+03
  5.672229E+00     5.790521E+03
  5.751217E+00     5.779300E+03
  5.831305E+00     5.767877E+03
  5.912508E+00     5.756250E+03
  5.994843E+00     5.744420E+03
  6.078323E+00     5.732386E+03
  6.162966E+00     5.720148E+03
  6.248788E+00     5.707707E+03
  6.335805E+00     5.695063E+03
  6.424034E+00     5.682219E+03
  6.513491E+00     5.669174E+03
  6.604194E+00     5.655930E+03
  6.696160E+00     5.642490E+03
  6.789407E+00     5.628852E+03
  6.883952E+00     5.615017E+03
  6.979814E+00     5.600984E+03
  7.077011E+00     5.586754E+03
  7.175561E+00     5.572328E+03
  7.275484E+00     5.557705E+03
  7.376798E+00     5.542888E+03
  7.479523E+00     5.527876E+03
  7.583678E+00     5.512672E+03
  7.689284E+00     5.497277E+03
  7.796360E+00     5.481691E+03
  7.904928E+00     5.465915E+03
  8.015007E+00     5.449948E+03
  8.126619E+00     5.433791E+03
  8.239786E+00     5.417444E+03
  8.354528E+00     5.400910E+03
  8.470868E+00     5.384188E+03
  8.588829E+00     5.367280E+03
  8.708431E+00     5.350188E+03
  8.829700E+00     5.332914E+03
  8.952657E+00     5.315457E+03
  9.077327E+00     5.297819E+03
  9.203732E+00     5.280000E+03
  9.331898E+00     5.262002E+03
  9.461848E+00     5.243826E+03
  9.593608E+00     5.225474E+03
  9.727203E+00     5.206946E+03
  9.862658E+00     5.188244E+03
  1.000000E+01     5.169372E+03
  1.013925E+01     5.150330E+03
  1.028045E+01     5.131121E+03
  1.042361E+01     5.111745E+03
  1.056876E+01     5.092204E+03
  1.071593E+01     5.072499E+03
  1.086516E+01     5.052633E+03
  1.101646E+01     5.032606E+03
  1.116987E+01     5.012420E+03
  1.132541E+01     4.992079E+03
  1.148312E+01     4.971584E+03
  1.164303E+01     4.950939E+03
  1.180517E+01     4.930143E+03
  1.196956E+01     4.909200E+03
  1.213624E+01     4.888110E+03
  1.230524E+01     4.866874E+03
  1.247660E+01     4.845496E+03
  1.265034E+01     4.823975E+03
  1.282650E+01     4.802315E+03
  1.300511E+01     4.780517E+03
  1.318621E+01     4.758583E+03
  1.336984E+01     4.736516E+03
  1.355602E+01     4.714317E+03
  1.374479E+01     4.691990E+03
  1.393619E+01     4.669536E+03
  1.413026E+01     4.646959E+03
  1.432703E+01     4.624260E+03
  1.452654E+01     4.601443E+03
  1.472883E+01     4.578510E+03
  1.493393E+01     4.555465E+03
  1.514189E+01     4.532311E+03
  1.535275E+01     4.509051E+03
  1.556654E+01     4.485688E+03
  1.578331E+01     4.462223E+03
  1.600310E+01     4.438658E+03
  1.622595E+01     4.414995E+03
  1.645191E+01     4.391237E+03
  1.668101E+01     4.367384E+03
  1.691330E+01     4.343439E+03
  1.714882E+01     4.319404E+03
  1.738762E+01     4.295280E+03
  1.762975E+01     4.271069E+03
  1.787526E+01     4.246774E+03
  1.812418E+01     4.222399E+03
  1.837656E+01     4.197948E+03
  1.863246E+01     4.173425E+03
  1.889193E+01     4.148835E+03
  1.915501E+01     4.124181E+03
  1.942175E+01     4.099469E+03
  1.969220E+01     4.074702E+03
  1.996642E+01     4.049886E+03
  2.024447E+01     4.025025E+03
  2.052638E+01     4.000123E+03
  2.081222E+01     3.975181E+03
  2.110203E+01     3.950203E+03
  2.139589E+01     3.925188E+03
  2.169384E+01     3.900140E+03
  2.199593E+01     3.875060E+03
  2.230223E+01     3.849949E+03
  2.261280E+01     3.824807E+03
  2.292769E+01     3.799636E+03
  2.324697E+01     3.774435E+03
  2.357069E+01     3.749208E+03
  2.389893E+01     3.723959E+03
  2.423173E+01     3.698692E+03
  2.456916E+01     3.673411E+03
  2.491130E+01     3.648122E+03
  2.525820E+01     3.622829E+03
  2.560993E+01     3.597536E+03
  2.596656E+01     3.572247E+03
  2.632815E+01     3.546969E+03
  2.669478E+01     3.521704E+03
  2.706652E+01     3.496456E+03
  2.744343E+01     3.471229E+03
  2.782559E+01     3.446023E+03
  2.821308E+01     3.420840E+03
  2.860596E+01     3.395682E+03
  2.900430E+01     3.370550E+03
  2.940820E+01     3.345445E+03
  2.981772E+01     3.320366E+03
  3.023295E+01     3.295314E+03
  3.065395E+01     3.270288E+03
  3.108082E+01     3.245289E+03
  3.151363E+01     3.220321E+03
  3.195248E+01     3.195390E+03
  3.239743E+01     3.170501E+03
  3.284857E+01     3.145660E+03
  3.330600E+01     3.120870E+03
  3.376980E+01     3.096138E+03
  3.424006E+01     3.071467E+03
  3.471687E+01     3.046864E+03
  3.520031E+01     3.022332E+03
  3.569049E+01     2.997875E+03
  3.618750E+01     2.973496E+03
  3.669142E+01     2.949198E+03
  3.720237E+01     2.924984E+03
  3.772042E+01     2.900854E+03
  3.824570E+01     2.876811E+03
  3.877828E+01     2.852855E+03
  3.931829E+01     2.828987E+03
  3.986581E+01     2.805206E+03
  4.042096E+01     2.781512E+03
  4.098384E+01     2.757905E+03
  4.155455E+01     2.734387E+03
  4.213322E+01     2.710963E+03
  4.271994E+01     2.687636E+03
  4.331483E+01     2.664409E+03
  4.391801E+01     2.641284E+03
  4.452959E+01     2.618264E+03
  4.514968E+01     2.595350E+03
  4.577841E+01     2.572545E+03
  4.641589E+01     2.549848E+03
  4.706225E+01     2.527261E+03
  4.771761E+01     2.504788E+03
  4.838210E+01     2.482431E+03
  4.905584E+01     2.460193E+03
  4.973896E+01     2.438078E+03
  5.043159E+01     2.416088E+03
  5.113388E+01     2.394225E+03
  5.184594E+01     2.372490E+03
  5.256791E+01     2.350884E+03
  5.329994E+01     2.329408E+03
  5.404216E+01     2.308061E+03
  5.479472E+01     2.286846E+03
  5.555776E+01     2.265766E+03
  5.633143E+01     2.244822E+03
  5.711586E+01     2.224017E+03
  5.791123E+01     2.203351E+03
  5.871766E+01     2.182825E+03
  5.953533E+01     2.162439E+03
  6.036439E+01     2.142193E+03
  6.120498E+01     2.122084E+03
  6.205729E+01     2.102113E+03
  6.292146E+01     2.082279E+03
  6.379767E+01     2.062587E+03
  6.468608E+01     2.043038E+03
  6.558686E+01     2.023636E+03
  6.650018E+01     2.004381E+03
  6.742622E+01     1.985274E+03
  6.836516E+01     1.966317E+03
  6.931717E+01     1.947510E+03
  7.028244E+01     1.928851E+03
  7.126115E+01     1.910340E+03
  7.225349E+01     1.891978E+03
  7.325965E+01     1.873767E+03
  7.427982E+01     1.855709E+03
  7.531420E+01     1.837804E+03
  7.636298E+01     1.820055E+03
  7.742637E+01     1.802459E+03
  7.850456E+01     1.785019E+03
  7.959777E+01     1.767730E+03
  8.070620E+01     1.750593E+03
  8.183007E+01     1.733605E+03
  8.296959E+01     1.716765E+03
  8.412497E+01     1.700076E+03
  8.529644E+01     1.683540E+03
  8.648423E+01     1.667157E+03
  8.768856E+01     1.650930E+03
  8.890966E+01     1.634857E+03
  9.014776E+01     1.618939E+03
  9.140311E+01     1.603174E+03
  9.267593E+01     1.587562E+03
  9.396648E+01     1.572099E+03
  9.527500E+01     1.556786E+03
  9.660175E+01     1.541623E+03
  9.794697E+01     1.526612E+03
  9.931092E+01     1.511754E+03
  1.006939E+02     1.497049E+03
  1.020961E+02     1.482496E+03
  1.035178E+02     1.468094E+03
  1.049593E+02     1.453841E+03
  1.064209E+02     1.439735E+03
  1.079029E+02     1.425772E+03
  1.094055E+02     1.411952E+03
  1.109290E+02     1.398275E+03
  1.124737E+02     1.384744E+03
  1.140400E+02     1.371358E+03
  1.156280E+02     1.358119E+03
  1.172382E+02     1.345025E+03
  1.188708E+02     1.332075E+03
  1.205261E+02     1.319270E+03
  1.222045E+02     1.306605E+03
  1.239062E+02     1.294080E+03
  1.256317E+02     1.281691E+03
  1.273811E+02     1.269441E+03
  1.291550E+02     1.257330E+03
  1.309535E+02     1.245358E+03
  1.327771E+02     1.233525E+03
  1.346261E+02     1.221830E+03
  1.365008E+02     1.210273E+03
  1.384016E+02     1.198851E+03
  1.403289E+02     1.187562E+03
  1.422830E+02     1.176403E+03
  1.442644E+02     1.165372E+03
  1.462733E+02     1.154469E+03
  1.483103E+02     1.143695E+03
  1.503755E+02     1.133050E+03
  1.524696E+02     1.122534E+03
  1.545928E+02     1.112146E+03
  1.567455E+02     1.101885E+03
  1.589283E+02     1.091748E+03
  1.611414E+02     1.081733E+03
  1.633854E+02     1.071838E+03
  1.656606E+02     1.062059E+03
  1.679675E+02     1.052398E+03
  1.703065E+02     1.042855E+03
  1.726781E+02     1.033429E+03
  1.750827E+02     1.024122E+03
  1.775208E+02     1.014932E+03
  1.799929E+02     1.005858E+03
  1.824993E+02     9.968996E+02
  1.850407E+02     9.880538E+02
  1.876175E+02     9.793182E+02
  1.902301E+02     9.706905E+02
  1.928792E+02     9.621708E+02
  1.955651E+02     9.537596E+02
  1.982884E+02     9.454568E+02
  2.010496E+02     9.372619E+02
  2.038493E+02     9.291743E+02
  2.066880E+02     9.211926E+02
  2.095662E+02     9.133151E+02
  2.124845E+02     9.055397E+02
  2.154435E+02     8.978636E+02
  2.184436E+02     8.902841E+02
  2.214855E+02     8.828013E+02
  2.245698E+02     8.754155E+02
  2.276970E+02     8.681269E+02
  2.308678E+02     8.609352E+02
  2.340827E+02     8.538399E+02
  2.373424E+02     8.468399E+02
  2.406475E+02     8.399340E+02
  2.439986E+02     8.331204E+02
  2.473964E+02     8.263967E+02
  2.508415E+02     8.197606E+02
  2.543346E+02     8.132120E+02
  2.578763E+02     8.067511E+02
  2.614673E+02     8.003778E+02
  2.651084E+02     7.940919E+02
  2.688001E+02     7.878926E+02
  2.725433E+02     7.817792E+02
  2.763385E+02     7.757501E+02
  2.801867E+02     7.698036E+02
  2.840884E+02     7.639375E+02
  2.880444E+02     7.581496E+02
  2.920556E+02     7.524393E+02
  2.961225E+02     7.468070E+02
  3.002462E+02     7.412526E+02
  3.044272E+02     7.357761E+02
  3.086665E+02     7.303768E+02
  3.129648E+02     7.250540E+02
  3.173230E+02     7.198066E+02
  3.217418E+02     7.146331E+02
  3.262222E+02     7.095316E+02
  3.307650E+02     7.045002E+02
  3.353710E+02     6.995381E+02
  3.400412E+02     6.946458E+02
  3.447764E+02     6.898231E+02
  3.495776E+02     6.850700E+02
  3.544456E+02     6.803859E+02
  3.593814E+02     6.757701E+02
  3.643859E+02     6.712217E+02
  3.694601E+02     6.667392E+02
  3.746050E+02     6.623211E+02
  3.798215E+02     6.579655E+02
  3.851107E+02     6.536717E+02
  3.904735E+02     6.494399E+02
  3.959110E+02     6.452702E+02
  4.014242E+02     6.411625E+02
  4.070142E+02     6.371163E+02
  4.126821E+02     6.331311E+02
  4.184289E+02     6.292060E+02
  4.242556E+02     6.253399E+02
  4.301636E+02     6.215315E+02
  4.361538E+02     6.177790E+02
  4.422274E+02     6.140817E+02
  4.483856E+02     6.104398E+02
  4.546295E+02     6.068534E+02
  4.609604E+02     6.033224E+02
  4.673795E+02     5.998463E+02
  4.738880E+02     5.964248E+02
  4.804870E+02     5.930569E+02
  4.871780E+02     5.897419E+02
  4.939622E+02     5.864784E+02
  5.008408E+02     5.832649E+02
  5.078152E+02     5.801007E+02
  5.148867E+02     5.769859E+02
  5.220568E+02     5.739206E+02
  5.293266E+02     5.709047E+02
  5.366977E+02     5.679378E+02
  5.441714E+02     5.650197E+02
  5.517492E+02     5.621495E+02
  5.594326E+02     5.593265E+02
  5.672229E+02     5.565496E+02
  5.751217E+02     5.538174E+02
  5.831305E+02     5.511293E+02
  5.912508E+02     5.484853E+02
  5.994843E+02     5.458854E+02
  6.078323E+02     5.433296E+02
  6.162966E+02     5.408178E+02
  6.248788E+02     5.383495E+02
  6.335805E+02     5.359241E+02
  6.424034E+02     5.335410E+02
  6.513491E+02     5.311993E+02
  6.604194E+02     5.288978E+02
  6.696160E+02     5.266357E+02
  6.789407E+02     5.244131E+02
  6.883952E+02     5.222297E+02
  6.979814E+02     5.200856E+02
  7.077011E+02     5.179803E+02
  7.175561E+02     5.159135E+02
  7.275484E+02     5.138844E+02
  7.376798E+02     5.118924E+02
  7.479523E+02     5.099364E+02
  7.583678E+02     5.080153E+02
  7.689284E+02     5.061284E+02
  7.796360E+02     5.042761E+02
  7.904928E+02     5.024590E+02
  8.015007E+02     5.006777E+02
  8.126619E+02     4.989328E+02
  8.239786E+02     4.972247E+02
  8.354528E+02     4.955538E+02
  8.470868E+02     4.939203E+02
  8.588829E+02     4.923245E+02
  8.708431E+02     4.907666E+02
  8.829700E+02     4.892459E+02
  8.952657E+02     4.877591E+02
  9.077327E+02     4.863025E+02
  9.203732E+02     4.848715E+02
  9.331898E+02     4.834614E+02
  9.461848E+02     4.820669E+02
  9.593608E+02     4.806821E+02
  9.727203E+02     4.793005E+02
  9.862658E+02     4.779154E+02
  1.000000E+03     4.765190E+02
