FILE CREATED BY  : PROGRAM DPASS - VERSION 2.00
DATABASE VERSION : 21.06
DATE AND TIME    : 09/08/2022 22:59:48
PROJECTILE       : Sb
TARGET           : Pd
TARGET AT. MASS  : 1.064000E+02
TARGET DENSITY   : 1.202000E+01 g/cm^3
TABULATED OUTPUT : STOPPING FORCE VERSUS ENERGY
DATA TYPE        : SPLINE INTERPOLATED
ABSCISSA UNITS   : MeV/u
ORDINATE UNITS   : eV/nm


      E/n             S(E/n)

  1.000000E-03     1.049445E+03
  1.013925E-03     1.056575E+03
  1.028045E-03     1.063799E+03
  1.042361E-03     1.071114E+03
  1.056876E-03     1.078514E+03
  1.071593E-03     1.085995E+03
  1.086516E-03     1.093551E+03
  1.101646E-03     1.101176E+03
  1.116987E-03     1.108865E+03
  1.132541E-03     1.116609E+03
  1.148312E-03     1.124401E+03
  1.164303E-03     1.132234E+03
  1.180517E-03     1.140108E+03
  1.196956E-03     1.148024E+03
  1.213624E-03     1.155984E+03
  1.230524E-03     1.163990E+03
  1.247660E-03     1.172044E+03
  1.265034E-03     1.180149E+03
  1.282650E-03     1.188308E+03
  1.300511E-03     1.196523E+03
  1.318621E-03     1.204798E+03
  1.336984E-03     1.213136E+03
  1.355602E-03     1.221538E+03
  1.374479E-03     1.230003E+03
  1.393619E-03     1.238532E+03
  1.413026E-03     1.247124E+03
  1.432703E-03     1.255778E+03
  1.452654E-03     1.264494E+03
  1.472883E-03     1.273273E+03
  1.493393E-03     1.282113E+03
  1.514189E-03     1.291014E+03
  1.535275E-03     1.299976E+03
  1.556654E-03     1.308999E+03
  1.578331E-03     1.318083E+03
  1.600310E-03     1.327230E+03
  1.622595E-03     1.336440E+03
  1.645191E-03     1.345714E+03
  1.668101E-03     1.355052E+03
  1.691330E-03     1.364457E+03
  1.714882E-03     1.373928E+03
  1.738762E-03     1.383468E+03
  1.762975E-03     1.393077E+03
  1.787526E-03     1.402757E+03
  1.812418E-03     1.412506E+03
  1.837656E-03     1.422326E+03
  1.863246E-03     1.432216E+03
  1.889193E-03     1.442177E+03
  1.915501E-03     1.452208E+03
  1.942175E-03     1.462310E+03
  1.969220E-03     1.472482E+03
  1.996642E-03     1.482726E+03
  2.024447E-03     1.493041E+03
  2.052638E-03     1.503428E+03
  2.081222E-03     1.513886E+03
  2.110203E-03     1.524418E+03
  2.139589E-03     1.535024E+03
  2.169384E-03     1.545703E+03
  2.199593E-03     1.556459E+03
  2.230223E-03     1.567291E+03
  2.261280E-03     1.578200E+03
  2.292769E-03     1.589188E+03
  2.324697E-03     1.600256E+03
  2.357069E-03     1.611405E+03
  2.389893E-03     1.622635E+03
  2.423173E-03     1.633945E+03
  2.456916E-03     1.645336E+03
  2.491130E-03     1.656807E+03
  2.525820E-03     1.668359E+03
  2.560993E-03     1.679992E+03
  2.596656E-03     1.691705E+03
  2.632815E-03     1.703499E+03
  2.669478E-03     1.715373E+03
  2.706652E-03     1.727328E+03
  2.744343E-03     1.739365E+03
  2.782559E-03     1.751485E+03
  2.821308E-03     1.763691E+03
  2.860596E-03     1.775983E+03
  2.900430E-03     1.788362E+03
  2.940820E-03     1.800832E+03
  2.981772E-03     1.813393E+03
  3.023295E-03     1.826049E+03
  3.065395E-03     1.838801E+03
  3.108082E-03     1.851651E+03
  3.151363E-03     1.864599E+03
  3.195248E-03     1.877645E+03
  3.239743E-03     1.890788E+03
  3.284857E-03     1.904028E+03
  3.330600E-03     1.917365E+03
  3.376980E-03     1.930798E+03
  3.424006E-03     1.944327E+03
  3.471687E-03     1.957951E+03
  3.520031E-03     1.971669E+03
  3.569049E-03     1.985483E+03
  3.618750E-03     1.999392E+03
  3.669142E-03     2.013397E+03
  3.720237E-03     2.027500E+03
  3.772042E-03     2.041702E+03
  3.824570E-03     2.056004E+03
  3.877828E-03     2.070407E+03
  3.931829E-03     2.084914E+03
  3.986581E-03     2.099526E+03
  4.042096E-03     2.114245E+03
  4.098384E-03     2.129072E+03
  4.155455E-03     2.144009E+03
  4.213322E-03     2.159055E+03
  4.271994E-03     2.174212E+03
  4.331483E-03     2.189479E+03
  4.391801E-03     2.204858E+03
  4.452959E-03     2.220349E+03
  4.514968E-03     2.235953E+03
  4.577841E-03     2.251670E+03
  4.641589E-03     2.267502E+03
  4.706225E-03     2.283449E+03
  4.771761E-03     2.299512E+03
  4.838210E-03     2.315692E+03
  4.905584E-03     2.331989E+03
  4.973896E-03     2.348405E+03
  5.043159E-03     2.364940E+03
  5.113388E-03     2.381596E+03
  5.184594E-03     2.398373E+03
  5.256791E-03     2.415274E+03
  5.329994E-03     2.432298E+03
  5.404216E-03     2.449448E+03
  5.479472E-03     2.466724E+03
  5.555776E-03     2.484128E+03
  5.633143E-03     2.501659E+03
  5.711586E-03     2.519320E+03
  5.791123E-03     2.537110E+03
  5.871766E-03     2.555031E+03
  5.953533E-03     2.573084E+03
  6.036439E-03     2.591271E+03
  6.120498E-03     2.609592E+03
  6.205729E-03     2.628050E+03
  6.292146E-03     2.646644E+03
  6.379767E-03     2.665377E+03
  6.468608E-03     2.684248E+03
  6.558686E-03     2.703260E+03
  6.650018E-03     2.722412E+03
  6.742622E-03     2.741707E+03
  6.836516E-03     2.761145E+03
  6.931717E-03     2.780729E+03
  7.028244E-03     2.800459E+03
  7.126115E-03     2.820338E+03
  7.225349E-03     2.840366E+03
  7.325965E-03     2.860544E+03
  7.427982E-03     2.880873E+03
  7.531420E-03     2.901355E+03
  7.636298E-03     2.921991E+03
  7.742637E-03     2.942781E+03
  7.850456E-03     2.963727E+03
  7.959777E-03     2.984831E+03
  8.070620E-03     3.006093E+03
  8.183007E-03     3.027517E+03
  8.296959E-03     3.049103E+03
  8.412497E-03     3.070851E+03
  8.529644E-03     3.092765E+03
  8.648423E-03     3.114844E+03
  8.768856E-03     3.137090E+03
  8.890966E-03     3.159505E+03
  9.014776E-03     3.182090E+03
  9.140311E-03     3.204847E+03
  9.267593E-03     3.227778E+03
  9.396648E-03     3.250885E+03
  9.527500E-03     3.274170E+03
  9.660175E-03     3.297634E+03
  9.794697E-03     3.321277E+03
  9.931092E-03     3.345102E+03
  1.006939E-02     3.369110E+03
  1.020961E-02     3.393301E+03
  1.035178E-02     3.417679E+03
  1.049593E-02     3.442243E+03
  1.064209E-02     3.466998E+03
  1.079029E-02     3.491943E+03
  1.094055E-02     3.517082E+03
  1.109290E-02     3.542415E+03
  1.124737E-02     3.567945E+03
  1.140400E-02     3.593672E+03
  1.156280E-02     3.619598E+03
  1.172382E-02     3.645726E+03
  1.188708E-02     3.672057E+03
  1.205261E-02     3.698594E+03
  1.222045E-02     3.725338E+03
  1.239062E-02     3.752293E+03
  1.256317E-02     3.779461E+03
  1.273811E-02     3.806842E+03
  1.291550E-02     3.834439E+03
  1.309535E-02     3.862253E+03
  1.327771E-02     3.890286E+03
  1.346261E-02     3.918538E+03
  1.365008E-02     3.947014E+03
  1.384016E-02     3.975713E+03
  1.403289E-02     4.004640E+03
  1.422830E-02     4.033795E+03
  1.442644E-02     4.063182E+03
  1.462733E-02     4.092802E+03
  1.483103E-02     4.122658E+03
  1.503755E-02     4.152751E+03
  1.524696E-02     4.183083E+03
  1.545928E-02     4.213659E+03
  1.567455E-02     4.244479E+03
  1.589283E-02     4.275547E+03
  1.611414E-02     4.306866E+03
  1.633854E-02     4.338440E+03
  1.656606E-02     4.370271E+03
  1.679675E-02     4.402363E+03
  1.703065E-02     4.434716E+03
  1.726781E-02     4.467335E+03
  1.750827E-02     4.500221E+03
  1.775208E-02     4.533377E+03
  1.799929E-02     4.566807E+03
  1.824993E-02     4.600513E+03
  1.850407E-02     4.634499E+03
  1.876175E-02     4.668770E+03
  1.902301E-02     4.703328E+03
  1.928792E-02     4.738176E+03
  1.955651E-02     4.773315E+03
  1.982884E-02     4.808750E+03
  2.010496E-02     4.844481E+03
  2.038493E-02     4.880511E+03
  2.066880E-02     4.916844E+03
  2.095662E-02     4.953482E+03
  2.124845E-02     4.990429E+03
  2.154435E-02     5.027687E+03
  2.184436E-02     5.065260E+03
  2.214855E-02     5.103150E+03
  2.245698E-02     5.141360E+03
  2.276970E-02     5.179891E+03
  2.308678E-02     5.218745E+03
  2.340827E-02     5.257926E+03
  2.373424E-02     5.297434E+03
  2.406475E-02     5.337275E+03
  2.439986E-02     5.377449E+03
  2.473964E-02     5.417960E+03
  2.508415E-02     5.458810E+03
  2.543346E-02     5.500003E+03
  2.578763E-02     5.541540E+03
  2.614673E-02     5.583423E+03
  2.651084E-02     5.625654E+03
  2.688001E-02     5.668235E+03
  2.725433E-02     5.711169E+03
  2.763385E-02     5.754457E+03
  2.801867E-02     5.798104E+03
  2.840884E-02     5.842110E+03
  2.880444E-02     5.886480E+03
  2.920556E-02     5.931216E+03
  2.961225E-02     5.976318E+03
  3.002462E-02     6.021790E+03
  3.044272E-02     6.067634E+03
  3.086665E-02     6.113851E+03
  3.129648E-02     6.160445E+03
  3.173230E-02     6.207417E+03
  3.217418E-02     6.254771E+03
  3.262222E-02     6.302510E+03
  3.307650E-02     6.350636E+03
  3.353710E-02     6.399151E+03
  3.400412E-02     6.448059E+03
  3.447764E-02     6.497361E+03
  3.495776E-02     6.547060E+03
  3.544456E-02     6.597158E+03
  3.593814E-02     6.647659E+03
  3.643859E-02     6.698564E+03
  3.694601E-02     6.749878E+03
  3.746050E-02     6.801603E+03
  3.798215E-02     6.853744E+03
  3.851107E-02     6.906303E+03
  3.904735E-02     6.959282E+03
  3.959110E-02     7.012684E+03
  4.014242E-02     7.066512E+03
  4.070142E-02     7.120769E+03
  4.126821E-02     7.175458E+03
  4.184289E-02     7.230582E+03
  4.242556E-02     7.286146E+03
  4.301636E-02     7.342152E+03
  4.361538E-02     7.398606E+03
  4.422274E-02     7.455510E+03
  4.483856E-02     7.512869E+03
  4.546295E-02     7.570685E+03
  4.609604E-02     7.628962E+03
  4.673795E-02     7.687706E+03
  4.738880E-02     7.746919E+03
  4.804870E-02     7.806606E+03
  4.871780E-02     7.866773E+03
  4.939622E-02     7.927425E+03
  5.008408E-02     7.988568E+03
  5.078152E-02     8.050206E+03
  5.148867E-02     8.112344E+03
  5.220568E-02     8.174985E+03
  5.293266E-02     8.238134E+03
  5.366977E-02     8.301795E+03
  5.441714E-02     8.365974E+03
  5.517492E-02     8.430675E+03
  5.594326E-02     8.495904E+03
  5.672229E-02     8.561668E+03
  5.751217E-02     8.627972E+03
  5.831305E-02     8.694822E+03
  5.912508E-02     8.762224E+03
  5.994843E-02     8.830182E+03
  6.078323E-02     8.898701E+03
  6.162966E-02     8.967787E+03
  6.248788E-02     9.037447E+03
  6.335805E-02     9.107685E+03
  6.424034E-02     9.178510E+03
  6.513491E-02     9.249928E+03
  6.604194E-02     9.321947E+03
  6.696160E-02     9.394575E+03
  6.789407E-02     9.467817E+03
  6.883952E-02     9.541678E+03
  6.979814E-02     9.616165E+03
  7.077011E-02     9.691283E+03
  7.175561E-02     9.767040E+03
  7.275484E-02     9.843443E+03
  7.376798E-02     9.920499E+03
  7.479523E-02     9.998216E+03
  7.583678E-02     1.007660E+04
  7.689284E-02     1.015567E+04
  7.796360E-02     1.023542E+04
  7.904928E-02     1.031586E+04
  8.015007E-02     1.039700E+04
  8.126619E-02     1.047884E+04
  8.239786E-02     1.056139E+04
  8.354528E-02     1.064466E+04
  8.470868E-02     1.072866E+04
  8.588829E-02     1.081339E+04
  8.708431E-02     1.089887E+04
  8.829700E-02     1.098510E+04
  8.952657E-02     1.107209E+04
  9.077327E-02     1.115985E+04
  9.203732E-02     1.124838E+04
  9.331898E-02     1.133769E+04
  9.461848E-02     1.142779E+04
  9.593608E-02     1.151868E+04
  9.727203E-02     1.161039E+04
  9.862658E-02     1.170290E+04
  1.000000E-01     1.179624E+04
  1.013925E-01     1.189041E+04
  1.028045E-01     1.198543E+04
  1.042361E-01     1.208129E+04
  1.056876E-01     1.217801E+04
  1.071593E-01     1.227558E+04
  1.086516E-01     1.237403E+04
  1.101646E-01     1.247335E+04
  1.116987E-01     1.257356E+04
  1.132541E-01     1.267466E+04
  1.148312E-01     1.277667E+04
  1.164303E-01     1.287959E+04
  1.180517E-01     1.298343E+04
  1.196956E-01     1.308820E+04
  1.213624E-01     1.319390E+04
  1.230524E-01     1.330054E+04
  1.247660E-01     1.340813E+04
  1.265034E-01     1.351668E+04
  1.282650E-01     1.362619E+04
  1.300511E-01     1.373668E+04
  1.318621E-01     1.384814E+04
  1.336984E-01     1.396060E+04
  1.355602E-01     1.407405E+04
  1.374479E-01     1.418851E+04
  1.393619E-01     1.430398E+04
  1.413026E-01     1.442047E+04
  1.432703E-01     1.453798E+04
  1.452654E-01     1.465653E+04
  1.472883E-01     1.477611E+04
  1.493393E-01     1.489674E+04
  1.514189E-01     1.501843E+04
  1.535275E-01     1.514117E+04
  1.556654E-01     1.526499E+04
  1.578331E-01     1.538989E+04
  1.600310E-01     1.551586E+04
  1.622595E-01     1.564292E+04
  1.645191E-01     1.577107E+04
  1.668101E-01     1.590033E+04
  1.691330E-01     1.603068E+04
  1.714882E-01     1.616215E+04
  1.738762E-01     1.629474E+04
  1.762975E-01     1.642845E+04
  1.787526E-01     1.656330E+04
  1.812418E-01     1.669928E+04
  1.837656E-01     1.683640E+04
  1.863246E-01     1.697466E+04
  1.889193E-01     1.711408E+04
  1.915501E-01     1.725465E+04
  1.942175E-01     1.739637E+04
  1.969220E-01     1.753927E+04
  1.996642E-01     1.768333E+04
  2.024447E-01     1.782857E+04
  2.052638E-01     1.797498E+04
  2.081222E-01     1.812258E+04
  2.110203E-01     1.827137E+04
  2.139589E-01     1.842135E+04
  2.169384E-01     1.857251E+04
  2.199593E-01     1.872488E+04
  2.230223E-01     1.887844E+04
  2.261280E-01     1.903320E+04
  2.292769E-01     1.918917E+04
  2.324697E-01     1.934635E+04
  2.357069E-01     1.950475E+04
  2.389893E-01     1.966435E+04
  2.423173E-01     1.982517E+04
  2.456916E-01     1.998721E+04
  2.491130E-01     2.015046E+04
  2.525820E-01     2.031492E+04
  2.560993E-01     2.048061E+04
  2.596656E-01     2.064750E+04
  2.632815E-01     2.081562E+04
  2.669478E-01     2.098496E+04
  2.706652E-01     2.115551E+04
  2.744343E-01     2.132727E+04
  2.782559E-01     2.150025E+04
  2.821308E-01     2.167442E+04
  2.860596E-01     2.184979E+04
  2.900430E-01     2.202634E+04
  2.940820E-01     2.220408E+04
  2.981772E-01     2.238300E+04
  3.023295E-01     2.256308E+04
  3.065395E-01     2.274432E+04
  3.108082E-01     2.292672E+04
  3.151363E-01     2.311026E+04
  3.195248E-01     2.329493E+04
  3.239743E-01     2.348074E+04
  3.284857E-01     2.366766E+04
  3.330600E-01     2.385569E+04
  3.376980E-01     2.404483E+04
  3.424006E-01     2.423506E+04
  3.471687E-01     2.442637E+04
  3.520031E-01     2.461875E+04
  3.569049E-01     2.481220E+04
  3.618750E-01     2.500668E+04
  3.669142E-01     2.520218E+04
  3.720237E-01     2.539867E+04
  3.772042E-01     2.559612E+04
  3.824570E-01     2.579450E+04
  3.877828E-01     2.599378E+04
  3.931829E-01     2.619393E+04
  3.986581E-01     2.639493E+04
  4.042096E-01     2.659673E+04
  4.098384E-01     2.679930E+04
  4.155455E-01     2.700261E+04
  4.213322E-01     2.720663E+04
  4.271994E-01     2.741132E+04
  4.331483E-01     2.761665E+04
  4.391801E-01     2.782257E+04
  4.452959E-01     2.802905E+04
  4.514968E-01     2.823606E+04
  4.577841E-01     2.844354E+04
  4.641589E-01     2.865147E+04
  4.706225E-01     2.885980E+04
  4.771761E-01     2.906850E+04
  4.838210E-01     2.927754E+04
  4.905584E-01     2.948690E+04
  4.973896E-01     2.969656E+04
  5.043159E-01     2.990649E+04
  5.113388E-01     3.011667E+04
  5.184594E-01     3.032707E+04
  5.256791E-01     3.053767E+04
  5.329994E-01     3.074845E+04
  5.404216E-01     3.095940E+04
  5.479472E-01     3.117047E+04
  5.555776E-01     3.138163E+04
  5.633143E-01     3.159283E+04
  5.711586E-01     3.180403E+04
  5.791123E-01     3.201520E+04
  5.871766E-01     3.222630E+04
  5.953533E-01     3.243728E+04
  6.036439E-01     3.264810E+04
  6.120498E-01     3.285874E+04
  6.205729E-01     3.306913E+04
  6.292146E-01     3.327924E+04
  6.379767E-01     3.348901E+04
  6.468608E-01     3.369838E+04
  6.558686E-01     3.390729E+04
  6.650018E-01     3.411569E+04
  6.742622E-01     3.432351E+04
  6.836516E-01     3.453069E+04
  6.931717E-01     3.473718E+04
  7.028244E-01     3.494292E+04
  7.126115E-01     3.514785E+04
  7.225349E-01     3.535190E+04
  7.325965E-01     3.555502E+04
  7.427982E-01     3.575716E+04
  7.531420E-01     3.595825E+04
  7.636298E-01     3.615824E+04
  7.742637E-01     3.635708E+04
  7.850456E-01     3.655471E+04
  7.959777E-01     3.675108E+04
  8.070620E-01     3.694613E+04
  8.183007E-01     3.713983E+04
  8.296959E-01     3.733211E+04
  8.412497E-01     3.752293E+04
  8.529644E-01     3.771225E+04
  8.648423E-01     3.790002E+04
  8.768856E-01     3.808621E+04
  8.890966E-01     3.827078E+04
  9.014776E-01     3.845370E+04
  9.140311E-01     3.863494E+04
  9.267593E-01     3.881446E+04
  9.396648E-01     3.899226E+04
  9.527500E-01     3.916831E+04
  9.660175E-01     3.934256E+04
  9.794697E-01     3.951497E+04
  9.931092E-01     3.968552E+04
  1.006939E+00     3.985418E+04
  1.020961E+00     4.002092E+04
  1.035178E+00     4.018572E+04
  1.049593E+00     4.034857E+04
  1.064209E+00     4.050947E+04
  1.079029E+00     4.066841E+04
  1.094055E+00     4.082538E+04
  1.109290E+00     4.098034E+04
  1.124737E+00     4.113328E+04
  1.140400E+00     4.128415E+04
  1.156280E+00     4.143295E+04
  1.172382E+00     4.157966E+04
  1.188708E+00     4.172428E+04
  1.205261E+00     4.186680E+04
  1.222045E+00     4.200723E+04
  1.239062E+00     4.214558E+04
  1.256317E+00     4.228185E+04
  1.273811E+00     4.241602E+04
  1.291550E+00     4.254807E+04
  1.309535E+00     4.267799E+04
  1.327771E+00     4.280575E+04
  1.346261E+00     4.293136E+04
  1.365008E+00     4.305482E+04
  1.384016E+00     4.317614E+04
  1.403289E+00     4.329533E+04
  1.422830E+00     4.341243E+04
  1.442644E+00     4.352743E+04
  1.462733E+00     4.364034E+04
  1.483103E+00     4.375112E+04
  1.503755E+00     4.385977E+04
  1.524696E+00     4.396628E+04
  1.545928E+00     4.407066E+04
  1.567455E+00     4.417291E+04
  1.589283E+00     4.427305E+04
  1.611414E+00     4.437109E+04
  1.633854E+00     4.446707E+04
  1.656606E+00     4.456101E+04
  1.679675E+00     4.465290E+04
  1.703065E+00     4.474273E+04
  1.726781E+00     4.483049E+04
  1.750827E+00     4.491619E+04
  1.775208E+00     4.499982E+04
  1.799929E+00     4.508140E+04
  1.824993E+00     4.516094E+04
  1.850407E+00     4.523848E+04
  1.876175E+00     4.531405E+04
  1.902301E+00     4.538767E+04
  1.928792E+00     4.545934E+04
  1.955651E+00     4.552905E+04
  1.982884E+00     4.559679E+04
  2.010496E+00     4.566256E+04
  2.038493E+00     4.572637E+04
  2.066880E+00     4.578822E+04
  2.095662E+00     4.584814E+04
  2.124845E+00     4.590614E+04
  2.154435E+00     4.596226E+04
  2.184436E+00     4.601653E+04
  2.214855E+00     4.606893E+04
  2.245698E+00     4.611947E+04
  2.276970E+00     4.616814E+04
  2.308678E+00     4.621493E+04
  2.340827E+00     4.625985E+04
  2.373424E+00     4.630291E+04
  2.406475E+00     4.634413E+04
  2.439986E+00     4.638353E+04
  2.473964E+00     4.642113E+04
  2.508415E+00     4.645697E+04
  2.543346E+00     4.649104E+04
  2.578763E+00     4.652333E+04
  2.614673E+00     4.655383E+04
  2.651084E+00     4.658255E+04
  2.688001E+00     4.660948E+04
  2.725433E+00     4.663463E+04
  2.763385E+00     4.665801E+04
  2.801867E+00     4.667963E+04
  2.840884E+00     4.669953E+04
  2.880444E+00     4.671771E+04
  2.920556E+00     4.673418E+04
  2.961225E+00     4.674893E+04
  3.002462E+00     4.676195E+04
  3.044272E+00     4.677324E+04
  3.086665E+00     4.678279E+04
  3.129648E+00     4.679060E+04
  3.173230E+00     4.679669E+04
  3.217418E+00     4.680106E+04
  3.262222E+00     4.680373E+04
  3.307650E+00     4.680472E+04
  3.353710E+00     4.680403E+04
  3.400412E+00     4.680164E+04
  3.447764E+00     4.679756E+04
  3.495776E+00     4.679176E+04
  3.544456E+00     4.678426E+04
  3.593814E+00     4.677504E+04
  3.643859E+00     4.676412E+04
  3.694601E+00     4.675151E+04
  3.746050E+00     4.673721E+04
  3.798215E+00     4.672125E+04
  3.851107E+00     4.670362E+04
  3.904735E+00     4.668431E+04
  3.959110E+00     4.666333E+04
  4.014242E+00     4.664065E+04
  4.070142E+00     4.661629E+04
  4.126821E+00     4.659023E+04
  4.184289E+00     4.656250E+04
  4.242556E+00     4.653309E+04
  4.301636E+00     4.650202E+04
  4.361538E+00     4.646930E+04
  4.422274E+00     4.643494E+04
  4.483856E+00     4.639893E+04
  4.546295E+00     4.636126E+04
  4.609604E+00     4.632194E+04
  4.673795E+00     4.628095E+04
  4.738880E+00     4.623831E+04
  4.804870E+00     4.619402E+04
  4.871780E+00     4.614808E+04
  4.939622E+00     4.610052E+04
  5.008408E+00     4.605134E+04
  5.078152E+00     4.600055E+04
  5.148867E+00     4.594815E+04
  5.220568E+00     4.589414E+04
  5.293266E+00     4.583851E+04
  5.366977E+00     4.578126E+04
  5.441714E+00     4.572241E+04
  5.517492E+00     4.566195E+04
  5.594326E+00     4.559990E+04
  5.672229E+00     4.553627E+04
  5.751217E+00     4.547107E+04
  5.831305E+00     4.540433E+04
  5.912508E+00     4.533603E+04
  5.994843E+00     4.526618E+04
  6.078323E+00     4.519476E+04
  6.162966E+00     4.512179E+04
  6.248788E+00     4.504727E+04
  6.335805E+00     4.497121E+04
  6.424034E+00     4.489361E+04
  6.513491E+00     4.481449E+04
  6.604194E+00     4.473386E+04
  6.696160E+00     4.465174E+04
  6.789407E+00     4.456812E+04
  6.883952E+00     4.448301E+04
  6.979814E+00     4.439641E+04
  7.077011E+00     4.430833E+04
  7.175561E+00     4.421876E+04
  7.275484E+00     4.412773E+04
  7.376798E+00     4.403524E+04
  7.479523E+00     4.394132E+04
  7.583678E+00     4.384596E+04
  7.689284E+00     4.374921E+04
  7.796360E+00     4.365104E+04
  7.904928E+00     4.355147E+04
  8.015007E+00     4.345049E+04
  8.126619E+00     4.334812E+04
  8.239786E+00     4.324435E+04
  8.354528E+00     4.313920E+04
  8.470868E+00     4.303267E+04
  8.588829E+00     4.292478E+04
  8.708431E+00     4.281553E+04
  8.829700E+00     4.270495E+04
  8.952657E+00     4.259304E+04
  9.077327E+00     4.247979E+04
  9.203732E+00     4.236522E+04
  9.331898E+00     4.224933E+04
  9.461848E+00     4.213213E+04
  9.593608E+00     4.201363E+04
  9.727203E+00     4.189383E+04
  9.862658E+00     4.177275E+04
  1.000000E+01     4.165041E+04
  1.013925E+01     4.152682E+04
  1.028045E+01     4.140198E+04
  1.042361E+01     4.127590E+04
  1.056876E+01     4.114859E+04
  1.071593E+01     4.102005E+04
  1.086516E+01     4.089029E+04
  1.101646E+01     4.075932E+04
  1.116987E+01     4.062714E+04
  1.132541E+01     4.049378E+04
  1.148312E+01     4.035924E+04
  1.164303E+01     4.022354E+04
  1.180517E+01     4.008668E+04
  1.196956E+01     3.994868E+04
  1.213624E+01     3.980953E+04
  1.230524E+01     3.966925E+04
  1.247660E+01     3.952784E+04
  1.265034E+01     3.938531E+04
  1.282650E+01     3.924168E+04
  1.300511E+01     3.909696E+04
  1.318621E+01     3.895116E+04
  1.336984E+01     3.880428E+04
  1.355602E+01     3.865635E+04
  1.374479E+01     3.850737E+04
  1.393619E+01     3.835734E+04
  1.413026E+01     3.820627E+04
  1.432703E+01     3.805418E+04
  1.452654E+01     3.790108E+04
  1.472883E+01     3.774697E+04
  1.493393E+01     3.759186E+04
  1.514189E+01     3.743578E+04
  1.535275E+01     3.727872E+04
  1.556654E+01     3.712070E+04
  1.578331E+01     3.696174E+04
  1.600310E+01     3.680184E+04
  1.622595E+01     3.664103E+04
  1.645191E+01     3.647931E+04
  1.668101E+01     3.631669E+04
  1.691330E+01     3.615320E+04
  1.714882E+01     3.598884E+04
  1.738762E+01     3.582364E+04
  1.762975E+01     3.565761E+04
  1.787526E+01     3.549076E+04
  1.812418E+01     3.532311E+04
  1.837656E+01     3.515467E+04
  1.863246E+01     3.498546E+04
  1.889193E+01     3.481548E+04
  1.915501E+01     3.464476E+04
  1.942175E+01     3.447330E+04
  1.969220E+01     3.430111E+04
  1.996642E+01     3.412822E+04
  2.024447E+01     3.395464E+04
  2.052638E+01     3.378037E+04
  2.081222E+01     3.360544E+04
  2.110203E+01     3.342987E+04
  2.139589E+01     3.325368E+04
  2.169384E+01     3.307687E+04
  2.199593E+01     3.289948E+04
  2.230223E+01     3.272151E+04
  2.261280E+01     3.254299E+04
  2.292769E+01     3.236393E+04
  2.324697E+01     3.218435E+04
  2.357069E+01     3.200427E+04
  2.389893E+01     3.182371E+04
  2.423173E+01     3.164268E+04
  2.456916E+01     3.146121E+04
  2.491130E+01     3.127932E+04
  2.525820E+01     3.109701E+04
  2.560993E+01     3.091432E+04
  2.596656E+01     3.073126E+04
  2.632815E+01     3.054784E+04
  2.669478E+01     3.036408E+04
  2.706652E+01     3.018000E+04
  2.744343E+01     2.999561E+04
  2.782559E+01     2.981096E+04
  2.821308E+01     2.962604E+04
  2.860596E+01     2.944089E+04
  2.900430E+01     2.925553E+04
  2.940820E+01     2.906997E+04
  2.981772E+01     2.888424E+04
  3.023295E+01     2.869835E+04
  3.065395E+01     2.851233E+04
  3.108082E+01     2.832618E+04
  3.151363E+01     2.813994E+04
  3.195248E+01     2.795363E+04
  3.239743E+01     2.776728E+04
  3.284857E+01     2.758091E+04
  3.330600E+01     2.739456E+04
  3.376980E+01     2.720824E+04
  3.424006E+01     2.702197E+04
  3.471687E+01     2.683579E+04
  3.520031E+01     2.664970E+04
  3.569049E+01     2.646373E+04
  3.618750E+01     2.627791E+04
  3.669142E+01     2.609225E+04
  3.720237E+01     2.590678E+04
  3.772042E+01     2.572151E+04
  3.824570E+01     2.553647E+04
  3.877828E+01     2.535166E+04
  3.931829E+01     2.516711E+04
  3.986581E+01     2.498283E+04
  4.042096E+01     2.479882E+04
  4.098384E+01     2.461509E+04
  4.155455E+01     2.443168E+04
  4.213322E+01     2.424860E+04
  4.271994E+01     2.406589E+04
  4.331483E+01     2.388357E+04
  4.391801E+01     2.370166E+04
  4.452959E+01     2.352019E+04
  4.514968E+01     2.333918E+04
  4.577841E+01     2.315863E+04
  4.641589E+01     2.297858E+04
  4.706225E+01     2.279903E+04
  4.771761E+01     2.262000E+04
  4.838210E+01     2.244152E+04
  4.905584E+01     2.226363E+04
  4.973896E+01     2.208632E+04
  5.043159E+01     2.190963E+04
  5.113388E+01     2.173357E+04
  5.184594E+01     2.155816E+04
  5.256791E+01     2.138340E+04
  5.329994E+01     2.120929E+04
  5.404216E+01     2.103586E+04
  5.479472E+01     2.086311E+04
  5.555776E+01     2.069107E+04
  5.633143E+01     2.051977E+04
  5.711586E+01     2.034923E+04
  5.791123E+01     2.017946E+04
  5.871766E+01     2.001049E+04
  5.953533E+01     1.984232E+04
  6.036439E+01     1.967496E+04
  6.120498E+01     1.950842E+04
  6.205729E+01     1.934270E+04
  6.292146E+01     1.917782E+04
  6.379767E+01     1.901381E+04
  6.468608E+01     1.885068E+04
  6.558686E+01     1.868846E+04
  6.650018E+01     1.852716E+04
  6.742622E+01     1.836680E+04
  6.836516E+01     1.820738E+04
  6.931717E+01     1.804892E+04
  7.028244E+01     1.789140E+04
  7.126115E+01     1.773484E+04
  7.225349E+01     1.757925E+04
  7.325965E+01     1.742464E+04
  7.427982E+01     1.727103E+04
  7.531420E+01     1.711844E+04
  7.636298E+01     1.696688E+04
  7.742637E+01     1.681636E+04
  7.850456E+01     1.666687E+04
  7.959777E+01     1.651842E+04
  8.070620E+01     1.637100E+04
  8.183007E+01     1.622460E+04
  8.296959E+01     1.607924E+04
  8.412497E+01     1.593492E+04
  8.529644E+01     1.579167E+04
  8.648423E+01     1.564950E+04
  8.768856E+01     1.550843E+04
  8.890966E+01     1.536847E+04
  9.014776E+01     1.522961E+04
  9.140311E+01     1.509186E+04
  9.267593E+01     1.495521E+04
  9.396648E+01     1.481965E+04
  9.527500E+01     1.468519E+04
  9.660175E+01     1.455184E+04
  9.794697E+01     1.441962E+04
  9.931092E+01     1.428853E+04
  1.006939E+02     1.415859E+04
  1.020961E+02     1.402979E+04
  1.035178E+02     1.390213E+04
  1.049593E+02     1.377560E+04
  1.064209E+02     1.365020E+04
  1.079029E+02     1.352589E+04
  1.094055E+02     1.340268E+04
  1.109290E+02     1.328059E+04
  1.124737E+02     1.315963E+04
  1.140400E+02     1.303979E+04
  1.156280E+02     1.292110E+04
  1.172382E+02     1.280355E+04
  1.188708E+02     1.268714E+04
  1.205261E+02     1.257187E+04
  1.222045E+02     1.245771E+04
  1.239062E+02     1.234465E+04
  1.256317E+02     1.223269E+04
  1.273811E+02     1.212183E+04
  1.291550E+02     1.201209E+04
  1.309535E+02     1.190347E+04
  1.327771E+02     1.179598E+04
  1.346261E+02     1.168961E+04
  1.365008E+02     1.158437E+04
  1.384016E+02     1.148023E+04
  1.403289E+02     1.137719E+04
  1.422830E+02     1.127522E+04
  1.442644E+02     1.117432E+04
  1.462733E+02     1.107449E+04
  1.483103E+02     1.097573E+04
  1.503755E+02     1.087806E+04
  1.524696E+02     1.078148E+04
  1.545928E+02     1.068597E+04
  1.567455E+02     1.059154E+04
  1.589283E+02     1.049817E+04
  1.611414E+02     1.040584E+04
  1.633854E+02     1.031454E+04
  1.656606E+02     1.022424E+04
  1.679675E+02     1.013496E+04
  1.703065E+02     1.004669E+04
  1.726781E+02     9.959442E+03
  1.750827E+02     9.873217E+03
  1.775208E+02     9.788009E+03
  1.799929E+02     9.703811E+03
  1.824993E+02     9.620610E+03
  1.850407E+02     9.538390E+03
  1.876175E+02     9.457129E+03
  1.902301E+02     9.376809E+03
  1.928792E+02     9.297432E+03
  1.955651E+02     9.219005E+03
  1.982884E+02     9.141530E+03
  2.010496E+02     9.065006E+03
  2.038493E+02     8.989430E+03
  2.066880E+02     8.914793E+03
  2.095662E+02     8.841084E+03
  2.124845E+02     8.768288E+03
  2.154435E+02     8.696383E+03
  2.184436E+02     8.625350E+03
  2.214855E+02     8.555190E+03
  2.245698E+02     8.485908E+03
  2.276970E+02     8.417505E+03
  2.308678E+02     8.349980E+03
  2.340827E+02     8.283329E+03
  2.373424E+02     8.217545E+03
  2.406475E+02     8.152615E+03
  2.439986E+02     8.088524E+03
  2.473964E+02     8.025253E+03
  2.508415E+02     7.962782E+03
  2.543346E+02     7.901109E+03
  2.578763E+02     7.840239E+03
  2.614673E+02     7.780171E+03
  2.651084E+02     7.720905E+03
  2.688001E+02     7.662436E+03
  2.725433E+02     7.604756E+03
  2.763385E+02     7.547855E+03
  2.801867E+02     7.491717E+03
  2.840884E+02     7.436325E+03
  2.880444E+02     7.381658E+03
  2.920556E+02     7.327713E+03
  2.961225E+02     7.274494E+03
  3.002462E+02     7.222002E+03
  3.044272E+02     7.170234E+03
  3.086665E+02     7.119188E+03
  3.129648E+02     7.068856E+03
  3.173230E+02     7.019228E+03
  3.217418E+02     6.970292E+03
  3.262222E+02     6.922030E+03
  3.307650E+02     6.874426E+03
  3.353710E+02     6.827473E+03
  3.400412E+02     6.781176E+03
  3.447764E+02     6.735534E+03
  3.495776E+02     6.690546E+03
  3.544456E+02     6.646208E+03
  3.593814E+02     6.602515E+03
  3.643859E+02     6.559457E+03
  3.694601E+02     6.517023E+03
  3.746050E+02     6.475199E+03
  3.798215E+02     6.433966E+03
  3.851107E+02     6.393319E+03
  3.904735E+02     6.353261E+03
  3.959110E+02     6.313792E+03
  4.014242E+02     6.274911E+03
  4.070142E+02     6.236614E+03
  4.126821E+02     6.198896E+03
  4.184289E+02     6.161750E+03
  4.242556E+02     6.125164E+03
  4.301636E+02     6.089126E+03
  4.361538E+02     6.053620E+03
  4.422274E+02     6.018640E+03
  4.483856E+02     5.984187E+03
  4.546295E+02     5.950262E+03
  4.609604E+02     5.916865E+03
  4.673795E+02     5.883991E+03
  4.738880E+02     5.851637E+03
  4.804870E+02     5.819795E+03
  4.871780E+02     5.788457E+03
  4.939622E+02     5.757612E+03
  5.008408E+02     5.727244E+03
  5.078152E+02     5.697347E+03
  5.148867E+02     5.667923E+03
  5.220568E+02     5.638972E+03
  5.293266E+02     5.610492E+03
  5.366977E+02     5.582481E+03
  5.441714E+02     5.554935E+03
  5.517492E+02     5.527848E+03
  5.594326E+02     5.501211E+03
  5.672229E+02     5.475014E+03
  5.751217E+02     5.449244E+03
  5.831305E+02     5.423895E+03
  5.912508E+02     5.398965E+03
  5.994843E+02     5.374457E+03
  6.078323E+02     5.350369E+03
  6.162966E+02     5.326699E+03
  6.248788E+02     5.303442E+03
  6.335805E+02     5.280594E+03
  6.424034E+02     5.258147E+03
  6.513491E+02     5.236092E+03
  6.604194E+02     5.214418E+03
  6.696160E+02     5.193116E+03
  6.789407E+02     5.172187E+03
  6.883952E+02     5.151629E+03
  6.979814E+02     5.131439E+03
  7.077011E+02     5.111615E+03
  7.175561E+02     5.092151E+03
  7.275484E+02     5.073041E+03
  7.376798E+02     5.054277E+03
  7.479523E+02     5.035849E+03
  7.583678E+02     5.017744E+03
  7.689284E+02     4.999956E+03
  7.796360E+02     4.982488E+03
  7.904928E+02     4.965347E+03
  8.015007E+02     4.948537E+03
  8.126619E+02     4.932065E+03
  8.239786E+02     4.915934E+03
  8.354528E+02     4.900149E+03
  8.470868E+02     4.884712E+03
  8.588829E+02     4.869626E+03
  8.708431E+02     4.854892E+03
  8.829700E+02     4.840504E+03
  8.952657E+02     4.826433E+03
  9.077327E+02     4.812642E+03
  9.203732E+02     4.799089E+03
  9.331898E+02     4.785730E+03
  9.461848E+02     4.772514E+03
  9.593608E+02     4.759388E+03
  9.727203E+02     4.746290E+03
  9.862658E+02     4.733155E+03
  1.000000E+03     4.719914E+03
