FILE CREATED BY  : PROGRAM DPASS - VERSION 2.00
DATABASE VERSION : 21.06
DATE AND TIME    : 09/08/2022 23:01:28
PROJECTILE       : Sb
TARGET           : Rn
TARGET AT. MASS  : 2.220180E+02
TARGET DENSITY   : 9.730000E-03 g/cm^3
TABULATED OUTPUT : STOPPING FORCE VERSUS ENERGY
DATA TYPE        : SPLINE INTERPOLATED
ABSCISSA UNITS   : MeV/u
ORDINATE UNITS   : eV/nm


      E/n             S(E/n)

  1.000000E-03     6.178898E-01
  1.013925E-03     6.220870E-01
  1.028045E-03     6.263397E-01
  1.042361E-03     6.306455E-01
  1.056876E-03     6.350017E-01
  1.071593E-03     6.394055E-01
  1.086516E-03     6.438536E-01
  1.101646E-03     6.483426E-01
  1.116987E-03     6.528687E-01
  1.132541E-03     6.574277E-01
  1.148312E-03     6.620151E-01
  1.164303E-03     6.666268E-01
  1.180517E-03     6.712625E-01
  1.196956E-03     6.759231E-01
  1.213624E-03     6.806097E-01
  1.230524E-03     6.853235E-01
  1.247660E-03     6.900660E-01
  1.265034E-03     6.948384E-01
  1.282650E-03     6.996426E-01
  1.300511E-03     7.044801E-01
  1.318621E-03     7.093530E-01
  1.336984E-03     7.142630E-01
  1.355602E-03     7.192107E-01
  1.374479E-03     7.241960E-01
  1.393619E-03     7.292187E-01
  1.413026E-03     7.342787E-01
  1.432703E-03     7.393758E-01
  1.452654E-03     7.445099E-01
  1.472883E-03     7.496807E-01
  1.493393E-03     7.548881E-01
  1.514189E-03     7.601319E-01
  1.535275E-03     7.654118E-01
  1.556654E-03     7.707281E-01
  1.578331E-03     7.760809E-01
  1.600310E-03     7.814706E-01
  1.622595E-03     7.868975E-01
  1.645191E-03     7.923622E-01
  1.668101E-03     7.978649E-01
  1.691330E-03     8.034062E-01
  1.714882E-03     8.089866E-01
  1.738762E-03     8.146067E-01
  1.762975E-03     8.202672E-01
  1.787526E-03     8.259683E-01
  1.812418E-03     8.317103E-01
  1.837656E-03     8.374932E-01
  1.863246E-03     8.433173E-01
  1.889193E-03     8.491829E-01
  1.915501E-03     8.550900E-01
  1.942175E-03     8.610390E-01
  1.969220E-03     8.670301E-01
  1.996642E-03     8.730637E-01
  2.024447E-03     8.791401E-01
  2.052638E-03     8.852596E-01
  2.081222E-03     8.914225E-01
  2.110203E-03     8.976289E-01
  2.139589E-03     9.038793E-01
  2.169384E-03     9.101738E-01
  2.199593E-03     9.165128E-01
  2.230223E-03     9.228968E-01
  2.261280E-03     9.293261E-01
  2.292769E-03     9.358013E-01
  2.324697E-03     9.423228E-01
  2.357069E-03     9.488911E-01
  2.389893E-03     9.555062E-01
  2.423173E-03     9.621686E-01
  2.456916E-03     9.688784E-01
  2.491130E-03     9.756359E-01
  2.525820E-03     9.824414E-01
  2.560993E-03     9.892954E-01
  2.596656E-03     9.961981E-01
  2.632815E-03     1.003150E+00
  2.669478E-03     1.010152E+00
  2.706652E-03     1.017203E+00
  2.744343E-03     1.024305E+00
  2.782559E-03     1.031458E+00
  2.821308E-03     1.038662E+00
  2.860596E-03     1.045917E+00
  2.900430E-03     1.053223E+00
  2.940820E-03     1.060582E+00
  2.981772E-03     1.067994E+00
  3.023295E-03     1.075459E+00
  3.065395E-03     1.082978E+00
  3.108082E-03     1.090550E+00
  3.151363E-03     1.098178E+00
  3.195248E-03     1.105860E+00
  3.239743E-03     1.113598E+00
  3.284857E-03     1.121391E+00
  3.330600E-03     1.129240E+00
  3.376980E-03     1.137145E+00
  3.424006E-03     1.145107E+00
  3.471687E-03     1.153126E+00
  3.520031E-03     1.161203E+00
  3.569049E-03     1.169339E+00
  3.618750E-03     1.177533E+00
  3.669142E-03     1.185786E+00
  3.720237E-03     1.194098E+00
  3.772042E-03     1.202470E+00
  3.824570E-03     1.210903E+00
  3.877828E-03     1.219396E+00
  3.931829E-03     1.227950E+00
  3.986581E-03     1.236566E+00
  4.042096E-03     1.245245E+00
  4.098384E-03     1.253986E+00
  4.155455E-03     1.262791E+00
  4.213322E-03     1.271660E+00
  4.271994E-03     1.280593E+00
  4.331483E-03     1.289591E+00
  4.391801E-03     1.298654E+00
  4.452959E-03     1.307782E+00
  4.514968E-03     1.316977E+00
  4.577841E-03     1.326238E+00
  4.641589E-03     1.335567E+00
  4.706225E-03     1.344964E+00
  4.771761E-03     1.354430E+00
  4.838210E-03     1.363965E+00
  4.905584E-03     1.373569E+00
  4.973896E-03     1.383243E+00
  5.043159E-03     1.392987E+00
  5.113388E-03     1.402803E+00
  5.184594E-03     1.412690E+00
  5.256791E-03     1.422650E+00
  5.329994E-03     1.432683E+00
  5.404216E-03     1.442789E+00
  5.479472E-03     1.452970E+00
  5.555776E-03     1.463226E+00
  5.633143E-03     1.473557E+00
  5.711586E-03     1.483964E+00
  5.791123E-03     1.494447E+00
  5.871766E-03     1.505007E+00
  5.953533E-03     1.515645E+00
  6.036439E-03     1.526361E+00
  6.120498E-03     1.537156E+00
  6.205729E-03     1.548030E+00
  6.292146E-03     1.558986E+00
  6.379767E-03     1.570022E+00
  6.468608E-03     1.581140E+00
  6.558686E-03     1.592339E+00
  6.650018E-03     1.603621E+00
  6.742622E-03     1.614986E+00
  6.836516E-03     1.626434E+00
  6.931717E-03     1.637967E+00
  7.028244E-03     1.649585E+00
  7.126115E-03     1.661289E+00
  7.225349E-03     1.673080E+00
  7.325965E-03     1.684958E+00
  7.427982E-03     1.696924E+00
  7.531420E-03     1.708978E+00
  7.636298E-03     1.721122E+00
  7.742637E-03     1.733357E+00
  7.850456E-03     1.745683E+00
  7.959777E-03     1.758101E+00
  8.070620E-03     1.770613E+00
  8.183007E-03     1.783219E+00
  8.296959E-03     1.795921E+00
  8.412497E-03     1.808719E+00
  8.529644E-03     1.821613E+00
  8.648423E-03     1.834604E+00
  8.768856E-03     1.847693E+00
  8.890966E-03     1.860881E+00
  9.014776E-03     1.874168E+00
  9.140311E-03     1.887554E+00
  9.267593E-03     1.901042E+00
  9.396648E-03     1.914631E+00
  9.527500E-03     1.928323E+00
  9.660175E-03     1.942118E+00
  9.794697E-03     1.956017E+00
  9.931092E-03     1.970021E+00
  1.006939E-02     1.984130E+00
  1.020961E-02     1.998346E+00
  1.035178E-02     2.012668E+00
  1.049593E-02     2.027100E+00
  1.064209E-02     2.041640E+00
  1.079029E-02     2.056292E+00
  1.094055E-02     2.071055E+00
  1.109290E-02     2.085931E+00
  1.124737E-02     2.100920E+00
  1.140400E-02     2.116023E+00
  1.156280E-02     2.131241E+00
  1.172382E-02     2.146575E+00
  1.188708E-02     2.162026E+00
  1.205261E-02     2.177595E+00
  1.222045E-02     2.193283E+00
  1.239062E-02     2.209092E+00
  1.256317E-02     2.225023E+00
  1.273811E-02     2.241076E+00
  1.291550E-02     2.257253E+00
  1.309535E-02     2.273555E+00
  1.327771E-02     2.289981E+00
  1.346261E-02     2.306534E+00
  1.365008E-02     2.323213E+00
  1.384016E-02     2.340022E+00
  1.403289E-02     2.356960E+00
  1.422830E-02     2.374029E+00
  1.442644E-02     2.391230E+00
  1.462733E-02     2.408564E+00
  1.483103E-02     2.426033E+00
  1.503755E-02     2.443636E+00
  1.524696E-02     2.461376E+00
  1.545928E-02     2.479253E+00
  1.567455E-02     2.497268E+00
  1.589283E-02     2.515423E+00
  1.611414E-02     2.533719E+00
  1.633854E-02     2.552158E+00
  1.656606E-02     2.570741E+00
  1.679675E-02     2.589469E+00
  1.703065E-02     2.608343E+00
  1.726781E-02     2.627364E+00
  1.750827E-02     2.646533E+00
  1.775208E-02     2.665852E+00
  1.799929E-02     2.685321E+00
  1.824993E-02     2.704942E+00
  1.850407E-02     2.724716E+00
  1.876175E-02     2.744645E+00
  1.902301E-02     2.764730E+00
  1.928792E-02     2.784973E+00
  1.955651E-02     2.805375E+00
  1.982884E-02     2.825936E+00
  2.010496E-02     2.846658E+00
  2.038493E-02     2.867543E+00
  2.066880E-02     2.888591E+00
  2.095662E-02     2.909804E+00
  2.124845E-02     2.931184E+00
  2.154435E-02     2.952733E+00
  2.184436E-02     2.974452E+00
  2.214855E-02     2.996343E+00
  2.245698E-02     3.018406E+00
  2.276970E-02     3.040642E+00
  2.308678E-02     3.063053E+00
  2.340827E-02     3.085640E+00
  2.373424E-02     3.108404E+00
  2.406475E-02     3.131347E+00
  2.439986E-02     3.154471E+00
  2.473964E-02     3.177776E+00
  2.508415E-02     3.201264E+00
  2.543346E-02     3.224938E+00
  2.578763E-02     3.248797E+00
  2.614673E-02     3.272844E+00
  2.651084E-02     3.297079E+00
  2.688001E-02     3.321505E+00
  2.725433E-02     3.346122E+00
  2.763385E-02     3.370934E+00
  2.801867E-02     3.395940E+00
  2.840884E-02     3.421144E+00
  2.880444E-02     3.446547E+00
  2.920556E-02     3.472151E+00
  2.961225E-02     3.497957E+00
  3.002462E-02     3.523966E+00
  3.044272E-02     3.550179E+00
  3.086665E-02     3.576598E+00
  3.129648E-02     3.603224E+00
  3.173230E-02     3.630058E+00
  3.217418E-02     3.657103E+00
  3.262222E-02     3.684359E+00
  3.307650E-02     3.711829E+00
  3.353710E-02     3.739515E+00
  3.400412E-02     3.767416E+00
  3.447764E-02     3.795536E+00
  3.495776E-02     3.823874E+00
  3.544456E-02     3.852432E+00
  3.593814E-02     3.881212E+00
  3.643859E-02     3.910216E+00
  3.694601E-02     3.939445E+00
  3.746050E-02     3.968901E+00
  3.798215E-02     3.998586E+00
  3.851107E-02     4.028502E+00
  3.904735E-02     4.058649E+00
  3.959110E-02     4.089030E+00
  4.014242E-02     4.119644E+00
  4.070142E-02     4.150494E+00
  4.126821E-02     4.181581E+00
  4.184289E-02     4.212906E+00
  4.242556E-02     4.244472E+00
  4.301636E-02     4.276279E+00
  4.361538E-02     4.308331E+00
  4.422274E-02     4.340627E+00
  4.483856E-02     4.373171E+00
  4.546295E-02     4.405961E+00
  4.609604E-02     4.439000E+00
  4.673795E-02     4.472289E+00
  4.738880E-02     4.505829E+00
  4.804870E-02     4.539622E+00
  4.871780E-02     4.573668E+00
  4.939622E-02     4.607971E+00
  5.008408E-02     4.642531E+00
  5.078152E-02     4.677350E+00
  5.148867E-02     4.712429E+00
  5.220568E-02     4.747769E+00
  5.293266E-02     4.783370E+00
  5.366977E-02     4.819235E+00
  5.441714E-02     4.855363E+00
  5.517492E-02     4.891756E+00
  5.594326E-02     4.928417E+00
  5.672229E-02     4.965345E+00
  5.751217E-02     5.002543E+00
  5.831305E-02     5.040013E+00
  5.912508E-02     5.077755E+00
  5.994843E-02     5.115769E+00
  6.078323E-02     5.154056E+00
  6.162966E-02     5.192618E+00
  6.248788E-02     5.231455E+00
  6.335805E-02     5.270568E+00
  6.424034E-02     5.309959E+00
  6.513491E-02     5.349628E+00
  6.604194E-02     5.389578E+00
  6.696160E-02     5.429810E+00
  6.789407E-02     5.470324E+00
  6.883952E-02     5.511120E+00
  6.979814E-02     5.552200E+00
  7.077011E-02     5.593564E+00
  7.175561E-02     5.635213E+00
  7.275484E-02     5.677148E+00
  7.376798E-02     5.719370E+00
  7.479523E-02     5.761881E+00
  7.583678E-02     5.804681E+00
  7.689284E-02     5.847773E+00
  7.796360E-02     5.891156E+00
  7.904928E-02     5.934832E+00
  8.015007E-02     5.978801E+00
  8.126619E-02     6.023065E+00
  8.239786E-02     6.067624E+00
  8.354528E-02     6.112479E+00
  8.470868E-02     6.157633E+00
  8.588829E-02     6.203086E+00
  8.708431E-02     6.248841E+00
  8.829700E-02     6.294900E+00
  8.952657E-02     6.341263E+00
  9.077327E-02     6.387932E+00
  9.203732E-02     6.434908E+00
  9.331898E-02     6.482191E+00
  9.461848E-02     6.529785E+00
  9.593608E-02     6.577690E+00
  9.727203E-02     6.625910E+00
  9.862658E-02     6.674445E+00
  1.000000E-01     6.723300E+00
  1.013925E-01     6.772477E+00
  1.028045E-01     6.821977E+00
  1.042361E-01     6.871802E+00
  1.056876E-01     6.921954E+00
  1.071593E-01     6.972435E+00
  1.086516E-01     7.023247E+00
  1.101646E-01     7.074393E+00
  1.116987E-01     7.125876E+00
  1.132541E-01     7.177698E+00
  1.148312E-01     7.229865E+00
  1.164303E-01     7.282380E+00
  1.180517E-01     7.335244E+00
  1.196956E-01     7.388460E+00
  1.213624E-01     7.442029E+00
  1.230524E-01     7.495953E+00
  1.247660E-01     7.550235E+00
  1.265034E-01     7.604877E+00
  1.282650E-01     7.659883E+00
  1.300511E-01     7.715256E+00
  1.318621E-01     7.771000E+00
  1.336984E-01     7.827119E+00
  1.355602E-01     7.883615E+00
  1.374479E-01     7.940491E+00
  1.393619E-01     7.997748E+00
  1.413026E-01     8.055390E+00
  1.432703E-01     8.113420E+00
  1.452654E-01     8.171840E+00
  1.472883E-01     8.230655E+00
  1.493393E-01     8.289869E+00
  1.514189E-01     8.349486E+00
  1.535275E-01     8.409512E+00
  1.556654E-01     8.469950E+00
  1.578331E-01     8.530804E+00
  1.600310E-01     8.592078E+00
  1.622595E-01     8.653777E+00
  1.645191E-01     8.715905E+00
  1.668101E-01     8.778469E+00
  1.691330E-01     8.841473E+00
  1.714882E-01     8.904926E+00
  1.738762E-01     8.968833E+00
  1.762975E-01     9.033203E+00
  1.787526E-01     9.098042E+00
  1.812418E-01     9.163355E+00
  1.837656E-01     9.229146E+00
  1.863246E-01     9.295422E+00
  1.889193E-01     9.362189E+00
  1.915501E-01     9.429453E+00
  1.942175E-01     9.497222E+00
  1.969220E-01     9.565504E+00
  1.996642E-01     9.634307E+00
  2.024447E-01     9.703641E+00
  2.052638E-01     9.773513E+00
  2.081222E-01     9.843924E+00
  2.110203E-01     9.914878E+00
  2.139589E-01     9.986378E+00
  2.169384E-01     1.005843E+01
  2.199593E-01     1.013103E+01
  2.230223E-01     1.020419E+01
  2.261280E-01     1.027792E+01
  2.292769E-01     1.035221E+01
  2.324697E-01     1.042707E+01
  2.357069E-01     1.050250E+01
  2.389893E-01     1.057851E+01
  2.423173E-01     1.065509E+01
  2.456916E-01     1.073224E+01
  2.491130E-01     1.080996E+01
  2.525820E-01     1.088824E+01
  2.560993E-01     1.096709E+01
  2.596656E-01     1.104650E+01
  2.632815E-01     1.112647E+01
  2.669478E-01     1.120699E+01
  2.706652E-01     1.128807E+01
  2.744343E-01     1.136969E+01
  2.782559E-01     1.145186E+01
  2.821308E-01     1.153456E+01
  2.860596E-01     1.161779E+01
  2.900430E-01     1.170154E+01
  2.940820E-01     1.178580E+01
  2.981772E-01     1.187057E+01
  3.023295E-01     1.195584E+01
  3.065395E-01     1.204160E+01
  3.108082E-01     1.212784E+01
  3.151363E-01     1.221456E+01
  3.195248E-01     1.230174E+01
  3.239743E-01     1.238939E+01
  3.284857E-01     1.247748E+01
  3.330600E-01     1.256601E+01
  3.376980E-01     1.265498E+01
  3.424006E-01     1.274436E+01
  3.471687E-01     1.283417E+01
  3.520031E-01     1.292438E+01
  3.569049E-01     1.301498E+01
  3.618750E-01     1.310597E+01
  3.669142E-01     1.319735E+01
  3.720237E-01     1.328909E+01
  3.772042E-01     1.338120E+01
  3.824570E-01     1.347367E+01
  3.877828E-01     1.356649E+01
  3.931829E-01     1.365966E+01
  3.986581E-01     1.375316E+01
  4.042096E-01     1.384699E+01
  4.098384E-01     1.394114E+01
  4.155455E-01     1.403560E+01
  4.213322E-01     1.413037E+01
  4.271994E-01     1.422544E+01
  4.331483E-01     1.432080E+01
  4.391801E-01     1.441643E+01
  4.452959E-01     1.451234E+01
  4.514968E-01     1.460851E+01
  4.577841E-01     1.470494E+01
  4.641589E-01     1.480162E+01
  4.706225E-01     1.489854E+01
  4.771761E-01     1.499569E+01
  4.838210E-01     1.509307E+01
  4.905584E-01     1.519066E+01
  4.973896E-01     1.528846E+01
  5.043159E-01     1.538645E+01
  5.113388E-01     1.548463E+01
  5.184594E-01     1.558299E+01
  5.256791E-01     1.568152E+01
  5.329994E-01     1.578022E+01
  5.404216E-01     1.587908E+01
  5.479472E-01     1.597808E+01
  5.555776E-01     1.607722E+01
  5.633143E-01     1.617648E+01
  5.711586E-01     1.627585E+01
  5.791123E-01     1.637533E+01
  5.871766E-01     1.647489E+01
  5.953533E-01     1.657453E+01
  6.036439E-01     1.667424E+01
  6.120498E-01     1.677401E+01
  6.205729E-01     1.687383E+01
  6.292146E-01     1.697368E+01
  6.379767E-01     1.707357E+01
  6.468608E-01     1.717347E+01
  6.558686E-01     1.727338E+01
  6.650018E-01     1.737328E+01
  6.742622E-01     1.747316E+01
  6.836516E-01     1.757302E+01
  6.931717E-01     1.767285E+01
  7.028244E-01     1.777264E+01
  7.126115E-01     1.787238E+01
  7.225349E-01     1.797207E+01
  7.325965E-01     1.807169E+01
  7.427982E-01     1.817121E+01
  7.531420E-01     1.827064E+01
  7.636298E-01     1.836995E+01
  7.742637E-01     1.846913E+01
  7.850456E-01     1.856817E+01
  7.959777E-01     1.866706E+01
  8.070620E-01     1.876579E+01
  8.183007E-01     1.886434E+01
  8.296959E-01     1.896271E+01
  8.412497E-01     1.906087E+01
  8.529644E-01     1.915879E+01
  8.648423E-01     1.925647E+01
  8.768856E-01     1.935387E+01
  8.890966E-01     1.945099E+01
  9.014776E-01     1.954780E+01
  9.140311E-01     1.964428E+01
  9.267593E-01     1.974041E+01
  9.396648E-01     1.983619E+01
  9.527500E-01     1.993159E+01
  9.660175E-01     2.002660E+01
  9.794697E-01     2.012120E+01
  9.931092E-01     2.021540E+01
  1.006939E+00     2.030916E+01
  1.020961E+00     2.040250E+01
  1.035178E+00     2.049539E+01
  1.049593E+00     2.058785E+01
  1.064209E+00     2.067985E+01
  1.079029E+00     2.077141E+01
  1.094055E+00     2.086252E+01
  1.109290E+00     2.095318E+01
  1.124737E+00     2.104338E+01
  1.140400E+00     2.113312E+01
  1.156280E+00     2.122240E+01
  1.172382E+00     2.131123E+01
  1.188708E+00     2.139960E+01
  1.205261E+00     2.148754E+01
  1.222045E+00     2.157504E+01
  1.239062E+00     2.166214E+01
  1.256317E+00     2.174882E+01
  1.273811E+00     2.183508E+01
  1.291550E+00     2.192089E+01
  1.309535E+00     2.200623E+01
  1.327771E+00     2.209108E+01
  1.346261E+00     2.217543E+01
  1.365008E+00     2.225925E+01
  1.384016E+00     2.234254E+01
  1.403289E+00     2.242528E+01
  1.422830E+00     2.250746E+01
  1.442644E+00     2.258905E+01
  1.462733E+00     2.267004E+01
  1.483103E+00     2.275039E+01
  1.503755E+00     2.283010E+01
  1.524696E+00     2.290913E+01
  1.545928E+00     2.298746E+01
  1.567455E+00     2.306508E+01
  1.589283E+00     2.314195E+01
  1.611414E+00     2.321807E+01
  1.633854E+00     2.329341E+01
  1.656606E+00     2.336795E+01
  1.679675E+00     2.344169E+01
  1.703065E+00     2.351459E+01
  1.726781E+00     2.358665E+01
  1.750827E+00     2.365785E+01
  1.775208E+00     2.372817E+01
  1.799929E+00     2.379761E+01
  1.824993E+00     2.386615E+01
  1.850407E+00     2.393380E+01
  1.876175E+00     2.400054E+01
  1.902301E+00     2.406637E+01
  1.928792E+00     2.413127E+01
  1.955651E+00     2.419523E+01
  1.982884E+00     2.425823E+01
  2.010496E+00     2.432026E+01
  2.038493E+00     2.438130E+01
  2.066880E+00     2.444135E+01
  2.095662E+00     2.450039E+01
  2.124845E+00     2.455842E+01
  2.154435E+00     2.461545E+01
  2.184436E+00     2.467146E+01
  2.214855E+00     2.472645E+01
  2.245698E+00     2.478039E+01
  2.276970E+00     2.483327E+01
  2.308678E+00     2.488509E+01
  2.340827E+00     2.493583E+01
  2.373424E+00     2.498548E+01
  2.406475E+00     2.503404E+01
  2.439986E+00     2.508151E+01
  2.473964E+00     2.512789E+01
  2.508415E+00     2.517318E+01
  2.543346E+00     2.521737E+01
  2.578763E+00     2.526045E+01
  2.614673E+00     2.530241E+01
  2.651084E+00     2.534323E+01
  2.688001E+00     2.538292E+01
  2.725433E+00     2.542146E+01
  2.763385E+00     2.545886E+01
  2.801867E+00     2.549512E+01
  2.840884E+00     2.553024E+01
  2.880444E+00     2.556424E+01
  2.920556E+00     2.559710E+01
  2.961225E+00     2.562882E+01
  3.002462E+00     2.565938E+01
  3.044272E+00     2.568878E+01
  3.086665E+00     2.571701E+01
  3.129648E+00     2.574408E+01
  3.173230E+00     2.576999E+01
  3.217418E+00     2.579474E+01
  3.262222E+00     2.581833E+01
  3.307650E+00     2.584079E+01
  3.353710E+00     2.586210E+01
  3.400412E+00     2.588225E+01
  3.447764E+00     2.590125E+01
  3.495776E+00     2.591908E+01
  3.544456E+00     2.593574E+01
  3.593814E+00     2.595124E+01
  3.643859E+00     2.596557E+01
  3.694601E+00     2.597874E+01
  3.746050E+00     2.599075E+01
  3.798215E+00     2.600164E+01
  3.851107E+00     2.601138E+01
  3.904735E+00     2.601997E+01
  3.959110E+00     2.602741E+01
  4.014242E+00     2.603368E+01
  4.070142E+00     2.603879E+01
  4.126821E+00     2.604273E+01
  4.184289E+00     2.604551E+01
  4.242556E+00     2.604713E+01
  4.301636E+00     2.604760E+01
  4.361538E+00     2.604692E+01
  4.422274E+00     2.604510E+01
  4.483856E+00     2.604213E+01
  4.546295E+00     2.603801E+01
  4.609604E+00     2.603274E+01
  4.673795E+00     2.602631E+01
  4.738880E+00     2.601873E+01
  4.804870E+00     2.601001E+01
  4.871780E+00     2.600014E+01
  4.939622E+00     2.598915E+01
  5.008408E+00     2.597705E+01
  5.078152E+00     2.596384E+01
  5.148867E+00     2.594952E+01
  5.220568E+00     2.593408E+01
  5.293266E+00     2.591753E+01
  5.366977E+00     2.589986E+01
  5.441714E+00     2.588108E+01
  5.517492E+00     2.586119E+01
  5.594326E+00     2.584021E+01
  5.672229E+00     2.581815E+01
  5.751217E+00     2.579501E+01
  5.831305E+00     2.577080E+01
  5.912508E+00     2.574554E+01
  5.994843E+00     2.571920E+01
  6.078323E+00     2.569181E+01
  6.162966E+00     2.566335E+01
  6.248788E+00     2.563384E+01
  6.335805E+00     2.560328E+01
  6.424034E+00     2.557168E+01
  6.513491E+00     2.553905E+01
  6.604194E+00     2.550542E+01
  6.696160E+00     2.547079E+01
  6.789407E+00     2.543517E+01
  6.883952E+00     2.539854E+01
  6.979814E+00     2.536092E+01
  7.077011E+00     2.532231E+01
  7.175561E+00     2.528271E+01
  7.275484E+00     2.524213E+01
  7.376798E+00     2.520059E+01
  7.479523E+00     2.515808E+01
  7.583678E+00     2.511464E+01
  7.689284E+00     2.507026E+01
  7.796360E+00     2.502495E+01
  7.904928E+00     2.497871E+01
  8.015007E+00     2.493155E+01
  8.126619E+00     2.488346E+01
  8.239786E+00     2.483446E+01
  8.354528E+00     2.478455E+01
  8.470868E+00     2.473374E+01
  8.588829E+00     2.468205E+01
  8.708431E+00     2.462948E+01
  8.829700E+00     2.457605E+01
  8.952657E+00     2.452176E+01
  9.077327E+00     2.446662E+01
  9.203732E+00     2.441063E+01
  9.331898E+00     2.435378E+01
  9.461848E+00     2.429610E+01
  9.593608E+00     2.423758E+01
  9.727203E+00     2.417824E+01
  9.862658E+00     2.411809E+01
  1.000000E+01     2.405713E+01
  1.013925E+01     2.399539E+01
  1.028045E+01     2.393286E+01
  1.042361E+01     2.386955E+01
  1.056876E+01     2.380545E+01
  1.071593E+01     2.374058E+01
  1.086516E+01     2.367493E+01
  1.101646E+01     2.360852E+01
  1.116987E+01     2.354134E+01
  1.132541E+01     2.347340E+01
  1.148312E+01     2.340472E+01
  1.164303E+01     2.333529E+01
  1.180517E+01     2.326514E+01
  1.196956E+01     2.319426E+01
  1.213624E+01     2.312267E+01
  1.230524E+01     2.305038E+01
  1.247660E+01     2.297739E+01
  1.265034E+01     2.290372E+01
  1.282650E+01     2.282938E+01
  1.300511E+01     2.275439E+01
  1.318621E+01     2.267877E+01
  1.336984E+01     2.260252E+01
  1.355602E+01     2.252567E+01
  1.374479E+01     2.244820E+01
  1.393619E+01     2.237012E+01
  1.413026E+01     2.229142E+01
  1.432703E+01     2.221211E+01
  1.452654E+01     2.213219E+01
  1.472883E+01     2.205166E+01
  1.493393E+01     2.197052E+01
  1.514189E+01     2.188876E+01
  1.535275E+01     2.180639E+01
  1.556654E+01     2.172342E+01
  1.578331E+01     2.163985E+01
  1.600310E+01     2.155569E+01
  1.622595E+01     2.147095E+01
  1.645191E+01     2.138564E+01
  1.668101E+01     2.129977E+01
  1.691330E+01     2.121334E+01
  1.714882E+01     2.112638E+01
  1.738762E+01     2.103889E+01
  1.762975E+01     2.095089E+01
  1.787526E+01     2.086238E+01
  1.812418E+01     2.077337E+01
  1.837656E+01     2.068388E+01
  1.863246E+01     2.059389E+01
  1.889193E+01     2.050343E+01
  1.915501E+01     2.041249E+01
  1.942175E+01     2.032108E+01
  1.969220E+01     2.022922E+01
  1.996642E+01     2.013690E+01
  2.024447E+01     2.004414E+01
  2.052638E+01     1.995093E+01
  2.081222E+01     1.985730E+01
  2.110203E+01     1.976325E+01
  2.139589E+01     1.966880E+01
  2.169384E+01     1.957394E+01
  2.199593E+01     1.947870E+01
  2.230223E+01     1.938309E+01
  2.261280E+01     1.928711E+01
  2.292769E+01     1.919077E+01
  2.324697E+01     1.909410E+01
  2.357069E+01     1.899709E+01
  2.389893E+01     1.889976E+01
  2.423173E+01     1.880212E+01
  2.456916E+01     1.870416E+01
  2.491130E+01     1.860591E+01
  2.525820E+01     1.850736E+01
  2.560993E+01     1.840853E+01
  2.596656E+01     1.830941E+01
  2.632815E+01     1.821002E+01
  2.669478E+01     1.811036E+01
  2.706652E+01     1.801044E+01
  2.744343E+01     1.791028E+01
  2.782559E+01     1.780988E+01
  2.821308E+01     1.770926E+01
  2.860596E+01     1.760843E+01
  2.900430E+01     1.750741E+01
  2.940820E+01     1.740622E+01
  2.981772E+01     1.730486E+01
  3.023295E+01     1.720336E+01
  3.065395E+01     1.710172E+01
  3.108082E+01     1.699995E+01
  3.151363E+01     1.689807E+01
  3.195248E+01     1.679609E+01
  3.239743E+01     1.669400E+01
  3.284857E+01     1.659183E+01
  3.330600E+01     1.648956E+01
  3.376980E+01     1.638722E+01
  3.424006E+01     1.628479E+01
  3.471687E+01     1.618230E+01
  3.520031E+01     1.607972E+01
  3.569049E+01     1.597708E+01
  3.618750E+01     1.587439E+01
  3.669142E+01     1.577167E+01
  3.720237E+01     1.566894E+01
  3.772042E+01     1.556622E+01
  3.824570E+01     1.546354E+01
  3.877828E+01     1.536092E+01
  3.931829E+01     1.525838E+01
  3.986581E+01     1.515594E+01
  4.042096E+01     1.505362E+01
  4.098384E+01     1.495145E+01
  4.155455E+01     1.484942E+01
  4.213322E+01     1.474756E+01
  4.271994E+01     1.464586E+01
  4.331483E+01     1.454432E+01
  4.391801E+01     1.444295E+01
  4.452959E+01     1.434174E+01
  4.514968E+01     1.424070E+01
  4.577841E+01     1.413982E+01
  4.641589E+01     1.403909E+01
  4.706225E+01     1.393850E+01
  4.771761E+01     1.383808E+01
  4.838210E+01     1.373784E+01
  4.905584E+01     1.363779E+01
  4.973896E+01     1.353797E+01
  5.043159E+01     1.343837E+01
  5.113388E+01     1.333903E+01
  5.184594E+01     1.323995E+01
  5.256791E+01     1.314116E+01
  5.329994E+01     1.304266E+01
  5.404216E+01     1.294448E+01
  5.479472E+01     1.284661E+01
  5.555776E+01     1.274908E+01
  5.633143E+01     1.265190E+01
  5.711586E+01     1.255507E+01
  5.791123E+01     1.245860E+01
  5.871766E+01     1.236250E+01
  5.953533E+01     1.226677E+01
  6.036439E+01     1.217142E+01
  6.120498E+01     1.207644E+01
  6.205729E+01     1.198183E+01
  6.292146E+01     1.188760E+01
  6.379767E+01     1.179377E+01
  6.468608E+01     1.170036E+01
  6.558686E+01     1.160737E+01
  6.650018E+01     1.151481E+01
  6.742622E+01     1.142270E+01
  6.836516E+01     1.133105E+01
  6.931717E+01     1.123985E+01
  7.028244E+01     1.114912E+01
  7.126115E+01     1.105886E+01
  7.225349E+01     1.096908E+01
  7.325965E+01     1.087979E+01
  7.427982E+01     1.079100E+01
  7.531420E+01     1.070271E+01
  7.636298E+01     1.061494E+01
  7.742637E+01     1.052769E+01
  7.850456E+01     1.044096E+01
  7.959777E+01     1.035475E+01
  8.070620E+01     1.026906E+01
  8.183007E+01     1.018389E+01
  8.296959E+01     1.009923E+01
  8.412497E+01     1.001511E+01
  8.529644E+01     9.931528E+00
  8.648423E+01     9.848502E+00
  8.768856E+01     9.766035E+00
  8.890966E+01     9.684136E+00
  9.014776E+01     9.602807E+00
  9.140311E+01     9.522049E+00
  9.267593E+01     9.441862E+00
  9.396648E+01     9.362243E+00
  9.527500E+01     9.283195E+00
  9.660175E+01     9.204728E+00
  9.794697E+01     9.126850E+00
  9.931092E+01     9.049569E+00
  1.006939E+02     8.972888E+00
  1.020961E+02     8.896810E+00
  1.035178E+02     8.821336E+00
  1.049593E+02     8.746462E+00
  1.064209E+02     8.672183E+00
  1.079029E+02     8.598492E+00
  1.094055E+02     8.525387E+00
  1.109290E+02     8.452878E+00
  1.124737E+02     8.380973E+00
  1.140400E+02     8.309677E+00
  1.156280E+02     8.238995E+00
  1.172382E+02     8.168928E+00
  1.188708E+02     8.099476E+00
  1.205261E+02     8.030636E+00
  1.222045E+02     7.962402E+00
  1.239062E+02     7.894765E+00
  1.256317E+02     7.827723E+00
  1.273811E+02     7.761284E+00
  1.291550E+02     7.695453E+00
  1.309535E+02     7.630237E+00
  1.327771E+02     7.565639E+00
  1.346261E+02     7.501659E+00
  1.365008E+02     7.438297E+00
  1.384016E+02     7.375548E+00
  1.403289E+02     7.313406E+00
  1.422830E+02     7.251862E+00
  1.442644E+02     7.190909E+00
  1.462733E+02     7.130555E+00
  1.483103E+02     7.070803E+00
  1.503755E+02     7.011656E+00
  1.524696E+02     6.953117E+00
  1.545928E+02     6.895184E+00
  1.567455E+02     6.837853E+00
  1.589283E+02     6.781118E+00
  1.611414E+02     6.724971E+00
  1.633854E+02     6.669399E+00
  1.656606E+02     6.614395E+00
  1.679675E+02     6.559963E+00
  1.703065E+02     6.506108E+00
  1.726781E+02     6.452832E+00
  1.750827E+02     6.400137E+00
  1.775208E+02     6.348022E+00
  1.799929E+02     6.296484E+00
  1.824993E+02     6.245517E+00
  1.850407E+02     6.195115E+00
  1.876175E+02     6.145265E+00
  1.902301E+02     6.095959E+00
  1.928792E+02     6.047200E+00
  1.955651E+02     5.998990E+00
  1.982884E+02     5.951333E+00
  2.010496E+02     5.904228E+00
  2.038493E+02     5.857673E+00
  2.066880E+02     5.811664E+00
  2.095662E+02     5.766194E+00
  2.124845E+02     5.721256E+00
  2.154435E+02     5.676838E+00
  2.184436E+02     5.632927E+00
  2.214855E+02     5.589527E+00
  2.245698E+02     5.546641E+00
  2.276970E+02     5.504269E+00
  2.308678E+02     5.462413E+00
  2.340827E+02     5.421070E+00
  2.373424E+02     5.380237E+00
  2.406475E+02     5.339908E+00
  2.439986E+02     5.300076E+00
  2.473964E+02     5.260729E+00
  2.508415E+02     5.221857E+00
  2.543346E+02     5.183460E+00
  2.578763E+02     5.145541E+00
  2.614673E+02     5.108100E+00
  2.651084E+02     5.071138E+00
  2.688001E+02     5.034652E+00
  2.725433E+02     4.998638E+00
  2.763385E+02     4.963090E+00
  2.801867E+02     4.928001E+00
  2.840884E+02     4.893359E+00
  2.880444E+02     4.859155E+00
  2.920556E+02     4.825386E+00
  2.961225E+02     4.792055E+00
  3.002462E+02     4.759162E+00
  3.044272E+02     4.726709E+00
  3.086665E+02     4.694691E+00
  3.129648E+02     4.663106E+00
  3.173230E+02     4.631949E+00
  3.217418E+02     4.601212E+00
  3.262222E+02     4.570885E+00
  3.307650E+02     4.540959E+00
  3.353710E+02     4.511430E+00
  3.400412E+02     4.482301E+00
  3.447764E+02     4.453573E+00
  3.495776E+02     4.425245E+00
  3.544456E+02     4.397314E+00
  3.593814E+02     4.369779E+00
  3.643859E+02     4.342634E+00
  3.694601E+02     4.315871E+00
  3.746050E+02     4.289483E+00
  3.798215E+02     4.263460E+00
  3.851107E+02     4.237798E+00
  3.904735E+02     4.212499E+00
  3.959110E+02     4.187564E+00
  4.014242E+02     4.162992E+00
  4.070142E+02     4.138781E+00
  4.126821E+02     4.114929E+00
  4.184289E+02     4.091431E+00
  4.242556E+02     4.068281E+00
  4.301636E+02     4.045471E+00
  4.361538E+02     4.022992E+00
  4.422274E+02     4.000840E+00
  4.483856E+02     3.979017E+00
  4.546295E+02     3.957522E+00
  4.609604E+02     3.936356E+00
  4.673795E+02     3.915517E+00
  4.738880E+02     3.895002E+00
  4.804870E+02     3.874807E+00
  4.871780E+02     3.854927E+00
  4.939622E+02     3.835354E+00
  5.008408E+02     3.816081E+00
  5.078152E+02     3.797102E+00
  5.148867E+02     3.778419E+00
  5.220568E+02     3.760032E+00
  5.293266E+02     3.741941E+00
  5.366977E+02     3.724143E+00
  5.441714E+02     3.706637E+00
  5.517492E+02     3.689418E+00
  5.594326E+02     3.672482E+00
  5.672229E+02     3.655821E+00
  5.751217E+02     3.639429E+00
  5.831305E+02     3.623300E+00
  5.912508E+02     3.607435E+00
  5.994843E+02     3.591835E+00
  6.078323E+02     3.576498E+00
  6.162966E+02     3.561424E+00
  6.248788E+02     3.546611E+00
  6.335805E+02     3.532054E+00
  6.424034E+02     3.517749E+00
  6.513491E+02     3.503692E+00
  6.604194E+02     3.489874E+00
  6.696160E+02     3.476292E+00
  6.789407E+02     3.462944E+00
  6.883952E+02     3.449829E+00
  6.979814E+02     3.436945E+00
  7.077011E+02     3.424291E+00
  7.175561E+02     3.411862E+00
  7.275484E+02     3.399655E+00
  7.376798E+02     3.387662E+00
  7.479523E+02     3.375879E+00
  7.583678E+02     3.364296E+00
  7.689284E+02     3.352908E+00
  7.796360E+02     3.341719E+00
  7.904928E+02     3.330733E+00
  8.015007E+02     3.319952E+00
  8.126619E+02     3.309381E+00
  8.239786E+02     3.299023E+00
  8.354528E+02     3.288880E+00
  8.470868E+02     3.278955E+00
  8.588829E+02     3.269249E+00
  8.708431E+02     3.259764E+00
  8.829700E+02     3.250496E+00
  8.952657E+02     3.241427E+00
  9.077327E+02     3.232533E+00
  9.203732E+02     3.223789E+00
  9.331898E+02     3.215165E+00
  9.461848E+02     3.206630E+00
  9.593608E+02     3.198148E+00
  9.727203E+02     3.189683E+00
  9.862658E+02     3.181193E+00
  1.000000E+03     3.172632E+00
