FILE CREATED BY  : PROGRAM DPASS - VERSION 2.00
DATABASE VERSION : 21.06
DATE AND TIME    : 09/08/2022 23:09:14
PROJECTILE       : I 
TARGET           : Ac
TARGET AT. MASS  : 2.270280E+02
TARGET DENSITY   : 1.007000E+01 g/cm^3
TABULATED OUTPUT : STOPPING FORCE VERSUS ENERGY
DATA TYPE        : SPLINE INTERPOLATED
ABSCISSA UNITS   : MeV/u
ORDINATE UNITS   : eV/nm


      E/n             S(E/n)

  1.000000E-03     6.416456E+02
  1.013925E-03     6.460221E+02
  1.028045E-03     6.504564E+02
  1.042361E-03     6.549462E+02
  1.056876E-03     6.594888E+02
  1.071593E-03     6.640812E+02
  1.086516E-03     6.687202E+02
  1.101646E-03     6.734022E+02
  1.116987E-03     6.781233E+02
  1.132541E-03     6.828793E+02
  1.148312E-03     6.876656E+02
  1.164303E-03     6.924780E+02
  1.180517E-03     6.973162E+02
  1.196956E-03     7.021810E+02
  1.213624E-03     7.070737E+02
  1.230524E-03     7.119955E+02
  1.247660E-03     7.169477E+02
  1.265034E-03     7.219318E+02
  1.282650E-03     7.269495E+02
  1.300511E-03     7.320025E+02
  1.318621E-03     7.370928E+02
  1.336984E-03     7.422223E+02
  1.355602E-03     7.473915E+02
  1.374479E-03     7.526004E+02
  1.393619E-03     7.578487E+02
  1.413026E-03     7.631365E+02
  1.432703E-03     7.684635E+02
  1.452654E-03     7.738297E+02
  1.472883E-03     7.792350E+02
  1.493393E-03     7.846791E+02
  1.514189E-03     7.901620E+02
  1.535275E-03     7.956834E+02
  1.556654E-03     8.012436E+02
  1.578331E-03     8.068429E+02
  1.600310E-03     8.124817E+02
  1.622595E-03     8.181603E+02
  1.645191E-03     8.238792E+02
  1.668101E-03     8.296389E+02
  1.691330E-03     8.354399E+02
  1.714882E-03     8.412828E+02
  1.738762E-03     8.471683E+02
  1.762975E-03     8.530971E+02
  1.787526E-03     8.590695E+02
  1.812418E-03     8.650856E+02
  1.837656E-03     8.711457E+02
  1.863246E-03     8.772498E+02
  1.889193E-03     8.833983E+02
  1.915501E-03     8.895912E+02
  1.942175E-03     8.958289E+02
  1.969220E-03     9.021115E+02
  1.996642E-03     9.084395E+02
  2.024447E-03     9.148130E+02
  2.052638E-03     9.212324E+02
  2.081222E-03     9.276981E+02
  2.110203E-03     9.342102E+02
  2.139589E-03     9.407693E+02
  2.169384E-03     9.473756E+02
  2.199593E-03     9.540297E+02
  2.230223E-03     9.607319E+02
  2.261280E-03     9.674829E+02
  2.292769E-03     9.742833E+02
  2.324697E-03     9.811335E+02
  2.357069E-03     9.880342E+02
  2.389893E-03     9.949854E+02
  2.423173E-03     1.001988E+03
  2.456916E-03     1.009041E+03
  2.491130E-03     1.016146E+03
  2.525820E-03     1.023303E+03
  2.560993E-03     1.030512E+03
  2.596656E-03     1.037773E+03
  2.632815E-03     1.045088E+03
  2.669478E-03     1.052456E+03
  2.706652E-03     1.059878E+03
  2.744343E-03     1.067355E+03
  2.782559E-03     1.074886E+03
  2.821308E-03     1.082472E+03
  2.860596E-03     1.090114E+03
  2.900430E-03     1.097811E+03
  2.940820E-03     1.105565E+03
  2.981772E-03     1.113376E+03
  3.023295E-03     1.121244E+03
  3.065395E-03     1.129171E+03
  3.108082E-03     1.137156E+03
  3.151363E-03     1.145200E+03
  3.195248E-03     1.153303E+03
  3.239743E-03     1.161466E+03
  3.284857E-03     1.169689E+03
  3.330600E-03     1.177973E+03
  3.376980E-03     1.186318E+03
  3.424006E-03     1.194724E+03
  3.471687E-03     1.203193E+03
  3.520031E-03     1.211725E+03
  3.569049E-03     1.220320E+03
  3.618750E-03     1.228979E+03
  3.669142E-03     1.237702E+03
  3.720237E-03     1.246490E+03
  3.772042E-03     1.255343E+03
  3.824570E-03     1.264262E+03
  3.877828E-03     1.273247E+03
  3.931829E-03     1.282299E+03
  3.986581E-03     1.291418E+03
  4.042096E-03     1.300606E+03
  4.098384E-03     1.309862E+03
  4.155455E-03     1.319188E+03
  4.213322E-03     1.328584E+03
  4.271994E-03     1.338049E+03
  4.331483E-03     1.347586E+03
  4.391801E-03     1.357193E+03
  4.452959E-03     1.366873E+03
  4.514968E-03     1.376624E+03
  4.577841E-03     1.386449E+03
  4.641589E-03     1.396347E+03
  4.706225E-03     1.406320E+03
  4.771761E-03     1.416368E+03
  4.838210E-03     1.426491E+03
  4.905584E-03     1.436691E+03
  4.973896E-03     1.446967E+03
  5.043159E-03     1.457320E+03
  5.113388E-03     1.467750E+03
  5.184594E-03     1.478260E+03
  5.256791E-03     1.488848E+03
  5.329994E-03     1.499517E+03
  5.404216E-03     1.510267E+03
  5.479472E-03     1.521098E+03
  5.555776E-03     1.532012E+03
  5.633143E-03     1.543008E+03
  5.711586E-03     1.554087E+03
  5.791123E-03     1.565250E+03
  5.871766E-03     1.576498E+03
  5.953533E-03     1.587832E+03
  6.036439E-03     1.599251E+03
  6.120498E-03     1.610758E+03
  6.205729E-03     1.622353E+03
  6.292146E-03     1.634037E+03
  6.379767E-03     1.645810E+03
  6.468608E-03     1.657672E+03
  6.558686E-03     1.669625E+03
  6.650018E-03     1.681670E+03
  6.742622E-03     1.693806E+03
  6.836516E-03     1.706035E+03
  6.931717E-03     1.718357E+03
  7.028244E-03     1.730773E+03
  7.126115E-03     1.743285E+03
  7.225349E-03     1.755893E+03
  7.325965E-03     1.768597E+03
  7.427982E-03     1.781399E+03
  7.531420E-03     1.794299E+03
  7.636298E-03     1.807298E+03
  7.742637E-03     1.820396E+03
  7.850456E-03     1.833595E+03
  7.959777E-03     1.846896E+03
  8.070620E-03     1.860299E+03
  8.183007E-03     1.873807E+03
  8.296959E-03     1.887419E+03
  8.412497E-03     1.901137E+03
  8.529644E-03     1.914960E+03
  8.648423E-03     1.928891E+03
  8.768856E-03     1.942929E+03
  8.890966E-03     1.957076E+03
  9.014776E-03     1.971331E+03
  9.140311E-03     1.985698E+03
  9.267593E-03     2.000176E+03
  9.396648E-03     2.014766E+03
  9.527500E-03     2.029470E+03
  9.660175E-03     2.044289E+03
  9.794697E-03     2.059222E+03
  9.931092E-03     2.074271E+03
  1.006939E-02     2.089437E+03
  1.020961E-02     2.104721E+03
  1.035178E-02     2.120123E+03
  1.049593E-02     2.135645E+03
  1.064209E-02     2.151288E+03
  1.079029E-02     2.167052E+03
  1.094055E-02     2.182940E+03
  1.109290E-02     2.198952E+03
  1.124737E-02     2.215089E+03
  1.140400E-02     2.231351E+03
  1.156280E-02     2.247740E+03
  1.172382E-02     2.264256E+03
  1.188708E-02     2.280900E+03
  1.205261E-02     2.297675E+03
  1.222045E-02     2.314580E+03
  1.239062E-02     2.331617E+03
  1.256317E-02     2.348788E+03
  1.273811E-02     2.366093E+03
  1.291550E-02     2.383533E+03
  1.309535E-02     2.401109E+03
  1.327771E-02     2.418822E+03
  1.346261E-02     2.436674E+03
  1.365008E-02     2.454665E+03
  1.384016E-02     2.472796E+03
  1.403289E-02     2.491070E+03
  1.422830E-02     2.509487E+03
  1.442644E-02     2.528049E+03
  1.462733E-02     2.546757E+03
  1.483103E-02     2.565611E+03
  1.503755E-02     2.584613E+03
  1.524696E-02     2.603763E+03
  1.545928E-02     2.623062E+03
  1.567455E-02     2.642512E+03
  1.589283E-02     2.662114E+03
  1.611414E-02     2.681869E+03
  1.633854E-02     2.701779E+03
  1.656606E-02     2.721845E+03
  1.679675E-02     2.742067E+03
  1.703065E-02     2.762447E+03
  1.726781E-02     2.782986E+03
  1.750827E-02     2.803684E+03
  1.775208E-02     2.824543E+03
  1.799929E-02     2.845564E+03
  1.824993E-02     2.866748E+03
  1.850407E-02     2.888097E+03
  1.876175E-02     2.909612E+03
  1.902301E-02     2.931295E+03
  1.928792E-02     2.953146E+03
  1.955651E-02     2.975167E+03
  1.982884E-02     2.997358E+03
  2.010496E-02     3.019721E+03
  2.038493E-02     3.042257E+03
  2.066880E-02     3.064967E+03
  2.095662E-02     3.087852E+03
  2.124845E-02     3.110914E+03
  2.154435E-02     3.134155E+03
  2.184436E-02     3.157576E+03
  2.214855E-02     3.181178E+03
  2.245698E-02     3.204962E+03
  2.276970E-02     3.228930E+03
  2.308678E-02     3.253081E+03
  2.340827E-02     3.277418E+03
  2.373424E-02     3.301942E+03
  2.406475E-02     3.326654E+03
  2.439986E-02     3.351555E+03
  2.473964E-02     3.376647E+03
  2.508415E-02     3.401931E+03
  2.543346E-02     3.427410E+03
  2.578763E-02     3.453083E+03
  2.614673E-02     3.478952E+03
  2.651084E-02     3.505018E+03
  2.688001E-02     3.531282E+03
  2.725433E-02     3.557745E+03
  2.763385E-02     3.584409E+03
  2.801867E-02     3.611276E+03
  2.840884E-02     3.638346E+03
  2.880444E-02     3.665622E+03
  2.920556E-02     3.693106E+03
  2.961225E-02     3.720797E+03
  3.002462E-02     3.748697E+03
  3.044272E-02     3.776806E+03
  3.086665E-02     3.805128E+03
  3.129648E-02     3.833661E+03
  3.173230E-02     3.862409E+03
  3.217418E-02     3.891371E+03
  3.262222E-02     3.920551E+03
  3.307650E-02     3.949950E+03
  3.353710E-02     3.979569E+03
  3.400412E-02     4.009409E+03
  3.447764E-02     4.039471E+03
  3.495776E-02     4.069755E+03
  3.544456E-02     4.100263E+03
  3.593814E-02     4.130996E+03
  3.643859E-02     4.161955E+03
  3.694601E-02     4.193142E+03
  3.746050E-02     4.224558E+03
  3.798215E-02     4.256205E+03
  3.851107E-02     4.288083E+03
  3.904735E-02     4.320195E+03
  3.959110E-02     4.352542E+03
  4.014242E-02     4.385124E+03
  4.070142E-02     4.417943E+03
  4.126821E-02     4.451002E+03
  4.184289E-02     4.484301E+03
  4.242556E-02     4.517843E+03
  4.301636E-02     4.551630E+03
  4.361538E-02     4.585664E+03
  4.422274E-02     4.619947E+03
  4.483856E-02     4.654480E+03
  4.546295E-02     4.689265E+03
  4.609604E-02     4.724303E+03
  4.673795E-02     4.759595E+03
  4.738880E-02     4.795143E+03
  4.804870E-02     4.830950E+03
  4.871780E-02     4.867017E+03
  4.939622E-02     4.903346E+03
  5.008408E-02     4.939941E+03
  5.078152E-02     4.976802E+03
  5.148867E-02     5.013930E+03
  5.220568E-02     5.051327E+03
  5.293266E-02     5.088993E+03
  5.366977E-02     5.126929E+03
  5.441714E-02     5.165136E+03
  5.517492E-02     5.203616E+03
  5.594326E-02     5.242369E+03
  5.672229E-02     5.281397E+03
  5.751217E-02     5.320702E+03
  5.831305E-02     5.360285E+03
  5.912508E-02     5.400146E+03
  5.994843E-02     5.440286E+03
  6.078323E-02     5.480704E+03
  6.162966E-02     5.521402E+03
  6.248788E-02     5.562380E+03
  6.335805E-02     5.603639E+03
  6.424034E-02     5.645178E+03
  6.513491E-02     5.687000E+03
  6.604194E-02     5.729106E+03
  6.696160E-02     5.771495E+03
  6.789407E-02     5.814169E+03
  6.883952E-02     5.857128E+03
  6.979814E-02     5.900371E+03
  7.077011E-02     5.943900E+03
  7.175561E-02     5.987716E+03
  7.275484E-02     6.031818E+03
  7.376798E-02     6.076208E+03
  7.479523E-02     6.120888E+03
  7.583678E-02     6.165857E+03
  7.689284E-02     6.211118E+03
  7.796360E-02     6.256672E+03
  7.904928E-02     6.302518E+03
  8.015007E-02     6.348657E+03
  8.126619E-02     6.395091E+03
  8.239786E-02     6.441821E+03
  8.354528E-02     6.488847E+03
  8.470868E-02     6.536172E+03
  8.588829E-02     6.583797E+03
  8.708431E-02     6.631725E+03
  8.829700E-02     6.679957E+03
  8.952657E-02     6.728494E+03
  9.077327E-02     6.777339E+03
  9.203732E-02     6.826491E+03
  9.331898E-02     6.875953E+03
  9.461848E-02     6.925727E+03
  9.593608E-02     6.975814E+03
  9.727203E-02     7.026217E+03
  9.862658E-02     7.076939E+03
  1.000000E-01     7.127982E+03
  1.013925E-01     7.179351E+03
  1.028045E-01     7.231047E+03
  1.042361E-01     7.283072E+03
  1.056876E-01     7.335429E+03
  1.071593E-01     7.388119E+03
  1.086516E-01     7.441146E+03
  1.101646E-01     7.494513E+03
  1.116987E-01     7.548224E+03
  1.132541E-01     7.602282E+03
  1.148312E-01     7.656693E+03
  1.164303E-01     7.711461E+03
  1.180517E-01     7.766589E+03
  1.196956E-01     7.822081E+03
  1.213624E-01     7.877940E+03
  1.230524E-01     7.934169E+03
  1.247660E-01     7.990774E+03
  1.265034E-01     8.047757E+03
  1.282650E-01     8.105125E+03
  1.300511E-01     8.162884E+03
  1.318621E-01     8.221040E+03
  1.336984E-01     8.279598E+03
  1.355602E-01     8.338565E+03
  1.374479E-01     8.397943E+03
  1.393619E-01     8.457736E+03
  1.413026E-01     8.517948E+03
  1.432703E-01     8.578585E+03
  1.452654E-01     8.639652E+03
  1.472883E-01     8.701155E+03
  1.493393E-01     8.763099E+03
  1.514189E-01     8.825492E+03
  1.535275E-01     8.888342E+03
  1.556654E-01     8.951654E+03
  1.578331E-01     9.015434E+03
  1.600310E-01     9.079686E+03
  1.622595E-01     9.144418E+03
  1.645191E-01     9.209635E+03
  1.668101E-01     9.275345E+03
  1.691330E-01     9.341555E+03
  1.714882E-01     9.408275E+03
  1.738762E-01     9.475513E+03
  1.762975E-01     9.543279E+03
  1.787526E-01     9.611579E+03
  1.812418E-01     9.680415E+03
  1.837656E-01     9.749792E+03
  1.863246E-01     9.819712E+03
  1.889193E-01     9.890179E+03
  1.915501E-01     9.961197E+03
  1.942175E-01     1.003277E+04
  1.969220E-01     1.010490E+04
  1.996642E-01     1.017760E+04
  2.024447E-01     1.025087E+04
  2.052638E-01     1.032471E+04
  2.081222E-01     1.039913E+04
  2.110203E-01     1.047412E+04
  2.139589E-01     1.054969E+04
  2.169384E-01     1.062584E+04
  2.199593E-01     1.070257E+04
  2.230223E-01     1.077989E+04
  2.261280E-01     1.085779E+04
  2.292769E-01     1.093629E+04
  2.324697E-01     1.101537E+04
  2.357069E-01     1.109505E+04
  2.389893E-01     1.117532E+04
  2.423173E-01     1.125620E+04
  2.456916E-01     1.133767E+04
  2.491130E-01     1.141973E+04
  2.525820E-01     1.150240E+04
  2.560993E-01     1.158568E+04
  2.596656E-01     1.166956E+04
  2.632815E-01     1.175404E+04
  2.669478E-01     1.183914E+04
  2.706652E-01     1.192485E+04
  2.744343E-01     1.201117E+04
  2.782559E-01     1.209810E+04
  2.821308E-01     1.218564E+04
  2.860596E-01     1.227378E+04
  2.900430E-01     1.236253E+04
  2.940820E-01     1.245188E+04
  2.981772E-01     1.254183E+04
  3.023295E-01     1.263238E+04
  3.065395E-01     1.272352E+04
  3.108082E-01     1.281527E+04
  3.151363E-01     1.290760E+04
  3.195248E-01     1.300051E+04
  3.239743E-01     1.309401E+04
  3.284857E-01     1.318807E+04
  3.330600E-01     1.328271E+04
  3.376980E-01     1.337790E+04
  3.424006E-01     1.347364E+04
  3.471687E-01     1.356993E+04
  3.520031E-01     1.366676E+04
  3.569049E-01     1.376412E+04
  3.618750E-01     1.386201E+04
  3.669142E-01     1.396040E+04
  3.720237E-01     1.405930E+04
  3.772042E-01     1.415870E+04
  3.824570E-01     1.425857E+04
  3.877828E-01     1.435892E+04
  3.931829E-01     1.445974E+04
  3.986581E-01     1.456100E+04
  4.042096E-01     1.466271E+04
  4.098384E-01     1.476484E+04
  4.155455E-01     1.486739E+04
  4.213322E-01     1.497034E+04
  4.271994E-01     1.507369E+04
  4.331483E-01     1.517742E+04
  4.391801E-01     1.528151E+04
  4.452959E-01     1.538595E+04
  4.514968E-01     1.549073E+04
  4.577841E-01     1.559583E+04
  4.641589E-01     1.570125E+04
  4.706225E-01     1.580696E+04
  4.771761E-01     1.591296E+04
  4.838210E-01     1.601922E+04
  4.905584E-01     1.612574E+04
  4.973896E-01     1.623250E+04
  5.043159E-01     1.633949E+04
  5.113388E-01     1.644668E+04
  5.184594E-01     1.655407E+04
  5.256791E-01     1.666165E+04
  5.329994E-01     1.676940E+04
  5.404216E-01     1.687730E+04
  5.479472E-01     1.698535E+04
  5.555776E-01     1.709351E+04
  5.633143E-01     1.720179E+04
  5.711586E-01     1.731017E+04
  5.791123E-01     1.741863E+04
  5.871766E-01     1.752715E+04
  5.953533E-01     1.763573E+04
  6.036439E-01     1.774434E+04
  6.120498E-01     1.785298E+04
  6.205729E-01     1.796164E+04
  6.292146E-01     1.807030E+04
  6.379767E-01     1.817895E+04
  6.468608E-01     1.828757E+04
  6.558686E-01     1.839616E+04
  6.650018E-01     1.850470E+04
  6.742622E-01     1.861319E+04
  6.836516E-01     1.872161E+04
  6.931717E-01     1.882996E+04
  7.028244E-01     1.893823E+04
  7.126115E-01     1.904643E+04
  7.225349E-01     1.915452E+04
  7.325965E-01     1.926251E+04
  7.427982E-01     1.937038E+04
  7.531420E-01     1.947812E+04
  7.636298E-01     1.958571E+04
  7.742637E-01     1.969315E+04
  7.850456E-01     1.980043E+04
  7.959777E-01     1.990754E+04
  8.070620E-01     2.001448E+04
  8.183007E-01     2.012123E+04
  8.296959E-01     2.022779E+04
  8.412497E-01     2.033414E+04
  8.529644E-01     2.044027E+04
  8.648423E-01     2.054614E+04
  8.768856E-01     2.065176E+04
  8.890966E-01     2.075710E+04
  9.014776E-01     2.086214E+04
  9.140311E-01     2.096688E+04
  9.267593E-01     2.107131E+04
  9.396648E-01     2.117540E+04
  9.527500E-01     2.127916E+04
  9.660175E-01     2.138256E+04
  9.794697E-01     2.148559E+04
  9.931092E-01     2.158824E+04
  1.006939E+00     2.169049E+04
  1.020961E+00     2.179234E+04
  1.035178E+00     2.189377E+04
  1.049593E+00     2.199479E+04
  1.064209E+00     2.209538E+04
  1.079029E+00     2.219555E+04
  1.094055E+00     2.229530E+04
  1.109290E+00     2.239460E+04
  1.124737E+00     2.249346E+04
  1.140400E+00     2.259188E+04
  1.156280E+00     2.268986E+04
  1.172382E+00     2.278739E+04
  1.188708E+00     2.288448E+04
  1.205261E+00     2.298114E+04
  1.222045E+00     2.307738E+04
  1.239062E+00     2.317321E+04
  1.256317E+00     2.326863E+04
  1.273811E+00     2.336364E+04
  1.291550E+00     2.345822E+04
  1.309535E+00     2.355236E+04
  1.327771E+00     2.364604E+04
  1.346261E+00     2.373926E+04
  1.365008E+00     2.383200E+04
  1.384016E+00     2.392428E+04
  1.403289E+00     2.401607E+04
  1.422830E+00     2.410738E+04
  1.442644E+00     2.419820E+04
  1.462733E+00     2.428850E+04
  1.483103E+00     2.437825E+04
  1.503755E+00     2.446742E+04
  1.524696E+00     2.455598E+04
  1.545928E+00     2.464389E+04
  1.567455E+00     2.473112E+04
  1.589283E+00     2.481765E+04
  1.611414E+00     2.490344E+04
  1.633854E+00     2.498846E+04
  1.656606E+00     2.507268E+04
  1.679675E+00     2.515608E+04
  1.703065E+00     2.523864E+04
  1.726781E+00     2.532031E+04
  1.750827E+00     2.540108E+04
  1.775208E+00     2.548093E+04
  1.799929E+00     2.555984E+04
  1.824993E+00     2.563777E+04
  1.850407E+00     2.571473E+04
  1.876175E+00     2.579068E+04
  1.902301E+00     2.586561E+04
  1.928792E+00     2.593950E+04
  1.955651E+00     2.601233E+04
  1.982884E+00     2.608409E+04
  2.010496E+00     2.615476E+04
  2.038493E+00     2.622433E+04
  2.066880E+00     2.629279E+04
  2.095662E+00     2.636013E+04
  2.124845E+00     2.642634E+04
  2.154435E+00     2.649143E+04
  2.184436E+00     2.655540E+04
  2.214855E+00     2.661822E+04
  2.245698E+00     2.667989E+04
  2.276970E+00     2.674038E+04
  2.308678E+00     2.679969E+04
  2.340827E+00     2.685781E+04
  2.373424E+00     2.691472E+04
  2.406475E+00     2.697043E+04
  2.439986E+00     2.702494E+04
  2.473964E+00     2.707825E+04
  2.508415E+00     2.713036E+04
  2.543346E+00     2.718125E+04
  2.578763E+00     2.723093E+04
  2.614673E+00     2.727937E+04
  2.651084E+00     2.732657E+04
  2.688001E+00     2.737251E+04
  2.725433E+00     2.741720E+04
  2.763385E+00     2.746063E+04
  2.801867E+00     2.750280E+04
  2.840884E+00     2.754373E+04
  2.880444E+00     2.758342E+04
  2.920556E+00     2.762186E+04
  2.961225E+00     2.765904E+04
  3.002462E+00     2.769495E+04
  3.044272E+00     2.772958E+04
  3.086665E+00     2.776293E+04
  3.129648E+00     2.779499E+04
  3.173230E+00     2.782577E+04
  3.217418E+00     2.785528E+04
  3.262222E+00     2.788351E+04
  3.307650E+00     2.791049E+04
  3.353710E+00     2.793621E+04
  3.400412E+00     2.796065E+04
  3.447764E+00     2.798383E+04
  3.495776E+00     2.800572E+04
  3.544456E+00     2.802634E+04
  3.593814E+00     2.804568E+04
  3.643859E+00     2.806375E+04
  3.694601E+00     2.808056E+04
  3.746050E+00     2.809613E+04
  3.798215E+00     2.811046E+04
  3.851107E+00     2.812356E+04
  3.904735E+00     2.813543E+04
  3.959110E+00     2.814605E+04
  4.014242E+00     2.815542E+04
  4.070142E+00     2.816354E+04
  4.126821E+00     2.817040E+04
  4.184289E+00     2.817602E+04
  4.242556E+00     2.818040E+04
  4.301636E+00     2.818355E+04
  4.361538E+00     2.818548E+04
  4.422274E+00     2.818619E+04
  4.483856E+00     2.818569E+04
  4.546295E+00     2.818395E+04
  4.609604E+00     2.818099E+04
  4.673795E+00     2.817680E+04
  4.738880E+00     2.817138E+04
  4.804870E+00     2.816474E+04
  4.871780E+00     2.815689E+04
  4.939622E+00     2.814784E+04
  5.008408E+00     2.813760E+04
  5.078152E+00     2.812618E+04
  5.148867E+00     2.811358E+04
  5.220568E+00     2.809978E+04
  5.293266E+00     2.808480E+04
  5.366977E+00     2.806863E+04
  5.441714E+00     2.805128E+04
  5.517492E+00     2.803275E+04
  5.594326E+00     2.801304E+04
  5.672229E+00     2.799218E+04
  5.751217E+00     2.797018E+04
  5.831305E+00     2.794704E+04
  5.912508E+00     2.792277E+04
  5.994843E+00     2.789736E+04
  6.078323E+00     2.787081E+04
  6.162966E+00     2.784313E+04
  6.248788E+00     2.781431E+04
  6.335805E+00     2.778437E+04
  6.424034E+00     2.775332E+04
  6.513491E+00     2.772117E+04
  6.604194E+00     2.768793E+04
  6.696160E+00     2.765361E+04
  6.789407E+00     2.761822E+04
  6.883952E+00     2.758175E+04
  6.979814E+00     2.754421E+04
  7.077011E+00     2.750559E+04
  7.175561E+00     2.746590E+04
  7.275484E+00     2.742516E+04
  7.376798E+00     2.738336E+04
  7.479523E+00     2.734052E+04
  7.583678E+00     2.729666E+04
  7.689284E+00     2.725178E+04
  7.796360E+00     2.720589E+04
  7.904928E+00     2.715899E+04
  8.015007E+00     2.711109E+04
  8.126619E+00     2.706218E+04
  8.239786E+00     2.701227E+04
  8.354528E+00     2.696139E+04
  8.470868E+00     2.690952E+04
  8.588829E+00     2.685670E+04
  8.708431E+00     2.680293E+04
  8.829700E+00     2.674822E+04
  8.952657E+00     2.669259E+04
  9.077327E+00     2.663603E+04
  9.203732E+00     2.657855E+04
  9.331898E+00     2.652014E+04
  9.461848E+00     2.646082E+04
  9.593608E+00     2.640058E+04
  9.727203E+00     2.633945E+04
  9.862658E+00     2.627742E+04
  1.000000E+01     2.621452E+04
  1.013925E+01     2.615075E+04
  1.028045E+01     2.608611E+04
  1.042361E+01     2.602061E+04
  1.056876E+01     2.595426E+04
  1.071593E+01     2.588705E+04
  1.086516E+01     2.581900E+04
  1.101646E+01     2.575011E+04
  1.116987E+01     2.568039E+04
  1.132541E+01     2.560985E+04
  1.148312E+01     2.553850E+04
  1.164303E+01     2.546636E+04
  1.180517E+01     2.539344E+04
  1.196956E+01     2.531972E+04
  1.213624E+01     2.524523E+04
  1.230524E+01     2.516997E+04
  1.247660E+01     2.509394E+04
  1.265034E+01     2.501715E+04
  1.282650E+01     2.493961E+04
  1.300511E+01     2.486134E+04
  1.318621E+01     2.478235E+04
  1.336984E+01     2.470263E+04
  1.355602E+01     2.462222E+04
  1.374479E+01     2.454110E+04
  1.393619E+01     2.445927E+04
  1.413026E+01     2.437675E+04
  1.432703E+01     2.429354E+04
  1.452654E+01     2.420965E+04
  1.472883E+01     2.412507E+04
  1.493393E+01     2.403982E+04
  1.514189E+01     2.395390E+04
  1.535275E+01     2.386732E+04
  1.556654E+01     2.378008E+04
  1.578331E+01     2.369220E+04
  1.600310E+01     2.360368E+04
  1.622595E+01     2.351453E+04
  1.645191E+01     2.342475E+04
  1.668101E+01     2.333435E+04
  1.691330E+01     2.324335E+04
  1.714882E+01     2.315175E+04
  1.738762E+01     2.305956E+04
  1.762975E+01     2.296680E+04
  1.787526E+01     2.287346E+04
  1.812418E+01     2.277957E+04
  1.837656E+01     2.268512E+04
  1.863246E+01     2.259012E+04
  1.889193E+01     2.249458E+04
  1.915501E+01     2.239850E+04
  1.942175E+01     2.230189E+04
  1.969220E+01     2.220477E+04
  1.996642E+01     2.210714E+04
  2.024447E+01     2.200900E+04
  2.052638E+01     2.191036E+04
  2.081222E+01     2.181124E+04
  2.110203E+01     2.171165E+04
  2.139589E+01     2.161159E+04
  2.169384E+01     2.151108E+04
  2.199593E+01     2.141012E+04
  2.230223E+01     2.130873E+04
  2.261280E+01     2.120692E+04
  2.292769E+01     2.110470E+04
  2.324697E+01     2.100209E+04
  2.357069E+01     2.089908E+04
  2.389893E+01     2.079570E+04
  2.423173E+01     2.069194E+04
  2.456916E+01     2.058783E+04
  2.491130E+01     2.048336E+04
  2.525820E+01     2.037855E+04
  2.560993E+01     2.027340E+04
  2.596656E+01     2.016792E+04
  2.632815E+01     2.006211E+04
  2.669478E+01     1.995599E+04
  2.706652E+01     1.984957E+04
  2.744343E+01     1.974285E+04
  2.782559E+01     1.963584E+04
  2.821308E+01     1.952857E+04
  2.860596E+01     1.942105E+04
  2.900430E+01     1.931328E+04
  2.940820E+01     1.920529E+04
  2.981772E+01     1.909707E+04
  3.023295E+01     1.898865E+04
  3.065395E+01     1.888004E+04
  3.108082E+01     1.877125E+04
  3.151363E+01     1.866230E+04
  3.195248E+01     1.855319E+04
  3.239743E+01     1.844394E+04
  3.284857E+01     1.833455E+04
  3.330600E+01     1.822506E+04
  3.376980E+01     1.811545E+04
  3.424006E+01     1.800575E+04
  3.471687E+01     1.789596E+04
  3.520031E+01     1.778609E+04
  3.569049E+01     1.767616E+04
  3.618750E+01     1.756617E+04
  3.669142E+01     1.745614E+04
  3.720237E+01     1.734608E+04
  3.772042E+01     1.723601E+04
  3.824570E+01     1.712593E+04
  3.877828E+01     1.701586E+04
  3.931829E+01     1.690581E+04
  3.986581E+01     1.679579E+04
  4.042096E+01     1.668579E+04
  4.098384E+01     1.657584E+04
  4.155455E+01     1.646595E+04
  4.213322E+01     1.635613E+04
  4.271994E+01     1.624640E+04
  4.331483E+01     1.613677E+04
  4.391801E+01     1.602725E+04
  4.452959E+01     1.591787E+04
  4.514968E+01     1.580862E+04
  4.577841E+01     1.569953E+04
  4.641589E+01     1.559059E+04
  4.706225E+01     1.548183E+04
  4.771761E+01     1.537325E+04
  4.838210E+01     1.526487E+04
  4.905584E+01     1.515670E+04
  4.973896E+01     1.504876E+04
  5.043159E+01     1.494107E+04
  5.113388E+01     1.483362E+04
  5.184594E+01     1.472644E+04
  5.256791E+01     1.461953E+04
  5.329994E+01     1.451290E+04
  5.404216E+01     1.440655E+04
  5.479472E+01     1.430050E+04
  5.555776E+01     1.419477E+04
  5.633143E+01     1.408936E+04
  5.711586E+01     1.398430E+04
  5.791123E+01     1.387959E+04
  5.871766E+01     1.377525E+04
  5.953533E+01     1.367127E+04
  6.036439E+01     1.356768E+04
  6.120498E+01     1.346447E+04
  6.205729E+01     1.336166E+04
  6.292146E+01     1.325924E+04
  6.379767E+01     1.315723E+04
  6.468608E+01     1.305564E+04
  6.558686E+01     1.295448E+04
  6.650018E+01     1.285375E+04
  6.742622E+01     1.275347E+04
  6.836516E+01     1.265362E+04
  6.931717E+01     1.255422E+04
  7.028244E+01     1.245525E+04
  7.126115E+01     1.235671E+04
  7.225349E+01     1.225862E+04
  7.325965E+01     1.216099E+04
  7.427982E+01     1.206383E+04
  7.531420E+01     1.196716E+04
  7.636298E+01     1.187099E+04
  7.742637E+01     1.177534E+04
  7.850456E+01     1.168021E+04
  7.959777E+01     1.158561E+04
  8.070620E+01     1.149155E+04
  8.183007E+01     1.139804E+04
  8.296959E+01     1.130507E+04
  8.412497E+01     1.121267E+04
  8.529644E+01     1.112084E+04
  8.648423E+01     1.102961E+04
  8.768856E+01     1.093897E+04
  8.890966E+01     1.084893E+04
  9.014776E+01     1.075950E+04
  9.140311E+01     1.067068E+04
  9.267593E+01     1.058246E+04
  9.396648E+01     1.049485E+04
  9.527500E+01     1.040784E+04
  9.660175E+01     1.032146E+04
  9.794697E+01     1.023569E+04
  9.931092E+01     1.015057E+04
  1.006939E+02     1.006607E+04
  1.020961E+02     9.982224E+03
  1.035178E+02     9.899013E+03
  1.049593E+02     9.816437E+03
  1.064209E+02     9.734492E+03
  1.079029E+02     9.653167E+03
  1.094055E+02     9.572462E+03
  1.109290E+02     9.492387E+03
  1.124737E+02     9.412951E+03
  1.140400E+02     9.334162E+03
  1.156280E+02     9.256024E+03
  1.172382E+02     9.178541E+03
  1.188708E+02     9.101713E+03
  1.205261E+02     9.025538E+03
  1.222045E+02     8.950010E+03
  1.239062E+02     8.875121E+03
  1.256317E+02     8.800870E+03
  1.273811E+02     8.727265E+03
  1.291550E+02     8.654314E+03
  1.309535E+02     8.582023E+03
  1.327771E+02     8.510395E+03
  1.346261E+02     8.439433E+03
  1.365008E+02     8.369135E+03
  1.384016E+02     8.299497E+03
  1.403289E+02     8.230514E+03
  1.422830E+02     8.162174E+03
  1.442644E+02     8.094474E+03
  1.462733E+02     8.027418E+03
  1.483103E+02     7.961014E+03
  1.503755E+02     7.895265E+03
  1.524696E+02     7.830173E+03
  1.545928E+02     7.765738E+03
  1.567455E+02     7.701955E+03
  1.589283E+02     7.638819E+03
  1.611414E+02     7.576322E+03
  1.633854E+02     7.514451E+03
  1.656606E+02     7.453197E+03
  1.679675E+02     7.392566E+03
  1.703065E+02     7.332563E+03
  1.726781E+02     7.273190E+03
  1.750827E+02     7.214451E+03
  1.775208E+02     7.156344E+03
  1.799929E+02     7.098866E+03
  1.824993E+02     7.042011E+03
  1.850407E+02     6.985771E+03
  1.876175E+02     6.930133E+03
  1.902301E+02     6.875088E+03
  1.928792E+02     6.820640E+03
  1.955651E+02     6.766794E+03
  1.982884E+02     6.713551E+03
  2.010496E+02     6.660912E+03
  2.038493E+02     6.608877E+03
  2.066880E+02     6.557441E+03
  2.095662E+02     6.506599E+03
  2.124845E+02     6.456341E+03
  2.154435E+02     6.406657E+03
  2.184436E+02     6.357534E+03
  2.214855E+02     6.308974E+03
  2.245698E+02     6.260982E+03
  2.276970E+02     6.213559E+03
  2.308678E+02     6.166705E+03
  2.340827E+02     6.120419E+03
  2.373424E+02     6.074696E+03
  2.406475E+02     6.029531E+03
  2.439986E+02     5.984913E+03
  2.473964E+02     5.940832E+03
  2.508415E+02     5.897275E+03
  2.543346E+02     5.854243E+03
  2.578763E+02     5.811738E+03
  2.614673E+02     5.769763E+03
  2.651084E+02     5.728317E+03
  2.688001E+02     5.687399E+03
  2.725433E+02     5.647003E+03
  2.763385E+02     5.607124E+03
  2.801867E+02     5.567754E+03
  2.840884E+02     5.528880E+03
  2.880444E+02     5.490493E+03
  2.920556E+02     5.452589E+03
  2.961225E+02     5.415172E+03
  3.002462E+02     5.378243E+03
  3.044272E+02     5.341802E+03
  3.086665E+02     5.305846E+03
  3.129648E+02     5.270372E+03
  3.173230E+02     5.235375E+03
  3.217418E+02     5.200845E+03
  3.262222E+02     5.166773E+03
  3.307650E+02     5.133147E+03
  3.353710E+02     5.099965E+03
  3.400412E+02     5.067228E+03
  3.447764E+02     5.034939E+03
  3.495776E+02     5.003096E+03
  3.544456E+02     4.971697E+03
  3.593814E+02     4.940739E+03
  3.643859E+02     4.910216E+03
  3.694601E+02     4.880121E+03
  3.746050E+02     4.850444E+03
  3.798215E+02     4.821174E+03
  3.851107E+02     4.792308E+03
  3.904735E+02     4.763847E+03
  3.959110E+02     4.735793E+03
  4.014242E+02     4.708145E+03
  4.070142E+02     4.680902E+03
  4.126821E+02     4.654059E+03
  4.184289E+02     4.627613E+03
  4.242556E+02     4.601555E+03
  4.301636E+02     4.575879E+03
  4.361538E+02     4.550573E+03
  4.422274E+02     4.525634E+03
  4.483856E+02     4.501063E+03
  4.546295E+02     4.476861E+03
  4.609604E+02     4.453027E+03
  4.673795E+02     4.429560E+03
  4.738880E+02     4.406456E+03
  4.804870E+02     4.383712E+03
  4.871780E+02     4.361321E+03
  4.939622E+02     4.339275E+03
  5.008408E+02     4.317565E+03
  5.078152E+02     4.296186E+03
  5.148867E+02     4.275140E+03
  5.220568E+02     4.254426E+03
  5.293266E+02     4.234044E+03
  5.366977E+02     4.213993E+03
  5.441714E+02     4.194268E+03
  5.517492E+02     4.174866E+03
  5.594326E+02     4.155782E+03
  5.672229E+02     4.137007E+03
  5.751217E+02     4.118534E+03
  5.831305E+02     4.100356E+03
  5.912508E+02     4.082475E+03
  5.994843E+02     4.064890E+03
  6.078323E+02     4.047603E+03
  6.162966E+02     4.030609E+03
  6.248788E+02     4.013909E+03
  6.335805E+02     3.997496E+03
  6.424034E+02     3.981368E+03
  6.513491E+02     3.965516E+03
  6.604194E+02     3.949935E+03
  6.696160E+02     3.934617E+03
  6.789407E+02     3.919563E+03
  6.883952E+02     3.904771E+03
  6.979814E+02     3.890239E+03
  7.077011E+02     3.875965E+03
  7.175561E+02     3.861945E+03
  7.275484E+02     3.848173E+03
  7.376798E+02     3.834643E+03
  7.479523E+02     3.821348E+03
  7.583678E+02     3.808279E+03
  7.689284E+02     3.795430E+03
  7.796360E+02     3.782803E+03
  7.904928E+02     3.770405E+03
  8.015007E+02     3.758239E+03
  8.126619E+02     3.746309E+03
  8.239786E+02     3.734618E+03
  8.354528E+02     3.723169E+03
  8.470868E+02     3.711966E+03
  8.588829E+02     3.701010E+03
  8.708431E+02     3.690303E+03
  8.829700E+02     3.679841E+03
  8.952657E+02     3.669603E+03
  9.077327E+02     3.659562E+03
  9.203732E+02     3.649689E+03
  9.331898E+02     3.639952E+03
  9.461848E+02     3.630315E+03
  9.593608E+02     3.620739E+03
  9.727203E+02     3.611181E+03
  9.862658E+02     3.601594E+03
  1.000000E+03     3.591927E+03
