FILE CREATED BY  : PROGRAM DPASS - VERSION 2.00
DATABASE VERSION : 21.06
DATE AND TIME    : 09/08/2022 23:09:02
PROJECTILE       : I 
TARGET           : Po
TARGET AT. MASS  : 2.089820E+02
TARGET DENSITY   : 9.300000E+00 g/cm^3
TABULATED OUTPUT : STOPPING FORCE VERSUS ENERGY
DATA TYPE        : SPLINE INTERPOLATED
ABSCISSA UNITS   : MeV/u
ORDINATE UNITS   : eV/nm


      E/n             S(E/n)

  1.000000E-03     6.401477E+02
  1.013925E-03     6.445254E+02
  1.028045E-03     6.489608E+02
  1.042361E-03     6.534513E+02
  1.056876E-03     6.579940E+02
  1.071593E-03     6.625856E+02
  1.086516E-03     6.672228E+02
  1.101646E-03     6.719016E+02
  1.116987E-03     6.766179E+02
  1.132541E-03     6.813672E+02
  1.148312E-03     6.861444E+02
  1.164303E-03     6.909451E+02
  1.180517E-03     6.957691E+02
  1.196956E-03     7.006177E+02
  1.213624E-03     7.054924E+02
  1.230524E-03     7.103947E+02
  1.247660E-03     7.153264E+02
  1.265034E-03     7.202895E+02
  1.282650E-03     7.252861E+02
  1.300511E-03     7.303184E+02
  1.318621E-03     7.353891E+02
  1.336984E-03     7.405005E+02
  1.355602E-03     7.456532E+02
  1.374479E-03     7.508470E+02
  1.393619E-03     7.560817E+02
  1.413026E-03     7.613569E+02
  1.432703E-03     7.666723E+02
  1.452654E-03     7.720276E+02
  1.472883E-03     7.774223E+02
  1.493393E-03     7.828560E+02
  1.514189E-03     7.883284E+02
  1.535275E-03     7.938389E+02
  1.556654E-03     7.993877E+02
  1.578331E-03     8.049749E+02
  1.600310E-03     8.106012E+02
  1.622595E-03     8.162668E+02
  1.645191E-03     8.219722E+02
  1.668101E-03     8.277179E+02
  1.691330E-03     8.335046E+02
  1.714882E-03     8.393327E+02
  1.738762E-03     8.452031E+02
  1.762975E-03     8.511163E+02
  1.787526E-03     8.570729E+02
  1.812418E-03     8.630729E+02
  1.837656E-03     8.691166E+02
  1.863246E-03     8.752042E+02
  1.889193E-03     8.813360E+02
  1.915501E-03     8.875122E+02
  1.942175E-03     8.937330E+02
  1.969220E-03     8.999989E+02
  1.996642E-03     9.063102E+02
  2.024447E-03     9.126673E+02
  2.052638E-03     9.190704E+02
  2.081222E-03     9.255198E+02
  2.110203E-03     9.320159E+02
  2.139589E-03     9.385589E+02
  2.169384E-03     9.451492E+02
  2.199593E-03     9.517871E+02
  2.230223E-03     9.584731E+02
  2.261280E-03     9.652076E+02
  2.292769E-03     9.719911E+02
  2.324697E-03     9.788241E+02
  2.357069E-03     9.857071E+02
  2.389893E-03     9.926404E+02
  2.423173E-03     9.996242E+02
  2.456916E-03     1.006659E+03
  2.491130E-03     1.013745E+03
  2.525820E-03     1.020882E+03
  2.560993E-03     1.028072E+03
  2.596656E-03     1.035314E+03
  2.632815E-03     1.042609E+03
  2.669478E-03     1.049958E+03
  2.706652E-03     1.057361E+03
  2.744343E-03     1.064819E+03
  2.782559E-03     1.072331E+03
  2.821308E-03     1.079898E+03
  2.860596E-03     1.087520E+03
  2.900430E-03     1.095199E+03
  2.940820E-03     1.102933E+03
  2.981772E-03     1.110724E+03
  3.023295E-03     1.118573E+03
  3.065395E-03     1.126479E+03
  3.108082E-03     1.134444E+03
  3.151363E-03     1.142468E+03
  3.195248E-03     1.150550E+03
  3.239743E-03     1.158693E+03
  3.284857E-03     1.166895E+03
  3.330600E-03     1.175158E+03
  3.376980E-03     1.183481E+03
  3.424006E-03     1.191867E+03
  3.471687E-03     1.200314E+03
  3.520031E-03     1.208825E+03
  3.569049E-03     1.217399E+03
  3.618750E-03     1.226037E+03
  3.669142E-03     1.234740E+03
  3.720237E-03     1.243508E+03
  3.772042E-03     1.252340E+03
  3.824570E-03     1.261239E+03
  3.877828E-03     1.270203E+03
  3.931829E-03     1.279235E+03
  3.986581E-03     1.288334E+03
  4.042096E-03     1.297501E+03
  4.098384E-03     1.306737E+03
  4.155455E-03     1.316042E+03
  4.213322E-03     1.325417E+03
  4.271994E-03     1.334862E+03
  4.331483E-03     1.344377E+03
  4.391801E-03     1.353964E+03
  4.452959E-03     1.363623E+03
  4.514968E-03     1.373354E+03
  4.577841E-03     1.383158E+03
  4.641589E-03     1.393036E+03
  4.706225E-03     1.402989E+03
  4.771761E-03     1.413017E+03
  4.838210E-03     1.423121E+03
  4.905584E-03     1.433301E+03
  4.973896E-03     1.443558E+03
  5.043159E-03     1.453893E+03
  5.113388E-03     1.464305E+03
  5.184594E-03     1.474796E+03
  5.256791E-03     1.485367E+03
  5.329994E-03     1.496018E+03
  5.404216E-03     1.506750E+03
  5.479472E-03     1.517564E+03
  5.555776E-03     1.528460E+03
  5.633143E-03     1.539440E+03
  5.711586E-03     1.550503E+03
  5.791123E-03     1.561651E+03
  5.871766E-03     1.572884E+03
  5.953533E-03     1.584204E+03
  6.036439E-03     1.595610E+03
  6.120498E-03     1.607104E+03
  6.205729E-03     1.618688E+03
  6.292146E-03     1.630361E+03
  6.379767E-03     1.642124E+03
  6.468608E-03     1.653978E+03
  6.558686E-03     1.665923E+03
  6.650018E-03     1.677960E+03
  6.742622E-03     1.690089E+03
  6.836516E-03     1.702311E+03
  6.931717E-03     1.714627E+03
  7.028244E-03     1.727037E+03
  7.126115E-03     1.739543E+03
  7.225349E-03     1.752145E+03
  7.325965E-03     1.764843E+03
  7.427982E-03     1.777639E+03
  7.531420E-03     1.790534E+03
  7.636298E-03     1.803529E+03
  7.742637E-03     1.816624E+03
  7.850456E-03     1.829820E+03
  7.959777E-03     1.843120E+03
  8.070620E-03     1.856524E+03
  8.183007E-03     1.870034E+03
  8.296959E-03     1.883650E+03
  8.412497E-03     1.897374E+03
  8.529644E-03     1.911206E+03
  8.648423E-03     1.925146E+03
  8.768856E-03     1.939196E+03
  8.890966E-03     1.953356E+03
  9.014776E-03     1.967628E+03
  9.140311E-03     1.982011E+03
  9.267593E-03     1.996508E+03
  9.396648E-03     2.011118E+03
  9.527500E-03     2.025844E+03
  9.660175E-03     2.040686E+03
  9.794697E-03     2.055645E+03
  9.931092E-03     2.070721E+03
  1.006939E-02     2.085916E+03
  1.020961E-02     2.101230E+03
  1.035178E-02     2.116666E+03
  1.049593E-02     2.132224E+03
  1.064209E-02     2.147905E+03
  1.079029E-02     2.163711E+03
  1.094055E-02     2.179642E+03
  1.109290E-02     2.195701E+03
  1.124737E-02     2.211888E+03
  1.140400E-02     2.228203E+03
  1.156280E-02     2.244647E+03
  1.172382E-02     2.261223E+03
  1.188708E-02     2.277930E+03
  1.205261E-02     2.294770E+03
  1.222045E-02     2.311745E+03
  1.239062E-02     2.328855E+03
  1.256317E-02     2.346102E+03
  1.273811E-02     2.363487E+03
  1.291550E-02     2.381011E+03
  1.309535E-02     2.398676E+03
  1.327771E-02     2.416481E+03
  1.346261E-02     2.434428E+03
  1.365008E-02     2.452518E+03
  1.384016E-02     2.470754E+03
  1.403289E-02     2.489136E+03
  1.422830E-02     2.507665E+03
  1.442644E-02     2.526344E+03
  1.462733E-02     2.545173E+03
  1.483103E-02     2.564154E+03
  1.503755E-02     2.583286E+03
  1.524696E-02     2.602572E+03
  1.545928E-02     2.622013E+03
  1.567455E-02     2.641609E+03
  1.589283E-02     2.661362E+03
  1.611414E-02     2.681275E+03
  1.633854E-02     2.701347E+03
  1.656606E-02     2.721582E+03
  1.679675E-02     2.741979E+03
  1.703065E-02     2.762540E+03
  1.726781E-02     2.783266E+03
  1.750827E-02     2.804157E+03
  1.775208E-02     2.825217E+03
  1.799929E-02     2.846444E+03
  1.824993E-02     2.867842E+03
  1.850407E-02     2.889412E+03
  1.876175E-02     2.911154E+03
  1.902301E-02     2.933071E+03
  1.928792E-02     2.955165E+03
  1.955651E-02     2.977435E+03
  1.982884E-02     2.999883E+03
  2.010496E-02     3.022512E+03
  2.038493E-02     3.045321E+03
  2.066880E-02     3.068313E+03
  2.095662E-02     3.091489E+03
  2.124845E-02     3.114850E+03
  2.154435E-02     3.138400E+03
  2.184436E-02     3.162139E+03
  2.214855E-02     3.186069E+03
  2.245698E-02     3.210190E+03
  2.276970E-02     3.234504E+03
  2.308678E-02     3.259011E+03
  2.340827E-02     3.283713E+03
  2.373424E-02     3.308611E+03
  2.406475E-02     3.333705E+03
  2.439986E-02     3.358998E+03
  2.473964E-02     3.384491E+03
  2.508415E-02     3.410186E+03
  2.543346E-02     3.436083E+03
  2.578763E-02     3.462183E+03
  2.614673E-02     3.488489E+03
  2.651084E-02     3.515002E+03
  2.688001E-02     3.541723E+03
  2.725433E-02     3.568654E+03
  2.763385E-02     3.595797E+03
  2.801867E-02     3.623153E+03
  2.840884E-02     3.650726E+03
  2.880444E-02     3.678516E+03
  2.920556E-02     3.706525E+03
  2.961225E-02     3.734754E+03
  3.002462E-02     3.763204E+03
  3.044272E-02     3.791874E+03
  3.086665E-02     3.820766E+03
  3.129648E-02     3.849882E+03
  3.173230E-02     3.879221E+03
  3.217418E-02     3.908784E+03
  3.262222E-02     3.938574E+03
  3.307650E-02     3.968590E+03
  3.353710E-02     3.998835E+03
  3.400412E-02     4.029309E+03
  3.447764E-02     4.060014E+03
  3.495776E-02     4.090951E+03
  3.544456E-02     4.122122E+03
  3.593814E-02     4.153528E+03
  3.643859E-02     4.185172E+03
  3.694601E-02     4.217055E+03
  3.746050E-02     4.249181E+03
  3.798215E-02     4.281550E+03
  3.851107E-02     4.314165E+03
  3.904735E-02     4.347027E+03
  3.959110E-02     4.380137E+03
  4.014242E-02     4.413495E+03
  4.070142E-02     4.447103E+03
  4.126821E-02     4.480963E+03
  4.184289E-02     4.515075E+03
  4.242556E-02     4.549442E+03
  4.301636E-02     4.584065E+03
  4.361538E-02     4.618945E+03
  4.422274E-02     4.654085E+03
  4.483856E-02     4.689485E+03
  4.546295E-02     4.725144E+03
  4.609604E-02     4.761063E+03
  4.673795E-02     4.797243E+03
  4.738880E-02     4.833684E+03
  4.804870E-02     4.870388E+03
  4.871780E-02     4.907354E+03
  4.939622E-02     4.944583E+03
  5.008408E-02     4.982077E+03
  5.078152E-02     5.019836E+03
  5.148867E-02     5.057859E+03
  5.220568E-02     5.096146E+03
  5.293266E-02     5.134698E+03
  5.366977E-02     5.173513E+03
  5.441714E-02     5.212592E+03
  5.517492E-02     5.251934E+03
  5.594326E-02     5.291540E+03
  5.672229E-02     5.331409E+03
  5.751217E-02     5.371542E+03
  5.831305E-02     5.411938E+03
  5.912508E-02     5.452597E+03
  5.994843E-02     5.493519E+03
  6.078323E-02     5.534703E+03
  6.162966E-02     5.576149E+03
  6.248788E-02     5.617858E+03
  6.335805E-02     5.659828E+03
  6.424034E-02     5.702061E+03
  6.513491E-02     5.744557E+03
  6.604194E-02     5.787315E+03
  6.696160E-02     5.830337E+03
  6.789407E-02     5.873620E+03
  6.883952E-02     5.917164E+03
  6.979814E-02     5.960969E+03
  7.077011E-02     6.005032E+03
  7.175561E-02     6.049354E+03
  7.275484E-02     6.093933E+03
  7.376798E-02     6.138769E+03
  7.479523E-02     6.183862E+03
  7.583678E-02     6.229210E+03
  7.689284E-02     6.274816E+03
  7.796360E-02     6.320680E+03
  7.904928E-02     6.366807E+03
  8.015007E-02     6.413201E+03
  8.126619E-02     6.459865E+03
  8.239786E-02     6.506804E+03
  8.354528E-02     6.554024E+03
  8.470868E-02     6.601531E+03
  8.588829E-02     6.649331E+03
  8.708431E-02     6.697433E+03
  8.829700E-02     6.745840E+03
  8.952657E-02     6.794549E+03
  9.077327E-02     6.843553E+03
  9.203732E-02     6.892845E+03
  9.331898E-02     6.942417E+03
  9.461848E-02     6.992261E+03
  9.593608E-02     7.042369E+03
  9.727203E-02     7.092732E+03
  9.862658E-02     7.143341E+03
  1.000000E-01     7.194185E+03
  1.013925E-01     7.245258E+03
  1.028045E-01     7.296564E+03
  1.042361E-01     7.348112E+03
  1.056876E-01     7.399911E+03
  1.071593E-01     7.451973E+03
  1.086516E-01     7.504309E+03
  1.101646E-01     7.556934E+03
  1.116987E-01     7.609862E+03
  1.132541E-01     7.663110E+03
  1.148312E-01     7.716695E+03
  1.164303E-01     7.770634E+03
  1.180517E-01     7.824931E+03
  1.196956E-01     7.879584E+03
  1.213624E-01     7.934590E+03
  1.230524E-01     7.989949E+03
  1.247660E-01     8.045657E+03
  1.265034E-01     8.101714E+03
  1.282650E-01     8.158118E+03
  1.300511E-01     8.214866E+03
  1.318621E-01     8.271957E+03
  1.336984E-01     8.329390E+03
  1.355602E-01     8.387168E+03
  1.374479E-01     8.445295E+03
  1.393619E-01     8.503779E+03
  1.413026E-01     8.562626E+03
  1.432703E-01     8.621843E+03
  1.452654E-01     8.681438E+03
  1.472883E-01     8.741421E+03
  1.493393E-01     8.801802E+03
  1.514189E-01     8.862592E+03
  1.535275E-01     8.923802E+03
  1.556654E-01     8.985439E+03
  1.578331E-01     9.047509E+03
  1.600310E-01     9.110016E+03
  1.622595E-01     9.172966E+03
  1.645191E-01     9.236366E+03
  1.668101E-01     9.300222E+03
  1.691330E-01     9.364543E+03
  1.714882E-01     9.429335E+03
  1.738762E-01     9.494609E+03
  1.762975E-01     9.560374E+03
  1.787526E-01     9.626637E+03
  1.812418E-01     9.693405E+03
  1.837656E-01     9.760686E+03
  1.863246E-01     9.828486E+03
  1.889193E-01     9.896814E+03
  1.915501E-01     9.965678E+03
  1.942175E-01     1.003509E+04
  1.969220E-01     1.010506E+04
  1.996642E-01     1.017559E+04
  2.024447E-01     1.024671E+04
  2.052638E-01     1.031841E+04
  2.081222E-01     1.039070E+04
  2.110203E-01     1.046359E+04
  2.139589E-01     1.053708E+04
  2.169384E-01     1.061117E+04
  2.199593E-01     1.068587E+04
  2.230223E-01     1.076118E+04
  2.261280E-01     1.083712E+04
  2.292769E-01     1.091367E+04
  2.324697E-01     1.099085E+04
  2.357069E-01     1.106866E+04
  2.389893E-01     1.114710E+04
  2.423173E-01     1.122616E+04
  2.456916E-01     1.130583E+04
  2.491130E-01     1.138611E+04
  2.525820E-01     1.146699E+04
  2.560993E-01     1.154847E+04
  2.596656E-01     1.163052E+04
  2.632815E-01     1.171315E+04
  2.669478E-01     1.179635E+04
  2.706652E-01     1.188010E+04
  2.744343E-01     1.196440E+04
  2.782559E-01     1.204924E+04
  2.821308E-01     1.213462E+04
  2.860596E-01     1.222052E+04
  2.900430E-01     1.230694E+04
  2.940820E-01     1.239387E+04
  2.981772E-01     1.248129E+04
  3.023295E-01     1.256920E+04
  3.065395E-01     1.265759E+04
  3.108082E-01     1.274645E+04
  3.151363E-01     1.283577E+04
  3.195248E-01     1.292554E+04
  3.239743E-01     1.301576E+04
  3.284857E-01     1.310642E+04
  3.330600E-01     1.319752E+04
  3.376980E-01     1.328904E+04
  3.424006E-01     1.338098E+04
  3.471687E-01     1.347333E+04
  3.520031E-01     1.356608E+04
  3.569049E-01     1.365923E+04
  3.618750E-01     1.375277E+04
  3.669142E-01     1.384670E+04
  3.720237E-01     1.394100E+04
  3.772042E-01     1.403568E+04
  3.824570E-01     1.413073E+04
  3.877828E-01     1.422614E+04
  3.931829E-01     1.432190E+04
  3.986581E-01     1.441802E+04
  4.042096E-01     1.451449E+04
  4.098384E-01     1.461131E+04
  4.155455E-01     1.470846E+04
  4.213322E-01     1.480594E+04
  4.271994E-01     1.490375E+04
  4.331483E-01     1.500188E+04
  4.391801E-01     1.510032E+04
  4.452959E-01     1.519907E+04
  4.514968E-01     1.529812E+04
  4.577841E-01     1.539747E+04
  4.641589E-01     1.549712E+04
  4.706225E-01     1.559705E+04
  4.771761E-01     1.569726E+04
  4.838210E-01     1.579775E+04
  4.905584E-01     1.589850E+04
  4.973896E-01     1.599951E+04
  5.043159E-01     1.610076E+04
  5.113388E-01     1.620225E+04
  5.184594E-01     1.630397E+04
  5.256791E-01     1.640591E+04
  5.329994E-01     1.650808E+04
  5.404216E-01     1.661045E+04
  5.479472E-01     1.671303E+04
  5.555776E-01     1.681579E+04
  5.633143E-01     1.691873E+04
  5.711586E-01     1.702183E+04
  5.791123E-01     1.712508E+04
  5.871766E-01     1.722847E+04
  5.953533E-01     1.733198E+04
  6.036439E-01     1.743562E+04
  6.120498E-01     1.753936E+04
  6.205729E-01     1.764319E+04
  6.292146E-01     1.774711E+04
  6.379767E-01     1.785109E+04
  6.468608E-01     1.795513E+04
  6.558686E-01     1.805921E+04
  6.650018E-01     1.816332E+04
  6.742622E-01     1.826745E+04
  6.836516E-01     1.837158E+04
  6.931717E-01     1.847570E+04
  7.028244E-01     1.857980E+04
  7.126115E-01     1.868388E+04
  7.225349E-01     1.878792E+04
  7.325965E-01     1.889190E+04
  7.427982E-01     1.899579E+04
  7.531420E-01     1.909959E+04
  7.636298E-01     1.920328E+04
  7.742637E-01     1.930684E+04
  7.850456E-01     1.941025E+04
  7.959777E-01     1.951350E+04
  8.070620E-01     1.961657E+04
  8.183007E-01     1.971945E+04
  8.296959E-01     1.982212E+04
  8.412497E-01     1.992456E+04
  8.529644E-01     2.002675E+04
  8.648423E-01     2.012868E+04
  8.768856E-01     2.023033E+04
  8.890966E-01     2.033168E+04
  9.014776E-01     2.043271E+04
  9.140311E-01     2.053341E+04
  9.267593E-01     2.063377E+04
  9.396648E-01     2.073378E+04
  9.527500E-01     2.083341E+04
  9.660175E-01     2.093266E+04
  9.794697E-01     2.103153E+04
  9.931092E-01     2.113000E+04
  1.006939E+00     2.122806E+04
  1.020961E+00     2.132572E+04
  1.035178E+00     2.142297E+04
  1.049593E+00     2.151981E+04
  1.064209E+00     2.161624E+04
  1.079029E+00     2.171227E+04
  1.094055E+00     2.180789E+04
  1.109290E+00     2.190311E+04
  1.124737E+00     2.199792E+04
  1.140400E+00     2.209231E+04
  1.156280E+00     2.218628E+04
  1.172382E+00     2.227983E+04
  1.188708E+00     2.237298E+04
  1.205261E+00     2.246571E+04
  1.222045E+00     2.255805E+04
  1.239062E+00     2.265001E+04
  1.256317E+00     2.274158E+04
  1.273811E+00     2.283276E+04
  1.291550E+00     2.292350E+04
  1.309535E+00     2.301380E+04
  1.327771E+00     2.310364E+04
  1.346261E+00     2.319299E+04
  1.365008E+00     2.328184E+04
  1.384016E+00     2.337017E+04
  1.403289E+00     2.345796E+04
  1.422830E+00     2.354520E+04
  1.442644E+00     2.363187E+04
  1.462733E+00     2.371794E+04
  1.483103E+00     2.380338E+04
  1.503755E+00     2.388817E+04
  1.524696E+00     2.397229E+04
  1.545928E+00     2.405570E+04
  1.567455E+00     2.413838E+04
  1.589283E+00     2.422031E+04
  1.611414E+00     2.430146E+04
  1.633854E+00     2.438181E+04
  1.656606E+00     2.446134E+04
  1.679675E+00     2.454004E+04
  1.703065E+00     2.461787E+04
  1.726781E+00     2.469482E+04
  1.750827E+00     2.477088E+04
  1.775208E+00     2.484602E+04
  1.799929E+00     2.492025E+04
  1.824993E+00     2.499354E+04
  1.850407E+00     2.506590E+04
  1.876175E+00     2.513730E+04
  1.902301E+00     2.520776E+04
  1.928792E+00     2.527724E+04
  1.955651E+00     2.534574E+04
  1.982884E+00     2.541325E+04
  2.010496E+00     2.547974E+04
  2.038493E+00     2.554520E+04
  2.066880E+00     2.560964E+04
  2.095662E+00     2.567305E+04
  2.124845E+00     2.573542E+04
  2.154435E+00     2.579676E+04
  2.184436E+00     2.585706E+04
  2.214855E+00     2.591631E+04
  2.245698E+00     2.597450E+04
  2.276970E+00     2.603160E+04
  2.308678E+00     2.608760E+04
  2.340827E+00     2.614250E+04
  2.373424E+00     2.619628E+04
  2.406475E+00     2.624893E+04
  2.439986E+00     2.630046E+04
  2.473964E+00     2.635085E+04
  2.508415E+00     2.640012E+04
  2.543346E+00     2.644824E+04
  2.578763E+00     2.649521E+04
  2.614673E+00     2.654102E+04
  2.651084E+00     2.658565E+04
  2.688001E+00     2.662911E+04
  2.725433E+00     2.667138E+04
  2.763385E+00     2.671247E+04
  2.801867E+00     2.675238E+04
  2.840884E+00     2.679112E+04
  2.880444E+00     2.682870E+04
  2.920556E+00     2.686511E+04
  2.961225E+00     2.690034E+04
  3.002462E+00     2.693437E+04
  3.044272E+00     2.696721E+04
  3.086665E+00     2.699884E+04
  3.129648E+00     2.702927E+04
  3.173230E+00     2.705850E+04
  3.217418E+00     2.708653E+04
  3.262222E+00     2.711336E+04
  3.307650E+00     2.713901E+04
  3.353710E+00     2.716347E+04
  3.400412E+00     2.718673E+04
  3.447764E+00     2.720876E+04
  3.495776E+00     2.722955E+04
  3.544456E+00     2.724908E+04
  3.593814E+00     2.726736E+04
  3.643859E+00     2.728436E+04
  3.694601E+00     2.730008E+04
  3.746050E+00     2.731452E+04
  3.798215E+00     2.732768E+04
  3.851107E+00     2.733955E+04
  3.904735E+00     2.735014E+04
  3.959110E+00     2.735943E+04
  4.014242E+00     2.736745E+04
  4.070142E+00     2.737418E+04
  4.126821E+00     2.737965E+04
  4.184289E+00     2.738387E+04
  4.242556E+00     2.738685E+04
  4.301636E+00     2.738862E+04
  4.361538E+00     2.738920E+04
  4.422274E+00     2.738861E+04
  4.483856E+00     2.738683E+04
  4.546295E+00     2.738386E+04
  4.609604E+00     2.737969E+04
  4.673795E+00     2.737433E+04
  4.738880E+00     2.736777E+04
  4.804870E+00     2.736001E+04
  4.871780E+00     2.735106E+04
  4.939622E+00     2.734094E+04
  5.008408E+00     2.732964E+04
  5.078152E+00     2.731718E+04
  5.148867E+00     2.730355E+04
  5.220568E+00     2.728876E+04
  5.293266E+00     2.727280E+04
  5.366977E+00     2.725568E+04
  5.441714E+00     2.723741E+04
  5.517492E+00     2.721799E+04
  5.594326E+00     2.719745E+04
  5.672229E+00     2.717580E+04
  5.751217E+00     2.715305E+04
  5.831305E+00     2.712923E+04
  5.912508E+00     2.710431E+04
  5.994843E+00     2.707831E+04
  6.078323E+00     2.705120E+04
  6.162966E+00     2.702300E+04
  6.248788E+00     2.699370E+04
  6.335805E+00     2.696330E+04
  6.424034E+00     2.693181E+04
  6.513491E+00     2.689923E+04
  6.604194E+00     2.686558E+04
  6.696160E+00     2.683084E+04
  6.789407E+00     2.679504E+04
  6.883952E+00     2.675818E+04
  6.979814E+00     2.672026E+04
  7.077011E+00     2.668130E+04
  7.175561E+00     2.664130E+04
  7.275484E+00     2.660029E+04
  7.376798E+00     2.655828E+04
  7.479523E+00     2.651529E+04
  7.583678E+00     2.647136E+04
  7.689284E+00     2.642648E+04
  7.796360E+00     2.638068E+04
  7.904928E+00     2.633393E+04
  8.015007E+00     2.628624E+04
  8.126619E+00     2.623761E+04
  8.239786E+00     2.618803E+04
  8.354528E+00     2.613751E+04
  8.470868E+00     2.608604E+04
  8.588829E+00     2.603363E+04
  8.708431E+00     2.598029E+04
  8.829700E+00     2.592601E+04
  8.952657E+00     2.587081E+04
  9.077327E+00     2.581468E+04
  9.203732E+00     2.575764E+04
  9.331898E+00     2.569969E+04
  9.461848E+00     2.564084E+04
  9.593608E+00     2.558110E+04
  9.727203E+00     2.552048E+04
  9.862658E+00     2.545901E+04
  1.000000E+01     2.539669E+04
  1.013925E+01     2.533355E+04
  1.028045E+01     2.526959E+04
  1.042361E+01     2.520480E+04
  1.056876E+01     2.513920E+04
  1.071593E+01     2.507279E+04
  1.086516E+01     2.500556E+04
  1.101646E+01     2.493753E+04
  1.116987E+01     2.486870E+04
  1.132541E+01     2.479908E+04
  1.148312E+01     2.472867E+04
  1.164303E+01     2.465749E+04
  1.180517E+01     2.458555E+04
  1.196956E+01     2.451284E+04
  1.213624E+01     2.443939E+04
  1.230524E+01     2.436519E+04
  1.247660E+01     2.429025E+04
  1.265034E+01     2.421459E+04
  1.282650E+01     2.413822E+04
  1.300511E+01     2.406115E+04
  1.318621E+01     2.398339E+04
  1.336984E+01     2.390497E+04
  1.355602E+01     2.382588E+04
  1.374479E+01     2.374614E+04
  1.393619E+01     2.366573E+04
  1.413026E+01     2.358466E+04
  1.432703E+01     2.350294E+04
  1.452654E+01     2.342057E+04
  1.472883E+01     2.333754E+04
  1.493393E+01     2.325387E+04
  1.514189E+01     2.316955E+04
  1.535275E+01     2.308459E+04
  1.556654E+01     2.299899E+04
  1.578331E+01     2.291277E+04
  1.600310E+01     2.282592E+04
  1.622595E+01     2.273847E+04
  1.645191E+01     2.265041E+04
  1.668101E+01     2.256176E+04
  1.691330E+01     2.247253E+04
  1.714882E+01     2.238273E+04
  1.738762E+01     2.229237E+04
  1.762975E+01     2.220146E+04
  1.787526E+01     2.211001E+04
  1.812418E+01     2.201804E+04
  1.837656E+01     2.192554E+04
  1.863246E+01     2.183252E+04
  1.889193E+01     2.173898E+04
  1.915501E+01     2.164494E+04
  1.942175E+01     2.155039E+04
  1.969220E+01     2.145536E+04
  1.996642E+01     2.135983E+04
  2.024447E+01     2.126382E+04
  2.052638E+01     2.116734E+04
  2.081222E+01     2.107040E+04
  2.110203E+01     2.097299E+04
  2.139589E+01     2.087515E+04
  2.169384E+01     2.077686E+04
  2.199593E+01     2.067815E+04
  2.230223E+01     2.057903E+04
  2.261280E+01     2.047950E+04
  2.292769E+01     2.037957E+04
  2.324697E+01     2.027925E+04
  2.357069E+01     2.017856E+04
  2.389893E+01     2.007751E+04
  2.423173E+01     1.997609E+04
  2.456916E+01     1.987433E+04
  2.491130E+01     1.977222E+04
  2.525820E+01     1.966978E+04
  2.560993E+01     1.956701E+04
  2.596656E+01     1.946392E+04
  2.632815E+01     1.936053E+04
  2.669478E+01     1.925683E+04
  2.706652E+01     1.915283E+04
  2.744343E+01     1.904855E+04
  2.782559E+01     1.894401E+04
  2.821308E+01     1.883922E+04
  2.860596E+01     1.873419E+04
  2.900430E+01     1.862894E+04
  2.940820E+01     1.852348E+04
  2.981772E+01     1.841783E+04
  3.023295E+01     1.831200E+04
  3.065395E+01     1.820601E+04
  3.108082E+01     1.809987E+04
  3.151363E+01     1.799359E+04
  3.195248E+01     1.788719E+04
  3.239743E+01     1.778067E+04
  3.284857E+01     1.767404E+04
  3.330600E+01     1.756731E+04
  3.376980E+01     1.746049E+04
  3.424006E+01     1.735359E+04
  3.471687E+01     1.724661E+04
  3.520031E+01     1.713955E+04
  3.569049E+01     1.703242E+04
  3.618750E+01     1.692524E+04
  3.669142E+01     1.681802E+04
  3.720237E+01     1.671078E+04
  3.772042E+01     1.660353E+04
  3.824570E+01     1.649628E+04
  3.877828E+01     1.638906E+04
  3.931829E+01     1.628186E+04
  3.986581E+01     1.617471E+04
  4.042096E+01     1.606761E+04
  4.098384E+01     1.596057E+04
  4.155455E+01     1.585362E+04
  4.213322E+01     1.574675E+04
  4.271994E+01     1.563999E+04
  4.331483E+01     1.553335E+04
  4.391801E+01     1.542683E+04
  4.452959E+01     1.532044E+04
  4.514968E+01     1.521420E+04
  4.577841E+01     1.510811E+04
  4.641589E+01     1.500218E+04
  4.706225E+01     1.489640E+04
  4.771761E+01     1.479080E+04
  4.838210E+01     1.468540E+04
  4.905584E+01     1.458020E+04
  4.973896E+01     1.447523E+04
  5.043159E+01     1.437049E+04
  5.113388E+01     1.426601E+04
  5.184594E+01     1.416179E+04
  5.256791E+01     1.405785E+04
  5.329994E+01     1.395419E+04
  5.404216E+01     1.385083E+04
  5.479472E+01     1.374777E+04
  5.555776E+01     1.364503E+04
  5.633143E+01     1.354262E+04
  5.711586E+01     1.344055E+04
  5.791123E+01     1.333883E+04
  5.871766E+01     1.323746E+04
  5.953533E+01     1.313646E+04
  6.036439E+01     1.303581E+04
  6.120498E+01     1.293552E+04
  6.205729E+01     1.283560E+04
  6.292146E+01     1.273605E+04
  6.379767E+01     1.263690E+04
  6.468608E+01     1.253815E+04
  6.558686E+01     1.243983E+04
  6.650018E+01     1.234194E+04
  6.742622E+01     1.224452E+04
  6.836516E+01     1.214755E+04
  6.931717E+01     1.205106E+04
  7.028244E+01     1.195505E+04
  7.126115E+01     1.185954E+04
  7.225349E+01     1.176452E+04
  7.325965E+01     1.167001E+04
  7.427982E+01     1.157602E+04
  7.531420E+01     1.148256E+04
  7.636298E+01     1.138962E+04
  7.742637E+01     1.129722E+04
  7.850456E+01     1.120534E+04
  7.959777E+01     1.111399E+04
  8.070620E+01     1.102315E+04
  8.183007E+01     1.093283E+04
  8.296959E+01     1.084302E+04
  8.412497E+01     1.075375E+04
  8.529644E+01     1.066501E+04
  8.648423E+01     1.057683E+04
  8.768856E+01     1.048922E+04
  8.890966E+01     1.040218E+04
  9.014776E+01     1.031572E+04
  9.140311E+01     1.022985E+04
  9.267593E+01     1.014457E+04
  9.396648E+01     1.005987E+04
  9.527500E+01     9.975772E+03
  9.660175E+01     9.892275E+03
  9.794697E+01     9.809391E+03
  9.931092E+01     9.727127E+03
  1.006939E+02     9.645486E+03
  1.020961E+02     9.564472E+03
  1.035178E+02     9.484083E+03
  1.049593E+02     9.404318E+03
  1.064209E+02     9.325170E+03
  1.079029E+02     9.246630E+03
  1.094055E+02     9.168698E+03
  1.109290E+02     9.091384E+03
  1.124737E+02     9.014695E+03
  1.140400E+02     8.938640E+03
  1.156280E+02     8.863222E+03
  1.172382E+02     8.788444E+03
  1.188708E+02     8.714306E+03
  1.205261E+02     8.640806E+03
  1.222045E+02     8.567938E+03
  1.239062E+02     8.495694E+03
  1.256317E+02     8.424071E+03
  1.273811E+02     8.353078E+03
  1.291550E+02     8.282723E+03
  1.309535E+02     8.213010E+03
  1.327771E+02     8.143944E+03
  1.346261E+02     8.075526E+03
  1.365008E+02     8.007754E+03
  1.384016E+02     7.940625E+03
  1.403289E+02     7.874133E+03
  1.422830E+02     7.808267E+03
  1.442644E+02     7.743022E+03
  1.462733E+02     7.678405E+03
  1.483103E+02     7.614422E+03
  1.503755E+02     7.551075E+03
  1.524696E+02     7.488367E+03
  1.545928E+02     7.426297E+03
  1.567455E+02     7.364862E+03
  1.589283E+02     7.304057E+03
  1.611414E+02     7.243872E+03
  1.633854E+02     7.184296E+03
  1.656606E+02     7.125321E+03
  1.679675E+02     7.066951E+03
  1.703065E+02     7.009191E+03
  1.726781E+02     6.952045E+03
  1.750827E+02     6.895513E+03
  1.775208E+02     6.839596E+03
  1.799929E+02     6.784289E+03
  1.824993E+02     6.729587E+03
  1.850407E+02     6.675481E+03
  1.876175E+02     6.621960E+03
  1.902301E+02     6.569015E+03
  1.928792E+02     6.516647E+03
  1.955651E+02     6.464862E+03
  1.982884E+02     6.413662E+03
  2.010496E+02     6.363048E+03
  2.038493E+02     6.313019E+03
  2.066880E+02     6.263570E+03
  2.095662E+02     6.214697E+03
  2.124845E+02     6.166389E+03
  2.154435E+02     6.118636E+03
  2.184436E+02     6.071427E+03
  2.214855E+02     6.024764E+03
  2.245698E+02     5.978650E+03
  2.276970E+02     5.933086E+03
  2.308678E+02     5.888072E+03
  2.340827E+02     5.843607E+03
  2.373424E+02     5.799686E+03
  2.406475E+02     5.756304E+03
  2.439986E+02     5.713450E+03
  2.473964E+02     5.671113E+03
  2.508415E+02     5.629283E+03
  2.543346E+02     5.587958E+03
  2.578763E+02     5.547142E+03
  2.614673E+02     5.506837E+03
  2.651084E+02     5.467043E+03
  2.688001E+02     5.427758E+03
  2.725433E+02     5.388979E+03
  2.763385E+02     5.350700E+03
  2.801867E+02     5.312913E+03
  2.840884E+02     5.275607E+03
  2.880444E+02     5.238773E+03
  2.920556E+02     5.202407E+03
  2.961225E+02     5.166513E+03
  3.002462E+02     5.131090E+03
  3.044272E+02     5.096139E+03
  3.086665E+02     5.061656E+03
  3.129648E+02     5.027636E+03
  3.173230E+02     4.994074E+03
  3.217418E+02     4.960961E+03
  3.262222E+02     4.928286E+03
  3.307650E+02     4.896037E+03
  3.353710E+02     4.864211E+03
  3.400412E+02     4.832811E+03
  3.447764E+02     4.801839E+03
  3.495776E+02     4.771295E+03
  3.544456E+02     4.741176E+03
  3.593814E+02     4.711481E+03
  3.643859E+02     4.682204E+03
  3.694601E+02     4.653339E+03
  3.746050E+02     4.624878E+03
  3.798215E+02     4.596811E+03
  3.851107E+02     4.569135E+03
  3.904735E+02     4.541851E+03
  3.959110E+02     4.514960E+03
  4.014242E+02     4.488462E+03
  4.070142E+02     4.462353E+03
  4.126821E+02     4.436632E+03
  4.184289E+02     4.411292E+03
  4.242556E+02     4.386327E+03
  4.301636E+02     4.361728E+03
  4.361538E+02     4.337485E+03
  4.422274E+02     4.313594E+03
  4.483856E+02     4.290056E+03
  4.546295E+02     4.266872E+03
  4.609604E+02     4.244042E+03
  4.673795E+02     4.221563E+03
  4.738880E+02     4.199433E+03
  4.804870E+02     4.177648E+03
  4.871780E+02     4.156201E+03
  4.939622E+02     4.135086E+03
  5.008408E+02     4.114293E+03
  5.078152E+02     4.093817E+03
  5.148867E+02     4.073661E+03
  5.220568E+02     4.053823E+03
  5.293266E+02     4.034305E+03
  5.366977E+02     4.015102E+03
  5.441714E+02     3.996214E+03
  5.517492E+02     3.977636E+03
  5.594326E+02     3.959362E+03
  5.672229E+02     3.941386E+03
  5.751217E+02     3.923699E+03
  5.831305E+02     3.906297E+03
  5.912508E+02     3.889179E+03
  5.994843E+02     3.872346E+03
  6.078323E+02     3.855799E+03
  6.162966E+02     3.839534E+03
  6.248788E+02     3.823550E+03
  6.335805E+02     3.807843E+03
  6.424034E+02     3.792409E+03
  6.513491E+02     3.777241E+03
  6.604194E+02     3.762331E+03
  6.696160E+02     3.747676E+03
  6.789407E+02     3.733273E+03
  6.883952E+02     3.719122E+03
  6.979814E+02     3.705220E+03
  7.077011E+02     3.691566E+03
  7.175561E+02     3.678155E+03
  7.275484E+02     3.664983E+03
  7.376798E+02     3.652043E+03
  7.479523E+02     3.639328E+03
  7.583678E+02     3.626830E+03
  7.689284E+02     3.614542E+03
  7.796360E+02     3.602469E+03
  7.904928E+02     3.590614E+03
  8.015007E+02     3.578981E+03
  8.126619E+02     3.567574E+03
  8.239786E+02     3.556396E+03
  8.354528E+02     3.545451E+03
  8.470868E+02     3.534741E+03
  8.588829E+02     3.524267E+03
  8.708431E+02     3.514032E+03
  8.829700E+02     3.504031E+03
  8.952657E+02     3.494244E+03
  9.077327E+02     3.484647E+03
  9.203732E+02     3.475210E+03
  9.331898E+02     3.465904E+03
  9.461848E+02     3.456693E+03
  9.593608E+02     3.447540E+03
  9.727203E+02     3.438405E+03
  9.862658E+02     3.429242E+03
  1.000000E+03     3.420004E+03
