FILE CREATED BY  : PROGRAM DPASS - VERSION 2.00
DATABASE VERSION : 21.06
DATE AND TIME    : 09/08/2022 23:16:38
PROJECTILE       : Cs
TARGET           : Bi
TARGET AT. MASS  : 2.089804E+02
TARGET DENSITY   : 9.750000E+00 g/cm^3
TABULATED OUTPUT : STOPPING FORCE VERSUS ENERGY
DATA TYPE        : SPLINE INTERPOLATED
ABSCISSA UNITS   : MeV/u
ORDINATE UNITS   : eV/nm


      E/n             S(E/n)

  1.000000E-03     6.914108E+02
  1.013925E-03     6.961273E+02
  1.028045E-03     7.009062E+02
  1.042361E-03     7.057448E+02
  1.056876E-03     7.106403E+02
  1.071593E-03     7.155895E+02
  1.086516E-03     7.205888E+02
  1.101646E-03     7.256343E+02
  1.116987E-03     7.307219E+02
  1.132541E-03     7.358470E+02
  1.148312E-03     7.410046E+02
  1.164303E-03     7.461901E+02
  1.180517E-03     7.514032E+02
  1.196956E-03     7.566449E+02
  1.213624E-03     7.619165E+02
  1.230524E-03     7.672193E+02
  1.247660E-03     7.725548E+02
  1.265034E-03     7.779246E+02
  1.282650E-03     7.833304E+02
  1.300511E-03     7.887742E+02
  1.318621E-03     7.942582E+02
  1.336984E-03     7.997843E+02
  1.355602E-03     8.053531E+02
  1.374479E-03     8.109646E+02
  1.393619E-03     8.166188E+02
  1.413026E-03     8.223154E+02
  1.432703E-03     8.280544E+02
  1.452654E-03     8.338357E+02
  1.472883E-03     8.396592E+02
  1.493393E-03     8.455247E+02
  1.514189E-03     8.514321E+02
  1.535275E-03     8.573813E+02
  1.556654E-03     8.633725E+02
  1.578331E-03     8.694059E+02
  1.600310E-03     8.754819E+02
  1.622595E-03     8.816008E+02
  1.645191E-03     8.877630E+02
  1.668101E-03     8.939690E+02
  1.691330E-03     9.002193E+02
  1.714882E-03     9.065143E+02
  1.738762E-03     9.128547E+02
  1.762975E-03     9.192412E+02
  1.787526E-03     9.256740E+02
  1.812418E-03     9.321535E+02
  1.837656E-03     9.386798E+02
  1.863246E-03     9.452534E+02
  1.889193E-03     9.518744E+02
  1.915501E-03     9.585433E+02
  1.942175E-03     9.652604E+02
  1.969220E-03     9.720261E+02
  1.996642E-03     9.788410E+02
  2.024447E-03     9.857055E+02
  2.052638E-03     9.926199E+02
  2.081222E-03     9.995845E+02
  2.110203E-03     1.006600E+03
  2.139589E-03     1.013666E+03
  2.169384E-03     1.020783E+03
  2.199593E-03     1.027951E+03
  2.230223E-03     1.035172E+03
  2.261280E-03     1.042444E+03
  2.292769E-03     1.049770E+03
  2.324697E-03     1.057149E+03
  2.357069E-03     1.064582E+03
  2.389893E-03     1.072069E+03
  2.423173E-03     1.079610E+03
  2.456916E-03     1.087206E+03
  2.491130E-03     1.094857E+03
  2.525820E-03     1.102564E+03
  2.560993E-03     1.110327E+03
  2.596656E-03     1.118147E+03
  2.632815E-03     1.126024E+03
  2.669478E-03     1.133959E+03
  2.706652E-03     1.141952E+03
  2.744343E-03     1.150005E+03
  2.782559E-03     1.158116E+03
  2.821308E-03     1.166287E+03
  2.860596E-03     1.174518E+03
  2.900430E-03     1.182809E+03
  2.940820E-03     1.191161E+03
  2.981772E-03     1.199575E+03
  3.023295E-03     1.208050E+03
  3.065395E-03     1.216588E+03
  3.108082E-03     1.225189E+03
  3.151363E-03     1.233854E+03
  3.195248E-03     1.242583E+03
  3.239743E-03     1.251377E+03
  3.284857E-03     1.260235E+03
  3.330600E-03     1.269158E+03
  3.376980E-03     1.278147E+03
  3.424006E-03     1.287203E+03
  3.471687E-03     1.296326E+03
  3.520031E-03     1.305516E+03
  3.569049E-03     1.314775E+03
  3.618750E-03     1.324103E+03
  3.669142E-03     1.333500E+03
  3.720237E-03     1.342967E+03
  3.772042E-03     1.352504E+03
  3.824570E-03     1.362111E+03
  3.877828E-03     1.371790E+03
  3.931829E-03     1.381542E+03
  3.986581E-03     1.391366E+03
  4.042096E-03     1.401263E+03
  4.098384E-03     1.411235E+03
  4.155455E-03     1.421281E+03
  4.213322E-03     1.431403E+03
  4.271994E-03     1.441600E+03
  4.331483E-03     1.451874E+03
  4.391801E-03     1.462224E+03
  4.452959E-03     1.472652E+03
  4.514968E-03     1.483159E+03
  4.577841E-03     1.493744E+03
  4.641589E-03     1.504410E+03
  4.706225E-03     1.515156E+03
  4.771761E-03     1.525984E+03
  4.838210E-03     1.536893E+03
  4.905584E-03     1.547885E+03
  4.973896E-03     1.558959E+03
  5.043159E-03     1.570118E+03
  5.113388E-03     1.581360E+03
  5.184594E-03     1.592687E+03
  5.256791E-03     1.604100E+03
  5.329994E-03     1.615599E+03
  5.404216E-03     1.627186E+03
  5.479472E-03     1.638861E+03
  5.555776E-03     1.650624E+03
  5.633143E-03     1.662477E+03
  5.711586E-03     1.674421E+03
  5.791123E-03     1.686455E+03
  5.871766E-03     1.698580E+03
  5.953533E-03     1.710799E+03
  6.036439E-03     1.723111E+03
  6.120498E-03     1.735519E+03
  6.205729E-03     1.748022E+03
  6.292146E-03     1.760621E+03
  6.379767E-03     1.773318E+03
  6.468608E-03     1.786113E+03
  6.558686E-03     1.799006E+03
  6.650018E-03     1.811998E+03
  6.742622E-03     1.825089E+03
  6.836516E-03     1.838281E+03
  6.931717E-03     1.851573E+03
  7.028244E-03     1.864968E+03
  7.126115E-03     1.878465E+03
  7.225349E-03     1.892066E+03
  7.325965E-03     1.905772E+03
  7.427982E-03     1.919582E+03
  7.531420E-03     1.933499E+03
  7.636298E-03     1.947522E+03
  7.742637E-03     1.961653E+03
  7.850456E-03     1.975894E+03
  7.959777E-03     1.990244E+03
  8.070620E-03     2.004705E+03
  8.183007E-03     2.019280E+03
  8.296959E-03     2.033968E+03
  8.412497E-03     2.048770E+03
  8.529644E-03     2.063688E+03
  8.648423E-03     2.078722E+03
  8.768856E-03     2.093873E+03
  8.890966E-03     2.109142E+03
  9.014776E-03     2.124531E+03
  9.140311E-03     2.140039E+03
  9.267593E-03     2.155670E+03
  9.396648E-03     2.171423E+03
  9.527500E-03     2.187301E+03
  9.660175E-03     2.203303E+03
  9.794697E-03     2.219431E+03
  9.931092E-03     2.235686E+03
  1.006939E-02     2.252068E+03
  1.020961E-02     2.268578E+03
  1.035178E-02     2.285218E+03
  1.049593E-02     2.301989E+03
  1.064209E-02     2.318891E+03
  1.079029E-02     2.335926E+03
  1.094055E-02     2.353096E+03
  1.109290E-02     2.370400E+03
  1.124737E-02     2.387841E+03
  1.140400E-02     2.405418E+03
  1.156280E-02     2.423134E+03
  1.172382E-02     2.440988E+03
  1.188708E-02     2.458983E+03
  1.205261E-02     2.477119E+03
  1.222045E-02     2.495398E+03
  1.239062E-02     2.513821E+03
  1.256317E-02     2.532390E+03
  1.273811E-02     2.551106E+03
  1.291550E-02     2.569969E+03
  1.309535E-02     2.588981E+03
  1.327771E-02     2.608143E+03
  1.346261E-02     2.627456E+03
  1.365008E-02     2.646922E+03
  1.384016E-02     2.666542E+03
  1.403289E-02     2.686318E+03
  1.422830E-02     2.706251E+03
  1.442644E-02     2.726344E+03
  1.462733E-02     2.746596E+03
  1.483103E-02     2.767010E+03
  1.503755E-02     2.787585E+03
  1.524696E-02     2.808323E+03
  1.545928E-02     2.829224E+03
  1.567455E-02     2.850291E+03
  1.589283E-02     2.871525E+03
  1.611414E-02     2.892926E+03
  1.633854E-02     2.914496E+03
  1.656606E-02     2.936237E+03
  1.679675E-02     2.958150E+03
  1.703065E-02     2.980235E+03
  1.726781E-02     3.002494E+03
  1.750827E-02     3.024928E+03
  1.775208E-02     3.047539E+03
  1.799929E-02     3.070327E+03
  1.824993E-02     3.093294E+03
  1.850407E-02     3.116442E+03
  1.876175E-02     3.139773E+03
  1.902301E-02     3.163288E+03
  1.928792E-02     3.186988E+03
  1.955651E-02     3.210875E+03
  1.982884E-02     3.234949E+03
  2.010496E-02     3.259212E+03
  2.038493E-02     3.283665E+03
  2.066880E-02     3.308310E+03
  2.095662E-02     3.333147E+03
  2.124845E-02     3.358179E+03
  2.154435E-02     3.383407E+03
  2.184436E-02     3.408833E+03
  2.214855E-02     3.434459E+03
  2.245698E-02     3.460284E+03
  2.276970E-02     3.486310E+03
  2.308678E-02     3.512539E+03
  2.340827E-02     3.538971E+03
  2.373424E-02     3.565608E+03
  2.406475E-02     3.592451E+03
  2.439986E-02     3.619502E+03
  2.473964E-02     3.646762E+03
  2.508415E-02     3.674234E+03
  2.543346E-02     3.701917E+03
  2.578763E-02     3.729814E+03
  2.614673E-02     3.757925E+03
  2.651084E-02     3.786252E+03
  2.688001E-02     3.814795E+03
  2.725433E-02     3.843556E+03
  2.763385E-02     3.872537E+03
  2.801867E-02     3.901738E+03
  2.840884E-02     3.931163E+03
  2.880444E-02     3.960812E+03
  2.920556E-02     3.990687E+03
  2.961225E-02     4.020789E+03
  3.002462E-02     4.051118E+03
  3.044272E-02     4.081676E+03
  3.086665E-02     4.112464E+03
  3.129648E-02     4.143484E+03
  3.173230E-02     4.174737E+03
  3.217418E-02     4.206224E+03
  3.262222E-02     4.237947E+03
  3.307650E-02     4.269908E+03
  3.353710E-02     4.302109E+03
  3.400412E-02     4.334549E+03
  3.447764E-02     4.367229E+03
  3.495776E-02     4.400150E+03
  3.544456E-02     4.433314E+03
  3.593814E-02     4.466719E+03
  3.643859E-02     4.500369E+03
  3.694601E-02     4.534264E+03
  3.746050E-02     4.568404E+03
  3.798215E-02     4.602792E+03
  3.851107E-02     4.637428E+03
  3.904735E-02     4.672315E+03
  3.959110E-02     4.707451E+03
  4.014242E-02     4.742840E+03
  4.070142E-02     4.778483E+03
  4.126821E-02     4.814381E+03
  4.184289E-02     4.850535E+03
  4.242556E-02     4.886949E+03
  4.301636E-02     4.923624E+03
  4.361538E-02     4.960563E+03
  4.422274E-02     4.997766E+03
  4.483856E-02     5.035236E+03
  4.546295E-02     5.072972E+03
  4.609604E-02     5.110977E+03
  4.673795E-02     5.149250E+03
  4.738880E-02     5.187795E+03
  4.804870E-02     5.226611E+03
  4.871780E-02     5.265701E+03
  4.939622E-02     5.305066E+03
  5.008408E-02     5.344709E+03
  5.078152E-02     5.384631E+03
  5.148867E-02     5.424831E+03
  5.220568E-02     5.465311E+03
  5.293266E-02     5.506070E+03
  5.366977E-02     5.547109E+03
  5.441714E-02     5.588429E+03
  5.517492E-02     5.630029E+03
  5.594326E-02     5.671910E+03
  5.672229E-02     5.714074E+03
  5.751217E-02     5.756521E+03
  5.831305E-02     5.799251E+03
  5.912508E-02     5.842265E+03
  5.994843E-02     5.885563E+03
  6.078323E-02     5.929143E+03
  6.162966E-02     5.973006E+03
  6.248788E-02     6.017153E+03
  6.335805E-02     6.061582E+03
  6.424034E-02     6.106295E+03
  6.513491E-02     6.151292E+03
  6.604194E-02     6.196573E+03
  6.696160E-02     6.242139E+03
  6.789407E-02     6.287990E+03
  6.883952E-02     6.334124E+03
  6.979814E-02     6.380541E+03
  7.077011E-02     6.427242E+03
  7.175561E-02     6.474226E+03
  7.275484E-02     6.521493E+03
  7.376798E-02     6.569044E+03
  7.479523E-02     6.616878E+03
  7.583678E-02     6.664997E+03
  7.689284E-02     6.713400E+03
  7.796360E-02     6.762089E+03
  7.904928E-02     6.811062E+03
  8.015007E-02     6.860319E+03
  8.126619E-02     6.909861E+03
  8.239786E-02     6.959689E+03
  8.354528E-02     7.009802E+03
  8.470868E-02     7.060202E+03
  8.588829E-02     7.110890E+03
  8.708431E-02     7.161868E+03
  8.829700E-02     7.213136E+03
  8.952657E-02     7.264696E+03
  9.077327E-02     7.316547E+03
  9.203732E-02     7.368690E+03
  9.331898E-02     7.421125E+03
  9.461848E-02     7.473854E+03
  9.593608E-02     7.526879E+03
  9.727203E-02     7.580200E+03
  9.862658E-02     7.633821E+03
  1.000000E-01     7.687742E+03
  1.013925E-01     7.741968E+03
  1.028045E-01     7.796499E+03
  1.042361E-01     7.851337E+03
  1.056876E-01     7.906482E+03
  1.071593E-01     7.961937E+03
  1.086516E-01     8.017703E+03
  1.101646E-01     8.073784E+03
  1.116987E-01     8.130183E+03
  1.132541E-01     8.186902E+03
  1.148312E-01     8.243947E+03
  1.164303E-01     8.301321E+03
  1.180517E-01     8.359027E+03
  1.196956E-01     8.417067E+03
  1.213624E-01     8.475444E+03
  1.230524E-01     8.534161E+03
  1.247660E-01     8.593220E+03
  1.265034E-01     8.652627E+03
  1.282650E-01     8.712385E+03
  1.300511E-01     8.772500E+03
  1.318621E-01     8.832978E+03
  1.336984E-01     8.893824E+03
  1.355602E-01     8.955044E+03
  1.374479E-01     9.016642E+03
  1.393619E-01     9.078622E+03
  1.413026E-01     9.140990E+03
  1.432703E-01     9.203752E+03
  1.452654E-01     9.266915E+03
  1.472883E-01     9.330487E+03
  1.493393E-01     9.394474E+03
  1.514189E-01     9.458888E+03
  1.535275E-01     9.523737E+03
  1.556654E-01     9.589028E+03
  1.578331E-01     9.654767E+03
  1.600310E-01     9.720961E+03
  1.622595E-01     9.787615E+03
  1.645191E-01     9.854738E+03
  1.668101E-01     9.922338E+03
  1.691330E-01     9.990424E+03
  1.714882E-01     1.005901E+04
  1.738762E-01     1.012809E+04
  1.762975E-01     1.019770E+04
  1.787526E-01     1.026783E+04
  1.812418E-01     1.033850E+04
  1.837656E-01     1.040971E+04
  1.863246E-01     1.048148E+04
  1.889193E-01     1.055380E+04
  1.915501E-01     1.062670E+04
  1.942175E-01     1.070018E+04
  1.969220E-01     1.077426E+04
  1.996642E-01     1.084894E+04
  2.024447E-01     1.092425E+04
  2.052638E-01     1.100019E+04
  2.081222E-01     1.107676E+04
  2.110203E-01     1.115397E+04
  2.139589E-01     1.123182E+04
  2.169384E-01     1.131031E+04
  2.199593E-01     1.138945E+04
  2.230223E-01     1.146923E+04
  2.261280E-01     1.154966E+04
  2.292769E-01     1.163075E+04
  2.324697E-01     1.171249E+04
  2.357069E-01     1.179489E+04
  2.389893E-01     1.187794E+04
  2.423173E-01     1.196164E+04
  2.456916E-01     1.204599E+04
  2.491130E-01     1.213098E+04
  2.525820E-01     1.221661E+04
  2.560993E-01     1.230287E+04
  2.596656E-01     1.238975E+04
  2.632815E-01     1.247725E+04
  2.669478E-01     1.256537E+04
  2.706652E-01     1.265408E+04
  2.744343E-01     1.274340E+04
  2.782559E-01     1.283331E+04
  2.821308E-01     1.292381E+04
  2.860596E-01     1.301488E+04
  2.900430E-01     1.310653E+04
  2.940820E-01     1.319874E+04
  2.981772E-01     1.329151E+04
  3.023295E-01     1.338482E+04
  3.065395E-01     1.347867E+04
  3.108082E-01     1.357305E+04
  3.151363E-01     1.366795E+04
  3.195248E-01     1.376337E+04
  3.239743E-01     1.385931E+04
  3.284857E-01     1.395574E+04
  3.330600E-01     1.405267E+04
  3.376980E-01     1.415010E+04
  3.424006E-01     1.424801E+04
  3.471687E-01     1.434639E+04
  3.520031E-01     1.444525E+04
  3.569049E-01     1.454457E+04
  3.618750E-01     1.464436E+04
  3.669142E-01     1.474459E+04
  3.720237E-01     1.484528E+04
  3.772042E-01     1.494640E+04
  3.824570E-01     1.504797E+04
  3.877828E-01     1.514997E+04
  3.931829E-01     1.525240E+04
  3.986581E-01     1.535526E+04
  4.042096E-01     1.545853E+04
  4.098384E-01     1.556223E+04
  4.155455E-01     1.566634E+04
  4.213322E-01     1.577087E+04
  4.271994E-01     1.587579E+04
  4.331483E-01     1.598112E+04
  4.391801E-01     1.608684E+04
  4.452959E-01     1.619296E+04
  4.514968E-01     1.629947E+04
  4.577841E-01     1.640637E+04
  4.641589E-01     1.651365E+04
  4.706225E-01     1.662133E+04
  4.771761E-01     1.672938E+04
  4.838210E-01     1.683779E+04
  4.905584E-01     1.694656E+04
  4.973896E-01     1.705568E+04
  5.043159E-01     1.716512E+04
  5.113388E-01     1.727489E+04
  5.184594E-01     1.738497E+04
  5.256791E-01     1.749535E+04
  5.329994E-01     1.760602E+04
  5.404216E-01     1.771698E+04
  5.479472E-01     1.782819E+04
  5.555776E-01     1.793966E+04
  5.633143E-01     1.805137E+04
  5.711586E-01     1.816330E+04
  5.791123E-01     1.827544E+04
  5.871766E-01     1.838777E+04
  5.953533E-01     1.850029E+04
  6.036439E-01     1.861297E+04
  6.120498E-01     1.872581E+04
  6.205729E-01     1.883878E+04
  6.292146E-01     1.895189E+04
  6.379767E-01     1.906510E+04
  6.468608E-01     1.917842E+04
  6.558686E-01     1.929181E+04
  6.650018E-01     1.940528E+04
  6.742622E-01     1.951880E+04
  6.836516E-01     1.963236E+04
  6.931717E-01     1.974595E+04
  7.028244E-01     1.985956E+04
  7.126115E-01     1.997318E+04
  7.225349E-01     2.008678E+04
  7.325965E-01     2.020037E+04
  7.427982E-01     2.031390E+04
  7.531420E-01     2.042738E+04
  7.636298E-01     2.054077E+04
  7.742637E-01     2.065407E+04
  7.850456E-01     2.076725E+04
  7.959777E-01     2.088030E+04
  8.070620E-01     2.099321E+04
  8.183007E-01     2.110596E+04
  8.296959E-01     2.121854E+04
  8.412497E-01     2.133091E+04
  8.529644E-01     2.144306E+04
  8.648423E-01     2.155497E+04
  8.768856E-01     2.166660E+04
  8.890966E-01     2.177795E+04
  9.014776E-01     2.188898E+04
  9.140311E-01     2.199968E+04
  9.267593E-01     2.211003E+04
  9.396648E-01     2.222001E+04
  9.527500E-01     2.232960E+04
  9.660175E-01     2.243881E+04
  9.794697E-01     2.254762E+04
  9.931092E-01     2.265603E+04
  1.006939E+00     2.276405E+04
  1.020961E+00     2.287167E+04
  1.035178E+00     2.297890E+04
  1.049593E+00     2.308576E+04
  1.064209E+00     2.319224E+04
  1.079029E+00     2.329838E+04
  1.094055E+00     2.340417E+04
  1.109290E+00     2.350960E+04
  1.124737E+00     2.361466E+04
  1.140400E+00     2.371934E+04
  1.156280E+00     2.382364E+04
  1.172382E+00     2.392755E+04
  1.188708E+00     2.403107E+04
  1.205261E+00     2.413420E+04
  1.222045E+00     2.423693E+04
  1.239062E+00     2.433928E+04
  1.256317E+00     2.444124E+04
  1.273811E+00     2.454279E+04
  1.291550E+00     2.464390E+04
  1.309535E+00     2.474455E+04
  1.327771E+00     2.484471E+04
  1.346261E+00     2.494438E+04
  1.365008E+00     2.504352E+04
  1.384016E+00     2.514211E+04
  1.403289E+00     2.524015E+04
  1.422830E+00     2.533761E+04
  1.442644E+00     2.543446E+04
  1.462733E+00     2.553069E+04
  1.483103E+00     2.562627E+04
  1.503755E+00     2.572116E+04
  1.524696E+00     2.581534E+04
  1.545928E+00     2.590878E+04
  1.567455E+00     2.600146E+04
  1.589283E+00     2.609336E+04
  1.611414E+00     2.618444E+04
  1.633854E+00     2.627469E+04
  1.656606E+00     2.636408E+04
  1.679675E+00     2.645259E+04
  1.703065E+00     2.654021E+04
  1.726781E+00     2.662690E+04
  1.750827E+00     2.671265E+04
  1.775208E+00     2.679744E+04
  1.799929E+00     2.688126E+04
  1.824993E+00     2.696410E+04
  1.850407E+00     2.704594E+04
  1.876175E+00     2.712677E+04
  1.902301E+00     2.720659E+04
  1.928792E+00     2.728538E+04
  1.955651E+00     2.736312E+04
  1.982884E+00     2.743980E+04
  2.010496E+00     2.751539E+04
  2.038493E+00     2.758989E+04
  2.066880E+00     2.766329E+04
  2.095662E+00     2.773559E+04
  2.124845E+00     2.780677E+04
  2.154435E+00     2.787684E+04
  2.184436E+00     2.794579E+04
  2.214855E+00     2.801362E+04
  2.245698E+00     2.808031E+04
  2.276970E+00     2.814583E+04
  2.308678E+00     2.821018E+04
  2.340827E+00     2.827334E+04
  2.373424E+00     2.833531E+04
  2.406475E+00     2.839609E+04
  2.439986E+00     2.845566E+04
  2.473964E+00     2.851404E+04
  2.508415E+00     2.857122E+04
  2.543346E+00     2.862719E+04
  2.578763E+00     2.868194E+04
  2.614673E+00     2.873546E+04
  2.651084E+00     2.878773E+04
  2.688001E+00     2.883875E+04
  2.725433E+00     2.888851E+04
  2.763385E+00     2.893702E+04
  2.801867E+00     2.898427E+04
  2.840884E+00     2.903027E+04
  2.880444E+00     2.907502E+04
  2.920556E+00     2.911853E+04
  2.961225E+00     2.916076E+04
  3.002462E+00     2.920170E+04
  3.044272E+00     2.924134E+04
  3.086665E+00     2.927967E+04
  3.129648E+00     2.931667E+04
  3.173230E+00     2.935233E+04
  3.217418E+00     2.938666E+04
  3.262222E+00     2.941965E+04
  3.307650E+00     2.945130E+04
  3.353710E+00     2.948160E+04
  3.400412E+00     2.951056E+04
  3.447764E+00     2.953816E+04
  3.495776E+00     2.956440E+04
  3.544456E+00     2.958929E+04
  3.593814E+00     2.961282E+04
  3.643859E+00     2.963500E+04
  3.694601E+00     2.965585E+04
  3.746050E+00     2.967539E+04
  3.798215E+00     2.969363E+04
  3.851107E+00     2.971058E+04
  3.904735E+00     2.972621E+04
  3.959110E+00     2.974053E+04
  4.014242E+00     2.975352E+04
  4.070142E+00     2.976518E+04
  4.126821E+00     2.977550E+04
  4.184289E+00     2.978448E+04
  4.242556E+00     2.979213E+04
  4.301636E+00     2.979844E+04
  4.361538E+00     2.980344E+04
  4.422274E+00     2.980712E+04
  4.483856E+00     2.980947E+04
  4.546295E+00     2.981048E+04
  4.609604E+00     2.981017E+04
  4.673795E+00     2.980851E+04
  4.738880E+00     2.980553E+04
  4.804870E+00     2.980122E+04
  4.871780E+00     2.979559E+04
  4.939622E+00     2.978865E+04
  5.008408E+00     2.978044E+04
  5.078152E+00     2.977094E+04
  5.148867E+00     2.976015E+04
  5.220568E+00     2.974808E+04
  5.293266E+00     2.973472E+04
  5.366977E+00     2.972007E+04
  5.441714E+00     2.970413E+04
  5.517492E+00     2.968692E+04
  5.594326E+00     2.966844E+04
  5.672229E+00     2.964871E+04
  5.751217E+00     2.962774E+04
  5.831305E+00     2.960554E+04
  5.912508E+00     2.958211E+04
  5.994843E+00     2.955746E+04
  6.078323E+00     2.953157E+04
  6.162966E+00     2.950446E+04
  6.248788E+00     2.947614E+04
  6.335805E+00     2.944660E+04
  6.424034E+00     2.941587E+04
  6.513491E+00     2.938396E+04
  6.604194E+00     2.935089E+04
  6.696160E+00     2.931667E+04
  6.789407E+00     2.928130E+04
  6.883952E+00     2.924478E+04
  6.979814E+00     2.920711E+04
  7.077011E+00     2.916828E+04
  7.175561E+00     2.912832E+04
  7.275484E+00     2.908722E+04
  7.376798E+00     2.904499E+04
  7.479523E+00     2.900165E+04
  7.583678E+00     2.895720E+04
  7.689284E+00     2.891167E+04
  7.796360E+00     2.886505E+04
  7.904928E+00     2.881734E+04
  8.015007E+00     2.876856E+04
  8.126619E+00     2.871872E+04
  8.239786E+00     2.866781E+04
  8.354528E+00     2.861585E+04
  8.470868E+00     2.856286E+04
  8.588829E+00     2.850885E+04
  8.708431E+00     2.845384E+04
  8.829700E+00     2.839785E+04
  8.952657E+00     2.834088E+04
  9.077327E+00     2.828293E+04
  9.203732E+00     2.822400E+04
  9.331898E+00     2.816410E+04
  9.461848E+00     2.810324E+04
  9.593608E+00     2.804141E+04
  9.727203E+00     2.797862E+04
  9.862658E+00     2.791489E+04
  1.000000E+01     2.785022E+04
  1.013925E+01     2.778463E+04
  1.028045E+01     2.771812E+04
  1.042361E+01     2.765069E+04
  1.056876E+01     2.758235E+04
  1.071593E+01     2.751311E+04
  1.086516E+01     2.744297E+04
  1.101646E+01     2.737194E+04
  1.116987E+01     2.730003E+04
  1.132541E+01     2.722725E+04
  1.148312E+01     2.715363E+04
  1.164303E+01     2.707916E+04
  1.180517E+01     2.700386E+04
  1.196956E+01     2.692773E+04
  1.213624E+01     2.685077E+04
  1.230524E+01     2.677298E+04
  1.247660E+01     2.669438E+04
  1.265034E+01     2.661496E+04
  1.282650E+01     2.653474E+04
  1.300511E+01     2.645372E+04
  1.318621E+01     2.637191E+04
  1.336984E+01     2.628932E+04
  1.355602E+01     2.620595E+04
  1.374479E+01     2.612182E+04
  1.393619E+01     2.603692E+04
  1.413026E+01     2.595127E+04
  1.432703E+01     2.586486E+04
  1.452654E+01     2.577771E+04
  1.472883E+01     2.568983E+04
  1.493393E+01     2.560121E+04
  1.514189E+01     2.551189E+04
  1.535275E+01     2.542185E+04
  1.556654E+01     2.533112E+04
  1.578331E+01     2.523970E+04
  1.600310E+01     2.514759E+04
  1.622595E+01     2.505479E+04
  1.645191E+01     2.496133E+04
  1.668101E+01     2.486720E+04
  1.691330E+01     2.477241E+04
  1.714882E+01     2.467697E+04
  1.738762E+01     2.458088E+04
  1.762975E+01     2.448417E+04
  1.787526E+01     2.438683E+04
  1.812418E+01     2.428888E+04
  1.837656E+01     2.419031E+04
  1.863246E+01     2.409114E+04
  1.889193E+01     2.399138E+04
  1.915501E+01     2.389103E+04
  1.942175E+01     2.379009E+04
  1.969220E+01     2.368858E+04
  1.996642E+01     2.358651E+04
  2.024447E+01     2.348388E+04
  2.052638E+01     2.338071E+04
  2.081222E+01     2.327700E+04
  2.110203E+01     2.317276E+04
  2.139589E+01     2.306801E+04
  2.169384E+01     2.296274E+04
  2.199593E+01     2.285699E+04
  2.230223E+01     2.275074E+04
  2.261280E+01     2.264403E+04
  2.292769E+01     2.253685E+04
  2.324697E+01     2.242921E+04
  2.357069E+01     2.232114E+04
  2.389893E+01     2.221264E+04
  2.423173E+01     2.210371E+04
  2.456916E+01     2.199437E+04
  2.491130E+01     2.188462E+04
  2.525820E+01     2.177447E+04
  2.560993E+01     2.166393E+04
  2.596656E+01     2.155301E+04
  2.632815E+01     2.144171E+04
  2.669478E+01     2.133004E+04
  2.706652E+01     2.121801E+04
  2.744343E+01     2.110563E+04
  2.782559E+01     2.099293E+04
  2.821308E+01     2.087990E+04
  2.860596E+01     2.076658E+04
  2.900430E+01     2.065298E+04
  2.940820E+01     2.053911E+04
  2.981772E+01     2.042498E+04
  3.023295E+01     2.031061E+04
  3.065395E+01     2.019603E+04
  3.108082E+01     2.008124E+04
  3.151363E+01     1.996625E+04
  3.195248E+01     1.985108E+04
  3.239743E+01     1.973574E+04
  3.284857E+01     1.962024E+04
  3.330600E+01     1.950459E+04
  3.376980E+01     1.938880E+04
  3.424006E+01     1.927288E+04
  3.471687E+01     1.915683E+04
  3.520031E+01     1.904068E+04
  3.569049E+01     1.892441E+04
  3.618750E+01     1.880806E+04
  3.669142E+01     1.869163E+04
  3.720237E+01     1.857513E+04
  3.772042E+01     1.845860E+04
  3.824570E+01     1.834203E+04
  3.877828E+01     1.822543E+04
  3.931829E+01     1.810884E+04
  3.986581E+01     1.799224E+04
  4.042096E+01     1.787567E+04
  4.098384E+01     1.775912E+04
  4.155455E+01     1.764261E+04
  4.213322E+01     1.752615E+04
  4.271994E+01     1.740977E+04
  4.331483E+01     1.729348E+04
  4.391801E+01     1.717728E+04
  4.452959E+01     1.706120E+04
  4.514968E+01     1.694523E+04
  4.577841E+01     1.682940E+04
  4.641589E+01     1.671371E+04
  4.706225E+01     1.659817E+04
  4.771761E+01     1.648279E+04
  4.838210E+01     1.636759E+04
  4.905584E+01     1.625259E+04
  4.973896E+01     1.613780E+04
  5.043159E+01     1.602324E+04
  5.113388E+01     1.590891E+04
  5.184594E+01     1.579483E+04
  5.256791E+01     1.568102E+04
  5.329994E+01     1.556746E+04
  5.404216E+01     1.545419E+04
  5.479472E+01     1.534120E+04
  5.555776E+01     1.522852E+04
  5.633143E+01     1.511616E+04
  5.711586E+01     1.500413E+04
  5.791123E+01     1.489244E+04
  5.871766E+01     1.478111E+04
  5.953533E+01     1.467014E+04
  6.036439E+01     1.455954E+04
  6.120498E+01     1.444932E+04
  6.205729E+01     1.433947E+04
  6.292146E+01     1.423001E+04
  6.379767E+01     1.412096E+04
  6.468608E+01     1.401233E+04
  6.558686E+01     1.390414E+04
  6.650018E+01     1.379640E+04
  6.742622E+01     1.368912E+04
  6.836516E+01     1.358231E+04
  6.931717E+01     1.347598E+04
  7.028244E+01     1.337013E+04
  7.126115E+01     1.326477E+04
  7.225349E+01     1.315991E+04
  7.325965E+01     1.305555E+04
  7.427982E+01     1.295173E+04
  7.531420E+01     1.284843E+04
  7.636298E+01     1.274568E+04
  7.742637E+01     1.264347E+04
  7.850456E+01     1.254182E+04
  7.959777E+01     1.244073E+04
  8.070620E+01     1.234019E+04
  8.183007E+01     1.224019E+04
  8.296959E+01     1.214076E+04
  8.412497E+01     1.204190E+04
  8.529644E+01     1.194362E+04
  8.648423E+01     1.184595E+04
  8.768856E+01     1.174888E+04
  8.890966E+01     1.165243E+04
  9.014776E+01     1.155660E+04
  9.140311E+01     1.146139E+04
  9.267593E+01     1.136682E+04
  9.396648E+01     1.127286E+04
  9.527500E+01     1.117954E+04
  9.660175E+01     1.108686E+04
  9.794697E+01     1.099483E+04
  9.931092E+01     1.090346E+04
  1.006939E+02     1.081275E+04
  1.020961E+02     1.072272E+04
  1.035178E+02     1.063335E+04
  1.049593E+02     1.054465E+04
  1.064209E+02     1.045662E+04
  1.079029E+02     1.036924E+04
  1.094055E+02     1.028251E+04
  1.109290E+02     1.019645E+04
  1.124737E+02     1.011107E+04
  1.140400E+02     1.002636E+04
  1.156280E+02     9.942355E+03
  1.172382E+02     9.859038E+03
  1.188708E+02     9.776416E+03
  1.205261E+02     9.694486E+03
  1.222045E+02     9.613243E+03
  1.239062E+02     9.532680E+03
  1.256317E+02     9.452795E+03
  1.273811E+02     9.373597E+03
  1.291550E+02     9.295095E+03
  1.309535E+02     9.217294E+03
  1.327771E+02     9.140200E+03
  1.346261E+02     9.063814E+03
  1.365008E+02     8.988135E+03
  1.384016E+02     8.913159E+03
  1.403289E+02     8.838879E+03
  1.422830E+02     8.765285E+03
  1.442644E+02     8.692372E+03
  1.462733E+02     8.620146E+03
  1.483103E+02     8.548614E+03
  1.503755E+02     8.477782E+03
  1.524696E+02     8.407650E+03
  1.545928E+02     8.338218E+03
  1.567455E+02     8.269485E+03
  1.589283E+02     8.201443E+03
  1.611414E+02     8.134083E+03
  1.633854E+02     8.067394E+03
  1.656606E+02     8.001366E+03
  1.679675E+02     7.936004E+03
  1.703065E+02     7.871315E+03
  1.726781E+02     7.807303E+03
  1.750827E+02     7.743970E+03
  1.775208E+02     7.681314E+03
  1.799929E+02     7.619333E+03
  1.824993E+02     7.558020E+03
  1.850407E+02     7.497367E+03
  1.876175E+02     7.437361E+03
  1.902301E+02     7.377993E+03
  1.928792E+02     7.319266E+03
  1.955651E+02     7.261184E+03
  1.982884E+02     7.203752E+03
  2.010496E+02     7.146970E+03
  2.038493E+02     7.090838E+03
  2.066880E+02     7.035350E+03
  2.095662E+02     6.980501E+03
  2.124845E+02     6.926282E+03
  2.154435E+02     6.872681E+03
  2.184436E+02     6.819685E+03
  2.214855E+02     6.767296E+03
  2.245698E+02     6.715519E+03
  2.276970E+02     6.664355E+03
  2.308678E+02     6.613805E+03
  2.340827E+02     6.563865E+03
  2.373424E+02     6.514533E+03
  2.406475E+02     6.465799E+03
  2.439986E+02     6.417656E+03
  2.473964E+02     6.370089E+03
  2.508415E+02     6.323086E+03
  2.543346E+02     6.276648E+03
  2.578763E+02     6.230778E+03
  2.614673E+02     6.185477E+03
  2.651084E+02     6.140747E+03
  2.688001E+02     6.096586E+03
  2.725433E+02     6.052989E+03
  2.763385E+02     6.009951E+03
  2.801867E+02     5.967462E+03
  2.840884E+02     5.925512E+03
  2.880444E+02     5.884089E+03
  2.920556E+02     5.843191E+03
  2.961225E+02     5.802820E+03
  3.002462E+02     5.762978E+03
  3.044272E+02     5.723665E+03
  3.086665E+02     5.684877E+03
  3.129648E+02     5.646610E+03
  3.173230E+02     5.608858E+03
  3.217418E+02     5.571611E+03
  3.262222E+02     5.534859E+03
  3.307650E+02     5.498588E+03
  3.353710E+02     5.462794E+03
  3.400412E+02     5.427482E+03
  3.447764E+02     5.392652E+03
  3.495776E+02     5.358303E+03
  3.544456E+02     5.324434E+03
  3.593814E+02     5.291040E+03
  3.643859E+02     5.258116E+03
  3.694601E+02     5.225654E+03
  3.746050E+02     5.193644E+03
  3.798215E+02     5.162073E+03
  3.851107E+02     5.130939E+03
  3.904735E+02     5.100243E+03
  3.959110E+02     5.069986E+03
  4.014242E+02     5.040169E+03
  4.070142E+02     5.010788E+03
  4.126821E+02     4.981841E+03
  4.184289E+02     4.953323E+03
  4.242556E+02     4.925225E+03
  4.301636E+02     4.897540E+03
  4.361538E+02     4.870255E+03
  4.422274E+02     4.843368E+03
  4.483856E+02     4.816878E+03
  4.546295E+02     4.790788E+03
  4.609604E+02     4.765096E+03
  4.673795E+02     4.739800E+03
  4.738880E+02     4.714898E+03
  4.804870E+02     4.690383E+03
  4.871780E+02     4.666250E+03
  4.939622E+02     4.642490E+03
  5.008408E+02     4.619092E+03
  5.078152E+02     4.596052E+03
  5.148867E+02     4.573370E+03
  5.220568E+02     4.551047E+03
  5.293266E+02     4.529082E+03
  5.366977E+02     4.507474E+03
  5.441714E+02     4.486219E+03
  5.517492E+02     4.465312E+03
  5.594326E+02     4.444748E+03
  5.672229E+02     4.424519E+03
  5.751217E+02     4.404615E+03
  5.831305E+02     4.385031E+03
  5.912508E+02     4.365767E+03
  5.994843E+02     4.346824E+03
  6.078323E+02     4.328201E+03
  6.162966E+02     4.309897E+03
  6.248788E+02     4.291909E+03
  6.335805E+02     4.274232E+03
  6.424034E+02     4.256862E+03
  6.513491E+02     4.239791E+03
  6.604194E+02     4.223012E+03
  6.696160E+02     4.206519E+03
  6.789407E+02     4.190309E+03
  6.883952E+02     4.174383E+03
  6.979814E+02     4.158738E+03
  7.077011E+02     4.143371E+03
  7.175561E+02     4.128278E+03
  7.275484E+02     4.113454E+03
  7.376798E+02     4.098891E+03
  7.479523E+02     4.084581E+03
  7.583678E+02     4.070515E+03
  7.689284E+02     4.056687E+03
  7.796360E+02     4.043099E+03
  7.904928E+02     4.029757E+03
  8.015007E+02     4.016666E+03
  8.126619E+02     4.003828E+03
  8.239786E+02     3.991249E+03
  8.354528E+02     3.978932E+03
  8.470868E+02     3.966879E+03
  8.588829E+02     3.955092E+03
  8.708431E+02     3.943573E+03
  8.829700E+02     3.932318E+03
  8.952657E+02     3.921304E+03
  9.077327E+02     3.910503E+03
  9.203732E+02     3.899884E+03
  9.331898E+02     3.889410E+03
  9.461848E+02     3.879044E+03
  9.593608E+02     3.868744E+03
  9.727203E+02     3.858463E+03
  9.862658E+02     3.848152E+03
  1.000000E+03     3.837755E+03
