FILE CREATED BY  : PROGRAM DPASS - VERSION 2.00
DATABASE VERSION : 21.06
DATE AND TIME    : 09/08/2022 23:17:08
PROJECTILE       : Ba
TARGET           : Li
TARGET AT. MASS  : 6.941000E+00
TARGET DENSITY   : 5.340000E-01 g/cm^3
TABULATED OUTPUT : STOPPING FORCE VERSUS ENERGY
DATA TYPE        : SPLINE INTERPOLATED
ABSCISSA UNITS   : MeV/u
ORDINATE UNITS   : eV/nm


      E/n             S(E/n)

  1.000000E-03     1.661728E+02
  1.013925E-03     1.673163E+02
  1.028045E-03     1.684749E+02
  1.042361E-03     1.696480E+02
  1.056876E-03     1.708350E+02
  1.071593E-03     1.720350E+02
  1.086516E-03     1.732472E+02
  1.101646E-03     1.744708E+02
  1.116987E-03     1.757046E+02
  1.132541E-03     1.769477E+02
  1.148312E-03     1.781988E+02
  1.164303E-03     1.794568E+02
  1.180517E-03     1.807217E+02
  1.196956E-03     1.819938E+02
  1.213624E-03     1.832732E+02
  1.230524E-03     1.845604E+02
  1.247660E-03     1.858558E+02
  1.265034E-03     1.871596E+02
  1.282650E-03     1.884724E+02
  1.300511E-03     1.897947E+02
  1.318621E-03     1.911269E+02
  1.336984E-03     1.924695E+02
  1.355602E-03     1.938227E+02
  1.374479E-03     1.951865E+02
  1.393619E-03     1.965608E+02
  1.413026E-03     1.979457E+02
  1.432703E-03     1.993411E+02
  1.452654E-03     2.007470E+02
  1.472883E-03     2.021634E+02
  1.493393E-03     2.035901E+02
  1.514189E-03     2.050273E+02
  1.535275E-03     2.064749E+02
  1.556654E-03     2.079328E+02
  1.578331E-03     2.094013E+02
  1.600310E-03     2.108804E+02
  1.622595E-03     2.123701E+02
  1.645191E-03     2.138707E+02
  1.668101E-03     2.153822E+02
  1.691330E-03     2.169048E+02
  1.714882E-03     2.184386E+02
  1.738762E-03     2.199837E+02
  1.762975E-03     2.215404E+02
  1.787526E-03     2.231087E+02
  1.812418E-03     2.246888E+02
  1.837656E-03     2.262806E+02
  1.863246E-03     2.278843E+02
  1.889193E-03     2.294999E+02
  1.915501E-03     2.311275E+02
  1.942175E-03     2.327672E+02
  1.969220E-03     2.344191E+02
  1.996642E-03     2.360834E+02
  2.024447E-03     2.377601E+02
  2.052638E-03     2.394494E+02
  2.081222E-03     2.411513E+02
  2.110203E-03     2.428659E+02
  2.139589E-03     2.445933E+02
  2.169384E-03     2.463337E+02
  2.199593E-03     2.480870E+02
  2.230223E-03     2.498536E+02
  2.261280E-03     2.516334E+02
  2.292769E-03     2.534267E+02
  2.324697E-03     2.552335E+02
  2.357069E-03     2.570541E+02
  2.389893E-03     2.588885E+02
  2.423173E-03     2.607369E+02
  2.456916E-03     2.625992E+02
  2.491130E-03     2.644756E+02
  2.525820E-03     2.663662E+02
  2.560993E-03     2.682712E+02
  2.596656E-03     2.701907E+02
  2.632815E-03     2.721249E+02
  2.669478E-03     2.740738E+02
  2.706652E-03     2.760377E+02
  2.744343E-03     2.780167E+02
  2.782559E-03     2.800108E+02
  2.821308E-03     2.820201E+02
  2.860596E-03     2.840449E+02
  2.900430E-03     2.860852E+02
  2.940820E-03     2.881412E+02
  2.981772E-03     2.902130E+02
  3.023295E-03     2.923009E+02
  3.065395E-03     2.944050E+02
  3.108082E-03     2.965254E+02
  3.151363E-03     2.986624E+02
  3.195248E-03     3.008159E+02
  3.239743E-03     3.029861E+02
  3.284857E-03     3.051732E+02
  3.330600E-03     3.073772E+02
  3.376980E-03     3.095983E+02
  3.424006E-03     3.118367E+02
  3.471687E-03     3.140925E+02
  3.520031E-03     3.163659E+02
  3.569049E-03     3.186571E+02
  3.618750E-03     3.209663E+02
  3.669142E-03     3.232935E+02
  3.720237E-03     3.256388E+02
  3.772042E-03     3.280026E+02
  3.824570E-03     3.303849E+02
  3.877828E-03     3.327859E+02
  3.931829E-03     3.352058E+02
  3.986581E-03     3.376449E+02
  4.042096E-03     3.401033E+02
  4.098384E-03     3.425814E+02
  4.155455E-03     3.450792E+02
  4.213322E-03     3.475968E+02
  4.271994E-03     3.501345E+02
  4.331483E-03     3.526924E+02
  4.391801E-03     3.552707E+02
  4.452959E-03     3.578695E+02
  4.514968E-03     3.604891E+02
  4.577841E-03     3.631296E+02
  4.641589E-03     3.657913E+02
  4.706225E-03     3.684745E+02
  4.771761E-03     3.711793E+02
  4.838210E-03     3.739058E+02
  4.905584E-03     3.766542E+02
  4.973896E-03     3.794247E+02
  5.043159E-03     3.822176E+02
  5.113388E-03     3.850329E+02
  5.184594E-03     3.878710E+02
  5.256791E-03     3.907320E+02
  5.329994E-03     3.936163E+02
  5.404216E-03     3.965240E+02
  5.479472E-03     3.994555E+02
  5.555776E-03     4.024108E+02
  5.633143E-03     4.053902E+02
  5.711586E-03     4.083939E+02
  5.791123E-03     4.114220E+02
  5.871766E-03     4.144750E+02
  5.953533E-03     4.175529E+02
  6.036439E-03     4.206562E+02
  6.120498E-03     4.237850E+02
  6.205729E-03     4.269398E+02
  6.292146E-03     4.301206E+02
  6.379767E-03     4.333278E+02
  6.468608E-03     4.365616E+02
  6.558686E-03     4.398222E+02
  6.650018E-03     4.431098E+02
  6.742622E-03     4.464247E+02
  6.836516E-03     4.497673E+02
  6.931717E-03     4.531378E+02
  7.028244E-03     4.565366E+02
  7.126115E-03     4.599639E+02
  7.225349E-03     4.634201E+02
  7.325965E-03     4.669054E+02
  7.427982E-03     4.704202E+02
  7.531420E-03     4.739645E+02
  7.636298E-03     4.775388E+02
  7.742637E-03     4.811434E+02
  7.850456E-03     4.847785E+02
  7.959777E-03     4.884446E+02
  8.070620E-03     4.921420E+02
  8.183007E-03     4.958710E+02
  8.296959E-03     4.996321E+02
  8.412497E-03     5.034256E+02
  8.529644E-03     5.072516E+02
  8.648423E-03     5.111106E+02
  8.768856E-03     5.150029E+02
  8.890966E-03     5.189289E+02
  9.014776E-03     5.228889E+02
  9.140311E-03     5.268833E+02
  9.267593E-03     5.309126E+02
  9.396648E-03     5.349773E+02
  9.527500E-03     5.390778E+02
  9.660175E-03     5.432143E+02
  9.794697E-03     5.473872E+02
  9.931092E-03     5.515969E+02
  1.006939E-02     5.558439E+02
  1.020961E-02     5.601284E+02
  1.035178E-02     5.644510E+02
  1.049593E-02     5.688121E+02
  1.064209E-02     5.732121E+02
  1.079029E-02     5.776517E+02
  1.094055E-02     5.821313E+02
  1.109290E-02     5.866512E+02
  1.124737E-02     5.912118E+02
  1.140400E-02     5.958135E+02
  1.156280E-02     6.004567E+02
  1.172382E-02     6.051420E+02
  1.188708E-02     6.098696E+02
  1.205261E-02     6.146402E+02
  1.222045E-02     6.194543E+02
  1.239062E-02     6.243124E+02
  1.256317E-02     6.292149E+02
  1.273811E-02     6.341623E+02
  1.291550E-02     6.391549E+02
  1.309535E-02     6.441930E+02
  1.327771E-02     6.492771E+02
  1.346261E-02     6.544076E+02
  1.365008E-02     6.595849E+02
  1.384016E-02     6.648095E+02
  1.403289E-02     6.700817E+02
  1.422830E-02     6.754022E+02
  1.442644E-02     6.807713E+02
  1.462733E-02     6.861893E+02
  1.483103E-02     6.916565E+02
  1.503755E-02     6.971730E+02
  1.524696E-02     7.027392E+02
  1.545928E-02     7.083554E+02
  1.567455E-02     7.140218E+02
  1.589283E-02     7.197387E+02
  1.611414E-02     7.255063E+02
  1.633854E-02     7.313250E+02
  1.656606E-02     7.371951E+02
  1.679675E-02     7.431165E+02
  1.703065E-02     7.490893E+02
  1.726781E-02     7.551135E+02
  1.750827E-02     7.611891E+02
  1.775208E-02     7.673161E+02
  1.799929E-02     7.734945E+02
  1.824993E-02     7.797242E+02
  1.850407E-02     7.860052E+02
  1.876175E-02     7.923374E+02
  1.902301E-02     7.987208E+02
  1.928792E-02     8.051550E+02
  1.955651E-02     8.116397E+02
  1.982884E-02     8.181747E+02
  2.010496E-02     8.247596E+02
  2.038493E-02     8.313941E+02
  2.066880E-02     8.380776E+02
  2.095662E-02     8.448098E+02
  2.124845E-02     8.515902E+02
  2.154435E-02     8.584183E+02
  2.184436E-02     8.652935E+02
  2.214855E-02     8.722153E+02
  2.245698E-02     8.791830E+02
  2.276970E-02     8.861962E+02
  2.308678E-02     8.932541E+02
  2.340827E-02     9.003560E+02
  2.373424E-02     9.075013E+02
  2.406475E-02     9.146891E+02
  2.439986E-02     9.219186E+02
  2.473964E-02     9.291891E+02
  2.508415E-02     9.364996E+02
  2.543346E-02     9.438494E+02
  2.578763E-02     9.512377E+02
  2.614673E-02     9.586638E+02
  2.651084E-02     9.661269E+02
  2.688001E-02     9.736263E+02
  2.725433E-02     9.811610E+02
  2.763385E-02     9.887302E+02
  2.801867E-02     9.963330E+02
  2.840884E-02     1.003969E+03
  2.880444E-02     1.011636E+03
  2.920556E-02     1.019334E+03
  2.961225E-02     1.027063E+03
  3.002462E-02     1.034821E+03
  3.044272E-02     1.042608E+03
  3.086665E-02     1.050423E+03
  3.129648E-02     1.058266E+03
  3.173230E-02     1.066135E+03
  3.217418E-02     1.074031E+03
  3.262222E-02     1.081951E+03
  3.307650E-02     1.089896E+03
  3.353710E-02     1.097865E+03
  3.400412E-02     1.105858E+03
  3.447764E-02     1.113873E+03
  3.495776E-02     1.121910E+03
  3.544456E-02     1.129969E+03
  3.593814E-02     1.138049E+03
  3.643859E-02     1.146150E+03
  3.694601E-02     1.154271E+03
  3.746050E-02     1.162413E+03
  3.798215E-02     1.170574E+03
  3.851107E-02     1.178754E+03
  3.904735E-02     1.186952E+03
  3.959110E-02     1.195169E+03
  4.014242E-02     1.203404E+03
  4.070142E-02     1.211656E+03
  4.126821E-02     1.219924E+03
  4.184289E-02     1.228209E+03
  4.242556E-02     1.236510E+03
  4.301636E-02     1.244828E+03
  4.361538E-02     1.253161E+03
  4.422274E-02     1.261510E+03
  4.483856E-02     1.269875E+03
  4.546295E-02     1.278255E+03
  4.609604E-02     1.286651E+03
  4.673795E-02     1.295061E+03
  4.738880E-02     1.303487E+03
  4.804870E-02     1.311928E+03
  4.871780E-02     1.320385E+03
  4.939622E-02     1.328858E+03
  5.008408E-02     1.337347E+03
  5.078152E-02     1.345854E+03
  5.148867E-02     1.354377E+03
  5.220568E-02     1.362917E+03
  5.293266E-02     1.371473E+03
  5.366977E-02     1.380045E+03
  5.441714E-02     1.388634E+03
  5.517492E-02     1.397240E+03
  5.594326E-02     1.405862E+03
  5.672229E-02     1.414502E+03
  5.751217E-02     1.423161E+03
  5.831305E-02     1.431837E+03
  5.912508E-02     1.440530E+03
  5.994843E-02     1.449240E+03
  6.078323E-02     1.457965E+03
  6.162966E-02     1.466705E+03
  6.248788E-02     1.475459E+03
  6.335805E-02     1.484226E+03
  6.424034E-02     1.493006E+03
  6.513491E-02     1.501797E+03
  6.604194E-02     1.510600E+03
  6.696160E-02     1.519413E+03
  6.789407E-02     1.528235E+03
  6.883952E-02     1.537065E+03
  6.979814E-02     1.545902E+03
  7.077011E-02     1.554745E+03
  7.175561E-02     1.563592E+03
  7.275484E-02     1.572443E+03
  7.376798E-02     1.581296E+03
  7.479523E-02     1.590150E+03
  7.583678E-02     1.599005E+03
  7.689284E-02     1.607859E+03
  7.796360E-02     1.616711E+03
  7.904928E-02     1.625561E+03
  8.015007E-02     1.634406E+03
  8.126619E-02     1.643246E+03
  8.239786E-02     1.652081E+03
  8.354528E-02     1.660909E+03
  8.470868E-02     1.669730E+03
  8.588829E-02     1.678543E+03
  8.708431E-02     1.687347E+03
  8.829700E-02     1.696142E+03
  8.952657E-02     1.704927E+03
  9.077327E-02     1.713702E+03
  9.203732E-02     1.722467E+03
  9.331898E-02     1.731220E+03
  9.461848E-02     1.739963E+03
  9.593608E-02     1.748695E+03
  9.727203E-02     1.757415E+03
  9.862658E-02     1.766126E+03
  1.000000E-01     1.774826E+03
  1.013925E-01     1.783518E+03
  1.028045E-01     1.792200E+03
  1.042361E-01     1.800873E+03
  1.056876E-01     1.809538E+03
  1.071593E-01     1.818194E+03
  1.086516E-01     1.826843E+03
  1.101646E-01     1.835486E+03
  1.116987E-01     1.844123E+03
  1.132541E-01     1.852756E+03
  1.148312E-01     1.861387E+03
  1.164303E-01     1.870018E+03
  1.180517E-01     1.878650E+03
  1.196956E-01     1.887284E+03
  1.213624E-01     1.895921E+03
  1.230524E-01     1.904565E+03
  1.247660E-01     1.913216E+03
  1.265034E-01     1.921878E+03
  1.282650E-01     1.930553E+03
  1.300511E-01     1.939245E+03
  1.318621E-01     1.947956E+03
  1.336984E-01     1.956691E+03
  1.355602E-01     1.965453E+03
  1.374479E-01     1.974241E+03
  1.393619E-01     1.983060E+03
  1.413026E-01     1.991911E+03
  1.432703E-01     2.000797E+03
  1.452654E-01     2.009721E+03
  1.472883E-01     2.018685E+03
  1.493393E-01     2.027694E+03
  1.514189E-01     2.036752E+03
  1.535275E-01     2.045862E+03
  1.556654E-01     2.055029E+03
  1.578331E-01     2.064256E+03
  1.600310E-01     2.073548E+03
  1.622595E-01     2.082908E+03
  1.645191E-01     2.092341E+03
  1.668101E-01     2.101854E+03
  1.691330E-01     2.111450E+03
  1.714882E-01     2.121137E+03
  1.738762E-01     2.130922E+03
  1.762975E-01     2.140810E+03
  1.787526E-01     2.150807E+03
  1.812418E-01     2.160914E+03
  1.837656E-01     2.171135E+03
  1.863246E-01     2.181471E+03
  1.889193E-01     2.191927E+03
  1.915501E-01     2.202504E+03
  1.942175E-01     2.213205E+03
  1.969220E-01     2.224035E+03
  1.996642E-01     2.234997E+03
  2.024447E-01     2.246094E+03
  2.052638E-01     2.257327E+03
  2.081222E-01     2.268697E+03
  2.110203E-01     2.280203E+03
  2.139589E-01     2.291844E+03
  2.169384E-01     2.303619E+03
  2.199593E-01     2.315528E+03
  2.230223E-01     2.327569E+03
  2.261280E-01     2.339740E+03
  2.292769E-01     2.352040E+03
  2.324697E-01     2.364468E+03
  2.357069E-01     2.377022E+03
  2.389893E-01     2.389699E+03
  2.423173E-01     2.402500E+03
  2.456916E-01     2.415422E+03
  2.491130E-01     2.428463E+03
  2.525820E-01     2.441621E+03
  2.560993E-01     2.454894E+03
  2.596656E-01     2.468280E+03
  2.632815E-01     2.481776E+03
  2.669478E-01     2.495378E+03
  2.706652E-01     2.509084E+03
  2.744343E-01     2.522893E+03
  2.782559E-01     2.536803E+03
  2.821308E-01     2.550812E+03
  2.860596E-01     2.564917E+03
  2.900430E-01     2.579118E+03
  2.940820E-01     2.593410E+03
  2.981772E-01     2.607793E+03
  3.023295E-01     2.622263E+03
  3.065395E-01     2.636817E+03
  3.108082E-01     2.651452E+03
  3.151363E-01     2.666169E+03
  3.195248E-01     2.680963E+03
  3.239743E-01     2.695835E+03
  3.284857E-01     2.710783E+03
  3.330600E-01     2.725804E+03
  3.376980E-01     2.740898E+03
  3.424006E-01     2.756061E+03
  3.471687E-01     2.771293E+03
  3.520031E-01     2.786591E+03
  3.569049E-01     2.801954E+03
  3.618750E-01     2.817380E+03
  3.669142E-01     2.832868E+03
  3.720237E-01     2.848417E+03
  3.772042E-01     2.864025E+03
  3.824570E-01     2.879691E+03
  3.877828E-01     2.895414E+03
  3.931829E-01     2.911192E+03
  3.986581E-01     2.927026E+03
  4.042096E-01     2.942912E+03
  4.098384E-01     2.958851E+03
  4.155455E-01     2.974841E+03
  4.213322E-01     2.990878E+03
  4.271994E-01     3.006962E+03
  4.331483E-01     3.023091E+03
  4.391801E-01     3.039262E+03
  4.452959E-01     3.055474E+03
  4.514968E-01     3.071724E+03
  4.577841E-01     3.088011E+03
  4.641589E-01     3.104332E+03
  4.706225E-01     3.120686E+03
  4.771761E-01     3.137070E+03
  4.838210E-01     3.153480E+03
  4.905584E-01     3.169912E+03
  4.973896E-01     3.186363E+03
  5.043159E-01     3.202829E+03
  5.113388E-01     3.219306E+03
  5.184594E-01     3.235792E+03
  5.256791E-01     3.252281E+03
  5.329994E-01     3.268769E+03
  5.404216E-01     3.285254E+03
  5.479472E-01     3.301729E+03
  5.555776E-01     3.318191E+03
  5.633143E-01     3.334634E+03
  5.711586E-01     3.351054E+03
  5.791123E-01     3.367446E+03
  5.871766E-01     3.383804E+03
  5.953533E-01     3.400123E+03
  6.036439E-01     3.416398E+03
  6.120498E-01     3.432623E+03
  6.205729E-01     3.448794E+03
  6.292146E-01     3.464904E+03
  6.379767E-01     3.480951E+03
  6.468608E-01     3.496931E+03
  6.558686E-01     3.512838E+03
  6.650018E-01     3.528669E+03
  6.742622E-01     3.544420E+03
  6.836516E-01     3.560088E+03
  6.931717E-01     3.575668E+03
  7.028244E-01     3.591157E+03
  7.126115E-01     3.606551E+03
  7.225349E-01     3.621847E+03
  7.325965E-01     3.637040E+03
  7.427982E-01     3.652125E+03
  7.531420E-01     3.667099E+03
  7.636298E-01     3.681958E+03
  7.742637E-01     3.696697E+03
  7.850456E-01     3.711313E+03
  7.959777E-01     3.725803E+03
  8.070620E-01     3.740162E+03
  8.183007E-01     3.754389E+03
  8.296959E-01     3.768479E+03
  8.412497E-01     3.782428E+03
  8.529644E-01     3.796232E+03
  8.648423E-01     3.809888E+03
  8.768856E-01     3.823392E+03
  8.890966E-01     3.836740E+03
  9.014776E-01     3.849931E+03
  9.140311E-01     3.862961E+03
  9.267593E-01     3.875828E+03
  9.396648E-01     3.888530E+03
  9.527500E-01     3.901064E+03
  9.660175E-01     3.913427E+03
  9.794697E-01     3.925616E+03
  9.931092E-01     3.937627E+03
  1.006939E+00     3.949458E+03
  1.020961E+00     3.961108E+03
  1.035178E+00     3.972573E+03
  1.049593E+00     3.983853E+03
  1.064209E+00     3.994946E+03
  1.079029E+00     4.005853E+03
  1.094055E+00     4.016572E+03
  1.109290E+00     4.027099E+03
  1.124737E+00     4.037433E+03
  1.140400E+00     4.047570E+03
  1.156280E+00     4.057510E+03
  1.172382E+00     4.067250E+03
  1.188708E+00     4.076789E+03
  1.205261E+00     4.086127E+03
  1.222045E+00     4.095265E+03
  1.239062E+00     4.104202E+03
  1.256317E+00     4.112939E+03
  1.273811E+00     4.121473E+03
  1.291550E+00     4.129802E+03
  1.309535E+00     4.137926E+03
  1.327771E+00     4.145842E+03
  1.346261E+00     4.153550E+03
  1.365008E+00     4.161051E+03
  1.384016E+00     4.168345E+03
  1.403289E+00     4.175434E+03
  1.422830E+00     4.182318E+03
  1.442644E+00     4.189000E+03
  1.462733E+00     4.195476E+03
  1.483103E+00     4.201747E+03
  1.503755E+00     4.207811E+03
  1.524696E+00     4.213666E+03
  1.545928E+00     4.219313E+03
  1.567455E+00     4.224752E+03
  1.589283E+00     4.229984E+03
  1.611414E+00     4.235011E+03
  1.633854E+00     4.239834E+03
  1.656606E+00     4.244455E+03
  1.679675E+00     4.248874E+03
  1.703065E+00     4.253088E+03
  1.726781E+00     4.257098E+03
  1.750827E+00     4.260903E+03
  1.775208E+00     4.264503E+03
  1.799929E+00     4.267900E+03
  1.824993E+00     4.271094E+03
  1.850407E+00     4.274088E+03
  1.876175E+00     4.276884E+03
  1.902301E+00     4.279485E+03
  1.928792E+00     4.281890E+03
  1.955651E+00     4.284097E+03
  1.982884E+00     4.286108E+03
  2.010496E+00     4.287921E+03
  2.038493E+00     4.289537E+03
  2.066880E+00     4.290957E+03
  2.095662E+00     4.292183E+03
  2.124845E+00     4.293216E+03
  2.154435E+00     4.294059E+03
  2.184436E+00     4.294715E+03
  2.214855E+00     4.295183E+03
  2.245698E+00     4.295463E+03
  2.276970E+00     4.295554E+03
  2.308678E+00     4.295455E+03
  2.340827E+00     4.295168E+03
  2.373424E+00     4.294693E+03
  2.406475E+00     4.294031E+03
  2.439986E+00     4.293184E+03
  2.473964E+00     4.292154E+03
  2.508415E+00     4.290943E+03
  2.543346E+00     4.289553E+03
  2.578763E+00     4.287982E+03
  2.614673E+00     4.286230E+03
  2.651084E+00     4.284298E+03
  2.688001E+00     4.282188E+03
  2.725433E+00     4.279899E+03
  2.763385E+00     4.277435E+03
  2.801867E+00     4.274796E+03
  2.840884E+00     4.271987E+03
  2.880444E+00     4.269009E+03
  2.920556E+00     4.265864E+03
  2.961225E+00     4.262549E+03
  3.002462E+00     4.259064E+03
  3.044272E+00     4.255409E+03
  3.086665E+00     4.251584E+03
  3.129648E+00     4.247588E+03
  3.173230E+00     4.243421E+03
  3.217418E+00     4.239085E+03
  3.262222E+00     4.234580E+03
  3.307650E+00     4.229908E+03
  3.353710E+00     4.225069E+03
  3.400412E+00     4.220064E+03
  3.447764E+00     4.214894E+03
  3.495776E+00     4.209561E+03
  3.544456E+00     4.204065E+03
  3.593814E+00     4.198409E+03
  3.643859E+00     4.192596E+03
  3.694601E+00     4.186628E+03
  3.746050E+00     4.180508E+03
  3.798215E+00     4.174242E+03
  3.851107E+00     4.167829E+03
  3.904735E+00     4.161268E+03
  3.959110E+00     4.154560E+03
  4.014242E+00     4.147703E+03
  4.070142E+00     4.140696E+03
  4.126821E+00     4.133540E+03
  4.184289E+00     4.126234E+03
  4.242556E+00     4.118777E+03
  4.301636E+00     4.111171E+03
  4.361538E+00     4.103415E+03
  4.422274E+00     4.095511E+03
  4.483856E+00     4.087457E+03
  4.546295E+00     4.079255E+03
  4.609604E+00     4.070906E+03
  4.673795E+00     4.062409E+03
  4.738880E+00     4.053767E+03
  4.804870E+00     4.044981E+03
  4.871780E+00     4.036052E+03
  4.939622E+00     4.026984E+03
  5.008408E+00     4.017777E+03
  5.078152E+00     4.008434E+03
  5.148867E+00     3.998955E+03
  5.220568E+00     3.989342E+03
  5.293266E+00     3.979594E+03
  5.366977E+00     3.969713E+03
  5.441714E+00     3.959700E+03
  5.517492E+00     3.949557E+03
  5.594326E+00     3.939285E+03
  5.672229E+00     3.928886E+03
  5.751217E+00     3.918363E+03
  5.831305E+00     3.907718E+03
  5.912508E+00     3.896949E+03
  5.994843E+00     3.886058E+03
  6.078323E+00     3.875045E+03
  6.162966E+00     3.863909E+03
  6.248788E+00     3.852652E+03
  6.335805E+00     3.841273E+03
  6.424034E+00     3.829774E+03
  6.513491E+00     3.818154E+03
  6.604194E+00     3.806416E+03
  6.696160E+00     3.794559E+03
  6.789407E+00     3.782584E+03
  6.883952E+00     3.770493E+03
  6.979814E+00     3.758287E+03
  7.077011E+00     3.745965E+03
  7.175561E+00     3.733531E+03
  7.275484E+00     3.720984E+03
  7.376798E+00     3.708326E+03
  7.479523E+00     3.695560E+03
  7.583678E+00     3.682687E+03
  7.689284E+00     3.669709E+03
  7.796360E+00     3.656626E+03
  7.904928E+00     3.643440E+03
  8.015007E+00     3.630151E+03
  8.126619E+00     3.616761E+03
  8.239786E+00     3.603270E+03
  8.354528E+00     3.589680E+03
  8.470868E+00     3.575991E+03
  8.588829E+00     3.562207E+03
  8.708431E+00     3.548327E+03
  8.829700E+00     3.534354E+03
  8.952657E+00     3.520288E+03
  9.077327E+00     3.506132E+03
  9.203732E+00     3.491885E+03
  9.331898E+00     3.477551E+03
  9.461848E+00     3.463129E+03
  9.593608E+00     3.448622E+03
  9.727203E+00     3.434031E+03
  9.862658E+00     3.419358E+03
  1.000000E+01     3.404605E+03
  1.013925E+01     3.389773E+03
  1.028045E+01     3.374865E+03
  1.042361E+01     3.359880E+03
  1.056876E+01     3.344820E+03
  1.071593E+01     3.329686E+03
  1.086516E+01     3.314480E+03
  1.101646E+01     3.299203E+03
  1.116987E+01     3.283856E+03
  1.132541E+01     3.268440E+03
  1.148312E+01     3.252957E+03
  1.164303E+01     3.237408E+03
  1.180517E+01     3.221794E+03
  1.196956E+01     3.206117E+03
  1.213624E+01     3.190379E+03
  1.230524E+01     3.174582E+03
  1.247660E+01     3.158726E+03
  1.265034E+01     3.142814E+03
  1.282650E+01     3.126847E+03
  1.300511E+01     3.110827E+03
  1.318621E+01     3.094756E+03
  1.336984E+01     3.078636E+03
  1.355602E+01     3.062467E+03
  1.374479E+01     3.046252E+03
  1.393619E+01     3.029993E+03
  1.413026E+01     3.013690E+03
  1.432703E+01     2.997347E+03
  1.452654E+01     2.980963E+03
  1.472883E+01     2.964541E+03
  1.493393E+01     2.948083E+03
  1.514189E+01     2.931589E+03
  1.535275E+01     2.915061E+03
  1.556654E+01     2.898500E+03
  1.578331E+01     2.881910E+03
  1.600310E+01     2.865291E+03
  1.622595E+01     2.848646E+03
  1.645191E+01     2.831976E+03
  1.668101E+01     2.815283E+03
  1.691330E+01     2.798569E+03
  1.714882E+01     2.781835E+03
  1.738762E+01     2.765083E+03
  1.762975E+01     2.748315E+03
  1.787526E+01     2.731532E+03
  1.812418E+01     2.714736E+03
  1.837656E+01     2.697929E+03
  1.863246E+01     2.681113E+03
  1.889193E+01     2.664290E+03
  1.915501E+01     2.647461E+03
  1.942175E+01     2.630628E+03
  1.969220E+01     2.613793E+03
  1.996642E+01     2.596955E+03
  2.024447E+01     2.580117E+03
  2.052638E+01     2.563280E+03
  2.081222E+01     2.546447E+03
  2.110203E+01     2.529618E+03
  2.139589E+01     2.512796E+03
  2.169384E+01     2.495983E+03
  2.199593E+01     2.479180E+03
  2.230223E+01     2.462389E+03
  2.261280E+01     2.445611E+03
  2.292769E+01     2.428847E+03
  2.324697E+01     2.412097E+03
  2.357069E+01     2.395364E+03
  2.389893E+01     2.378649E+03
  2.423173E+01     2.361956E+03
  2.456916E+01     2.345286E+03
  2.491130E+01     2.328642E+03
  2.525820E+01     2.312026E+03
  2.560993E+01     2.295439E+03
  2.596656E+01     2.278884E+03
  2.632815E+01     2.262361E+03
  2.669478E+01     2.245873E+03
  2.706652E+01     2.229420E+03
  2.744343E+01     2.213005E+03
  2.782559E+01     2.196629E+03
  2.821308E+01     2.180294E+03
  2.860596E+01     2.164001E+03
  2.900430E+01     2.147751E+03
  2.940820E+01     2.131545E+03
  2.981772E+01     2.115383E+03
  3.023295E+01     2.099265E+03
  3.065395E+01     2.083192E+03
  3.108082E+01     2.067163E+03
  3.151363E+01     2.051181E+03
  3.195248E+01     2.035248E+03
  3.239743E+01     2.019367E+03
  3.284857E+01     2.003538E+03
  3.330600E+01     1.987764E+03
  3.376980E+01     1.972047E+03
  3.424006E+01     1.956386E+03
  3.471687E+01     1.940784E+03
  3.520031E+01     1.925241E+03
  3.569049E+01     1.909758E+03
  3.618750E+01     1.894336E+03
  3.669142E+01     1.878977E+03
  3.720237E+01     1.863685E+03
  3.772042E+01     1.848459E+03
  3.824570E+01     1.833302E+03
  3.877828E+01     1.818214E+03
  3.931829E+01     1.803196E+03
  3.986581E+01     1.788248E+03
  4.042096E+01     1.773371E+03
  4.098384E+01     1.758563E+03
  4.155455E+01     1.743829E+03
  4.213322E+01     1.729167E+03
  4.271994E+01     1.714582E+03
  4.331483E+01     1.700073E+03
  4.391801E+01     1.685641E+03
  4.452959E+01     1.671288E+03
  4.514968E+01     1.657013E+03
  4.577841E+01     1.642816E+03
  4.641589E+01     1.628697E+03
  4.706225E+01     1.614655E+03
  4.771761E+01     1.600693E+03
  4.838210E+01     1.586810E+03
  4.905584E+01     1.573011E+03
  4.973896E+01     1.559294E+03
  5.043159E+01     1.545662E+03
  5.113388E+01     1.532116E+03
  5.184594E+01     1.518655E+03
  5.256791E+01     1.505279E+03
  5.329994E+01     1.491988E+03
  5.404216E+01     1.478782E+03
  5.479472E+01     1.465662E+03
  5.555776E+01     1.452629E+03
  5.633143E+01     1.439684E+03
  5.711586E+01     1.426829E+03
  5.791123E+01     1.414064E+03
  5.871766E+01     1.401389E+03
  5.953533E+01     1.388805E+03
  6.036439E+01     1.376310E+03
  6.120498E+01     1.363904E+03
  6.205729E+01     1.351586E+03
  6.292146E+01     1.339357E+03
  6.379767E+01     1.327218E+03
  6.468608E+01     1.315170E+03
  6.558686E+01     1.303214E+03
  6.650018E+01     1.291350E+03
  6.742622E+01     1.279580E+03
  6.836516E+01     1.267903E+03
  6.931717E+01     1.256318E+03
  7.028244E+01     1.244824E+03
  7.126115E+01     1.233420E+03
  7.225349E+01     1.222107E+03
  7.325965E+01     1.210885E+03
  7.427982E+01     1.199757E+03
  7.531420E+01     1.188721E+03
  7.636298E+01     1.177779E+03
  7.742637E+01     1.166931E+03
  7.850456E+01     1.156176E+03
  7.959777E+01     1.145514E+03
  8.070620E+01     1.134943E+03
  8.183007E+01     1.124462E+03
  8.296959E+01     1.114070E+03
  8.412497E+01     1.103769E+03
  8.529644E+01     1.093560E+03
  8.648423E+01     1.083443E+03
  8.768856E+01     1.073419E+03
  8.890966E+01     1.063487E+03
  9.014776E+01     1.053647E+03
  9.140311E+01     1.043899E+03
  9.267593E+01     1.034241E+03
  9.396648E+01     1.024671E+03
  9.527500E+01     1.015189E+03
  9.660175E+01     1.005796E+03
  9.794697E+01     9.964929E+02
  9.931092E+01     9.872797E+02
  1.006939E+02     9.781566E+02
  1.020961E+02     9.691235E+02
  1.035178E+02     9.601796E+02
  1.049593E+02     9.513240E+02
  1.064209E+02     9.425552E+02
  1.079029E+02     9.338713E+02
  1.094055E+02     9.252717E+02
  1.109290E+02     9.167571E+02
  1.124737E+02     9.083281E+02
  1.140400E+02     8.999851E+02
  1.156280E+02     8.917280E+02
  1.172382E+02     8.835568E+02
  1.188708E+02     8.754706E+02
  1.205261E+02     8.674685E+02
  1.222045E+02     8.595492E+02
  1.239062E+02     8.517107E+02
  1.256317E+02     8.439522E+02
  1.273811E+02     8.362742E+02
  1.291550E+02     8.286775E+02
  1.309535E+02     8.211622E+02
  1.327771E+02     8.137283E+02
  1.346261E+02     8.063757E+02
  1.365008E+02     7.991037E+02
  1.384016E+02     7.919113E+02
  1.403289E+02     7.847972E+02
  1.422830E+02     7.777597E+02
  1.442644E+02     7.707976E+02
  1.462733E+02     7.639115E+02
  1.483103E+02     7.571016E+02
  1.503755E+02     7.503681E+02
  1.524696E+02     7.437109E+02
  1.545928E+02     7.371295E+02
  1.567455E+02     7.306233E+02
  1.589283E+02     7.241911E+02
  1.611414E+02     7.178316E+02
  1.633854E+02     7.115429E+02
  1.656606E+02     7.053236E+02
  1.679675E+02     6.991741E+02
  1.703065E+02     6.930948E+02
  1.726781E+02     6.870858E+02
  1.750827E+02     6.811470E+02
  1.775208E+02     6.752781E+02
  1.799929E+02     6.694784E+02
  1.824993E+02     6.637472E+02
  1.850407E+02     6.580830E+02
  1.876175E+02     6.524843E+02
  1.902301E+02     6.469498E+02
  1.928792E+02     6.414797E+02
  1.955651E+02     6.360742E+02
  1.982884E+02     6.307335E+02
  2.010496E+02     6.254574E+02
  2.038493E+02     6.202458E+02
  2.066880E+02     6.150979E+02
  2.095662E+02     6.100129E+02
  2.124845E+02     6.049897E+02
  2.154435E+02     6.000267E+02
  2.184436E+02     5.951226E+02
  2.214855E+02     5.902774E+02
  2.245698E+02     5.854914E+02
  2.276970E+02     5.807647E+02
  2.308678E+02     5.760973E+02
  2.340827E+02     5.714888E+02
  2.373424E+02     5.669387E+02
  2.406475E+02     5.624463E+02
  2.439986E+02     5.580104E+02
  2.473964E+02     5.536297E+02
  2.508415E+02     5.493029E+02
  2.543346E+02     5.450297E+02
  2.578763E+02     5.408103E+02
  2.614673E+02     5.366446E+02
  2.651084E+02     5.325324E+02
  2.688001E+02     5.284732E+02
  2.725433E+02     5.244663E+02
  2.763385E+02     5.205108E+02
  2.801867E+02     5.166055E+02
  2.840884E+02     5.127488E+02
  2.880444E+02     5.089394E+02
  2.920556E+02     5.051771E+02
  2.961225E+02     5.014623E+02
  3.002462E+02     4.977954E+02
  3.044272E+02     4.941765E+02
  3.086665E+02     4.906058E+02
  3.129648E+02     4.870830E+02
  3.173230E+02     4.836080E+02
  3.217418E+02     4.801801E+02
  3.262222E+02     4.767989E+02
  3.307650E+02     4.734633E+02
  3.353710E+02     4.701733E+02
  3.400412E+02     4.669287E+02
  3.447764E+02     4.637295E+02
  3.495776E+02     4.605753E+02
  3.544456E+02     4.574656E+02
  3.593814E+02     4.543998E+02
  3.643859E+02     4.513771E+02
  3.694601E+02     4.483962E+02
  3.746050E+02     4.454559E+02
  3.798215E+02     4.425546E+02
  3.851107E+02     4.396918E+02
  3.904735E+02     4.368678E+02
  3.959110E+02     4.340827E+02
  4.014242E+02     4.313364E+02
  4.070142E+02     4.286288E+02
  4.126821E+02     4.259597E+02
  4.184289E+02     4.233285E+02
  4.242556E+02     4.207346E+02
  4.301636E+02     4.181774E+02
  4.361538E+02     4.156558E+02
  4.422274E+02     4.131696E+02
  4.483856E+02     4.107189E+02
  4.546295E+02     4.083040E+02
  4.609604E+02     4.059248E+02
  4.673795E+02     4.035815E+02
  4.738880E+02     4.012737E+02
  4.804870E+02     3.990013E+02
  4.871780E+02     3.967638E+02
  4.939622E+02     3.945605E+02
  5.008408E+02     3.923908E+02
  5.078152E+02     3.902543E+02
  5.148867E+02     3.881509E+02
  5.220568E+02     3.860808E+02
  5.293266E+02     3.840436E+02
  5.366977E+02     3.820392E+02
  5.441714E+02     3.800671E+02
  5.517492E+02     3.781269E+02
  5.594326E+02     3.762178E+02
  5.672229E+02     3.743390E+02
  5.751217E+02     3.724895E+02
  5.831305E+02     3.706686E+02
  5.912508E+02     3.688764E+02
  5.994843E+02     3.671128E+02
  6.078323E+02     3.653778E+02
  6.162966E+02     3.636709E+02
  6.248788E+02     3.619920E+02
  6.335805E+02     3.603406E+02
  6.424034E+02     3.587161E+02
  6.513491E+02     3.571177E+02
  6.604194E+02     3.555446E+02
  6.696160E+02     3.539962E+02
  6.789407E+02     3.524726E+02
  6.883952E+02     3.509742E+02
  6.979814E+02     3.495009E+02
  7.077011E+02     3.480528E+02
  7.175561E+02     3.466299E+02
  7.275484E+02     3.452320E+02
  7.376798E+02     3.438591E+02
  7.479523E+02     3.425107E+02
  7.583678E+02     3.411865E+02
  7.689284E+02     3.398862E+02
  7.796360E+02     3.386103E+02
  7.904928E+02     3.373590E+02
  8.015007E+02     3.361327E+02
  8.126619E+02     3.349318E+02
  8.239786E+02     3.337564E+02
  8.354528E+02     3.326068E+02
  8.470868E+02     3.314831E+02
  8.588829E+02     3.303854E+02
  8.708431E+02     3.293137E+02
  8.829700E+02     3.282675E+02
  8.952657E+02     3.272445E+02
  9.077327E+02     3.262421E+02
  9.203732E+02     3.252573E+02
  9.331898E+02     3.242867E+02
  9.461848E+02     3.233268E+02
  9.593608E+02     3.223735E+02
  9.727203E+02     3.214224E+02
  9.862658E+02     3.204687E+02
  1.000000E+03     3.195073E+02
