FILE CREATED BY  : PROGRAM DPASS - VERSION 2.00
DATABASE VERSION : 21.06
DATE AND TIME    : 09/08/2022 23:22:32
PROJECTILE       : La
TARGET           : Nb
TARGET AT. MASS  : 9.290640E+01
TARGET DENSITY   : 8.570000E+00 g/cm^3
TABULATED OUTPUT : STOPPING FORCE VERSUS ENERGY
DATA TYPE        : SPLINE INTERPOLATED
ABSCISSA UNITS   : MeV/u
ORDINATE UNITS   : eV/nm


      E/n             S(E/n)

  1.000000E-03     9.922618E+02
  1.013925E-03     9.990082E+02
  1.028045E-03     1.005844E+03
  1.042361E-03     1.012765E+03
  1.056876E-03     1.019767E+03
  1.071593E-03     1.026845E+03
  1.086516E-03     1.033995E+03
  1.101646E-03     1.041210E+03
  1.116987E-03     1.048485E+03
  1.132541E-03     1.055813E+03
  1.148312E-03     1.063187E+03
  1.164303E-03     1.070599E+03
  1.180517E-03     1.078050E+03
  1.196956E-03     1.085541E+03
  1.213624E-03     1.093074E+03
  1.230524E-03     1.100651E+03
  1.247660E-03     1.108273E+03
  1.265034E-03     1.115944E+03
  1.282650E-03     1.123665E+03
  1.300511E-03     1.131440E+03
  1.318621E-03     1.139272E+03
  1.336984E-03     1.147163E+03
  1.355602E-03     1.155115E+03
  1.374479E-03     1.163126E+03
  1.393619E-03     1.171198E+03
  1.413026E-03     1.179330E+03
  1.432703E-03     1.187521E+03
  1.452654E-03     1.195772E+03
  1.472883E-03     1.204082E+03
  1.493393E-03     1.212451E+03
  1.514189E-03     1.220878E+03
  1.535275E-03     1.229364E+03
  1.556654E-03     1.237908E+03
  1.578331E-03     1.246512E+03
  1.600310E-03     1.255174E+03
  1.622595E-03     1.263897E+03
  1.645191E-03     1.272681E+03
  1.668101E-03     1.281525E+03
  1.691330E-03     1.290432E+03
  1.714882E-03     1.299402E+03
  1.738762E-03     1.308435E+03
  1.762975E-03     1.317533E+03
  1.787526E-03     1.326696E+03
  1.812418E-03     1.335925E+03
  1.837656E-03     1.345219E+03
  1.863246E-03     1.354580E+03
  1.889193E-03     1.364007E+03
  1.915501E-03     1.373500E+03
  1.942175E-03     1.383061E+03
  1.969220E-03     1.392690E+03
  1.996642E-03     1.402387E+03
  2.024447E-03     1.412153E+03
  2.052638E-03     1.421988E+03
  2.081222E-03     1.431893E+03
  2.110203E-03     1.441868E+03
  2.139589E-03     1.451914E+03
  2.169384E-03     1.462030E+03
  2.199593E-03     1.472219E+03
  2.230223E-03     1.482480E+03
  2.261280E-03     1.492813E+03
  2.292769E-03     1.503221E+03
  2.324697E-03     1.513702E+03
  2.357069E-03     1.524260E+03
  2.389893E-03     1.534892E+03
  2.423173E-03     1.545601E+03
  2.456916E-03     1.556385E+03
  2.491130E-03     1.567247E+03
  2.525820E-03     1.578186E+03
  2.560993E-03     1.589202E+03
  2.596656E-03     1.600297E+03
  2.632815E-03     1.611471E+03
  2.669478E-03     1.622725E+03
  2.706652E-03     1.634059E+03
  2.744343E-03     1.645474E+03
  2.782559E-03     1.656971E+03
  2.821308E-03     1.668550E+03
  2.860596E-03     1.680211E+03
  2.900430E-03     1.691956E+03
  2.940820E-03     1.703784E+03
  2.981772E-03     1.715698E+03
  3.023295E-03     1.727697E+03
  3.065395E-03     1.739783E+03
  3.108082E-03     1.751957E+03
  3.151363E-03     1.764219E+03
  3.195248E-03     1.776569E+03
  3.239743E-03     1.789008E+03
  3.284857E-03     1.801537E+03
  3.330600E-03     1.814156E+03
  3.376980E-03     1.826866E+03
  3.424006E-03     1.839667E+03
  3.471687E-03     1.852561E+03
  3.520031E-03     1.865548E+03
  3.569049E-03     1.878629E+03
  3.618750E-03     1.891804E+03
  3.669142E-03     1.905075E+03
  3.720237E-03     1.918441E+03
  3.772042E-03     1.931904E+03
  3.824570E-03     1.945464E+03
  3.877828E-03     1.959121E+03
  3.931829E-03     1.972878E+03
  3.986581E-03     1.986733E+03
  4.042096E-03     2.000689E+03
  4.098384E-03     2.014747E+03
  4.155455E-03     2.028907E+03
  4.213322E-03     2.043170E+03
  4.271994E-03     2.057535E+03
  4.331483E-03     2.072005E+03
  4.391801E-03     2.086580E+03
  4.452959E-03     2.101260E+03
  4.514968E-03     2.116046E+03
  4.577841E-03     2.130940E+03
  4.641589E-03     2.145942E+03
  4.706225E-03     2.161054E+03
  4.771761E-03     2.176277E+03
  4.838210E-03     2.191610E+03
  4.905584E-03     2.207055E+03
  4.973896E-03     2.222613E+03
  5.043159E-03     2.238284E+03
  5.113388E-03     2.254069E+03
  5.184594E-03     2.269971E+03
  5.256791E-03     2.285989E+03
  5.329994E-03     2.302125E+03
  5.404216E-03     2.318380E+03
  5.479472E-03     2.334756E+03
  5.555776E-03     2.351253E+03
  5.633143E-03     2.367870E+03
  5.711586E-03     2.384610E+03
  5.791123E-03     2.401473E+03
  5.871766E-03     2.418459E+03
  5.953533E-03     2.435570E+03
  6.036439E-03     2.452807E+03
  6.120498E-03     2.470170E+03
  6.205729E-03     2.487661E+03
  6.292146E-03     2.505280E+03
  6.379767E-03     2.523029E+03
  6.468608E-03     2.540909E+03
  6.558686E-03     2.558919E+03
  6.650018E-03     2.577062E+03
  6.742622E-03     2.595338E+03
  6.836516E-03     2.613748E+03
  6.931717E-03     2.632295E+03
  7.028244E-03     2.650978E+03
  7.126115E-03     2.669801E+03
  7.225349E-03     2.688763E+03
  7.325965E-03     2.707866E+03
  7.427982E-03     2.727111E+03
  7.531420E-03     2.746498E+03
  7.636298E-03     2.766029E+03
  7.742637E-03     2.785705E+03
  7.850456E-03     2.805527E+03
  7.959777E-03     2.825497E+03
  8.070620E-03     2.845616E+03
  8.183007E-03     2.865885E+03
  8.296959E-03     2.886307E+03
  8.412497E-03     2.906881E+03
  8.529644E-03     2.927608E+03
  8.648423E-03     2.948490E+03
  8.768856E-03     2.969527E+03
  8.890966E-03     2.990720E+03
  9.014776E-03     3.012070E+03
  9.140311E-03     3.033579E+03
  9.267593E-03     3.055247E+03
  9.396648E-03     3.077077E+03
  9.527500E-03     3.099069E+03
  9.660175E-03     3.121224E+03
  9.794697E-03     3.143544E+03
  9.931092E-03     3.166031E+03
  1.006939E-02     3.188684E+03
  1.020961E-02     3.211507E+03
  1.035178E-02     3.234500E+03
  1.049593E-02     3.257665E+03
  1.064209E-02     3.281004E+03
  1.079029E-02     3.304521E+03
  1.094055E-02     3.328215E+03
  1.109290E-02     3.352088E+03
  1.124737E-02     3.376141E+03
  1.140400E-02     3.400375E+03
  1.156280E-02     3.424791E+03
  1.172382E-02     3.449390E+03
  1.188708E-02     3.474173E+03
  1.205261E-02     3.499143E+03
  1.222045E-02     3.524300E+03
  1.239062E-02     3.549646E+03
  1.256317E-02     3.575183E+03
  1.273811E-02     3.600912E+03
  1.291550E-02     3.626833E+03
  1.309535E-02     3.652949E+03
  1.327771E-02     3.679260E+03
  1.346261E-02     3.705769E+03
  1.365008E-02     3.732476E+03
  1.384016E-02     3.759384E+03
  1.403289E-02     3.786494E+03
  1.422830E-02     3.813808E+03
  1.442644E-02     3.841329E+03
  1.462733E-02     3.869057E+03
  1.483103E-02     3.896994E+03
  1.503755E-02     3.925141E+03
  1.524696E-02     3.953498E+03
  1.545928E-02     3.982067E+03
  1.567455E-02     4.010851E+03
  1.589283E-02     4.039849E+03
  1.611414E-02     4.069065E+03
  1.633854E-02     4.098500E+03
  1.656606E-02     4.128156E+03
  1.679675E-02     4.158035E+03
  1.703065E-02     4.188136E+03
  1.726781E-02     4.218463E+03
  1.750827E-02     4.249017E+03
  1.775208E-02     4.279798E+03
  1.799929E-02     4.310810E+03
  1.824993E-02     4.342054E+03
  1.850407E-02     4.373532E+03
  1.876175E-02     4.405247E+03
  1.902301E-02     4.437201E+03
  1.928792E-02     4.469395E+03
  1.955651E-02     4.501831E+03
  1.982884E-02     4.534509E+03
  2.010496E-02     4.567432E+03
  2.038493E-02     4.600601E+03
  2.066880E-02     4.634017E+03
  2.095662E-02     4.667682E+03
  2.124845E-02     4.701599E+03
  2.154435E-02     4.735769E+03
  2.184436E-02     4.770195E+03
  2.214855E-02     4.804878E+03
  2.245698E-02     4.839819E+03
  2.276970E-02     4.875019E+03
  2.308678E-02     4.910480E+03
  2.340827E-02     4.946202E+03
  2.373424E-02     4.982188E+03
  2.406475E-02     5.018439E+03
  2.439986E-02     5.054956E+03
  2.473964E-02     5.091743E+03
  2.508415E-02     5.128801E+03
  2.543346E-02     5.166131E+03
  2.578763E-02     5.203737E+03
  2.614673E-02     5.241619E+03
  2.651084E-02     5.279779E+03
  2.688001E-02     5.318222E+03
  2.725433E-02     5.356948E+03
  2.763385E-02     5.395961E+03
  2.801867E-02     5.435264E+03
  2.840884E-02     5.474860E+03
  2.880444E-02     5.514754E+03
  2.920556E-02     5.554946E+03
  2.961225E-02     5.595437E+03
  3.002462E-02     5.636228E+03
  3.044272E-02     5.677320E+03
  3.086665E-02     5.718715E+03
  3.129648E-02     5.760413E+03
  3.173230E-02     5.802415E+03
  3.217418E-02     5.844724E+03
  3.262222E-02     5.887340E+03
  3.307650E-02     5.930265E+03
  3.353710E-02     5.973502E+03
  3.400412E-02     6.017051E+03
  3.447764E-02     6.060915E+03
  3.495776E-02     6.105096E+03
  3.544456E-02     6.149595E+03
  3.593814E-02     6.194416E+03
  3.643859E-02     6.239560E+03
  3.694601E-02     6.285032E+03
  3.746050E-02     6.330834E+03
  3.798215E-02     6.376969E+03
  3.851107E-02     6.423441E+03
  3.904735E-02     6.470250E+03
  3.959110E-02     6.517397E+03
  4.014242E-02     6.564885E+03
  4.070142E-02     6.612715E+03
  4.126821E-02     6.660889E+03
  4.184289E-02     6.709408E+03
  4.242556E-02     6.758277E+03
  4.301636E-02     6.807496E+03
  4.361538E-02     6.857069E+03
  4.422274E-02     6.906998E+03
  4.483856E-02     6.957285E+03
  4.546295E-02     7.007932E+03
  4.609604E-02     7.058942E+03
  4.673795E-02     7.110317E+03
  4.738880E-02     7.162060E+03
  4.804870E-02     7.214174E+03
  4.871780E-02     7.266662E+03
  4.939622E-02     7.319529E+03
  5.008408E-02     7.372778E+03
  5.078152E-02     7.426413E+03
  5.148867E-02     7.480435E+03
  5.220568E-02     7.534847E+03
  5.293266E-02     7.589651E+03
  5.366977E-02     7.644848E+03
  5.441714E-02     7.700443E+03
  5.517492E-02     7.756438E+03
  5.594326E-02     7.812836E+03
  5.672229E-02     7.869641E+03
  5.751217E-02     7.926857E+03
  5.831305E-02     7.984487E+03
  5.912508E-02     8.042533E+03
  5.994843E-02     8.100996E+03
  6.078323E-02     8.159878E+03
  6.162966E-02     8.219181E+03
  6.248788E-02     8.278907E+03
  6.335805E-02     8.339059E+03
  6.424034E-02     8.399638E+03
  6.513491E-02     8.460649E+03
  6.604194E-02     8.522094E+03
  6.696160E-02     8.583976E+03
  6.789407E-02     8.646296E+03
  6.883952E-02     8.709056E+03
  6.979814E-02     8.772256E+03
  7.077011E-02     8.835899E+03
  7.175561E-02     8.899987E+03
  7.275484E-02     8.964520E+03
  7.376798E-02     9.029502E+03
  7.479523E-02     9.094936E+03
  7.583678E-02     9.160824E+03
  7.689284E-02     9.227168E+03
  7.796360E-02     9.293971E+03
  7.904928E-02     9.361234E+03
  8.015007E-02     9.428959E+03
  8.126619E-02     9.497148E+03
  8.239786E-02     9.565804E+03
  8.354528E-02     9.634929E+03
  8.470868E-02     9.704527E+03
  8.588829E-02     9.774602E+03
  8.708431E-02     9.845156E+03
  8.829700E-02     9.916194E+03
  8.952657E-02     9.987719E+03
  9.077327E-02     1.005973E+04
  9.203732E-02     1.013224E+04
  9.331898E-02     1.020524E+04
  9.461848E-02     1.027873E+04
  9.593608E-02     1.035273E+04
  9.727203E-02     1.042723E+04
  9.862658E-02     1.050225E+04
  1.000000E-01     1.057777E+04
  1.013925E-01     1.065382E+04
  1.028045E-01     1.073039E+04
  1.042361E-01     1.080749E+04
  1.056876E-01     1.088512E+04
  1.071593E-01     1.096329E+04
  1.086516E-01     1.104199E+04
  1.101646E-01     1.112124E+04
  1.116987E-01     1.120104E+04
  1.132541E-01     1.128139E+04
  1.148312E-01     1.136231E+04
  1.164303E-01     1.144380E+04
  1.180517E-01     1.152586E+04
  1.196956E-01     1.160850E+04
  1.213624E-01     1.169173E+04
  1.230524E-01     1.177554E+04
  1.247660E-01     1.185995E+04
  1.265034E-01     1.194495E+04
  1.282650E-01     1.203057E+04
  1.300511E-01     1.211679E+04
  1.318621E-01     1.220364E+04
  1.336984E-01     1.229112E+04
  1.355602E-01     1.237924E+04
  1.374479E-01     1.246800E+04
  1.393619E-01     1.255740E+04
  1.413026E-01     1.264746E+04
  1.432703E-01     1.273817E+04
  1.452654E-01     1.282955E+04
  1.472883E-01     1.292160E+04
  1.493393E-01     1.301433E+04
  1.514189E-01     1.310776E+04
  1.535275E-01     1.320188E+04
  1.556654E-01     1.329670E+04
  1.578331E-01     1.339224E+04
  1.600310E-01     1.348850E+04
  1.622595E-01     1.358548E+04
  1.645191E-01     1.368319E+04
  1.668101E-01     1.378164E+04
  1.691330E-01     1.388083E+04
  1.714882E-01     1.398078E+04
  1.738762E-01     1.408150E+04
  1.762975E-01     1.418299E+04
  1.787526E-01     1.428527E+04
  1.812418E-01     1.438833E+04
  1.837656E-01     1.449219E+04
  1.863246E-01     1.459685E+04
  1.889193E-01     1.470232E+04
  1.915501E-01     1.480861E+04
  1.942175E-01     1.491572E+04
  1.969220E-01     1.502366E+04
  1.996642E-01     1.513245E+04
  2.024447E-01     1.524209E+04
  2.052638E-01     1.535259E+04
  2.081222E-01     1.546396E+04
  2.110203E-01     1.557618E+04
  2.139589E-01     1.568926E+04
  2.169384E-01     1.580321E+04
  2.199593E-01     1.591803E+04
  2.230223E-01     1.603371E+04
  2.261280E-01     1.615026E+04
  2.292769E-01     1.626769E+04
  2.324697E-01     1.638598E+04
  2.357069E-01     1.650515E+04
  2.389893E-01     1.662520E+04
  2.423173E-01     1.674612E+04
  2.456916E-01     1.686792E+04
  2.491130E-01     1.699060E+04
  2.525820E-01     1.711416E+04
  2.560993E-01     1.723861E+04
  2.596656E-01     1.736393E+04
  2.632815E-01     1.749015E+04
  2.669478E-01     1.761725E+04
  2.706652E-01     1.774524E+04
  2.744343E-01     1.787413E+04
  2.782559E-01     1.800391E+04
  2.821308E-01     1.813458E+04
  2.860596E-01     1.826614E+04
  2.900430E-01     1.839860E+04
  2.940820E-01     1.853195E+04
  2.981772E-01     1.866620E+04
  3.023295E-01     1.880135E+04
  3.065395E-01     1.893739E+04
  3.108082E-01     1.907434E+04
  3.151363E-01     1.921219E+04
  3.195248E-01     1.935091E+04
  3.239743E-01     1.949051E+04
  3.284857E-01     1.963097E+04
  3.330600E-01     1.977228E+04
  3.376980E-01     1.991443E+04
  3.424006E-01     2.005742E+04
  3.471687E-01     2.020122E+04
  3.520031E-01     2.034582E+04
  3.569049E-01     2.049123E+04
  3.618750E-01     2.063743E+04
  3.669142E-01     2.078443E+04
  3.720237E-01     2.093223E+04
  3.772042E-01     2.108085E+04
  3.824570E-01     2.123029E+04
  3.877828E-01     2.138055E+04
  3.931829E-01     2.153164E+04
  3.986581E-01     2.168358E+04
  4.042096E-01     2.183638E+04
  4.098384E-01     2.199004E+04
  4.155455E-01     2.214458E+04
  4.213322E-01     2.229999E+04
  4.271994E-01     2.245627E+04
  4.331483E-01     2.261343E+04
  4.391801E-01     2.277148E+04
  4.452959E-01     2.293042E+04
  4.514968E-01     2.309026E+04
  4.577841E-01     2.325100E+04
  4.641589E-01     2.341266E+04
  4.706225E-01     2.357523E+04
  4.771761E-01     2.373871E+04
  4.838210E-01     2.390305E+04
  4.905584E-01     2.406823E+04
  4.973896E-01     2.423421E+04
  5.043159E-01     2.440096E+04
  5.113388E-01     2.456844E+04
  5.184594E-01     2.473660E+04
  5.256791E-01     2.490542E+04
  5.329994E-01     2.507483E+04
  5.404216E-01     2.524481E+04
  5.479472E-01     2.541530E+04
  5.555776E-01     2.558626E+04
  5.633143E-01     2.575764E+04
  5.711586E-01     2.592940E+04
  5.791123E-01     2.610148E+04
  5.871766E-01     2.627383E+04
  5.953533E-01     2.644640E+04
  6.036439E-01     2.661912E+04
  6.120498E-01     2.679194E+04
  6.205729E-01     2.696480E+04
  6.292146E-01     2.713764E+04
  6.379767E-01     2.731043E+04
  6.468608E-01     2.748310E+04
  6.558686E-01     2.765562E+04
  6.650018E-01     2.782793E+04
  6.742622E-01     2.799998E+04
  6.836516E-01     2.817173E+04
  6.931717E-01     2.834311E+04
  7.028244E-01     2.851408E+04
  7.126115E-01     2.868459E+04
  7.225349E-01     2.885458E+04
  7.325965E-01     2.902401E+04
  7.427982E-01     2.919284E+04
  7.531420E-01     2.936101E+04
  7.636298E-01     2.952848E+04
  7.742637E-01     2.969522E+04
  7.850456E-01     2.986117E+04
  7.959777E-01     3.002629E+04
  8.070620E-01     3.019054E+04
  8.183007E-01     3.035387E+04
  8.296959E-01     3.051626E+04
  8.412497E-01     3.067765E+04
  8.529644E-01     3.083802E+04
  8.648423E-01     3.099732E+04
  8.768856E-01     3.115553E+04
  8.890966E-01     3.131262E+04
  9.014776E-01     3.146856E+04
  9.140311E-01     3.162332E+04
  9.267593E-01     3.177688E+04
  9.396648E-01     3.192923E+04
  9.527500E-01     3.208034E+04
  9.660175E-01     3.223018E+04
  9.794697E-01     3.237872E+04
  9.931092E-01     3.252594E+04
  1.006939E+00     3.267183E+04
  1.020961E+00     3.281637E+04
  1.035178E+00     3.295954E+04
  1.049593E+00     3.310134E+04
  1.064209E+00     3.324176E+04
  1.079029E+00     3.338081E+04
  1.094055E+00     3.351849E+04
  1.109290E+00     3.365476E+04
  1.124737E+00     3.378960E+04
  1.140400E+00     3.392301E+04
  1.156280E+00     3.405497E+04
  1.172382E+00     3.418546E+04
  1.188708E+00     3.431450E+04
  1.205261E+00     3.444207E+04
  1.222045E+00     3.456819E+04
  1.239062E+00     3.469287E+04
  1.256317E+00     3.481611E+04
  1.273811E+00     3.493789E+04
  1.291550E+00     3.505820E+04
  1.309535E+00     3.517703E+04
  1.327771E+00     3.529437E+04
  1.346261E+00     3.541020E+04
  1.365008E+00     3.552455E+04
  1.384016E+00     3.563741E+04
  1.403289E+00     3.574879E+04
  1.422830E+00     3.585872E+04
  1.442644E+00     3.596720E+04
  1.462733E+00     3.607422E+04
  1.483103E+00     3.617976E+04
  1.503755E+00     3.628381E+04
  1.524696E+00     3.638636E+04
  1.545928E+00     3.648741E+04
  1.567455E+00     3.658696E+04
  1.589283E+00     3.668501E+04
  1.611414E+00     3.678157E+04
  1.633854E+00     3.687667E+04
  1.656606E+00     3.697031E+04
  1.679675E+00     3.706247E+04
  1.703065E+00     3.715316E+04
  1.726781E+00     3.724234E+04
  1.750827E+00     3.733002E+04
  1.775208E+00     3.741619E+04
  1.799929E+00     3.750086E+04
  1.824993E+00     3.758403E+04
  1.850407E+00     3.766571E+04
  1.876175E+00     3.774592E+04
  1.902301E+00     3.782467E+04
  1.928792E+00     3.790195E+04
  1.955651E+00     3.797775E+04
  1.982884E+00     3.805204E+04
  2.010496E+00     3.812483E+04
  2.038493E+00     3.819611E+04
  2.066880E+00     3.826587E+04
  2.095662E+00     3.833412E+04
  2.124845E+00     3.840087E+04
  2.154435E+00     3.846613E+04
  2.184436E+00     3.852990E+04
  2.214855E+00     3.859219E+04
  2.245698E+00     3.865298E+04
  2.276970E+00     3.871224E+04
  2.308678E+00     3.876998E+04
  2.340827E+00     3.882619E+04
  2.373424E+00     3.888086E+04
  2.406475E+00     3.893400E+04
  2.439986E+00     3.898562E+04
  2.473964E+00     3.903572E+04
  2.508415E+00     3.908431E+04
  2.543346E+00     3.913140E+04
  2.578763E+00     3.917696E+04
  2.614673E+00     3.922099E+04
  2.651084E+00     3.926346E+04
  2.688001E+00     3.930439E+04
  2.725433E+00     3.934376E+04
  2.763385E+00     3.938158E+04
  2.801867E+00     3.941785E+04
  2.840884E+00     3.945260E+04
  2.880444E+00     3.948582E+04
  2.920556E+00     3.951751E+04
  2.961225E+00     3.954766E+04
  3.002462E+00     3.957626E+04
  3.044272E+00     3.960330E+04
  3.086665E+00     3.962878E+04
  3.129648E+00     3.965270E+04
  3.173230E+00     3.967505E+04
  3.217418E+00     3.969585E+04
  3.262222E+00     3.971511E+04
  3.307650E+00     3.973283E+04
  3.353710E+00     3.974903E+04
  3.400412E+00     3.976368E+04
  3.447764E+00     3.977679E+04
  3.495776E+00     3.978833E+04
  3.544456E+00     3.979833E+04
  3.593814E+00     3.980676E+04
  3.643859E+00     3.981365E+04
  3.694601E+00     3.981899E+04
  3.746050E+00     3.982281E+04
  3.798215E+00     3.982511E+04
  3.851107E+00     3.982591E+04
  3.904735E+00     3.982519E+04
  3.959110E+00     3.982294E+04
  4.014242E+00     3.981917E+04
  4.070142E+00     3.981387E+04
  4.126821E+00     3.980704E+04
  4.184289E+00     3.979870E+04
  4.242556E+00     3.978884E+04
  4.301636E+00     3.977749E+04
  4.361538E+00     3.976466E+04
  4.422274E+00     3.975036E+04
  4.483856E+00     3.973458E+04
  4.546295E+00     3.971732E+04
  4.609604E+00     3.969857E+04
  4.673795E+00     3.967834E+04
  4.738880E+00     3.965663E+04
  4.804870E+00     3.963345E+04
  4.871780E+00     3.960881E+04
  4.939622E+00     3.958272E+04
  5.008408E+00     3.955520E+04
  5.078152E+00     3.952626E+04
  5.148867E+00     3.949590E+04
  5.220568E+00     3.946412E+04
  5.293266E+00     3.943092E+04
  5.366977E+00     3.939631E+04
  5.441714E+00     3.936030E+04
  5.517492E+00     3.932290E+04
  5.594326E+00     3.928412E+04
  5.672229E+00     3.924399E+04
  5.751217E+00     3.920252E+04
  5.831305E+00     3.915973E+04
  5.912508E+00     3.911561E+04
  5.994843E+00     3.907015E+04
  6.078323E+00     3.902334E+04
  6.162966E+00     3.897517E+04
  6.248788E+00     3.892564E+04
  6.335805E+00     3.887475E+04
  6.424034E+00     3.882250E+04
  6.513491E+00     3.876888E+04
  6.604194E+00     3.871389E+04
  6.696160E+00     3.865756E+04
  6.789407E+00     3.859987E+04
  6.883952E+00     3.854082E+04
  6.979814E+00     3.848044E+04
  7.077011E+00     3.841873E+04
  7.175561E+00     3.835571E+04
  7.275484E+00     3.829138E+04
  7.376798E+00     3.822577E+04
  7.479523E+00     3.815891E+04
  7.583678E+00     3.809081E+04
  7.689284E+00     3.802151E+04
  7.796360E+00     3.795099E+04
  7.904928E+00     3.787925E+04
  8.015007E+00     3.780629E+04
  8.126619E+00     3.773212E+04
  8.239786E+00     3.765671E+04
  8.354528E+00     3.758009E+04
  8.470868E+00     3.750225E+04
  8.588829E+00     3.742319E+04
  8.708431E+00     3.734292E+04
  8.829700E+00     3.726144E+04
  8.952657E+00     3.717876E+04
  9.077327E+00     3.709488E+04
  9.203732E+00     3.700980E+04
  9.331898E+00     3.692352E+04
  9.461848E+00     3.683605E+04
  9.593608E+00     3.674740E+04
  9.727203E+00     3.665757E+04
  9.862658E+00     3.656659E+04
  1.000000E+01     3.647445E+04
  1.013925E+01     3.638117E+04
  1.028045E+01     3.628676E+04
  1.042361E+01     3.619122E+04
  1.056876E+01     3.609454E+04
  1.071593E+01     3.599674E+04
  1.086516E+01     3.589781E+04
  1.101646E+01     3.579775E+04
  1.116987E+01     3.569658E+04
  1.132541E+01     3.559431E+04
  1.148312E+01     3.549093E+04
  1.164303E+01     3.538647E+04
  1.180517E+01     3.528092E+04
  1.196956E+01     3.517428E+04
  1.213624E+01     3.506657E+04
  1.230524E+01     3.495777E+04
  1.247660E+01     3.484791E+04
  1.265034E+01     3.473699E+04
  1.282650E+01     3.462500E+04
  1.300511E+01     3.451197E+04
  1.318621E+01     3.439790E+04
  1.336984E+01     3.428280E+04
  1.355602E+01     3.416668E+04
  1.374479E+01     3.404955E+04
  1.393619E+01     3.393140E+04
  1.413026E+01     3.381225E+04
  1.432703E+01     3.369211E+04
  1.452654E+01     3.357098E+04
  1.472883E+01     3.344888E+04
  1.493393E+01     3.332582E+04
  1.514189E+01     3.320180E+04
  1.535275E+01     3.307685E+04
  1.556654E+01     3.295096E+04
  1.578331E+01     3.282415E+04
  1.600310E+01     3.269642E+04
  1.622595E+01     3.256777E+04
  1.645191E+01     3.243822E+04
  1.668101E+01     3.230776E+04
  1.691330E+01     3.217640E+04
  1.714882E+01     3.204416E+04
  1.738762E+01     3.191103E+04
  1.762975E+01     3.177704E+04
  1.787526E+01     3.164217E+04
  1.812418E+01     3.150646E+04
  1.837656E+01     3.136991E+04
  1.863246E+01     3.123255E+04
  1.889193E+01     3.109437E+04
  1.915501E+01     3.095541E+04
  1.942175E+01     3.081568E+04
  1.969220E+01     3.067519E+04
  1.996642E+01     3.053397E+04
  2.024447E+01     3.039203E+04
  2.052638E+01     3.024939E+04
  2.081222E+01     3.010607E+04
  2.110203E+01     2.996207E+04
  2.139589E+01     2.981740E+04
  2.169384E+01     2.967208E+04
  2.199593E+01     2.952612E+04
  2.230223E+01     2.937952E+04
  2.261280E+01     2.923230E+04
  2.292769E+01     2.908448E+04
  2.324697E+01     2.893605E+04
  2.357069E+01     2.878704E+04
  2.389893E+01     2.863745E+04
  2.423173E+01     2.848731E+04
  2.456916E+01     2.833662E+04
  2.491130E+01     2.818540E+04
  2.525820E+01     2.803365E+04
  2.560993E+01     2.788141E+04
  2.596656E+01     2.772866E+04
  2.632815E+01     2.757544E+04
  2.669478E+01     2.742175E+04
  2.706652E+01     2.726760E+04
  2.744343E+01     2.711302E+04
  2.782559E+01     2.695803E+04
  2.821308E+01     2.680264E+04
  2.860596E+01     2.664689E+04
  2.900430E+01     2.649079E+04
  2.940820E+01     2.633436E+04
  2.981772E+01     2.617763E+04
  3.023295E+01     2.602061E+04
  3.065395E+01     2.586333E+04
  3.108082E+01     2.570581E+04
  3.151363E+01     2.554806E+04
  3.195248E+01     2.539011E+04
  3.239743E+01     2.523198E+04
  3.284857E+01     2.507368E+04
  3.330600E+01     2.491522E+04
  3.376980E+01     2.475663E+04
  3.424006E+01     2.459793E+04
  3.471687E+01     2.443911E+04
  3.520031E+01     2.428020E+04
  3.569049E+01     2.412122E+04
  3.618750E+01     2.396217E+04
  3.669142E+01     2.380309E+04
  3.720237E+01     2.364400E+04
  3.772042E+01     2.348491E+04
  3.824570E+01     2.332585E+04
  3.877828E+01     2.316683E+04
  3.931829E+01     2.300787E+04
  3.986581E+01     2.284898E+04
  4.042096E+01     2.269019E+04
  4.098384E+01     2.253150E+04
  4.155455E+01     2.237293E+04
  4.213322E+01     2.221452E+04
  4.271994E+01     2.205628E+04
  4.331483E+01     2.189823E+04
  4.391801E+01     2.174038E+04
  4.452959E+01     2.158277E+04
  4.514968E+01     2.142540E+04
  4.577841E+01     2.126829E+04
  4.641589E+01     2.111145E+04
  4.706225E+01     2.095489E+04
  4.771761E+01     2.079863E+04
  4.838210E+01     2.064270E+04
  4.905584E+01     2.048713E+04
  4.973896E+01     2.033192E+04
  5.043159E+01     2.017711E+04
  5.113388E+01     2.002271E+04
  5.184594E+01     1.986872E+04
  5.256791E+01     1.971518E+04
  5.329994E+01     1.956209E+04
  5.404216E+01     1.940945E+04
  5.479472E+01     1.925729E+04
  5.555776E+01     1.910564E+04
  5.633143E+01     1.895449E+04
  5.711586E+01     1.880389E+04
  5.791123E+01     1.865383E+04
  5.871766E+01     1.850434E+04
  5.953533E+01     1.835542E+04
  6.036439E+01     1.820707E+04
  6.120498E+01     1.805931E+04
  6.205729E+01     1.791213E+04
  6.292146E+01     1.776555E+04
  6.379767E+01     1.761960E+04
  6.468608E+01     1.747430E+04
  6.558686E+01     1.732966E+04
  6.650018E+01     1.718570E+04
  6.742622E+01     1.704245E+04
  6.836516E+01     1.689990E+04
  6.931717E+01     1.675807E+04
  7.028244E+01     1.661698E+04
  7.126115E+01     1.647661E+04
  7.225349E+01     1.633699E+04
  7.325965E+01     1.619813E+04
  7.427982E+01     1.606006E+04
  7.531420E+01     1.592279E+04
  7.636298E+01     1.578633E+04
  7.742637E+01     1.565069E+04
  7.850456E+01     1.551588E+04
  7.959777E+01     1.538190E+04
  8.070620E+01     1.524874E+04
  8.183007E+01     1.511642E+04
  8.296959E+01     1.498493E+04
  8.412497E+01     1.485429E+04
  8.529644E+01     1.472452E+04
  8.648423E+01     1.459563E+04
  8.768856E+01     1.446764E+04
  8.890966E+01     1.434056E+04
  9.014776E+01     1.421438E+04
  9.140311E+01     1.408910E+04
  9.267593E+01     1.396473E+04
  9.396648E+01     1.384126E+04
  9.527500E+01     1.371869E+04
  9.660175E+01     1.359703E+04
  9.794697E+01     1.347631E+04
  9.931092E+01     1.335654E+04
  1.006939E+02     1.323771E+04
  1.020961E+02     1.311985E+04
  1.035178E+02     1.300294E+04
  1.049593E+02     1.288699E+04
  1.064209E+02     1.277198E+04
  1.079029E+02     1.265792E+04
  1.094055E+02     1.254479E+04
  1.109290E+02     1.243262E+04
  1.124737E+02     1.232141E+04
  1.140400E+02     1.221117E+04
  1.156280E+02     1.210192E+04
  1.172382E+02     1.199364E+04
  1.188708E+02     1.188634E+04
  1.205261E+02     1.178002E+04
  1.222045E+02     1.167466E+04
  1.239062E+02     1.157025E+04
  1.256317E+02     1.146679E+04
  1.273811E+02     1.136428E+04
  1.291550E+02     1.126274E+04
  1.309535E+02     1.116218E+04
  1.327771E+02     1.106259E+04
  1.346261E+02     1.096399E+04
  1.365008E+02     1.086637E+04
  1.384016E+02     1.076972E+04
  1.403289E+02     1.067404E+04
  1.422830E+02     1.057930E+04
  1.442644E+02     1.048550E+04
  1.462733E+02     1.039265E+04
  1.483103E+02     1.030075E+04
  1.503755E+02     1.020982E+04
  1.524696E+02     1.011985E+04
  1.545928E+02     1.003084E+04
  1.567455E+02     9.942790E+03
  1.589283E+02     9.855688E+03
  1.611414E+02     9.769522E+03
  1.633854E+02     9.684272E+03
  1.656606E+02     9.599927E+03
  1.679675E+02     9.516491E+03
  1.703065E+02     9.433972E+03
  1.726781E+02     9.352374E+03
  1.750827E+02     9.271696E+03
  1.775208E+02     9.191936E+03
  1.799929E+02     9.113087E+03
  1.824993E+02     9.035141E+03
  1.850407E+02     8.958082E+03
  1.876175E+02     8.881891E+03
  1.902301E+02     8.806553E+03
  1.928792E+02     8.732072E+03
  1.955651E+02     8.658455E+03
  1.982884E+02     8.585704E+03
  2.010496E+02     8.513820E+03
  2.038493E+02     8.442802E+03
  2.066880E+02     8.372643E+03
  2.095662E+02     8.303335E+03
  2.124845E+02     8.234864E+03
  2.154435E+02     8.167214E+03
  2.184436E+02     8.100369E+03
  2.214855E+02     8.034329E+03
  2.245698E+02     7.969101E+03
  2.276970E+02     7.904684E+03
  2.308678E+02     7.841080E+03
  2.340827E+02     7.778283E+03
  2.373424E+02     7.716287E+03
  2.406475E+02     7.655083E+03
  2.439986E+02     7.594656E+03
  2.473964E+02     7.534988E+03
  2.508415E+02     7.476062E+03
  2.543346E+02     7.417876E+03
  2.578763E+02     7.360436E+03
  2.614673E+02     7.303741E+03
  2.651084E+02     7.247792E+03
  2.688001E+02     7.192585E+03
  2.725433E+02     7.138114E+03
  2.763385E+02     7.084368E+03
  2.801867E+02     7.031336E+03
  2.840884E+02     6.979000E+03
  2.880444E+02     6.927344E+03
  2.920556E+02     6.876365E+03
  2.961225E+02     6.826067E+03
  3.002462E+02     6.776449E+03
  3.044272E+02     6.727511E+03
  3.086665E+02     6.679249E+03
  3.129648E+02     6.631658E+03
  3.173230E+02     6.584727E+03
  3.217418E+02     6.538446E+03
  3.262222E+02     6.492798E+03
  3.307650E+02     6.447768E+03
  3.353710E+02     6.403350E+03
  3.400412E+02     6.359548E+03
  3.447764E+02     6.316362E+03
  3.495776E+02     6.273792E+03
  3.544456E+02     6.231834E+03
  3.593814E+02     6.190483E+03
  3.643859E+02     6.149731E+03
  3.694601E+02     6.109567E+03
  3.746050E+02     6.069978E+03
  3.798215E+02     6.030948E+03
  3.851107E+02     5.992471E+03
  3.904735E+02     5.954551E+03
  3.959110E+02     5.917188E+03
  4.014242E+02     5.880379E+03
  4.070142E+02     5.844123E+03
  4.126821E+02     5.808414E+03
  4.184289E+02     5.773245E+03
  4.242556E+02     5.738605E+03
  4.301636E+02     5.704482E+03
  4.361538E+02     5.670862E+03
  4.422274E+02     5.637739E+03
  4.483856E+02     5.605113E+03
  4.546295E+02     5.572987E+03
  4.609604E+02     5.541359E+03
  4.673795E+02     5.510226E+03
  4.738880E+02     5.479585E+03
  4.804870E+02     5.449428E+03
  4.871780E+02     5.419749E+03
  4.939622E+02     5.390535E+03
  5.008408E+02     5.361775E+03
  5.078152E+02     5.333460E+03
  5.148867E+02     5.305594E+03
  5.220568E+02     5.278176E+03
  5.293266E+02     5.251204E+03
  5.366977E+02     5.224677E+03
  5.441714E+02     5.198590E+03
  5.517492E+02     5.172938E+03
  5.594326E+02     5.147712E+03
  5.672229E+02     5.122903E+03
  5.751217E+02     5.098499E+03
  5.831305E+02     5.074492E+03
  5.912508E+02     5.050883E+03
  5.994843E+02     5.027673E+03
  6.078323E+02     5.004861E+03
  6.162966E+02     4.982445E+03
  6.248788E+02     4.960421E+03
  6.335805E+02     4.938785E+03
  6.424034E+02     4.917529E+03
  6.513491E+02     4.896645E+03
  6.604194E+02     4.876122E+03
  6.696160E+02     4.855954E+03
  6.789407E+02     4.836139E+03
  6.883952E+02     4.816675E+03
  6.979814E+02     4.797562E+03
  7.077011E+02     4.778794E+03
  7.175561E+02     4.760369E+03
  7.275484E+02     4.742277E+03
  7.376798E+02     4.724513E+03
  7.479523E+02     4.707066E+03
  7.583678E+02     4.689925E+03
  7.689284E+02     4.673082E+03
  7.796360E+02     4.656541E+03
  7.904928E+02     4.640307E+03
  8.015007E+02     4.624388E+03
  8.126619E+02     4.608786E+03
  8.239786E+02     4.593507E+03
  8.354528E+02     4.578554E+03
  8.470868E+02     4.563929E+03
  8.588829E+02     4.549637E+03
  8.708431E+02     4.535677E+03
  8.829700E+02     4.522045E+03
  8.952657E+02     4.508712E+03
  9.077327E+02     4.495643E+03
  9.203732E+02     4.482800E+03
  9.331898E+02     4.470140E+03
  9.461848E+02     4.457615E+03
  9.593608E+02     4.445174E+03
  9.727203E+02     4.432761E+03
  9.862658E+02     4.420312E+03
  1.000000E+03     4.407762E+03
