FILE CREATED BY  : PROGRAM DPASS - VERSION 2.00
DATABASE VERSION : 21.06
DATE AND TIME    : 09/08/2022 23:23:54
PROJECTILE       : La
TARGET           : W 
TARGET AT. MASS  : 1.838500E+02
TARGET DENSITY   : 1.935000E+01 g/cm^3
TABULATED OUTPUT : STOPPING FORCE VERSUS ENERGY
DATA TYPE        : SPLINE INTERPOLATED
ABSCISSA UNITS   : MeV/u
ORDINATE UNITS   : eV/nm


      E/n             S(E/n)

  1.000000E-03     1.557197E+03
  1.013925E-03     1.567767E+03
  1.028045E-03     1.578477E+03
  1.042361E-03     1.589321E+03
  1.056876E-03     1.600292E+03
  1.071593E-03     1.611382E+03
  1.086516E-03     1.622584E+03
  1.101646E-03     1.633888E+03
  1.116987E-03     1.645285E+03
  1.132541E-03     1.656765E+03
  1.148312E-03     1.668315E+03
  1.164303E-03     1.679926E+03
  1.180517E-03     1.691597E+03
  1.196956E-03     1.703330E+03
  1.213624E-03     1.715127E+03
  1.230524E-03     1.726993E+03
  1.247660E-03     1.738930E+03
  1.265034E-03     1.750941E+03
  1.282650E-03     1.763032E+03
  1.300511E-03     1.775206E+03
  1.318621E-03     1.787468E+03
  1.336984E-03     1.799823E+03
  1.355602E-03     1.812273E+03
  1.374479E-03     1.824816E+03
  1.393619E-03     1.837453E+03
  1.413026E-03     1.850183E+03
  1.432703E-03     1.863006E+03
  1.452654E-03     1.875921E+03
  1.472883E-03     1.888928E+03
  1.493393E-03     1.902027E+03
  1.514189E-03     1.915217E+03
  1.535275E-03     1.928497E+03
  1.556654E-03     1.941869E+03
  1.578331E-03     1.955332E+03
  1.600310E-03     1.968887E+03
  1.622595E-03     1.982536E+03
  1.645191E-03     1.996279E+03
  1.668101E-03     2.010117E+03
  1.691330E-03     2.024052E+03
  1.714882E-03     2.038085E+03
  1.738762E-03     2.052218E+03
  1.762975E-03     2.066451E+03
  1.787526E-03     2.080786E+03
  1.812418E-03     2.095222E+03
  1.837656E-03     2.109762E+03
  1.863246E-03     2.124403E+03
  1.889193E-03     2.139148E+03
  1.915501E-03     2.153996E+03
  1.942175E-03     2.168947E+03
  1.969220E-03     2.184003E+03
  1.996642E-03     2.199164E+03
  2.024447E-03     2.214431E+03
  2.052638E-03     2.229803E+03
  2.081222E-03     2.245283E+03
  2.110203E-03     2.260871E+03
  2.139589E-03     2.276567E+03
  2.169384E-03     2.292373E+03
  2.199593E-03     2.308290E+03
  2.230223E-03     2.324319E+03
  2.261280E-03     2.340462E+03
  2.292769E-03     2.356719E+03
  2.324697E-03     2.373094E+03
  2.357069E-03     2.389585E+03
  2.389893E-03     2.406195E+03
  2.423173E-03     2.422923E+03
  2.456916E-03     2.439770E+03
  2.491130E-03     2.456737E+03
  2.525820E-03     2.473824E+03
  2.560993E-03     2.491031E+03
  2.596656E-03     2.508360E+03
  2.632815E-03     2.525811E+03
  2.669478E-03     2.543386E+03
  2.706652E-03     2.561084E+03
  2.744343E-03     2.578907E+03
  2.782559E-03     2.596855E+03
  2.821308E-03     2.614930E+03
  2.860596E-03     2.633132E+03
  2.900430E-03     2.651461E+03
  2.940820E-03     2.669920E+03
  2.981772E-03     2.688509E+03
  3.023295E-03     2.707230E+03
  3.065395E-03     2.726084E+03
  3.108082E-03     2.745073E+03
  3.151363E-03     2.764196E+03
  3.195248E-03     2.783456E+03
  3.239743E-03     2.802852E+03
  3.284857E-03     2.822386E+03
  3.330600E-03     2.842058E+03
  3.376980E-03     2.861869E+03
  3.424006E-03     2.881822E+03
  3.471687E-03     2.901917E+03
  3.520031E-03     2.922155E+03
  3.569049E-03     2.942538E+03
  3.618750E-03     2.963067E+03
  3.669142E-03     2.983743E+03
  3.720237E-03     3.004565E+03
  3.772042E-03     3.025536E+03
  3.824570E-03     3.046655E+03
  3.877828E-03     3.067925E+03
  3.931829E-03     3.089346E+03
  3.986581E-03     3.110920E+03
  4.042096E-03     3.132647E+03
  4.098384E-03     3.154530E+03
  4.155455E-03     3.176570E+03
  4.213322E-03     3.198767E+03
  4.271994E-03     3.221122E+03
  4.331483E-03     3.243636E+03
  4.391801E-03     3.266310E+03
  4.452959E-03     3.289147E+03
  4.514968E-03     3.312146E+03
  4.577841E-03     3.335310E+03
  4.641589E-03     3.358640E+03
  4.706225E-03     3.382139E+03
  4.771761E-03     3.405807E+03
  4.838210E-03     3.429644E+03
  4.905584E-03     3.453653E+03
  4.973896E-03     3.477834E+03
  5.043159E-03     3.502188E+03
  5.113388E-03     3.526717E+03
  5.184594E-03     3.551423E+03
  5.256791E-03     3.576306E+03
  5.329994E-03     3.601368E+03
  5.404216E-03     3.626612E+03
  5.479472E-03     3.652039E+03
  5.555776E-03     3.677649E+03
  5.633143E-03     3.703444E+03
  5.711586E-03     3.729425E+03
  5.791123E-03     3.755592E+03
  5.871766E-03     3.781948E+03
  5.953533E-03     3.808494E+03
  6.036439E-03     3.835231E+03
  6.120498E-03     3.862162E+03
  6.205729E-03     3.889288E+03
  6.292146E-03     3.916611E+03
  6.379767E-03     3.944132E+03
  6.468608E-03     3.971852E+03
  6.558686E-03     3.999772E+03
  6.650018E-03     4.027894E+03
  6.742622E-03     4.056220E+03
  6.836516E-03     4.084751E+03
  6.931717E-03     4.113490E+03
  7.028244E-03     4.142438E+03
  7.126115E-03     4.171598E+03
  7.225349E-03     4.200971E+03
  7.325965E-03     4.230558E+03
  7.427982E-03     4.260361E+03
  7.531420E-03     4.290381E+03
  7.636298E-03     4.320618E+03
  7.742637E-03     4.351075E+03
  7.850456E-03     4.381753E+03
  7.959777E-03     4.412654E+03
  8.070620E-03     4.443780E+03
  8.183007E-03     4.475134E+03
  8.296959E-03     4.506716E+03
  8.412497E-03     4.538529E+03
  8.529644E-03     4.570573E+03
  8.648423E-03     4.602850E+03
  8.768856E-03     4.635362E+03
  8.890966E-03     4.668111E+03
  9.014776E-03     4.701099E+03
  9.140311E-03     4.734328E+03
  9.267593E-03     4.767800E+03
  9.396648E-03     4.801520E+03
  9.527500E-03     4.835487E+03
  9.660175E-03     4.869705E+03
  9.794697E-03     4.904174E+03
  9.931092E-03     4.938896E+03
  1.006939E-02     4.973872E+03
  1.020961E-02     5.009105E+03
  1.035178E-02     5.044597E+03
  1.049593E-02     5.080350E+03
  1.064209E-02     5.116367E+03
  1.079029E-02     5.152650E+03
  1.094055E-02     5.189202E+03
  1.109290E-02     5.226024E+03
  1.124737E-02     5.263118E+03
  1.140400E-02     5.300485E+03
  1.156280E-02     5.338128E+03
  1.172382E-02     5.376048E+03
  1.188708E-02     5.414247E+03
  1.205261E-02     5.452729E+03
  1.222045E-02     5.491496E+03
  1.239062E-02     5.530550E+03
  1.256317E-02     5.569895E+03
  1.273811E-02     5.609532E+03
  1.291550E-02     5.649462E+03
  1.309535E-02     5.689688E+03
  1.327771E-02     5.730210E+03
  1.346261E-02     5.771033E+03
  1.365008E-02     5.812157E+03
  1.384016E-02     5.853586E+03
  1.403289E-02     5.895322E+03
  1.422830E-02     5.937369E+03
  1.442644E-02     5.979728E+03
  1.462733E-02     6.022403E+03
  1.483103E-02     6.065394E+03
  1.503755E-02     6.108704E+03
  1.524696E-02     6.152335E+03
  1.545928E-02     6.196289E+03
  1.567455E-02     6.240569E+03
  1.589283E-02     6.285178E+03
  1.611414E-02     6.330118E+03
  1.633854E-02     6.375392E+03
  1.656606E-02     6.421005E+03
  1.679675E-02     6.466958E+03
  1.703065E-02     6.513253E+03
  1.726781E-02     6.559892E+03
  1.750827E-02     6.606877E+03
  1.775208E-02     6.654211E+03
  1.799929E-02     6.701897E+03
  1.824993E-02     6.749938E+03
  1.850407E-02     6.798336E+03
  1.876175E-02     6.847097E+03
  1.902301E-02     6.896222E+03
  1.928792E-02     6.945714E+03
  1.955651E-02     6.995575E+03
  1.982884E-02     7.045808E+03
  2.010496E-02     7.096414E+03
  2.038493E-02     7.147395E+03
  2.066880E-02     7.198756E+03
  2.095662E-02     7.250499E+03
  2.124845E-02     7.302626E+03
  2.154435E-02     7.355143E+03
  2.184436E-02     7.408051E+03
  2.214855E-02     7.461354E+03
  2.245698E-02     7.515054E+03
  2.276970E-02     7.569152E+03
  2.308678E-02     7.623652E+03
  2.340827E-02     7.678556E+03
  2.373424E-02     7.733867E+03
  2.406475E-02     7.789588E+03
  2.439986E-02     7.845722E+03
  2.473964E-02     7.902274E+03
  2.508415E-02     7.959247E+03
  2.543346E-02     8.016644E+03
  2.578763E-02     8.074468E+03
  2.614673E-02     8.132719E+03
  2.651084E-02     8.191402E+03
  2.688001E-02     8.250519E+03
  2.725433E-02     8.310074E+03
  2.763385E-02     8.370069E+03
  2.801867E-02     8.430508E+03
  2.840884E-02     8.491397E+03
  2.880444E-02     8.552738E+03
  2.920556E-02     8.614535E+03
  2.961225E-02     8.676790E+03
  3.002462E-02     8.739505E+03
  3.044272E-02     8.802682E+03
  3.086665E-02     8.866325E+03
  3.129648E-02     8.930436E+03
  3.173230E-02     8.995018E+03
  3.217418E-02     9.060075E+03
  3.262222E-02     9.125611E+03
  3.307650E-02     9.191630E+03
  3.353710E-02     9.258135E+03
  3.400412E-02     9.325127E+03
  3.447764E-02     9.392610E+03
  3.495776E-02     9.460585E+03
  3.544456E-02     9.529056E+03
  3.593814E-02     9.598025E+03
  3.643859E-02     9.667495E+03
  3.694601E-02     9.737471E+03
  3.746050E-02     9.807956E+03
  3.798215E-02     9.878955E+03
  3.851107E-02     9.950470E+03
  3.904735E-02     1.002251E+04
  3.959110E-02     1.009506E+04
  4.014242E-02     1.016815E+04
  4.070142E-02     1.024176E+04
  4.126821E-02     1.031591E+04
  4.184289E-02     1.039059E+04
  4.242556E-02     1.046582E+04
  4.301636E-02     1.054159E+04
  4.361538E-02     1.061792E+04
  4.422274E-02     1.069480E+04
  4.483856E-02     1.077224E+04
  4.546295E-02     1.085025E+04
  4.609604E-02     1.092882E+04
  4.673795E-02     1.100796E+04
  4.738880E-02     1.108766E+04
  4.804870E-02     1.116795E+04
  4.871780E-02     1.124881E+04
  4.939622E-02     1.133025E+04
  5.008408E-02     1.141228E+04
  5.078152E-02     1.149490E+04
  5.148867E-02     1.157811E+04
  5.220568E-02     1.166192E+04
  5.293266E-02     1.174633E+04
  5.366977E-02     1.183133E+04
  5.441714E-02     1.191693E+04
  5.517492E-02     1.200314E+04
  5.594326E-02     1.208996E+04
  5.672229E-02     1.217738E+04
  5.751217E-02     1.226542E+04
  5.831305E-02     1.235408E+04
  5.912508E-02     1.244336E+04
  5.994843E-02     1.253325E+04
  6.078323E-02     1.262377E+04
  6.162966E-02     1.271491E+04
  6.248788E-02     1.280668E+04
  6.335805E-02     1.289907E+04
  6.424034E-02     1.299209E+04
  6.513491E-02     1.308575E+04
  6.604194E-02     1.318004E+04
  6.696160E-02     1.327497E+04
  6.789407E-02     1.337055E+04
  6.883952E-02     1.346676E+04
  6.979814E-02     1.356362E+04
  7.077011E-02     1.366113E+04
  7.175561E-02     1.375928E+04
  7.275484E-02     1.385809E+04
  7.376798E-02     1.395755E+04
  7.479523E-02     1.405768E+04
  7.583678E-02     1.415846E+04
  7.689284E-02     1.425992E+04
  7.796360E-02     1.436205E+04
  7.904928E-02     1.446484E+04
  8.015007E-02     1.456832E+04
  8.126619E-02     1.467247E+04
  8.239786E-02     1.477730E+04
  8.354528E-02     1.488282E+04
  8.470868E-02     1.498902E+04
  8.588829E-02     1.509592E+04
  8.708431E-02     1.520352E+04
  8.829700E-02     1.531182E+04
  8.952657E-02     1.542083E+04
  9.077327E-02     1.553055E+04
  9.203732E-02     1.564099E+04
  9.331898E-02     1.575214E+04
  9.461848E-02     1.586402E+04
  9.593608E-02     1.597663E+04
  9.727203E-02     1.608997E+04
  9.862658E-02     1.620406E+04
  1.000000E-01     1.631889E+04
  1.013925E-01     1.643448E+04
  1.028045E-01     1.655084E+04
  1.042361E-01     1.666796E+04
  1.056876E-01     1.678585E+04
  1.071593E-01     1.690452E+04
  1.086516E-01     1.702397E+04
  1.101646E-01     1.714421E+04
  1.116987E-01     1.726525E+04
  1.132541E-01     1.738709E+04
  1.148312E-01     1.750975E+04
  1.164303E-01     1.763323E+04
  1.180517E-01     1.775755E+04
  1.196956E-01     1.788270E+04
  1.213624E-01     1.800869E+04
  1.230524E-01     1.813553E+04
  1.247660E-01     1.826323E+04
  1.265034E-01     1.839179E+04
  1.282650E-01     1.852123E+04
  1.300511E-01     1.865155E+04
  1.318621E-01     1.878277E+04
  1.336984E-01     1.891490E+04
  1.355602E-01     1.904794E+04
  1.374479E-01     1.918191E+04
  1.393619E-01     1.931680E+04
  1.413026E-01     1.945263E+04
  1.432703E-01     1.958941E+04
  1.452654E-01     1.972715E+04
  1.472883E-01     1.986584E+04
  1.493393E-01     2.000552E+04
  1.514189E-01     2.014619E+04
  1.535275E-01     2.028785E+04
  1.556654E-01     2.043053E+04
  1.578331E-01     2.057423E+04
  1.600310E-01     2.071895E+04
  1.622595E-01     2.086471E+04
  1.645191E-01     2.101151E+04
  1.668101E-01     2.115937E+04
  1.691330E-01     2.130829E+04
  1.714882E-01     2.145828E+04
  1.738762E-01     2.160936E+04
  1.762975E-01     2.176155E+04
  1.787526E-01     2.191485E+04
  1.812418E-01     2.206927E+04
  1.837656E-01     2.222481E+04
  1.863246E-01     2.238149E+04
  1.889193E-01     2.253932E+04
  1.915501E-01     2.269829E+04
  1.942175E-01     2.285843E+04
  1.969220E-01     2.301975E+04
  1.996642E-01     2.318225E+04
  2.024447E-01     2.334595E+04
  2.052638E-01     2.351087E+04
  2.081222E-01     2.367700E+04
  2.110203E-01     2.384435E+04
  2.139589E-01     2.401295E+04
  2.169384E-01     2.418278E+04
  2.199593E-01     2.435387E+04
  2.230223E-01     2.452622E+04
  2.261280E-01     2.469985E+04
  2.292769E-01     2.487477E+04
  2.324697E-01     2.505100E+04
  2.357069E-01     2.522853E+04
  2.389893E-01     2.540738E+04
  2.423173E-01     2.558755E+04
  2.456916E-01     2.576903E+04
  2.491130E-01     2.595182E+04
  2.525820E-01     2.613594E+04
  2.560993E-01     2.632138E+04
  2.596656E-01     2.650814E+04
  2.632815E-01     2.669622E+04
  2.669478E-01     2.688564E+04
  2.706652E-01     2.707638E+04
  2.744343E-01     2.726845E+04
  2.782559E-01     2.746184E+04
  2.821308E-01     2.765654E+04
  2.860596E-01     2.785256E+04
  2.900430E-01     2.804988E+04
  2.940820E-01     2.824850E+04
  2.981772E-01     2.844842E+04
  3.023295E-01     2.864964E+04
  3.065395E-01     2.885214E+04
  3.108082E-01     2.905592E+04
  3.151363E-01     2.926099E+04
  3.195248E-01     2.946732E+04
  3.239743E-01     2.967492E+04
  3.284857E-01     2.988378E+04
  3.330600E-01     3.009390E+04
  3.376980E-01     3.030528E+04
  3.424006E-01     3.051790E+04
  3.471687E-01     3.073176E+04
  3.520031E-01     3.094687E+04
  3.569049E-01     3.116321E+04
  3.618750E-01     3.138079E+04
  3.669142E-01     3.159958E+04
  3.720237E-01     3.181959E+04
  3.772042E-01     3.204081E+04
  3.824570E-01     3.226322E+04
  3.877828E-01     3.248683E+04
  3.931829E-01     3.271163E+04
  3.986581E-01     3.293760E+04
  4.042096E-01     3.316476E+04
  4.098384E-01     3.339309E+04
  4.155455E-01     3.362258E+04
  4.213322E-01     3.385323E+04
  4.271994E-01     3.408501E+04
  4.331483E-01     3.431793E+04
  4.391801E-01     3.455198E+04
  4.452959E-01     3.478714E+04
  4.514968E-01     3.502341E+04
  4.577841E-01     3.526078E+04
  4.641589E-01     3.549925E+04
  4.706225E-01     3.573881E+04
  4.771761E-01     3.597944E+04
  4.838210E-01     3.622110E+04
  4.905584E-01     3.646376E+04
  4.973896E-01     3.670741E+04
  5.043159E-01     3.695200E+04
  5.113388E-01     3.719751E+04
  5.184594E-01     3.744390E+04
  5.256791E-01     3.769115E+04
  5.329994E-01     3.793921E+04
  5.404216E-01     3.818806E+04
  5.479472E-01     3.843766E+04
  5.555776E-01     3.868797E+04
  5.633143E-01     3.893894E+04
  5.711586E-01     3.919055E+04
  5.791123E-01     3.944275E+04
  5.871766E-01     3.969549E+04
  5.953533E-01     3.994874E+04
  6.036439E-01     4.020245E+04
  6.120498E-01     4.045658E+04
  6.205729E-01     4.071109E+04
  6.292146E-01     4.096593E+04
  6.379767E-01     4.122108E+04
  6.468608E-01     4.147648E+04
  6.558686E-01     4.173211E+04
  6.650018E-01     4.198793E+04
  6.742622E-01     4.224390E+04
  6.836516E-01     4.249998E+04
  6.931717E-01     4.275615E+04
  7.028244E-01     4.301238E+04
  7.126115E-01     4.326862E+04
  7.225349E-01     4.352483E+04
  7.325965E-01     4.378095E+04
  7.427982E-01     4.403694E+04
  7.531420E-01     4.429273E+04
  7.636298E-01     4.454828E+04
  7.742637E-01     4.480351E+04
  7.850456E-01     4.505839E+04
  7.959777E-01     4.531285E+04
  8.070620E-01     4.556684E+04
  8.183007E-01     4.582031E+04
  8.296959E-01     4.607324E+04
  8.412497E-01     4.632562E+04
  8.529644E-01     4.657746E+04
  8.648423E-01     4.682879E+04
  8.768856E-01     4.707962E+04
  8.890966E-01     4.732998E+04
  9.014776E-01     4.757990E+04
  9.140311E-01     4.782943E+04
  9.267593E-01     4.807862E+04
  9.396648E-01     4.832753E+04
  9.527500E-01     4.857618E+04
  9.660175E-01     4.882456E+04
  9.794697E-01     4.907264E+04
  9.931092E-01     4.932043E+04
  1.006939E+00     4.956790E+04
  1.020961E+00     4.981506E+04
  1.035178E+00     5.006191E+04
  1.049593E+00     5.030846E+04
  1.064209E+00     5.055470E+04
  1.079029E+00     5.080067E+04
  1.094055E+00     5.104635E+04
  1.109290E+00     5.129169E+04
  1.124737E+00     5.153663E+04
  1.140400E+00     5.178114E+04
  1.156280E+00     5.202517E+04
  1.172382E+00     5.226866E+04
  1.188708E+00     5.251157E+04
  1.205261E+00     5.275385E+04
  1.222045E+00     5.299547E+04
  1.239062E+00     5.323638E+04
  1.256317E+00     5.347654E+04
  1.273811E+00     5.371588E+04
  1.291550E+00     5.395435E+04
  1.309535E+00     5.419188E+04
  1.327771E+00     5.442843E+04
  1.346261E+00     5.466393E+04
  1.365008E+00     5.489834E+04
  1.384016E+00     5.513159E+04
  1.403289E+00     5.536364E+04
  1.422830E+00     5.559445E+04
  1.442644E+00     5.582394E+04
  1.462733E+00     5.605208E+04
  1.483103E+00     5.627879E+04
  1.503755E+00     5.650403E+04
  1.524696E+00     5.672772E+04
  1.545928E+00     5.694983E+04
  1.567455E+00     5.717030E+04
  1.589283E+00     5.738908E+04
  1.611414E+00     5.760613E+04
  1.633854E+00     5.782141E+04
  1.656606E+00     5.803487E+04
  1.679675E+00     5.824646E+04
  1.703065E+00     5.845612E+04
  1.726781E+00     5.866381E+04
  1.750827E+00     5.886948E+04
  1.775208E+00     5.907309E+04
  1.799929E+00     5.927459E+04
  1.824993E+00     5.947396E+04
  1.850407E+00     5.967117E+04
  1.876175E+00     5.986619E+04
  1.902301E+00     6.005899E+04
  1.928792E+00     6.024954E+04
  1.955651E+00     6.043777E+04
  1.982884E+00     6.062364E+04
  2.010496E+00     6.080711E+04
  2.038493E+00     6.098815E+04
  2.066880E+00     6.116671E+04
  2.095662E+00     6.134277E+04
  2.124845E+00     6.151632E+04
  2.154435E+00     6.168733E+04
  2.184436E+00     6.185579E+04
  2.214855E+00     6.202165E+04
  2.245698E+00     6.218488E+04
  2.276970E+00     6.234542E+04
  2.308678E+00     6.250323E+04
  2.340827E+00     6.265828E+04
  2.373424E+00     6.281054E+04
  2.406475E+00     6.295998E+04
  2.439986E+00     6.310659E+04
  2.473964E+00     6.325037E+04
  2.508415E+00     6.339130E+04
  2.543346E+00     6.352934E+04
  2.578763E+00     6.366446E+04
  2.614673E+00     6.379660E+04
  2.651084E+00     6.392574E+04
  2.688001E+00     6.405185E+04
  2.725433E+00     6.417490E+04
  2.763385E+00     6.429488E+04
  2.801867E+00     6.441178E+04
  2.840884E+00     6.452559E+04
  2.880444E+00     6.463633E+04
  2.920556E+00     6.474397E+04
  2.961225E+00     6.484846E+04
  3.002462E+00     6.494977E+04
  3.044272E+00     6.504789E+04
  3.086665E+00     6.514279E+04
  3.129648E+00     6.523445E+04
  3.173230E+00     6.532287E+04
  3.217418E+00     6.540806E+04
  3.262222E+00     6.549003E+04
  3.307650E+00     6.556879E+04
  3.353710E+00     6.564433E+04
  3.400412E+00     6.571662E+04
  3.447764E+00     6.578564E+04
  3.495776E+00     6.585138E+04
  3.544456E+00     6.591382E+04
  3.593814E+00     6.597295E+04
  3.643859E+00     6.602880E+04
  3.694601E+00     6.608136E+04
  3.746050E+00     6.613067E+04
  3.798215E+00     6.617675E+04
  3.851107E+00     6.621961E+04
  3.904735E+00     6.625922E+04
  3.959110E+00     6.629558E+04
  4.014242E+00     6.632867E+04
  4.070142E+00     6.635850E+04
  4.126821E+00     6.638507E+04
  4.184289E+00     6.640840E+04
  4.242556E+00     6.642851E+04
  4.301636E+00     6.644543E+04
  4.361538E+00     6.645922E+04
  4.422274E+00     6.646988E+04
  4.483856E+00     6.647741E+04
  4.546295E+00     6.648179E+04
  4.609604E+00     6.648303E+04
  4.673795E+00     6.648114E+04
  4.738880E+00     6.647614E+04
  4.804870E+00     6.646804E+04
  4.871780E+00     6.645688E+04
  4.939622E+00     6.644270E+04
  5.008408E+00     6.642555E+04
  5.078152E+00     6.640546E+04
  5.148867E+00     6.638242E+04
  5.220568E+00     6.635643E+04
  5.293266E+00     6.632750E+04
  5.366977E+00     6.629563E+04
  5.441714E+00     6.626084E+04
  5.517492E+00     6.622316E+04
  5.594326E+00     6.618262E+04
  5.672229E+00     6.613925E+04
  5.751217E+00     6.609311E+04
  5.831305E+00     6.604424E+04
  5.912508E+00     6.599262E+04
  5.994843E+00     6.593826E+04
  6.078323E+00     6.588117E+04
  6.162966E+00     6.582137E+04
  6.248788E+00     6.575887E+04
  6.335805E+00     6.569370E+04
  6.424034E+00     6.562590E+04
  6.513491E+00     6.555550E+04
  6.604194E+00     6.548256E+04
  6.696160E+00     6.540710E+04
  6.789407E+00     6.532913E+04
  6.883952E+00     6.524863E+04
  6.979814E+00     6.516562E+04
  7.077011E+00     6.508010E+04
  7.175561E+00     6.499206E+04
  7.275484E+00     6.490153E+04
  7.376798E+00     6.480853E+04
  7.479523E+00     6.471307E+04
  7.583678E+00     6.461520E+04
  7.689284E+00     6.451492E+04
  7.796360E+00     6.441226E+04
  7.904928E+00     6.430721E+04
  8.015007E+00     6.419980E+04
  8.126619E+00     6.409004E+04
  8.239786E+00     6.397795E+04
  8.354528E+00     6.386356E+04
  8.470868E+00     6.374690E+04
  8.588829E+00     6.362802E+04
  8.708431E+00     6.350694E+04
  8.829700E+00     6.338373E+04
  8.952657E+00     6.325837E+04
  9.077327E+00     6.313086E+04
  9.203732E+00     6.300122E+04
  9.331898E+00     6.286944E+04
  9.461848E+00     6.273552E+04
  9.593608E+00     6.259949E+04
  9.727203E+00     6.246135E+04
  9.862658E+00     6.232111E+04
  1.000000E+01     6.217881E+04
  1.013925E+01     6.203446E+04
  1.028045E+01     6.188807E+04
  1.042361E+01     6.173964E+04
  1.056876E+01     6.158919E+04
  1.071593E+01     6.143673E+04
  1.086516E+01     6.128227E+04
  1.101646E+01     6.112584E+04
  1.116987E+01     6.096745E+04
  1.132541E+01     6.080714E+04
  1.148312E+01     6.064493E+04
  1.164303E+01     6.048086E+04
  1.180517E+01     6.031492E+04
  1.196956E+01     6.014713E+04
  1.213624E+01     5.997747E+04
  1.230524E+01     5.980596E+04
  1.247660E+01     5.963260E+04
  1.265034E+01     5.945740E+04
  1.282650E+01     5.928036E+04
  1.300511E+01     5.910149E+04
  1.318621E+01     5.892081E+04
  1.336984E+01     5.873833E+04
  1.355602E+01     5.855406E+04
  1.374479E+01     5.836801E+04
  1.393619E+01     5.818020E+04
  1.413026E+01     5.799064E+04
  1.432703E+01     5.779935E+04
  1.452654E+01     5.760634E+04
  1.472883E+01     5.741166E+04
  1.493393E+01     5.721530E+04
  1.514189E+01     5.701732E+04
  1.535275E+01     5.681772E+04
  1.556654E+01     5.661654E+04
  1.578331E+01     5.641377E+04
  1.600310E+01     5.620943E+04
  1.622595E+01     5.600354E+04
  1.645191E+01     5.579609E+04
  1.668101E+01     5.558711E+04
  1.691330E+01     5.537661E+04
  1.714882E+01     5.516460E+04
  1.738762E+01     5.495111E+04
  1.762975E+01     5.473614E+04
  1.787526E+01     5.451973E+04
  1.812418E+01     5.430189E+04
  1.837656E+01     5.408264E+04
  1.863246E+01     5.386203E+04
  1.889193E+01     5.364006E+04
  1.915501E+01     5.341678E+04
  1.942175E+01     5.319222E+04
  1.969220E+01     5.296640E+04
  1.996642E+01     5.273937E+04
  2.024447E+01     5.251116E+04
  2.052638E+01     5.228179E+04
  2.081222E+01     5.205127E+04
  2.110203E+01     5.181959E+04
  2.139589E+01     5.158676E+04
  2.169384E+01     5.135277E+04
  2.199593E+01     5.111762E+04
  2.230223E+01     5.088131E+04
  2.261280E+01     5.064383E+04
  2.292769E+01     5.040517E+04
  2.324697E+01     5.016533E+04
  2.357069E+01     4.992431E+04
  2.389893E+01     4.968215E+04
  2.423173E+01     4.943889E+04
  2.456916E+01     4.919459E+04
  2.491130E+01     4.894928E+04
  2.525820E+01     4.870301E+04
  2.560993E+01     4.845583E+04
  2.596656E+01     4.820780E+04
  2.632815E+01     4.795897E+04
  2.669478E+01     4.770939E+04
  2.706652E+01     4.745911E+04
  2.744343E+01     4.720815E+04
  2.782559E+01     4.695653E+04
  2.821308E+01     4.670428E+04
  2.860596E+01     4.645140E+04
  2.900430E+01     4.619792E+04
  2.940820E+01     4.594386E+04
  2.981772E+01     4.568922E+04
  3.023295E+01     4.543403E+04
  3.065395E+01     4.517828E+04
  3.108082E+01     4.492200E+04
  3.151363E+01     4.466523E+04
  3.195248E+01     4.440798E+04
  3.239743E+01     4.415029E+04
  3.284857E+01     4.389219E+04
  3.330600E+01     4.363371E+04
  3.376980E+01     4.337488E+04
  3.424006E+01     4.311573E+04
  3.471687E+01     4.285628E+04
  3.520031E+01     4.259655E+04
  3.569049E+01     4.233658E+04
  3.618750E+01     4.207640E+04
  3.669142E+01     4.181605E+04
  3.720237E+01     4.155554E+04
  3.772042E+01     4.129492E+04
  3.824570E+01     4.103422E+04
  3.877828E+01     4.077347E+04
  3.931829E+01     4.051268E+04
  3.986581E+01     4.025189E+04
  4.042096E+01     3.999112E+04
  4.098384E+01     3.973040E+04
  4.155455E+01     3.946976E+04
  4.213322E+01     3.920922E+04
  4.271994E+01     3.894884E+04
  4.331483E+01     3.868862E+04
  4.391801E+01     3.842862E+04
  4.452959E+01     3.816885E+04
  4.514968E+01     3.790933E+04
  4.577841E+01     3.765009E+04
  4.641589E+01     3.739115E+04
  4.706225E+01     3.713252E+04
  4.771761E+01     3.687425E+04
  4.838210E+01     3.661636E+04
  4.905584E+01     3.635890E+04
  4.973896E+01     3.610190E+04
  5.043159E+01     3.584538E+04
  5.113388E+01     3.558938E+04
  5.184594E+01     3.533392E+04
  5.256791E+01     3.507903E+04
  5.329994E+01     3.482472E+04
  5.404216E+01     3.457102E+04
  5.479472E+01     3.431794E+04
  5.555776E+01     3.406553E+04
  5.633143E+01     3.381382E+04
  5.711586E+01     3.356284E+04
  5.791123E+01     3.331262E+04
  5.871766E+01     3.306317E+04
  5.953533E+01     3.281452E+04
  6.036439E+01     3.256667E+04
  6.120498E+01     3.231964E+04
  6.205729E+01     3.207344E+04
  6.292146E+01     3.182809E+04
  6.379767E+01     3.158363E+04
  6.468608E+01     3.134009E+04
  6.558686E+01     3.109749E+04
  6.650018E+01     3.085586E+04
  6.742622E+01     3.061523E+04
  6.836516E+01     3.037560E+04
  6.931717E+01     3.013699E+04
  7.028244E+01     2.989940E+04
  7.126115E+01     2.966284E+04
  7.225349E+01     2.942733E+04
  7.325965E+01     2.919292E+04
  7.427982E+01     2.895965E+04
  7.531420E+01     2.872755E+04
  7.636298E+01     2.849666E+04
  7.742637E+01     2.826701E+04
  7.850456E+01     2.803863E+04
  7.959777E+01     2.781153E+04
  8.070620E+01     2.758574E+04
  8.183007E+01     2.736126E+04
  8.296959E+01     2.713813E+04
  8.412497E+01     2.691635E+04
  8.529644E+01     2.669595E+04
  8.648423E+01     2.647693E+04
  8.768856E+01     2.625931E+04
  8.890966E+01     2.604309E+04
  9.014776E+01     2.582826E+04
  9.140311E+01     2.561480E+04
  9.267593E+01     2.540271E+04
  9.396648E+01     2.519193E+04
  9.527500E+01     2.498249E+04
  9.660175E+01     2.477442E+04
  9.794697E+01     2.456774E+04
  9.931092E+01     2.436248E+04
  1.006939E+02     2.415866E+04
  1.020961E+02     2.395630E+04
  1.035178E+02     2.375542E+04
  1.049593E+02     2.355601E+04
  1.064209E+02     2.335808E+04
  1.079029E+02     2.316163E+04
  1.094055E+02     2.296666E+04
  1.109290E+02     2.277320E+04
  1.124737E+02     2.258126E+04
  1.140400E+02     2.239086E+04
  1.156280E+02     2.220201E+04
  1.172382E+02     2.201472E+04
  1.188708E+02     2.182898E+04
  1.205261E+02     2.164479E+04
  1.222045E+02     2.146213E+04
  1.239062E+02     2.128097E+04
  1.256317E+02     2.110132E+04
  1.273811E+02     2.092319E+04
  1.291550E+02     2.074661E+04
  1.309535E+02     2.057160E+04
  1.327771E+02     2.039816E+04
  1.346261E+02     2.022630E+04
  1.365008E+02     2.005603E+04
  1.384016E+02     1.988735E+04
  1.403289E+02     1.972023E+04
  1.422830E+02     1.955466E+04
  1.442644E+02     1.939064E+04
  1.462733E+02     1.922818E+04
  1.483103E+02     1.906729E+04
  1.503755E+02     1.890797E+04
  1.524696E+02     1.875025E+04
  1.545928E+02     1.859410E+04
  1.567455E+02     1.843952E+04
  1.589283E+02     1.828650E+04
  1.611414E+02     1.813501E+04
  1.633854E+02     1.798502E+04
  1.656606E+02     1.783651E+04
  1.679675E+02     1.768950E+04
  1.703065E+02     1.754399E+04
  1.726781E+02     1.740000E+04
  1.750827E+02     1.725753E+04
  1.775208E+02     1.711657E+04
  1.799929E+02     1.697713E+04
  1.824993E+02     1.683919E+04
  1.850407E+02     1.670273E+04
  1.876175E+02     1.656773E+04
  1.902301E+02     1.643416E+04
  1.928792E+02     1.630203E+04
  1.955651E+02     1.617135E+04
  1.982884E+02     1.604213E+04
  2.010496E+02     1.591438E+04
  2.038493E+02     1.578809E+04
  2.066880E+02     1.566325E+04
  2.095662E+02     1.553985E+04
  2.124845E+02     1.541787E+04
  2.154435E+02     1.529728E+04
  2.184436E+02     1.517806E+04
  2.214855E+02     1.506021E+04
  2.245698E+02     1.494375E+04
  2.276970E+02     1.482866E+04
  2.308678E+02     1.471496E+04
  2.340827E+02     1.460264E+04
  2.373424E+02     1.449169E+04
  2.406475E+02     1.438210E+04
  2.439986E+02     1.427383E+04
  2.473964E+02     1.416687E+04
  2.508415E+02     1.406118E+04
  2.543346E+02     1.395676E+04
  2.578763E+02     1.385362E+04
  2.614673E+02     1.375177E+04
  2.651084E+02     1.365121E+04
  2.688001E+02     1.355193E+04
  2.725433E+02     1.345392E+04
  2.763385E+02     1.335718E+04
  2.801867E+02     1.326167E+04
  2.840884E+02     1.316738E+04
  2.880444E+02     1.307428E+04
  2.920556E+02     1.298236E+04
  2.961225E+02     1.289163E+04
  3.002462E+02     1.280209E+04
  3.044272E+02     1.271374E+04
  3.086665E+02     1.262658E+04
  3.129648E+02     1.254059E+04
  3.173230E+02     1.245576E+04
  3.217418E+02     1.237207E+04
  3.262222E+02     1.228948E+04
  3.307650E+02     1.220799E+04
  3.353710E+02     1.212756E+04
  3.400412E+02     1.204822E+04
  3.447764E+02     1.196996E+04
  3.495776E+02     1.189279E+04
  3.544456E+02     1.181670E+04
  3.593814E+02     1.174167E+04
  3.643859E+02     1.166771E+04
  3.694601E+02     1.159478E+04
  3.746050E+02     1.152287E+04
  3.798215E+02     1.145195E+04
  3.851107E+02     1.138202E+04
  3.904735E+02     1.131307E+04
  3.959110E+02     1.124511E+04
  4.014242E+02     1.117814E+04
  4.070142E+02     1.111216E+04
  4.126821E+02     1.104715E+04
  4.184289E+02     1.098310E+04
  4.242556E+02     1.092001E+04
  4.301636E+02     1.085784E+04
  4.361538E+02     1.079658E+04
  4.422274E+02     1.073621E+04
  4.483856E+02     1.067673E+04
  4.546295E+02     1.061816E+04
  4.609604E+02     1.056048E+04
  4.673795E+02     1.050369E+04
  4.738880E+02     1.044778E+04
  4.804870E+02     1.039275E+04
  4.871780E+02     1.033858E+04
  4.939622E+02     1.028525E+04
  5.008408E+02     1.023273E+04
  5.078152E+02     1.018101E+04
  5.148867E+02     1.013010E+04
  5.220568E+02     1.008000E+04
  5.293266E+02     1.003071E+04
  5.366977E+02     9.982212E+03
  5.441714E+02     9.934511E+03
  5.517492E+02     9.887595E+03
  5.594326E+02     9.841448E+03
  5.672229E+02     9.796055E+03
  5.751217E+02     9.751393E+03
  5.831305E+02     9.707451E+03
  5.912508E+02     9.664228E+03
  5.994843E+02     9.621728E+03
  6.078323E+02     9.579947E+03
  6.162966E+02     9.538884E+03
  6.248788E+02     9.498531E+03
  6.335805E+02     9.458879E+03
  6.424034E+02     9.419917E+03
  6.513491E+02     9.381629E+03
  6.604194E+02     9.343997E+03
  6.696160E+02     9.307007E+03
  6.789407E+02     9.270657E+03
  6.883952E+02     9.234944E+03
  6.979814E+02     9.199864E+03
  7.077011E+02     9.165410E+03
  7.175561E+02     9.131571E+03
  7.275484E+02     9.098337E+03
  7.376798E+02     9.065691E+03
  7.479523E+02     9.033615E+03
  7.583678E+02     9.002087E+03
  7.689284E+02     8.971092E+03
  7.796360E+02     8.940639E+03
  7.904928E+02     8.910738E+03
  8.015007E+02     8.881400E+03
  8.126619E+02     8.852633E+03
  8.239786E+02     8.824446E+03
  8.354528E+02     8.796846E+03
  8.470868E+02     8.769839E+03
  8.588829E+02     8.743431E+03
  8.708431E+02     8.717625E+03
  8.829700E+02     8.692410E+03
  8.952657E+02     8.667737E+03
  9.077327E+02     8.643540E+03
  9.203732E+02     8.619751E+03
  9.331898E+02     8.596289E+03
  9.461848E+02     8.573070E+03
  9.593608E+02     8.549998E+03
  9.727203E+02     8.526970E+03
  9.862658E+02     8.503874E+03
  1.000000E+03     8.480586E+03
