FILE CREATED BY  : PROGRAM DPASS - VERSION 2.00
DATABASE VERSION : 21.06
DATE AND TIME    : 09/08/2022 23:23:49
PROJECTILE       : La
TARGET           : Hf
TARGET AT. MASS  : 1.784900E+02
TARGET DENSITY   : 1.331000E+01 g/cm^3
TABULATED OUTPUT : STOPPING FORCE VERSUS ENERGY
DATA TYPE        : SPLINE INTERPOLATED
ABSCISSA UNITS   : MeV/u
ORDINATE UNITS   : eV/nm


      E/n             S(E/n)

  1.000000E-03     1.118025E+03
  1.013925E-03     1.125625E+03
  1.028045E-03     1.133325E+03
  1.042361E-03     1.141121E+03
  1.056876E-03     1.149009E+03
  1.071593E-03     1.156983E+03
  1.086516E-03     1.165037E+03
  1.101646E-03     1.173164E+03
  1.116987E-03     1.181359E+03
  1.132541E-03     1.189613E+03
  1.148312E-03     1.197918E+03
  1.164303E-03     1.206267E+03
  1.180517E-03     1.214659E+03
  1.196956E-03     1.223096E+03
  1.213624E-03     1.231580E+03
  1.230524E-03     1.240113E+03
  1.247660E-03     1.248698E+03
  1.265034E-03     1.257336E+03
  1.282650E-03     1.266032E+03
  1.300511E-03     1.274788E+03
  1.318621E-03     1.283608E+03
  1.336984E-03     1.292496E+03
  1.355602E-03     1.301451E+03
  1.374479E-03     1.310475E+03
  1.393619E-03     1.319566E+03
  1.413026E-03     1.328725E+03
  1.432703E-03     1.337951E+03
  1.452654E-03     1.347243E+03
  1.472883E-03     1.356603E+03
  1.493393E-03     1.366028E+03
  1.514189E-03     1.375520E+03
  1.535275E-03     1.385077E+03
  1.556654E-03     1.394700E+03
  1.578331E-03     1.404389E+03
  1.600310E-03     1.414144E+03
  1.622595E-03     1.423967E+03
  1.645191E-03     1.433859E+03
  1.668101E-03     1.443819E+03
  1.691330E-03     1.453849E+03
  1.714882E-03     1.463949E+03
  1.738762E-03     1.474121E+03
  1.762975E-03     1.484366E+03
  1.787526E-03     1.494684E+03
  1.812418E-03     1.505076E+03
  1.837656E-03     1.515541E+03
  1.863246E-03     1.526081E+03
  1.889193E-03     1.536696E+03
  1.915501E-03     1.547385E+03
  1.942175E-03     1.558150E+03
  1.969220E-03     1.568991E+03
  1.996642E-03     1.579909E+03
  2.024447E-03     1.590904E+03
  2.052638E-03     1.601977E+03
  2.081222E-03     1.613129E+03
  2.110203E-03     1.624359E+03
  2.139589E-03     1.635668E+03
  2.169384E-03     1.647057E+03
  2.199593E-03     1.658527E+03
  2.230223E-03     1.670078E+03
  2.261280E-03     1.681711E+03
  2.292769E-03     1.693427E+03
  2.324697E-03     1.705226E+03
  2.357069E-03     1.717111E+03
  2.389893E-03     1.729080E+03
  2.423173E-03     1.741134E+03
  2.456916E-03     1.753275E+03
  2.491130E-03     1.765501E+03
  2.525820E-03     1.777815E+03
  2.560993E-03     1.790216E+03
  2.596656E-03     1.802706E+03
  2.632815E-03     1.815284E+03
  2.669478E-03     1.827952E+03
  2.706652E-03     1.840711E+03
  2.744343E-03     1.853560E+03
  2.782559E-03     1.866502E+03
  2.821308E-03     1.879535E+03
  2.860596E-03     1.892660E+03
  2.900430E-03     1.905879E+03
  2.940820E-03     1.919192E+03
  2.981772E-03     1.932600E+03
  3.023295E-03     1.946104E+03
  3.065395E-03     1.959704E+03
  3.108082E-03     1.973401E+03
  3.151363E-03     1.987197E+03
  3.195248E-03     2.001091E+03
  3.239743E-03     2.015085E+03
  3.284857E-03     2.029180E+03
  3.330600E-03     2.043375E+03
  3.376980E-03     2.057673E+03
  3.424006E-03     2.072073E+03
  3.471687E-03     2.086578E+03
  3.520031E-03     2.101188E+03
  3.569049E-03     2.115905E+03
  3.618750E-03     2.130729E+03
  3.669142E-03     2.145661E+03
  3.720237E-03     2.160699E+03
  3.772042E-03     2.175846E+03
  3.824570E-03     2.191102E+03
  3.877828E-03     2.206466E+03
  3.931829E-03     2.221940E+03
  3.986581E-03     2.237524E+03
  4.042096E-03     2.253219E+03
  4.098384E-03     2.269025E+03
  4.155455E-03     2.284944E+03
  4.213322E-03     2.300977E+03
  4.271994E-03     2.317123E+03
  4.331483E-03     2.333385E+03
  4.391801E-03     2.349763E+03
  4.452959E-03     2.366260E+03
  4.514968E-03     2.382875E+03
  4.577841E-03     2.399612E+03
  4.641589E-03     2.416471E+03
  4.706225E-03     2.433454E+03
  4.771761E-03     2.450562E+03
  4.838210E-03     2.467796E+03
  4.905584E-03     2.485156E+03
  4.973896E-03     2.502642E+03
  5.043159E-03     2.520256E+03
  5.113388E-03     2.537998E+03
  5.184594E-03     2.555870E+03
  5.256791E-03     2.573871E+03
  5.329994E-03     2.592004E+03
  5.404216E-03     2.610268E+03
  5.479472E-03     2.628666E+03
  5.555776E-03     2.647197E+03
  5.633143E-03     2.665863E+03
  5.711586E-03     2.684665E+03
  5.791123E-03     2.703603E+03
  5.871766E-03     2.722678E+03
  5.953533E-03     2.741892E+03
  6.036439E-03     2.761246E+03
  6.120498E-03     2.780741E+03
  6.205729E-03     2.800379E+03
  6.292146E-03     2.820161E+03
  6.379767E-03     2.840088E+03
  6.468608E-03     2.860161E+03
  6.558686E-03     2.880380E+03
  6.650018E-03     2.900748E+03
  6.742622E-03     2.921265E+03
  6.836516E-03     2.941933E+03
  6.931717E-03     2.962753E+03
  7.028244E-03     2.983728E+03
  7.126115E-03     3.004858E+03
  7.225349E-03     3.026146E+03
  7.325965E-03     3.047591E+03
  7.427982E-03     3.069194E+03
  7.531420E-03     3.090957E+03
  7.636298E-03     3.112880E+03
  7.742637E-03     3.134965E+03
  7.850456E-03     3.157212E+03
  7.959777E-03     3.179623E+03
  8.070620E-03     3.202199E+03
  8.183007E-03     3.224941E+03
  8.296959E-03     3.247851E+03
  8.412497E-03     3.270930E+03
  8.529644E-03     3.294179E+03
  8.648423E-03     3.317599E+03
  8.768856E-03     3.341192E+03
  8.890966E-03     3.364959E+03
  9.014776E-03     3.388903E+03
  9.140311E-03     3.413025E+03
  9.267593E-03     3.437326E+03
  9.396648E-03     3.461810E+03
  9.527500E-03     3.486477E+03
  9.660175E-03     3.511329E+03
  9.794697E-03     3.536366E+03
  9.931092E-03     3.561590E+03
  1.006939E-02     3.587000E+03
  1.020961E-02     3.612599E+03
  1.035178E-02     3.638387E+03
  1.049593E-02     3.664366E+03
  1.064209E-02     3.690537E+03
  1.079029E-02     3.716901E+03
  1.094055E-02     3.743461E+03
  1.109290E-02     3.770217E+03
  1.124737E-02     3.797170E+03
  1.140400E-02     3.824324E+03
  1.156280E-02     3.851678E+03
  1.172382E-02     3.879236E+03
  1.188708E-02     3.906999E+03
  1.205261E-02     3.934969E+03
  1.222045E-02     3.963149E+03
  1.239062E-02     3.991542E+03
  1.256317E-02     4.020149E+03
  1.273811E-02     4.048972E+03
  1.291550E-02     4.078011E+03
  1.309535E-02     4.107268E+03
  1.327771E-02     4.136743E+03
  1.346261E-02     4.166439E+03
  1.365008E-02     4.196355E+03
  1.384016E-02     4.226494E+03
  1.403289E-02     4.256857E+03
  1.422830E-02     4.287446E+03
  1.442644E-02     4.318262E+03
  1.462733E-02     4.349308E+03
  1.483103E-02     4.380585E+03
  1.503755E-02     4.412094E+03
  1.524696E-02     4.443837E+03
  1.545928E-02     4.475818E+03
  1.567455E-02     4.508037E+03
  1.589283E-02     4.540499E+03
  1.611414E-02     4.573204E+03
  1.633854E-02     4.606158E+03
  1.656606E-02     4.639361E+03
  1.679675E-02     4.672816E+03
  1.703065E-02     4.706522E+03
  1.726781E-02     4.740483E+03
  1.750827E-02     4.774698E+03
  1.775208E-02     4.809168E+03
  1.799929E-02     4.843897E+03
  1.824993E-02     4.878884E+03
  1.850407E-02     4.914132E+03
  1.876175E-02     4.949643E+03
  1.902301E-02     4.985418E+03
  1.928792E-02     5.021459E+03
  1.955651E-02     5.057768E+03
  1.982884E-02     5.094345E+03
  2.010496E-02     5.131194E+03
  2.038493E-02     5.168315E+03
  2.066880E-02     5.205712E+03
  2.095662E-02     5.243385E+03
  2.124845E-02     5.281339E+03
  2.154435E-02     5.319575E+03
  2.184436E-02     5.358096E+03
  2.214855E-02     5.396904E+03
  2.245698E-02     5.436001E+03
  2.276970E-02     5.475386E+03
  2.308678E-02     5.515064E+03
  2.340827E-02     5.555034E+03
  2.373424E-02     5.595298E+03
  2.406475E-02     5.635860E+03
  2.439986E-02     5.676721E+03
  2.473964E-02     5.717883E+03
  2.508415E-02     5.759350E+03
  2.543346E-02     5.801123E+03
  2.578763E-02     5.843203E+03
  2.614673E-02     5.885592E+03
  2.651084E-02     5.928291E+03
  2.688001E-02     5.971304E+03
  2.725433E-02     6.014631E+03
  2.763385E-02     6.058276E+03
  2.801867E-02     6.102240E+03
  2.840884E-02     6.146527E+03
  2.880444E-02     6.191139E+03
  2.920556E-02     6.236079E+03
  2.961225E-02     6.281347E+03
  3.002462E-02     6.326945E+03
  3.044272E-02     6.372874E+03
  3.086665E-02     6.419135E+03
  3.129648E-02     6.465731E+03
  3.173230E-02     6.512663E+03
  3.217418E-02     6.559934E+03
  3.262222E-02     6.607545E+03
  3.307650E-02     6.655500E+03
  3.353710E-02     6.703800E+03
  3.400412E-02     6.752447E+03
  3.447764E-02     6.801441E+03
  3.495776E-02     6.850786E+03
  3.544456E-02     6.900481E+03
  3.593814E-02     6.950531E+03
  3.643859E-02     7.000936E+03
  3.694601E-02     7.051700E+03
  3.746050E-02     7.102826E+03
  3.798215E-02     7.154315E+03
  3.851107E-02     7.206172E+03
  3.904735E-02     7.258396E+03
  3.959110E-02     7.310989E+03
  4.014242E-02     7.363953E+03
  4.070142E-02     7.417290E+03
  4.126821E-02     7.471001E+03
  4.184289E-02     7.525090E+03
  4.242556E-02     7.579558E+03
  4.301636E-02     7.634409E+03
  4.361538E-02     7.689645E+03
  4.422274E-02     7.745268E+03
  4.483856E-02     7.801282E+03
  4.546295E-02     7.857686E+03
  4.609604E-02     7.914484E+03
  4.673795E-02     7.971678E+03
  4.738880E-02     8.029269E+03
  4.804870E-02     8.087262E+03
  4.871780E-02     8.145659E+03
  4.939622E-02     8.204463E+03
  5.008408E-02     8.263680E+03
  5.078152E-02     8.323310E+03
  5.148867E-02     8.383356E+03
  5.220568E-02     8.443818E+03
  5.293266E-02     8.504698E+03
  5.366977E-02     8.565997E+03
  5.441714E-02     8.627717E+03
  5.517492E-02     8.689859E+03
  5.594326E-02     8.752427E+03
  5.672229E-02     8.815422E+03
  5.751217E-02     8.878847E+03
  5.831305E-02     8.942704E+03
  5.912508E-02     9.006994E+03
  5.994843E-02     9.071718E+03
  6.078323E-02     9.136875E+03
  6.162966E-02     9.202468E+03
  6.248788E-02     9.268496E+03
  6.335805E-02     9.334963E+03
  6.424034E-02     9.401868E+03
  6.513491E-02     9.469214E+03
  6.604194E-02     9.537003E+03
  6.696160E-02     9.605237E+03
  6.789407E-02     9.673917E+03
  6.883952E-02     9.743042E+03
  6.979814E-02     9.812613E+03
  7.077011E-02     9.882631E+03
  7.175561E-02     9.953097E+03
  7.275484E-02     1.002401E+04
  7.376798E-02     1.009538E+04
  7.479523E-02     1.016720E+04
  7.583678E-02     1.023947E+04
  7.689284E-02     1.031221E+04
  7.796360E-02     1.038540E+04
  7.904928E-02     1.045905E+04
  8.015007E-02     1.053315E+04
  8.126619E-02     1.060772E+04
  8.239786E-02     1.068276E+04
  8.354528E-02     1.075826E+04
  8.470868E-02     1.083423E+04
  8.588829E-02     1.091066E+04
  8.708431E-02     1.098758E+04
  8.829700E-02     1.106497E+04
  8.952657E-02     1.114284E+04
  9.077327E-02     1.122119E+04
  9.203732E-02     1.130002E+04
  9.331898E-02     1.137934E+04
  9.461848E-02     1.145915E+04
  9.593608E-02     1.153944E+04
  9.727203E-02     1.162024E+04
  9.862658E-02     1.170153E+04
  1.000000E-01     1.178332E+04
  1.013925E-01     1.186562E+04
  1.028045E-01     1.194844E+04
  1.042361E-01     1.203177E+04
  1.056876E-01     1.211561E+04
  1.071593E-01     1.219998E+04
  1.086516E-01     1.228487E+04
  1.101646E-01     1.237029E+04
  1.116987E-01     1.245625E+04
  1.132541E-01     1.254275E+04
  1.148312E-01     1.262979E+04
  1.164303E-01     1.271739E+04
  1.180517E-01     1.280555E+04
  1.196956E-01     1.289427E+04
  1.213624E-01     1.298357E+04
  1.230524E-01     1.307343E+04
  1.247660E-01     1.316387E+04
  1.265034E-01     1.325489E+04
  1.282650E-01     1.334651E+04
  1.300511E-01     1.343872E+04
  1.318621E-01     1.353155E+04
  1.336984E-01     1.362498E+04
  1.355602E-01     1.371904E+04
  1.374479E-01     1.381373E+04
  1.393619E-01     1.390905E+04
  1.413026E-01     1.400501E+04
  1.432703E-01     1.410161E+04
  1.452654E-01     1.419887E+04
  1.472883E-01     1.429678E+04
  1.493393E-01     1.439536E+04
  1.514189E-01     1.449463E+04
  1.535275E-01     1.459458E+04
  1.556654E-01     1.469522E+04
  1.578331E-01     1.479657E+04
  1.600310E-01     1.489862E+04
  1.622595E-01     1.500139E+04
  1.645191E-01     1.510488E+04
  1.668101E-01     1.520909E+04
  1.691330E-01     1.531404E+04
  1.714882E-01     1.541974E+04
  1.738762E-01     1.552619E+04
  1.762975E-01     1.563341E+04
  1.787526E-01     1.574140E+04
  1.812418E-01     1.585018E+04
  1.837656E-01     1.595974E+04
  1.863246E-01     1.607010E+04
  1.889193E-01     1.618127E+04
  1.915501E-01     1.629324E+04
  1.942175E-01     1.640605E+04
  1.969220E-01     1.651969E+04
  1.996642E-01     1.663417E+04
  2.024447E-01     1.674952E+04
  2.052638E-01     1.686574E+04
  2.081222E-01     1.698283E+04
  2.110203E-01     1.710080E+04
  2.139589E-01     1.721966E+04
  2.169384E-01     1.733940E+04
  2.199593E-01     1.746005E+04
  2.230223E-01     1.758160E+04
  2.261280E-01     1.770407E+04
  2.292769E-01     1.782746E+04
  2.324697E-01     1.795178E+04
  2.357069E-01     1.807703E+04
  2.389893E-01     1.820322E+04
  2.423173E-01     1.833035E+04
  2.456916E-01     1.845840E+04
  2.491130E-01     1.858739E+04
  2.525820E-01     1.871731E+04
  2.560993E-01     1.884815E+04
  2.596656E-01     1.897992E+04
  2.632815E-01     1.911261E+04
  2.669478E-01     1.924623E+04
  2.706652E-01     1.938077E+04
  2.744343E-01     1.951622E+04
  2.782559E-01     1.965259E+04
  2.821308E-01     1.978986E+04
  2.860596E-01     1.992805E+04
  2.900430E-01     2.006714E+04
  2.940820E-01     2.020712E+04
  2.981772E-01     2.034801E+04
  3.023295E-01     2.048979E+04
  3.065395E-01     2.063246E+04
  3.108082E-01     2.077602E+04
  3.151363E-01     2.092046E+04
  3.195248E-01     2.106579E+04
  3.239743E-01     2.121198E+04
  3.284857E-01     2.135906E+04
  3.330600E-01     2.150700E+04
  3.376980E-01     2.165581E+04
  3.424006E-01     2.180548E+04
  3.471687E-01     2.195602E+04
  3.520031E-01     2.210742E+04
  3.569049E-01     2.225967E+04
  3.618750E-01     2.241278E+04
  3.669142E-01     2.256674E+04
  3.720237E-01     2.272155E+04
  3.772042E-01     2.287720E+04
  3.824570E-01     2.303369E+04
  3.877828E-01     2.319103E+04
  3.931829E-01     2.334920E+04
  3.986581E-01     2.350821E+04
  4.042096E-01     2.366807E+04
  4.098384E-01     2.382876E+04
  4.155455E-01     2.399028E+04
  4.213322E-01     2.415262E+04
  4.271994E-01     2.431579E+04
  4.331483E-01     2.447977E+04
  4.391801E-01     2.464455E+04
  4.452959E-01     2.481014E+04
  4.514968E-01     2.497653E+04
  4.577841E-01     2.514370E+04
  4.641589E-01     2.531167E+04
  4.706225E-01     2.548042E+04
  4.771761E-01     2.564994E+04
  4.838210E-01     2.582020E+04
  4.905584E-01     2.599117E+04
  4.973896E-01     2.616285E+04
  5.043159E-01     2.633519E+04
  5.113388E-01     2.650818E+04
  5.184594E-01     2.668179E+04
  5.256791E-01     2.685600E+04
  5.329994E-01     2.703077E+04
  5.404216E-01     2.720608E+04
  5.479472E-01     2.738190E+04
  5.555776E-01     2.755821E+04
  5.633143E-01     2.773498E+04
  5.711586E-01     2.791219E+04
  5.791123E-01     2.808981E+04
  5.871766E-01     2.826782E+04
  5.953533E-01     2.844619E+04
  6.036439E-01     2.862490E+04
  6.120498E-01     2.880392E+04
  6.205729E-01     2.898322E+04
  6.292146E-01     2.916277E+04
  6.379767E-01     2.934255E+04
  6.468608E-01     2.952252E+04
  6.558686E-01     2.970265E+04
  6.650018E-01     2.988290E+04
  6.742622E-01     3.006324E+04
  6.836516E-01     3.024365E+04
  6.931717E-01     3.042408E+04
  7.028244E-01     3.060451E+04
  7.126115E-01     3.078490E+04
  7.225349E-01     3.096522E+04
  7.325965E-01     3.114545E+04
  7.427982E-01     3.132556E+04
  7.531420E-01     3.150551E+04
  7.636298E-01     3.168529E+04
  7.742637E-01     3.186487E+04
  7.850456E-01     3.204422E+04
  7.959777E-01     3.222333E+04
  8.070620E-01     3.240217E+04
  8.183007E-01     3.258072E+04
  8.296959E-01     3.275898E+04
  8.412497E-01     3.293695E+04
  8.529644E-01     3.311465E+04
  8.648423E-01     3.329208E+04
  8.768856E-01     3.346926E+04
  8.890966E-01     3.364622E+04
  9.014776E-01     3.382298E+04
  9.140311E-01     3.399958E+04
  9.267593E-01     3.417606E+04
  9.396648E-01     3.435245E+04
  9.527500E-01     3.452879E+04
  9.660175E-01     3.470503E+04
  9.794697E-01     3.488117E+04
  9.931092E-01     3.505717E+04
  1.006939E+00     3.523303E+04
  1.020961E+00     3.540873E+04
  1.035178E+00     3.558424E+04
  1.049593E+00     3.575956E+04
  1.064209E+00     3.593468E+04
  1.079029E+00     3.610958E+04
  1.094055E+00     3.628425E+04
  1.109290E+00     3.645865E+04
  1.124737E+00     3.663274E+04
  1.140400E+00     3.680650E+04
  1.156280E+00     3.697987E+04
  1.172382E+00     3.715284E+04
  1.188708E+00     3.732535E+04
  1.205261E+00     3.749739E+04
  1.222045E+00     3.766892E+04
  1.239062E+00     3.783991E+04
  1.256317E+00     3.801033E+04
  1.273811E+00     3.818012E+04
  1.291550E+00     3.834926E+04
  1.309535E+00     3.851769E+04
  1.327771E+00     3.868538E+04
  1.346261E+00     3.885228E+04
  1.365008E+00     3.901837E+04
  1.384016E+00     3.918359E+04
  1.403289E+00     3.934792E+04
  1.422830E+00     3.951131E+04
  1.442644E+00     3.967373E+04
  1.462733E+00     3.983514E+04
  1.483103E+00     3.999550E+04
  1.503755E+00     4.015475E+04
  1.524696E+00     4.031287E+04
  1.545928E+00     4.046982E+04
  1.567455E+00     4.062555E+04
  1.589283E+00     4.078004E+04
  1.611414E+00     4.093325E+04
  1.633854E+00     4.108515E+04
  1.656606E+00     4.123572E+04
  1.679675E+00     4.138491E+04
  1.703065E+00     4.153269E+04
  1.726781E+00     4.167901E+04
  1.750827E+00     4.182386E+04
  1.775208E+00     4.196719E+04
  1.799929E+00     4.210899E+04
  1.824993E+00     4.224922E+04
  1.850407E+00     4.238787E+04
  1.876175E+00     4.252493E+04
  1.902301E+00     4.266037E+04
  1.928792E+00     4.279416E+04
  1.955651E+00     4.292626E+04
  1.982884E+00     4.305664E+04
  2.010496E+00     4.318525E+04
  2.038493E+00     4.331208E+04
  2.066880E+00     4.343710E+04
  2.095662E+00     4.356027E+04
  2.124845E+00     4.368160E+04
  2.154435E+00     4.380105E+04
  2.184436E+00     4.391862E+04
  2.214855E+00     4.403428E+04
  2.245698E+00     4.414799E+04
  2.276970E+00     4.425972E+04
  2.308678E+00     4.436944E+04
  2.340827E+00     4.447714E+04
  2.373424E+00     4.458279E+04
  2.406475E+00     4.468637E+04
  2.439986E+00     4.478789E+04
  2.473964E+00     4.488733E+04
  2.508415E+00     4.498470E+04
  2.543346E+00     4.507996E+04
  2.578763E+00     4.517308E+04
  2.614673E+00     4.526404E+04
  2.651084E+00     4.535280E+04
  2.688001E+00     4.543935E+04
  2.725433E+00     4.552368E+04
  2.763385E+00     4.560576E+04
  2.801867E+00     4.568559E+04
  2.840884E+00     4.576317E+04
  2.880444E+00     4.583851E+04
  2.920556E+00     4.591157E+04
  2.961225E+00     4.598235E+04
  3.002462E+00     4.605081E+04
  3.044272E+00     4.611694E+04
  3.086665E+00     4.618072E+04
  3.129648E+00     4.624216E+04
  3.173230E+00     4.630125E+04
  3.217418E+00     4.635799E+04
  3.262222E+00     4.641240E+04
  3.307650E+00     4.646448E+04
  3.353710E+00     4.651424E+04
  3.400412E+00     4.656165E+04
  3.447764E+00     4.660671E+04
  3.495776E+00     4.664939E+04
  3.544456E+00     4.668969E+04
  3.593814E+00     4.672762E+04
  3.643859E+00     4.676318E+04
  3.694601E+00     4.679639E+04
  3.746050E+00     4.682725E+04
  3.798215E+00     4.685581E+04
  3.851107E+00     4.688206E+04
  3.904735E+00     4.690598E+04
  3.959110E+00     4.692758E+04
  4.014242E+00     4.694684E+04
  4.070142E+00     4.696377E+04
  4.126821E+00     4.697837E+04
  4.184289E+00     4.699066E+04
  4.242556E+00     4.700066E+04
  4.301636E+00     4.700838E+04
  4.361538E+00     4.701387E+04
  4.422274E+00     4.701714E+04
  4.483856E+00     4.701818E+04
  4.546295E+00     4.701699E+04
  4.609604E+00     4.701358E+04
  4.673795E+00     4.700795E+04
  4.738880E+00     4.700013E+04
  4.804870E+00     4.699013E+04
  4.871780E+00     4.697798E+04
  4.939622E+00     4.696372E+04
  5.008408E+00     4.694739E+04
  5.078152E+00     4.692900E+04
  5.148867E+00     4.690856E+04
  5.220568E+00     4.688607E+04
  5.293266E+00     4.686152E+04
  5.366977E+00     4.683492E+04
  5.441714E+00     4.680628E+04
  5.517492E+00     4.677562E+04
  5.594326E+00     4.674296E+04
  5.672229E+00     4.670832E+04
  5.751217E+00     4.667174E+04
  5.831305E+00     4.663325E+04
  5.912508E+00     4.659283E+04
  5.994843E+00     4.655049E+04
  6.078323E+00     4.650624E+04
  6.162966E+00     4.646010E+04
  6.248788E+00     4.641206E+04
  6.335805E+00     4.636217E+04
  6.424034E+00     4.631042E+04
  6.513491E+00     4.625687E+04
  6.604194E+00     4.620154E+04
  6.696160E+00     4.614446E+04
  6.789407E+00     4.608562E+04
  6.883952E+00     4.602503E+04
  6.979814E+00     4.596268E+04
  7.077011E+00     4.589858E+04
  7.175561E+00     4.583274E+04
  7.275484E+00     4.576516E+04
  7.376798E+00     4.569587E+04
  7.479523E+00     4.562487E+04
  7.583678E+00     4.555219E+04
  7.689284E+00     4.547785E+04
  7.796360E+00     4.540185E+04
  7.904928E+00     4.532421E+04
  8.015007E+00     4.524491E+04
  8.126619E+00     4.516399E+04
  8.239786E+00     4.508145E+04
  8.354528E+00     4.499731E+04
  8.470868E+00     4.491159E+04
  8.588829E+00     4.482432E+04
  8.708431E+00     4.473552E+04
  8.829700E+00     4.464523E+04
  8.952657E+00     4.455345E+04
  9.077327E+00     4.446017E+04
  9.203732E+00     4.436541E+04
  9.331898E+00     4.426917E+04
  9.461848E+00     4.417146E+04
  9.593608E+00     4.407229E+04
  9.727203E+00     4.397169E+04
  9.862658E+00     4.386965E+04
  1.000000E+01     4.376620E+04
  1.013925E+01     4.366137E+04
  1.028045E+01     4.355515E+04
  1.042361E+01     4.344754E+04
  1.056876E+01     4.333854E+04
  1.071593E+01     4.322816E+04
  1.086516E+01     4.311638E+04
  1.101646E+01     4.300323E+04
  1.116987E+01     4.288870E+04
  1.132541E+01     4.277279E+04
  1.148312E+01     4.265553E+04
  1.164303E+01     4.253691E+04
  1.180517E+01     4.241694E+04
  1.196956E+01     4.229565E+04
  1.213624E+01     4.217303E+04
  1.230524E+01     4.204910E+04
  1.247660E+01     4.192388E+04
  1.265034E+01     4.179739E+04
  1.282650E+01     4.166964E+04
  1.300511E+01     4.154065E+04
  1.318621E+01     4.141046E+04
  1.336984E+01     4.127909E+04
  1.355602E+01     4.114654E+04
  1.374479E+01     4.101282E+04
  1.393619E+01     4.087794E+04
  1.413026E+01     4.074189E+04
  1.432703E+01     4.060468E+04
  1.452654E+01     4.046631E+04
  1.472883E+01     4.032680E+04
  1.493393E+01     4.018614E+04
  1.514189E+01     4.004434E+04
  1.535275E+01     3.990142E+04
  1.556654E+01     3.975737E+04
  1.578331E+01     3.961222E+04
  1.600310E+01     3.946596E+04
  1.622595E+01     3.931861E+04
  1.645191E+01     3.917019E+04
  1.668101E+01     3.902070E+04
  1.691330E+01     3.887017E+04
  1.714882E+01     3.871859E+04
  1.738762E+01     3.856600E+04
  1.762975E+01     3.841241E+04
  1.787526E+01     3.825783E+04
  1.812418E+01     3.810228E+04
  1.837656E+01     3.794576E+04
  1.863246E+01     3.778828E+04
  1.889193E+01     3.762987E+04
  1.915501E+01     3.747053E+04
  1.942175E+01     3.731028E+04
  1.969220E+01     3.714913E+04
  1.996642E+01     3.698710E+04
  2.024447E+01     3.682421E+04
  2.052638E+01     3.666046E+04
  2.081222E+01     3.649588E+04
  2.110203E+01     3.633047E+04
  2.139589E+01     3.616427E+04
  2.169384E+01     3.599728E+04
  2.199593E+01     3.582953E+04
  2.230223E+01     3.566102E+04
  2.261280E+01     3.549179E+04
  2.292769E+01     3.532184E+04
  2.324697E+01     3.515121E+04
  2.357069E+01     3.497990E+04
  2.389893E+01     3.480792E+04
  2.423173E+01     3.463531E+04
  2.456916E+01     3.446207E+04
  2.491130E+01     3.428822E+04
  2.525820E+01     3.411377E+04
  2.560993E+01     3.393874E+04
  2.596656E+01     3.376314E+04
  2.632815E+01     3.358699E+04
  2.669478E+01     3.341030E+04
  2.706652E+01     3.323309E+04
  2.744343E+01     3.305537E+04
  2.782559E+01     3.287716E+04
  2.821308E+01     3.269847E+04
  2.860596E+01     3.251934E+04
  2.900430E+01     3.233976E+04
  2.940820E+01     3.215975E+04
  2.981772E+01     3.197933E+04
  3.023295E+01     3.179852E+04
  3.065395E+01     3.161732E+04
  3.108082E+01     3.143575E+04
  3.151363E+01     3.125384E+04
  3.195248E+01     3.107162E+04
  3.239743E+01     3.088912E+04
  3.284857E+01     3.070636E+04
  3.330600E+01     3.052339E+04
  3.376980E+01     3.034022E+04
  3.424006E+01     3.015688E+04
  3.471687E+01     2.997342E+04
  3.520031E+01     2.978985E+04
  3.569049E+01     2.960620E+04
  3.618750E+01     2.942248E+04
  3.669142E+01     2.923873E+04
  3.720237E+01     2.905494E+04
  3.772042E+01     2.887114E+04
  3.824570E+01     2.868732E+04
  3.877828E+01     2.850351E+04
  3.931829E+01     2.831971E+04
  3.986581E+01     2.813591E+04
  4.042096E+01     2.795213E+04
  4.098384E+01     2.776836E+04
  4.155455E+01     2.758464E+04
  4.213322E+01     2.740098E+04
  4.271994E+01     2.721741E+04
  4.331483E+01     2.703397E+04
  4.391801E+01     2.685068E+04
  4.452959E+01     2.666755E+04
  4.514968E+01     2.648462E+04
  4.577841E+01     2.630190E+04
  4.641589E+01     2.611941E+04
  4.706225E+01     2.593717E+04
  4.771761E+01     2.575521E+04
  4.838210E+01     2.557355E+04
  4.905584E+01     2.539223E+04
  4.973896E+01     2.521125E+04
  5.043159E+01     2.503065E+04
  5.113388E+01     2.485044E+04
  5.184594E+01     2.467065E+04
  5.256791E+01     2.449128E+04
  5.329994E+01     2.431236E+04
  5.404216E+01     2.413388E+04
  5.479472E+01     2.395588E+04
  5.555776E+01     2.377838E+04
  5.633143E+01     2.360141E+04
  5.711586E+01     2.342497E+04
  5.791123E+01     2.324909E+04
  5.871766E+01     2.307378E+04
  5.953533E+01     2.289905E+04
  6.036439E+01     2.272492E+04
  6.120498E+01     2.255139E+04
  6.205729E+01     2.237845E+04
  6.292146E+01     2.220615E+04
  6.379767E+01     2.203449E+04
  6.468608E+01     2.186350E+04
  6.558686E+01     2.169321E+04
  6.650018E+01     2.152363E+04
  6.742622E+01     2.135478E+04
  6.836516E+01     2.118667E+04
  6.931717E+01     2.101933E+04
  7.028244E+01     2.085274E+04
  7.126115E+01     2.068692E+04
  7.225349E+01     2.052188E+04
  7.325965E+01     2.035765E+04
  7.427982E+01     2.019424E+04
  7.531420E+01     2.003167E+04
  7.636298E+01     1.986994E+04
  7.742637E+01     1.970908E+04
  7.850456E+01     1.954909E+04
  7.959777E+01     1.938996E+04
  8.070620E+01     1.923170E+04
  8.183007E+01     1.907429E+04
  8.296959E+01     1.891776E+04
  8.412497E+01     1.876212E+04
  8.529644E+01     1.860739E+04
  8.648423E+01     1.845361E+04
  8.768856E+01     1.830079E+04
  8.890966E+01     1.814893E+04
  9.014776E+01     1.799806E+04
  9.140311E+01     1.784818E+04
  9.267593E+01     1.769930E+04
  9.396648E+01     1.755141E+04
  9.527500E+01     1.740452E+04
  9.660175E+01     1.725866E+04
  9.794697E+01     1.711383E+04
  9.931092E+01     1.697005E+04
  1.006939E+02     1.682733E+04
  1.020961E+02     1.668567E+04
  1.035178E+02     1.654507E+04
  1.049593E+02     1.640553E+04
  1.064209E+02     1.626703E+04
  1.079029E+02     1.612957E+04
  1.094055E+02     1.599313E+04
  1.109290E+02     1.585775E+04
  1.124737E+02     1.572343E+04
  1.140400E+02     1.559019E+04
  1.156280E+02     1.545804E+04
  1.172382E+02     1.532698E+04
  1.188708E+02     1.519702E+04
  1.205261E+02     1.506816E+04
  1.222045E+02     1.494038E+04
  1.239062E+02     1.481367E+04
  1.256317E+02     1.468803E+04
  1.273811E+02     1.456348E+04
  1.291550E+02     1.444003E+04
  1.309535E+02     1.431769E+04
  1.327771E+02     1.419647E+04
  1.346261E+02     1.407636E+04
  1.365008E+02     1.395737E+04
  1.384016E+02     1.383949E+04
  1.403289E+02     1.372270E+04
  1.422830E+02     1.360700E+04
  1.442644E+02     1.349237E+04
  1.462733E+02     1.337882E+04
  1.483103E+02     1.326637E+04
  1.503755E+02     1.315502E+04
  1.524696E+02     1.304477E+04
  1.545928E+02     1.293563E+04
  1.567455E+02     1.282760E+04
  1.589283E+02     1.272065E+04
  1.611414E+02     1.261478E+04
  1.633854E+02     1.250997E+04
  1.656606E+02     1.240620E+04
  1.679675E+02     1.230349E+04
  1.703065E+02     1.220184E+04
  1.726781E+02     1.210126E+04
  1.750827E+02     1.200175E+04
  1.775208E+02     1.190331E+04
  1.799929E+02     1.180593E+04
  1.824993E+02     1.170962E+04
  1.850407E+02     1.161434E+04
  1.876175E+02     1.152009E+04
  1.902301E+02     1.142684E+04
  1.928792E+02     1.133460E+04
  1.955651E+02     1.124339E+04
  1.982884E+02     1.115320E+04
  2.010496E+02     1.106403E+04
  2.038493E+02     1.097589E+04
  2.066880E+02     1.088877E+04
  2.095662E+02     1.080266E+04
  2.124845E+02     1.071754E+04
  2.154435E+02     1.063339E+04
  2.184436E+02     1.055020E+04
  2.214855E+02     1.046797E+04
  2.245698E+02     1.038670E+04
  2.276970E+02     1.030640E+04
  2.308678E+02     1.022707E+04
  2.340827E+02     1.014870E+04
  2.373424E+02     1.007130E+04
  2.406475E+02     9.994836E+03
  2.439986E+02     9.919309E+03
  2.473964E+02     9.844695E+03
  2.508415E+02     9.770974E+03
  2.543346E+02     9.698146E+03
  2.578763E+02     9.626216E+03
  2.614673E+02     9.555187E+03
  2.651084E+02     9.485059E+03
  2.688001E+02     9.415827E+03
  2.725433E+02     9.347486E+03
  2.763385E+02     9.280024E+03
  2.801867E+02     9.213427E+03
  2.840884E+02     9.147676E+03
  2.880444E+02     9.082751E+03
  2.920556E+02     9.018649E+03
  2.961225E+02     8.955375E+03
  3.002462E+02     8.892931E+03
  3.044272E+02     8.831316E+03
  3.086665E+02     8.770527E+03
  3.129648E+02     8.710557E+03
  3.173230E+02     8.651396E+03
  3.217418E+02     8.593031E+03
  3.262222E+02     8.535443E+03
  3.307650E+02     8.478613E+03
  3.353710E+02     8.422537E+03
  3.400412E+02     8.367220E+03
  3.447764E+02     8.312663E+03
  3.495776E+02     8.258867E+03
  3.544456E+02     8.205828E+03
  3.593814E+02     8.153541E+03
  3.643859E+02     8.101997E+03
  3.694601E+02     8.051184E+03
  3.746050E+02     8.001088E+03
  3.798215E+02     7.951690E+03
  3.851107E+02     7.902985E+03
  3.904735E+02     7.854975E+03
  3.959110E+02     7.807662E+03
  4.014242E+02     7.761044E+03
  4.070142E+02     7.715118E+03
  4.126821E+02     7.669877E+03
  4.184289E+02     7.625313E+03
  4.242556E+02     7.581413E+03
  4.301636E+02     7.538162E+03
  4.361538E+02     7.495543E+03
  4.422274E+02     7.453547E+03
  4.483856E+02     7.412176E+03
  4.546295E+02     7.371430E+03
  4.609604E+02     7.331307E+03
  4.673795E+02     7.291804E+03
  4.738880E+02     7.252914E+03
  4.804870E+02     7.214627E+03
  4.871780E+02     7.176933E+03
  4.939622E+02     7.139817E+03
  5.008408E+02     7.103262E+03
  5.078152E+02     7.067258E+03
  5.148867E+02     7.031807E+03
  5.220568E+02     6.996911E+03
  5.293266E+02     6.962568E+03
  5.366977E+02     6.928775E+03
  5.441714E+02     6.895529E+03
  5.517492E+02     6.862821E+03
  5.594326E+02     6.830643E+03
  5.672229E+02     6.798984E+03
  5.751217E+02     6.767829E+03
  5.831305E+02     6.737169E+03
  5.912508E+02     6.707006E+03
  5.994843E+02     6.677343E+03
  6.078323E+02     6.648178E+03
  6.162966E+02     6.619509E+03
  6.248788E+02     6.591335E+03
  6.335805E+02     6.563648E+03
  6.424034E+02     6.536442E+03
  6.513491E+02     6.509708E+03
  6.604194E+02     6.483433E+03
  6.696160E+02     6.457609E+03
  6.789407E+02     6.432235E+03
  6.883952E+02     6.407309E+03
  6.979814E+02     6.382828E+03
  7.077011E+02     6.358787E+03
  7.175561E+02     6.335180E+03
  7.275484E+02     6.311997E+03
  7.376798E+02     6.289229E+03
  7.479523E+02     6.266862E+03
  7.583678E+02     6.244882E+03
  7.689284E+02     6.223277E+03
  7.796360E+02     6.202055E+03
  7.904928E+02     6.181221E+03
  8.015007E+02     6.160782E+03
  8.126619E+02     6.140744E+03
  8.239786E+02     6.121114E+03
  8.354528E+02     6.101894E+03
  8.470868E+02     6.083090E+03
  8.588829E+02     6.064703E+03
  8.708431E+02     6.046736E+03
  8.829700E+02     6.029181E+03
  8.952657E+02     6.012003E+03
  9.077327E+02     5.995157E+03
  9.203732E+02     5.978594E+03
  9.331898E+02     5.962260E+03
  9.461848E+02     5.946094E+03
  9.593608E+02     5.930031E+03
  9.727203E+02     5.913998E+03
  9.862658E+02     5.897918E+03
  1.000000E+03     5.881704E+03
