FILE CREATED BY  : PROGRAM DPASS - VERSION 2.00
DATABASE VERSION : 21.06
DATE AND TIME    : 09/08/2022 23:23:52
PROJECTILE       : La
TARGET           : Ta
TARGET AT. MASS  : 1.809479E+02
TARGET DENSITY   : 1.665000E+01 g/cm^3
TABULATED OUTPUT : STOPPING FORCE VERSUS ENERGY
DATA TYPE        : SPLINE INTERPOLATED
ABSCISSA UNITS   : MeV/u
ORDINATE UNITS   : eV/nm


      E/n             S(E/n)

  1.000000E-03     1.365248E+03
  1.013925E-03     1.374519E+03
  1.028045E-03     1.383913E+03
  1.042361E-03     1.393423E+03
  1.056876E-03     1.403046E+03
  1.071593E-03     1.412773E+03
  1.086516E-03     1.422598E+03
  1.101646E-03     1.432513E+03
  1.116987E-03     1.442509E+03
  1.132541E-03     1.452578E+03
  1.148312E-03     1.462710E+03
  1.164303E-03     1.472894E+03
  1.180517E-03     1.483131E+03
  1.196956E-03     1.493423E+03
  1.213624E-03     1.503772E+03
  1.230524E-03     1.514181E+03
  1.247660E-03     1.524652E+03
  1.265034E-03     1.535189E+03
  1.282650E-03     1.545795E+03
  1.300511E-03     1.556475E+03
  1.318621E-03     1.567233E+03
  1.336984E-03     1.578072E+03
  1.355602E-03     1.588994E+03
  1.374479E-03     1.599998E+03
  1.393619E-03     1.611085E+03
  1.413026E-03     1.622253E+03
  1.432703E-03     1.633503E+03
  1.452654E-03     1.644834E+03
  1.472883E-03     1.656246E+03
  1.493393E-03     1.667738E+03
  1.514189E-03     1.679311E+03
  1.535275E-03     1.690963E+03
  1.556654E-03     1.702694E+03
  1.578331E-03     1.714507E+03
  1.600310E-03     1.726400E+03
  1.622595E-03     1.738375E+03
  1.645191E-03     1.750433E+03
  1.668101E-03     1.762575E+03
  1.691330E-03     1.774802E+03
  1.714882E-03     1.787115E+03
  1.738762E-03     1.799515E+03
  1.762975E-03     1.812003E+03
  1.787526E-03     1.824581E+03
  1.812418E-03     1.837249E+03
  1.837656E-03     1.850006E+03
  1.863246E-03     1.862854E+03
  1.889193E-03     1.875793E+03
  1.915501E-03     1.888822E+03
  1.942175E-03     1.901944E+03
  1.969220E-03     1.915158E+03
  1.996642E-03     1.928464E+03
  2.024447E-03     1.941865E+03
  2.052638E-03     1.955359E+03
  2.081222E-03     1.968948E+03
  2.110203E-03     1.982632E+03
  2.139589E-03     1.996413E+03
  2.169384E-03     2.010290E+03
  2.199593E-03     2.024264E+03
  2.230223E-03     2.038337E+03
  2.261280E-03     2.052510E+03
  2.292769E-03     2.066783E+03
  2.324697E-03     2.081158E+03
  2.357069E-03     2.095635E+03
  2.389893E-03     2.110215E+03
  2.423173E-03     2.124899E+03
  2.456916E-03     2.139687E+03
  2.491130E-03     2.154580E+03
  2.525820E-03     2.169578E+03
  2.560993E-03     2.184682E+03
  2.596656E-03     2.199894E+03
  2.632815E-03     2.215213E+03
  2.669478E-03     2.230641E+03
  2.706652E-03     2.246179E+03
  2.744343E-03     2.261828E+03
  2.782559E-03     2.277587E+03
  2.821308E-03     2.293458E+03
  2.860596E-03     2.309442E+03
  2.900430E-03     2.325538E+03
  2.940820E-03     2.341748E+03
  2.981772E-03     2.358074E+03
  3.023295E-03     2.374515E+03
  3.065395E-03     2.391074E+03
  3.108082E-03     2.407751E+03
  3.151363E-03     2.424547E+03
  3.195248E-03     2.441462E+03
  3.239743E-03     2.458497E+03
  3.284857E-03     2.475653E+03
  3.330600E-03     2.492932E+03
  3.376980E-03     2.510332E+03
  3.424006E-03     2.527857E+03
  3.471687E-03     2.545507E+03
  3.520031E-03     2.563282E+03
  3.569049E-03     2.581185E+03
  3.618750E-03     2.599217E+03
  3.669142E-03     2.617377E+03
  3.720237E-03     2.635666E+03
  3.772042E-03     2.654086E+03
  3.824570E-03     2.672637E+03
  3.877828E-03     2.691321E+03
  3.931829E-03     2.710139E+03
  3.986581E-03     2.729092E+03
  4.042096E-03     2.748181E+03
  4.098384E-03     2.767408E+03
  4.155455E-03     2.786773E+03
  4.213322E-03     2.806278E+03
  4.271994E-03     2.825923E+03
  4.331483E-03     2.845708E+03
  4.391801E-03     2.865636E+03
  4.452959E-03     2.885706E+03
  4.514968E-03     2.905920E+03
  4.577841E-03     2.926279E+03
  4.641589E-03     2.946785E+03
  4.706225E-03     2.967439E+03
  4.771761E-03     2.988241E+03
  4.838210E-03     3.009193E+03
  4.905584E-03     3.030296E+03
  4.973896E-03     3.051550E+03
  5.043159E-03     3.072957E+03
  5.113388E-03     3.094518E+03
  5.184594E-03     3.116233E+03
  5.256791E-03     3.138106E+03
  5.329994E-03     3.160136E+03
  5.404216E-03     3.182327E+03
  5.479472E-03     3.204678E+03
  5.555776E-03     3.227191E+03
  5.633143E-03     3.249868E+03
  5.711586E-03     3.272709E+03
  5.791123E-03     3.295716E+03
  5.871766E-03     3.318890E+03
  5.953533E-03     3.342234E+03
  6.036439E-03     3.365748E+03
  6.120498E-03     3.389435E+03
  6.205729E-03     3.413296E+03
  6.292146E-03     3.437334E+03
  6.379767E-03     3.461546E+03
  6.468608E-03     3.485934E+03
  6.558686E-03     3.510497E+03
  6.650018E-03     3.535236E+03
  6.742622E-03     3.560151E+03
  6.836516E-03     3.585240E+03
  6.931717E-03     3.610506E+03
  7.028244E-03     3.635948E+03
  7.126115E-03     3.661565E+03
  7.225349E-03     3.687362E+03
  7.325965E-03     3.713340E+03
  7.427982E-03     3.739505E+03
  7.531420E-03     3.765859E+03
  7.636298E-03     3.792408E+03
  7.742637E-03     3.819156E+03
  7.850456E-03     3.846109E+03
  7.959777E-03     3.873272E+03
  8.070620E-03     3.900653E+03
  8.183007E-03     3.928257E+03
  8.296959E-03     3.956086E+03
  8.412497E-03     3.984138E+03
  8.529644E-03     4.012411E+03
  8.648423E-03     4.040901E+03
  8.768856E-03     4.069606E+03
  8.890966E-03     4.098523E+03
  9.014776E-03     4.127649E+03
  9.140311E-03     4.156979E+03
  9.267593E-03     4.186510E+03
  9.396648E-03     4.216238E+03
  9.527500E-03     4.246163E+03
  9.660175E-03     4.276289E+03
  9.794697E-03     4.306619E+03
  9.931092E-03     4.337160E+03
  1.006939E-02     4.367915E+03
  1.020961E-02     4.398892E+03
  1.035178E-02     4.430095E+03
  1.049593E-02     4.461533E+03
  1.064209E-02     4.493211E+03
  1.079029E-02     4.525140E+03
  1.094055E-02     4.557321E+03
  1.109290E-02     4.589757E+03
  1.124737E-02     4.622445E+03
  1.140400E-02     4.655386E+03
  1.156280E-02     4.688579E+03
  1.172382E-02     4.722023E+03
  1.188708E-02     4.755718E+03
  1.205261E-02     4.789662E+03
  1.222045E-02     4.823856E+03
  1.239062E-02     4.858298E+03
  1.256317E-02     4.892989E+03
  1.273811E-02     4.927930E+03
  1.291550E-02     4.963125E+03
  1.309535E-02     4.998574E+03
  1.327771E-02     5.034282E+03
  1.346261E-02     5.070252E+03
  1.365008E-02     5.106486E+03
  1.384016E-02     5.142988E+03
  1.403289E-02     5.179763E+03
  1.422830E-02     5.216814E+03
  1.442644E-02     5.254145E+03
  1.462733E-02     5.291756E+03
  1.483103E-02     5.329650E+03
  1.503755E-02     5.367826E+03
  1.524696E-02     5.406285E+03
  1.545928E-02     5.445028E+03
  1.567455E-02     5.484056E+03
  1.589283E-02     5.523371E+03
  1.611414E-02     5.562974E+03
  1.633854E-02     5.602867E+03
  1.656606E-02     5.643050E+03
  1.679675E-02     5.683527E+03
  1.703065E-02     5.724301E+03
  1.726781E-02     5.765374E+03
  1.750827E-02     5.806750E+03
  1.775208E-02     5.848433E+03
  1.799929E-02     5.890426E+03
  1.824993E-02     5.932735E+03
  1.850407E-02     5.975363E+03
  1.876175E-02     6.018316E+03
  1.902301E-02     6.061599E+03
  1.928792E-02     6.105213E+03
  1.955651E-02     6.149158E+03
  1.982884E-02     6.193437E+03
  2.010496E-02     6.238050E+03
  2.038493E-02     6.282998E+03
  2.066880E-02     6.328282E+03
  2.095662E-02     6.373905E+03
  2.124845E-02     6.419868E+03
  2.154435E-02     6.466172E+03
  2.184436E-02     6.512819E+03
  2.214855E-02     6.559811E+03
  2.245698E-02     6.607151E+03
  2.276970E-02     6.654840E+03
  2.308678E-02     6.702881E+03
  2.340827E-02     6.751276E+03
  2.373424E-02     6.800029E+03
  2.406475E-02     6.849143E+03
  2.439986E-02     6.898622E+03
  2.473964E-02     6.948468E+03
  2.508415E-02     6.998686E+03
  2.543346E-02     7.049279E+03
  2.578763E-02     7.100247E+03
  2.614673E-02     7.151593E+03
  2.651084E-02     7.203318E+03
  2.688001E-02     7.255426E+03
  2.725433E-02     7.307919E+03
  2.763385E-02     7.360798E+03
  2.801867E-02     7.414068E+03
  2.840884E-02     7.467732E+03
  2.880444E-02     7.521792E+03
  2.920556E-02     7.576252E+03
  2.961225E-02     7.631113E+03
  3.002462E-02     7.686376E+03
  3.044272E-02     7.742045E+03
  3.086665E-02     7.798122E+03
  3.129648E-02     7.854608E+03
  3.173230E-02     7.911508E+03
  3.217418E-02     7.968825E+03
  3.262222E-02     8.026561E+03
  3.307650E-02     8.084721E+03
  3.353710E-02     8.143307E+03
  3.400412E-02     8.202321E+03
  3.447764E-02     8.261764E+03
  3.495776E-02     8.321638E+03
  3.544456E-02     8.381947E+03
  3.593814E-02     8.442691E+03
  3.643859E-02     8.503874E+03
  3.694601E-02     8.565499E+03
  3.746050E-02     8.627569E+03
  3.798215E-02     8.690088E+03
  3.851107E-02     8.753058E+03
  3.904735E-02     8.816481E+03
  3.959110E-02     8.880360E+03
  4.014242E-02     8.944696E+03
  4.070142E-02     9.009494E+03
  4.126821E-02     9.074755E+03
  4.184289E-02     9.140483E+03
  4.242556E-02     9.206682E+03
  4.301636E-02     9.273356E+03
  4.361538E-02     9.340510E+03
  4.422274E-02     9.408146E+03
  4.483856E-02     9.476266E+03
  4.546295E-02     9.544874E+03
  4.609604E-02     9.613971E+03
  4.673795E-02     9.683560E+03
  4.738880E-02     9.753645E+03
  4.804870E-02     9.824229E+03
  4.871780E-02     9.895315E+03
  4.939622E-02     9.966908E+03
  5.008408E-02     1.003901E+04
  5.078152E-02     1.011163E+04
  5.148867E-02     1.018477E+04
  5.220568E-02     1.025842E+04
  5.293266E-02     1.033259E+04
  5.366977E-02     1.040728E+04
  5.441714E-02     1.048250E+04
  5.517492E-02     1.055823E+04
  5.594326E-02     1.063450E+04
  5.672229E-02     1.071129E+04
  5.751217E-02     1.078862E+04
  5.831305E-02     1.086648E+04
  5.912508E-02     1.094488E+04
  5.994843E-02     1.102381E+04
  6.078323E-02     1.110329E+04
  6.162966E-02     1.118330E+04
  6.248788E-02     1.126386E+04
  6.335805E-02     1.134496E+04
  6.424034E-02     1.142660E+04
  6.513491E-02     1.150879E+04
  6.604194E-02     1.159154E+04
  6.696160E-02     1.167484E+04
  6.789407E-02     1.175870E+04
  6.883952E-02     1.184311E+04
  6.979814E-02     1.192808E+04
  7.077011E-02     1.201360E+04
  7.175561E-02     1.209969E+04
  7.275484E-02     1.218634E+04
  7.376798E-02     1.227356E+04
  7.479523E-02     1.236134E+04
  7.583678E-02     1.244969E+04
  7.689284E-02     1.253861E+04
  7.796360E-02     1.262811E+04
  7.904928E-02     1.271818E+04
  8.015007E-02     1.280883E+04
  8.126619E-02     1.290006E+04
  8.239786E-02     1.299188E+04
  8.354528E-02     1.308428E+04
  8.470868E-02     1.317727E+04
  8.588829E-02     1.327085E+04
  8.708431E-02     1.336503E+04
  8.829700E-02     1.345982E+04
  8.952657E-02     1.355521E+04
  9.077327E-02     1.365121E+04
  9.203732E-02     1.374782E+04
  9.331898E-02     1.384505E+04
  9.461848E-02     1.394289E+04
  9.593608E-02     1.404136E+04
  9.727203E-02     1.414045E+04
  9.862658E-02     1.424017E+04
  1.000000E-01     1.434054E+04
  1.013925E-01     1.444155E+04
  1.028045E-01     1.454321E+04
  1.042361E-01     1.464552E+04
  1.056876E-01     1.474848E+04
  1.071593E-01     1.485211E+04
  1.086516E-01     1.495641E+04
  1.101646E-01     1.506137E+04
  1.116987E-01     1.516702E+04
  1.132541E-01     1.527335E+04
  1.148312E-01     1.538037E+04
  1.164303E-01     1.548810E+04
  1.180517E-01     1.559654E+04
  1.196956E-01     1.570568E+04
  1.213624E-01     1.581555E+04
  1.230524E-01     1.592614E+04
  1.247660E-01     1.603746E+04
  1.265034E-01     1.614951E+04
  1.282650E-01     1.626232E+04
  1.300511E-01     1.637588E+04
  1.318621E-01     1.649020E+04
  1.336984E-01     1.660530E+04
  1.355602E-01     1.672118E+04
  1.374479E-01     1.683786E+04
  1.393619E-01     1.695532E+04
  1.413026E-01     1.707359E+04
  1.432703E-01     1.719267E+04
  1.452654E-01     1.731257E+04
  1.472883E-01     1.743329E+04
  1.493393E-01     1.755485E+04
  1.514189E-01     1.767726E+04
  1.535275E-01     1.780053E+04
  1.556654E-01     1.792468E+04
  1.578331E-01     1.804969E+04
  1.600310E-01     1.817559E+04
  1.622595E-01     1.830238E+04
  1.645191E-01     1.843006E+04
  1.668101E-01     1.855866E+04
  1.691330E-01     1.868817E+04
  1.714882E-01     1.881860E+04
  1.738762E-01     1.894998E+04
  1.762975E-01     1.908231E+04
  1.787526E-01     1.921560E+04
  1.812418E-01     1.934986E+04
  1.837656E-01     1.948509E+04
  1.863246E-01     1.962131E+04
  1.889193E-01     1.975852E+04
  1.915501E-01     1.989673E+04
  1.942175E-01     2.003595E+04
  1.969220E-01     2.017619E+04
  1.996642E-01     2.031747E+04
  2.024447E-01     2.045979E+04
  2.052638E-01     2.060318E+04
  2.081222E-01     2.074762E+04
  2.110203E-01     2.089314E+04
  2.139589E-01     2.103974E+04
  2.169384E-01     2.118743E+04
  2.199593E-01     2.133622E+04
  2.230223E-01     2.148612E+04
  2.261280E-01     2.163714E+04
  2.292769E-01     2.178929E+04
  2.324697E-01     2.194260E+04
  2.357069E-01     2.209706E+04
  2.389893E-01     2.225268E+04
  2.423173E-01     2.240945E+04
  2.456916E-01     2.256738E+04
  2.491130E-01     2.272647E+04
  2.525820E-01     2.288671E+04
  2.560993E-01     2.304811E+04
  2.596656E-01     2.321066E+04
  2.632815E-01     2.337437E+04
  2.669478E-01     2.353924E+04
  2.706652E-01     2.370527E+04
  2.744343E-01     2.387244E+04
  2.782559E-01     2.404077E+04
  2.821308E-01     2.421024E+04
  2.860596E-01     2.438085E+04
  2.900430E-01     2.455259E+04
  2.940820E-01     2.472547E+04
  2.981772E-01     2.489948E+04
  3.023295E-01     2.507461E+04
  3.065395E-01     2.525086E+04
  3.108082E-01     2.542822E+04
  3.151363E-01     2.560670E+04
  3.195248E-01     2.578629E+04
  3.239743E-01     2.596697E+04
  3.284857E-01     2.614875E+04
  3.330600E-01     2.633163E+04
  3.376980E-01     2.651559E+04
  3.424006E-01     2.670064E+04
  3.471687E-01     2.688676E+04
  3.520031E-01     2.707397E+04
  3.569049E-01     2.726224E+04
  3.618750E-01     2.745159E+04
  3.669142E-01     2.764199E+04
  3.720237E-01     2.783346E+04
  3.772042E-01     2.802597E+04
  3.824570E-01     2.821953E+04
  3.877828E-01     2.841413E+04
  3.931829E-01     2.860977E+04
  3.986581E-01     2.880644E+04
  4.042096E-01     2.900415E+04
  4.098384E-01     2.920288E+04
  4.155455E-01     2.940264E+04
  4.213322E-01     2.960341E+04
  4.271994E-01     2.980519E+04
  4.331483E-01     3.000797E+04
  4.391801E-01     3.021174E+04
  4.452959E-01     3.041650E+04
  4.514968E-01     3.062223E+04
  4.577841E-01     3.082894E+04
  4.641589E-01     3.103663E+04
  4.706225E-01     3.124527E+04
  4.771761E-01     3.145486E+04
  4.838210E-01     3.166537E+04
  4.905584E-01     3.187677E+04
  4.973896E-01     3.208902E+04
  5.043159E-01     3.230211E+04
  5.113388E-01     3.251600E+04
  5.184594E-01     3.273067E+04
  5.256791E-01     3.294607E+04
  5.329994E-01     3.316218E+04
  5.404216E-01     3.337897E+04
  5.479472E-01     3.359640E+04
  5.555776E-01     3.381445E+04
  5.633143E-01     3.403307E+04
  5.711586E-01     3.425224E+04
  5.791123E-01     3.447193E+04
  5.871766E-01     3.469209E+04
  5.953533E-01     3.491271E+04
  6.036439E-01     3.513373E+04
  6.120498E-01     3.535513E+04
  6.205729E-01     3.557687E+04
  6.292146E-01     3.579892E+04
  6.379767E-01     3.602124E+04
  6.468608E-01     3.624379E+04
  6.558686E-01     3.646653E+04
  6.650018E-01     3.668944E+04
  6.742622E-01     3.691246E+04
  6.836516E-01     3.713556E+04
  6.931717E-01     3.735872E+04
  7.028244E-01     3.758188E+04
  7.126115E-01     3.780502E+04
  7.225349E-01     3.802809E+04
  7.325965E-01     3.825106E+04
  7.427982E-01     3.847389E+04
  7.531420E-01     3.869653E+04
  7.636298E-01     3.891896E+04
  7.742637E-01     3.914113E+04
  7.850456E-01     3.936300E+04
  7.959777E-01     3.958455E+04
  8.070620E-01     3.980574E+04
  8.183007E-01     4.002653E+04
  8.296959E-01     4.024693E+04
  8.412497E-01     4.046692E+04
  8.529644E-01     4.068652E+04
  8.648423E-01     4.090575E+04
  8.768856E-01     4.112462E+04
  8.890966E-01     4.134315E+04
  9.014776E-01     4.156139E+04
  9.140311E-01     4.177937E+04
  9.267593E-01     4.199714E+04
  9.396648E-01     4.221474E+04
  9.527500E-01     4.243221E+04
  9.660175E-01     4.264951E+04
  9.794697E-01     4.286663E+04
  9.931092E-01     4.308354E+04
  1.006939E+00     4.330025E+04
  1.020961E+00     4.351673E+04
  1.035178E+00     4.373297E+04
  1.049593E+00     4.394898E+04
  1.064209E+00     4.416475E+04
  1.079029E+00     4.438027E+04
  1.094055E+00     4.459554E+04
  1.109290E+00     4.481051E+04
  1.124737E+00     4.502514E+04
  1.140400E+00     4.523938E+04
  1.156280E+00     4.545318E+04
  1.172382E+00     4.566652E+04
  1.188708E+00     4.587934E+04
  1.205261E+00     4.609160E+04
  1.222045E+00     4.630327E+04
  1.239062E+00     4.651430E+04
  1.256317E+00     4.672466E+04
  1.273811E+00     4.693429E+04
  1.291550E+00     4.714315E+04
  1.309535E+00     4.735117E+04
  1.327771E+00     4.755830E+04
  1.346261E+00     4.776451E+04
  1.365008E+00     4.796974E+04
  1.384016E+00     4.817394E+04
  1.403289E+00     4.837706E+04
  1.422830E+00     4.857907E+04
  1.442644E+00     4.877992E+04
  1.462733E+00     4.897955E+04
  1.483103E+00     4.917791E+04
  1.503755E+00     4.937495E+04
  1.524696E+00     4.957063E+04
  1.545928E+00     4.976489E+04
  1.567455E+00     4.995769E+04
  1.589283E+00     5.014899E+04
  1.611414E+00     5.033875E+04
  1.633854E+00     5.052694E+04
  1.656606E+00     5.071351E+04
  1.679675E+00     5.089842E+04
  1.703065E+00     5.108162E+04
  1.726781E+00     5.126307E+04
  1.750827E+00     5.144273E+04
  1.775208E+00     5.162056E+04
  1.799929E+00     5.179652E+04
  1.824993E+00     5.197059E+04
  1.850407E+00     5.214274E+04
  1.876175E+00     5.231295E+04
  1.902301E+00     5.248120E+04
  1.928792E+00     5.264744E+04
  1.955651E+00     5.281164E+04
  1.982884E+00     5.297374E+04
  2.010496E+00     5.313371E+04
  2.038493E+00     5.329152E+04
  2.066880E+00     5.344713E+04
  2.095662E+00     5.360053E+04
  2.124845E+00     5.375169E+04
  2.154435E+00     5.390060E+04
  2.184436E+00     5.404725E+04
  2.214855E+00     5.419159E+04
  2.245698E+00     5.433359E+04
  2.276970E+00     5.447319E+04
  2.308678E+00     5.461038E+04
  2.340827E+00     5.474511E+04
  2.373424E+00     5.487736E+04
  2.406475E+00     5.500711E+04
  2.439986E+00     5.513434E+04
  2.473964E+00     5.525905E+04
  2.508415E+00     5.538123E+04
  2.543346E+00     5.550085E+04
  2.578763E+00     5.561786E+04
  2.614673E+00     5.573224E+04
  2.651084E+00     5.584394E+04
  2.688001E+00     5.595295E+04
  2.725433E+00     5.605925E+04
  2.763385E+00     5.616283E+04
  2.801867E+00     5.626367E+04
  2.840884E+00     5.636178E+04
  2.880444E+00     5.645716E+04
  2.920556E+00     5.654979E+04
  2.961225E+00     5.663964E+04
  3.002462E+00     5.672667E+04
  3.044272E+00     5.681086E+04
  3.086665E+00     5.689220E+04
  3.129648E+00     5.697067E+04
  3.173230E+00     5.704628E+04
  3.217418E+00     5.711902E+04
  3.262222E+00     5.718890E+04
  3.307650E+00     5.725594E+04
  3.353710E+00     5.732012E+04
  3.400412E+00     5.738143E+04
  3.447764E+00     5.743985E+04
  3.495776E+00     5.749537E+04
  3.544456E+00     5.754797E+04
  3.593814E+00     5.759766E+04
  3.643859E+00     5.764445E+04
  3.694601E+00     5.768836E+04
  3.746050E+00     5.772941E+04
  3.798215E+00     5.776762E+04
  3.851107E+00     5.780301E+04
  3.904735E+00     5.783556E+04
  3.959110E+00     5.786525E+04
  4.014242E+00     5.789208E+04
  4.070142E+00     5.791605E+04
  4.126821E+00     5.793716E+04
  4.184289E+00     5.795543E+04
  4.242556E+00     5.797088E+04
  4.301636E+00     5.798354E+04
  4.361538E+00     5.799345E+04
  4.422274E+00     5.800061E+04
  4.483856E+00     5.800503E+04
  4.546295E+00     5.800670E+04
  4.609604E+00     5.800563E+04
  4.673795E+00     5.800182E+04
  4.738880E+00     5.799530E+04
  4.804870E+00     5.798608E+04
  4.871780E+00     5.797420E+04
  4.939622E+00     5.795970E+04
  5.008408E+00     5.794263E+04
  5.078152E+00     5.792301E+04
  5.148867E+00     5.790084E+04
  5.220568E+00     5.787611E+04
  5.293266E+00     5.784883E+04
  5.366977E+00     5.781900E+04
  5.441714E+00     5.778665E+04
  5.517492E+00     5.775178E+04
  5.594326E+00     5.771443E+04
  5.672229E+00     5.767463E+04
  5.751217E+00     5.763242E+04
  5.831305E+00     5.758782E+04
  5.912508E+00     5.754084E+04
  5.994843E+00     5.749149E+04
  6.078323E+00     5.743975E+04
  6.162966E+00     5.738566E+04
  6.248788E+00     5.732922E+04
  6.335805E+00     5.727047E+04
  6.424034E+00     5.720942E+04
  6.513491E+00     5.714612E+04
  6.604194E+00     5.708060E+04
  6.696160E+00     5.701291E+04
  6.789407E+00     5.694302E+04
  6.883952E+00     5.687095E+04
  6.979814E+00     5.679670E+04
  7.077011E+00     5.672026E+04
  7.175561E+00     5.664164E+04
  7.275484E+00     5.656087E+04
  7.376798E+00     5.647795E+04
  7.479523E+00     5.639290E+04
  7.583678E+00     5.630575E+04
  7.689284E+00     5.621654E+04
  7.796360E+00     5.612525E+04
  7.904928E+00     5.603190E+04
  8.015007E+00     5.593650E+04
  8.126619E+00     5.583907E+04
  8.239786E+00     5.573962E+04
  8.354528E+00     5.563817E+04
  8.470868E+00     5.553476E+04
  8.588829E+00     5.542941E+04
  8.708431E+00     5.532217E+04
  8.829700E+00     5.521306E+04
  8.952657E+00     5.510210E+04
  9.077327E+00     5.498927E+04
  9.203732E+00     5.487459E+04
  9.331898E+00     5.475806E+04
  9.461848E+00     5.463969E+04
  9.593608E+00     5.451948E+04
  9.727203E+00     5.439745E+04
  9.862658E+00     5.427362E+04
  1.000000E+01     5.414800E+04
  1.013925E+01     5.402062E+04
  1.028045E+01     5.389147E+04
  1.042361E+01     5.376058E+04
  1.056876E+01     5.362794E+04
  1.071593E+01     5.349357E+04
  1.086516E+01     5.335748E+04
  1.101646E+01     5.321967E+04
  1.116987E+01     5.308019E+04
  1.132541E+01     5.293903E+04
  1.148312E+01     5.279623E+04
  1.164303E+01     5.265181E+04
  1.180517E+01     5.250577E+04
  1.196956E+01     5.235812E+04
  1.213624E+01     5.220887E+04
  1.230524E+01     5.205800E+04
  1.247660E+01     5.190553E+04
  1.265034E+01     5.175146E+04
  1.282650E+01     5.159580E+04
  1.300511E+01     5.143856E+04
  1.318621E+01     5.127975E+04
  1.336984E+01     5.111938E+04
  1.355602E+01     5.095746E+04
  1.374479E+01     5.079400E+04
  1.393619E+01     5.062901E+04
  1.413026E+01     5.046251E+04
  1.432703E+01     5.029450E+04
  1.452654E+01     5.012501E+04
  1.472883E+01     4.995405E+04
  1.493393E+01     4.978164E+04
  1.514189E+01     4.960781E+04
  1.535275E+01     4.943257E+04
  1.556654E+01     4.925595E+04
  1.578331E+01     4.907795E+04
  1.600310E+01     4.889859E+04
  1.622595E+01     4.871788E+04
  1.645191E+01     4.853583E+04
  1.668101E+01     4.835247E+04
  1.691330E+01     4.816780E+04
  1.714882E+01     4.798186E+04
  1.738762E+01     4.779465E+04
  1.762975E+01     4.760620E+04
  1.787526E+01     4.741652E+04
  1.812418E+01     4.722564E+04
  1.837656E+01     4.703355E+04
  1.863246E+01     4.684028E+04
  1.889193E+01     4.664583E+04
  1.915501E+01     4.645023E+04
  1.942175E+01     4.625348E+04
  1.969220E+01     4.605561E+04
  1.996642E+01     4.585663E+04
  2.024447E+01     4.565655E+04
  2.052638E+01     4.545540E+04
  2.081222E+01     4.525319E+04
  2.110203E+01     4.504994E+04
  2.139589E+01     4.484567E+04
  2.169384E+01     4.464040E+04
  2.199593E+01     4.443415E+04
  2.230223E+01     4.422695E+04
  2.261280E+01     4.401880E+04
  2.292769E+01     4.380975E+04
  2.324697E+01     4.359980E+04
  2.357069E+01     4.338897E+04
  2.389893E+01     4.317730E+04
  2.423173E+01     4.296480E+04
  2.456916E+01     4.275149E+04
  2.491130E+01     4.253738E+04
  2.525820E+01     4.232251E+04
  2.560993E+01     4.210688E+04
  2.596656E+01     4.189053E+04
  2.632815E+01     4.167347E+04
  2.669478E+01     4.145571E+04
  2.706652E+01     4.123729E+04
  2.744343E+01     4.101822E+04
  2.782559E+01     4.079853E+04
  2.821308E+01     4.057824E+04
  2.860596E+01     4.035739E+04
  2.900430E+01     4.013600E+04
  2.940820E+01     3.991408E+04
  2.981772E+01     3.969167E+04
  3.023295E+01     3.946879E+04
  3.065395E+01     3.924547E+04
  3.108082E+01     3.902171E+04
  3.151363E+01     3.879756E+04
  3.195248E+01     3.857303E+04
  3.239743E+01     3.834814E+04
  3.284857E+01     3.812292E+04
  3.330600E+01     3.789739E+04
  3.376980E+01     3.767156E+04
  3.424006E+01     3.744546E+04
  3.471687E+01     3.721910E+04
  3.520031E+01     3.699249E+04
  3.569049E+01     3.676565E+04
  3.618750E+01     3.653862E+04
  3.669142E+01     3.631143E+04
  3.720237E+01     3.608412E+04
  3.772042E+01     3.585671E+04
  3.824570E+01     3.562924E+04
  3.877828E+01     3.540175E+04
  3.931829E+01     3.517426E+04
  3.986581E+01     3.494680E+04
  4.042096E+01     3.471940E+04
  4.098384E+01     3.449210E+04
  4.155455E+01     3.426491E+04
  4.213322E+01     3.403786E+04
  4.271994E+01     3.381098E+04
  4.331483E+01     3.358429E+04
  4.391801E+01     3.335781E+04
  4.452959E+01     3.313155E+04
  4.514968E+01     3.290552E+04
  4.577841E+01     3.267975E+04
  4.641589E+01     3.245424E+04
  4.706225E+01     3.222899E+04
  4.771761E+01     3.200403E+04
  4.838210E+01     3.177941E+04
  4.905584E+01     3.155516E+04
  4.973896E+01     3.133130E+04
  5.043159E+01     3.110786E+04
  5.113388E+01     3.088489E+04
  5.184594E+01     3.066239E+04
  5.256791E+01     3.044039E+04
  5.329994E+01     3.021891E+04
  5.404216E+01     2.999798E+04
  5.479472E+01     2.977762E+04
  5.555776E+01     2.955785E+04
  5.633143E+01     2.933872E+04
  5.711586E+01     2.912023E+04
  5.791123E+01     2.890241E+04
  5.871766E+01     2.868529E+04
  5.953533E+01     2.846887E+04
  6.036439E+01     2.825317E+04
  6.120498E+01     2.803819E+04
  6.205729E+01     2.782394E+04
  6.292146E+01     2.761044E+04
  6.379767E+01     2.739772E+04
  6.468608E+01     2.718583E+04
  6.558686E+01     2.697477E+04
  6.650018E+01     2.676458E+04
  6.742622E+01     2.655527E+04
  6.836516E+01     2.634686E+04
  6.931717E+01     2.613938E+04
  7.028244E+01     2.593281E+04
  7.126115E+01     2.572717E+04
  7.225349E+01     2.552249E+04
  7.325965E+01     2.531879E+04
  7.427982E+01     2.511609E+04
  7.531420E+01     2.491443E+04
  7.636298E+01     2.471383E+04
  7.742637E+01     2.451430E+04
  7.850456E+01     2.431585E+04
  7.959777E+01     2.411850E+04
  8.070620E+01     2.392224E+04
  8.183007E+01     2.372708E+04
  8.296959E+01     2.353303E+04
  8.412497E+01     2.334012E+04
  8.529644E+01     2.314836E+04
  8.648423E+01     2.295779E+04
  8.768856E+01     2.276841E+04
  8.890966E+01     2.258023E+04
  9.014776E+01     2.239326E+04
  9.140311E+01     2.220750E+04
  9.267593E+01     2.202294E+04
  9.396648E+01     2.183957E+04
  9.527500E+01     2.165740E+04
  9.660175E+01     2.147646E+04
  9.794697E+01     2.129676E+04
  9.931092E+01     2.111832E+04
  1.006939E+02     2.094116E+04
  1.020961E+02     2.076528E+04
  1.035178E+02     2.059070E+04
  1.049593E+02     2.041741E+04
  1.064209E+02     2.024539E+04
  1.079029E+02     2.007465E+04
  1.094055E+02     1.990519E+04
  1.109290E+02     1.973702E+04
  1.124737E+02     1.957017E+04
  1.140400E+02     1.940466E+04
  1.156280E+02     1.924050E+04
  1.172382E+02     1.907770E+04
  1.188708E+02     1.891627E+04
  1.205261E+02     1.875620E+04
  1.222045E+02     1.859750E+04
  1.239062E+02     1.844013E+04
  1.256317E+02     1.828412E+04
  1.273811E+02     1.812946E+04
  1.291550E+02     1.797618E+04
  1.309535E+02     1.782429E+04
  1.327771E+02     1.767378E+04
  1.346261E+02     1.752467E+04
  1.365008E+02     1.737695E+04
  1.384016E+02     1.723060E+04
  1.403289E+02     1.708561E+04
  1.422830E+02     1.694196E+04
  1.442644E+02     1.679963E+04
  1.462733E+02     1.665863E+04
  1.483103E+02     1.651898E+04
  1.503755E+02     1.638069E+04
  1.524696E+02     1.624377E+04
  1.545928E+02     1.610821E+04
  1.567455E+02     1.597401E+04
  1.589283E+02     1.584115E+04
  1.611414E+02     1.570963E+04
  1.633854E+02     1.557941E+04
  1.656606E+02     1.545049E+04
  1.679675E+02     1.532287E+04
  1.703065E+02     1.519656E+04
  1.726781E+02     1.507158E+04
  1.750827E+02     1.494792E+04
  1.775208E+02     1.482559E+04
  1.799929E+02     1.470458E+04
  1.824993E+02     1.458487E+04
  1.850407E+02     1.446646E+04
  1.876175E+02     1.434931E+04
  1.902301E+02     1.423341E+04
  1.928792E+02     1.411876E+04
  1.955651E+02     1.400538E+04
  1.982884E+02     1.389327E+04
  2.010496E+02     1.378243E+04
  2.038493E+02     1.367286E+04
  2.066880E+02     1.356456E+04
  2.095662E+02     1.345750E+04
  2.124845E+02     1.335167E+04
  2.154435E+02     1.324705E+04
  2.184436E+02     1.314361E+04
  2.214855E+02     1.304136E+04
  2.245698E+02     1.294030E+04
  2.276970E+02     1.284045E+04
  2.308678E+02     1.274179E+04
  2.340827E+02     1.264434E+04
  2.373424E+02     1.254808E+04
  2.406475E+02     1.245300E+04
  2.439986E+02     1.235909E+04
  2.473964E+02     1.226631E+04
  2.508415E+02     1.217465E+04
  2.543346E+02     1.208411E+04
  2.578763E+02     1.199469E+04
  2.614673E+02     1.190639E+04
  2.651084E+02     1.181921E+04
  2.688001E+02     1.173315E+04
  2.725433E+02     1.164819E+04
  2.763385E+02     1.156432E+04
  2.801867E+02     1.148151E+04
  2.840884E+02     1.139975E+04
  2.880444E+02     1.131900E+04
  2.920556E+02     1.123926E+04
  2.961225E+02     1.116055E+04
  3.002462E+02     1.108285E+04
  3.044272E+02     1.100618E+04
  3.086665E+02     1.093053E+04
  3.129648E+02     1.085589E+04
  3.173230E+02     1.078226E+04
  3.217418E+02     1.070962E+04
  3.262222E+02     1.063796E+04
  3.307650E+02     1.056724E+04
  3.353710E+02     1.049747E+04
  3.400412E+02     1.042865E+04
  3.447764E+02     1.036078E+04
  3.495776E+02     1.029386E+04
  3.544456E+02     1.022789E+04
  3.593814E+02     1.016284E+04
  3.643859E+02     1.009872E+04
  3.694601E+02     1.003551E+04
  3.746050E+02     9.973176E+03
  3.798215E+02     9.911702E+03
  3.851107E+02     9.851078E+03
  3.904735E+02     9.791309E+03
  3.959110E+02     9.732396E+03
  4.014242E+02     9.674339E+03
  4.070142E+02     9.617135E+03
  4.126821E+02     9.560776E+03
  4.184289E+02     9.505253E+03
  4.242556E+02     9.450551E+03
  4.301636E+02     9.396654E+03
  4.361538E+02     9.343540E+03
  4.422274E+02     9.291200E+03
  4.483856E+02     9.239638E+03
  4.546295E+02     9.188854E+03
  4.609604E+02     9.138849E+03
  4.673795E+02     9.089616E+03
  4.738880E+02     9.041151E+03
  4.804870E+02     8.993442E+03
  4.871780E+02     8.946478E+03
  4.939622E+02     8.900240E+03
  5.008408E+02     8.854710E+03
  5.078152E+02     8.809876E+03
  5.148867E+02     8.765742E+03
  5.220568E+02     8.722307E+03
  5.293266E+02     8.679570E+03
  5.366977E+02     8.637529E+03
  5.441714E+02     8.596176E+03
  5.517492E+02     8.555503E+03
  5.594326E+02     8.515497E+03
  5.672229E+02     8.476144E+03
  5.751217E+02     8.437426E+03
  5.831305E+02     8.399331E+03
  5.912508E+02     8.361860E+03
  5.994843E+02     8.325016E+03
  6.078323E+02     8.288796E+03
  6.162966E+02     8.253198E+03
  6.248788E+02     8.218215E+03
  6.335805E+02     8.183841E+03
  6.424034E+02     8.150065E+03
  6.513491E+02     8.116874E+03
  6.604194E+02     8.084252E+03
  6.696160E+02     8.052187E+03
  6.789407E+02     8.020676E+03
  6.883952E+02     7.989719E+03
  6.979814E+02     7.959310E+03
  7.077011E+02     7.929444E+03
  7.175561E+02     7.900113E+03
  7.275484E+02     7.871305E+03
  7.376798E+02     7.843007E+03
  7.479523E+02     7.815204E+03
  7.583678E+02     7.787876E+03
  7.689284E+02     7.761010E+03
  7.796360E+02     7.734614E+03
  7.904928E+02     7.708697E+03
  8.015007E+02     7.683268E+03
  8.126619E+02     7.658334E+03
  8.239786E+02     7.633903E+03
  8.354528E+02     7.609981E+03
  8.470868E+02     7.586573E+03
  8.588829E+02     7.563684E+03
  8.708431E+02     7.541316E+03
  8.829700E+02     7.519461E+03
  8.952657E+02     7.498075E+03
  9.077327E+02     7.477103E+03
  9.203732E+02     7.456483E+03
  9.331898E+02     7.436148E+03
  9.461848E+02     7.416022E+03
  9.593608E+02     7.396024E+03
  9.727203E+02     7.376064E+03
  9.862658E+02     7.356045E+03
  1.000000E+03     7.335859E+03
