FILE CREATED BY  : PROGRAM DPASS - VERSION 2.00
DATABASE VERSION : 21.06
DATE AND TIME    : 09/08/2022 23:29:03
PROJECTILE       : Pr
TARGET           : Si
TARGET AT. MASS  : 2.808550E+01
TARGET DENSITY   : 2.330000E+00 g/cm^3
TABULATED OUTPUT : STOPPING FORCE VERSUS ENERGY
DATA TYPE        : SPLINE INTERPOLATED
ABSCISSA UNITS   : MeV/u
ORDINATE UNITS   : eV/nm


      E/n             S(E/n)

  1.000000E-03     4.464374E+02
  1.013925E-03     4.494933E+02
  1.028045E-03     4.525896E+02
  1.042361E-03     4.557246E+02
  1.056876E-03     4.588964E+02
  1.071593E-03     4.621031E+02
  1.086516E-03     4.653422E+02
  1.101646E-03     4.686113E+02
  1.116987E-03     4.719078E+02
  1.132541E-03     4.752285E+02
  1.148312E-03     4.785703E+02
  1.164303E-03     4.819304E+02
  1.180517E-03     4.853083E+02
  1.196956E-03     4.887049E+02
  1.213624E-03     4.921209E+02
  1.230524E-03     4.955573E+02
  1.247660E-03     4.990149E+02
  1.265034E-03     5.024949E+02
  1.282650E-03     5.059985E+02
  1.300511E-03     5.095269E+02
  1.318621E-03     5.130815E+02
  1.336984E-03     5.166636E+02
  1.355602E-03     5.202737E+02
  1.374479E-03     5.239117E+02
  1.393619E-03     5.275776E+02
  1.413026E-03     5.312713E+02
  1.432703E-03     5.349927E+02
  1.452654E-03     5.387419E+02
  1.472883E-03     5.425187E+02
  1.493393E-03     5.463231E+02
  1.514189E-03     5.501549E+02
  1.535275E-03     5.540142E+02
  1.556654E-03     5.579011E+02
  1.578331E-03     5.618156E+02
  1.600310E-03     5.657581E+02
  1.622595E-03     5.697287E+02
  1.645191E-03     5.737277E+02
  1.668101E-03     5.777554E+02
  1.691330E-03     5.818122E+02
  1.714882E-03     5.858982E+02
  1.738762E-03     5.900140E+02
  1.762975E-03     5.941599E+02
  1.787526E-03     5.983362E+02
  1.812418E-03     6.025430E+02
  1.837656E-03     6.067807E+02
  1.863246E-03     6.110495E+02
  1.889193E-03     6.153495E+02
  1.915501E-03     6.196812E+02
  1.942175E-03     6.240449E+02
  1.969220E-03     6.284408E+02
  1.996642E-03     6.328694E+02
  2.024447E-03     6.373311E+02
  2.052638E-03     6.418262E+02
  2.081222E-03     6.463547E+02
  2.110203E-03     6.509170E+02
  2.139589E-03     6.555131E+02
  2.169384E-03     6.601433E+02
  2.199593E-03     6.648077E+02
  2.230223E-03     6.695067E+02
  2.261280E-03     6.742405E+02
  2.292769E-03     6.790093E+02
  2.324697E-03     6.838135E+02
  2.357069E-03     6.886533E+02
  2.389893E-03     6.935291E+02
  2.423173E-03     6.984410E+02
  2.456916E-03     7.033893E+02
  2.491130E-03     7.083744E+02
  2.525820E-03     7.133966E+02
  2.560993E-03     7.184562E+02
  2.596656E-03     7.235538E+02
  2.632815E-03     7.286896E+02
  2.669478E-03     7.338642E+02
  2.706652E-03     7.390781E+02
  2.744343E-03     7.443313E+02
  2.782559E-03     7.496242E+02
  2.821308E-03     7.549571E+02
  2.860596E-03     7.603301E+02
  2.900430E-03     7.657437E+02
  2.940820E-03     7.711982E+02
  2.981772E-03     7.766939E+02
  3.023295E-03     7.822313E+02
  3.065395E-03     7.878108E+02
  3.108082E-03     7.934328E+02
  3.151363E-03     7.990975E+02
  3.195248E-03     8.048053E+02
  3.239743E-03     8.105566E+02
  3.284857E-03     8.163516E+02
  3.330600E-03     8.221908E+02
  3.376980E-03     8.280745E+02
  3.424006E-03     8.340033E+02
  3.471687E-03     8.399776E+02
  3.520031E-03     8.459980E+02
  3.569049E-03     8.520649E+02
  3.618750E-03     8.581786E+02
  3.669142E-03     8.643396E+02
  3.720237E-03     8.705481E+02
  3.772042E-03     8.768044E+02
  3.824570E-03     8.831091E+02
  3.877828E-03     8.894625E+02
  3.931829E-03     8.958650E+02
  3.986581E-03     9.023173E+02
  4.042096E-03     9.088198E+02
  4.098384E-03     9.153731E+02
  4.155455E-03     9.219775E+02
  4.213322E-03     9.286334E+02
  4.271994E-03     9.353413E+02
  4.331483E-03     9.421017E+02
  4.391801E-03     9.489148E+02
  4.452959E-03     9.557814E+02
  4.514968E-03     9.627020E+02
  4.577841E-03     9.696771E+02
  4.641589E-03     9.767075E+02
  4.706225E-03     9.837937E+02
  4.771761E-03     9.909361E+02
  4.838210E-03     9.981352E+02
  4.905584E-03     1.005391E+03
  4.973896E-03     1.012705E+03
  5.043159E-03     1.020077E+03
  5.113388E-03     1.027507E+03
  5.184594E-03     1.034996E+03
  5.256791E-03     1.042544E+03
  5.329994E-03     1.050153E+03
  5.404216E-03     1.057823E+03
  5.479472E-03     1.065554E+03
  5.555776E-03     1.073347E+03
  5.633143E-03     1.081202E+03
  5.711586E-03     1.089120E+03
  5.791123E-03     1.097102E+03
  5.871766E-03     1.105148E+03
  5.953533E-03     1.113260E+03
  6.036439E-03     1.121437E+03
  6.120498E-03     1.129681E+03
  6.205729E-03     1.137993E+03
  6.292146E-03     1.146373E+03
  6.379767E-03     1.154822E+03
  6.468608E-03     1.163340E+03
  6.558686E-03     1.171927E+03
  6.650018E-03     1.180585E+03
  6.742622E-03     1.189314E+03
  6.836516E-03     1.198114E+03
  6.931717E-03     1.206986E+03
  7.028244E-03     1.215931E+03
  7.126115E-03     1.224949E+03
  7.225349E-03     1.234042E+03
  7.325965E-03     1.243210E+03
  7.427982E-03     1.252453E+03
  7.531420E-03     1.261772E+03
  7.636298E-03     1.271168E+03
  7.742637E-03     1.280642E+03
  7.850456E-03     1.290195E+03
  7.959777E-03     1.299826E+03
  8.070620E-03     1.309538E+03
  8.183007E-03     1.319332E+03
  8.296959E-03     1.329207E+03
  8.412497E-03     1.339165E+03
  8.529644E-03     1.349207E+03
  8.648423E-03     1.359333E+03
  8.768856E-03     1.369544E+03
  8.890966E-03     1.379840E+03
  9.014776E-03     1.390223E+03
  9.140311E-03     1.400693E+03
  9.267593E-03     1.411252E+03
  9.396648E-03     1.421901E+03
  9.527500E-03     1.432640E+03
  9.660175E-03     1.443470E+03
  9.794697E-03     1.454391E+03
  9.931092E-03     1.465406E+03
  1.006939E-02     1.476513E+03
  1.020961E-02     1.487715E+03
  1.035178E-02     1.499012E+03
  1.049593E-02     1.510405E+03
  1.064209E-02     1.521895E+03
  1.079029E-02     1.533484E+03
  1.094055E-02     1.545172E+03
  1.109290E-02     1.556959E+03
  1.124737E-02     1.568848E+03
  1.140400E-02     1.580838E+03
  1.156280E-02     1.592930E+03
  1.172382E-02     1.605126E+03
  1.188708E-02     1.617427E+03
  1.205261E-02     1.629833E+03
  1.222045E-02     1.642345E+03
  1.239062E-02     1.654966E+03
  1.256317E-02     1.667696E+03
  1.273811E-02     1.680535E+03
  1.291550E-02     1.693485E+03
  1.309535E-02     1.706547E+03
  1.327771E-02     1.719722E+03
  1.346261E-02     1.733010E+03
  1.365008E-02     1.746413E+03
  1.384016E-02     1.759932E+03
  1.403289E-02     1.773568E+03
  1.422830E-02     1.787322E+03
  1.442644E-02     1.801196E+03
  1.462733E-02     1.815190E+03
  1.483103E-02     1.829306E+03
  1.503755E-02     1.843544E+03
  1.524696E-02     1.857905E+03
  1.545928E-02     1.872391E+03
  1.567455E-02     1.887002E+03
  1.589283E-02     1.901739E+03
  1.611414E-02     1.916605E+03
  1.633854E-02     1.931599E+03
  1.656606E-02     1.946724E+03
  1.679675E-02     1.961980E+03
  1.703065E-02     1.977368E+03
  1.726781E-02     1.992890E+03
  1.750827E-02     2.008546E+03
  1.775208E-02     2.024337E+03
  1.799929E-02     2.040265E+03
  1.824993E-02     2.056332E+03
  1.850407E-02     2.072537E+03
  1.876175E-02     2.088883E+03
  1.902301E-02     2.105371E+03
  1.928792E-02     2.122002E+03
  1.955651E-02     2.138777E+03
  1.982884E-02     2.155697E+03
  2.010496E-02     2.172763E+03
  2.038493E-02     2.189976E+03
  2.066880E-02     2.207338E+03
  2.095662E-02     2.224849E+03
  2.124845E-02     2.242510E+03
  2.154435E-02     2.260324E+03
  2.184436E-02     2.278292E+03
  2.214855E-02     2.296414E+03
  2.245698E-02     2.314691E+03
  2.276970E-02     2.333125E+03
  2.308678E-02     2.351716E+03
  2.340827E-02     2.370466E+03
  2.373424E-02     2.389376E+03
  2.406475E-02     2.408447E+03
  2.439986E-02     2.427681E+03
  2.473964E-02     2.447078E+03
  2.508415E-02     2.466641E+03
  2.543346E-02     2.486369E+03
  2.578763E-02     2.506265E+03
  2.614673E-02     2.526329E+03
  2.651084E-02     2.546562E+03
  2.688001E-02     2.566965E+03
  2.725433E-02     2.587539E+03
  2.763385E-02     2.608286E+03
  2.801867E-02     2.629206E+03
  2.840884E-02     2.650301E+03
  2.880444E-02     2.671573E+03
  2.920556E-02     2.693022E+03
  2.961225E-02     2.714649E+03
  3.002462E-02     2.736456E+03
  3.044272E-02     2.758443E+03
  3.086665E-02     2.780611E+03
  3.129648E-02     2.802961E+03
  3.173230E-02     2.825495E+03
  3.217418E-02     2.848214E+03
  3.262222E-02     2.871119E+03
  3.307650E-02     2.894212E+03
  3.353710E-02     2.917493E+03
  3.400412E-02     2.940963E+03
  3.447764E-02     2.964623E+03
  3.495776E-02     2.988473E+03
  3.544456E-02     3.012515E+03
  3.593814E-02     3.036748E+03
  3.643859E-02     3.061175E+03
  3.694601E-02     3.085795E+03
  3.746050E-02     3.110609E+03
  3.798215E-02     3.135619E+03
  3.851107E-02     3.160825E+03
  3.904735E-02     3.186229E+03
  3.959110E-02     3.211829E+03
  4.014242E-02     3.237628E+03
  4.070142E-02     3.263626E+03
  4.126821E-02     3.289823E+03
  4.184289E-02     3.316221E+03
  4.242556E-02     3.342820E+03
  4.301636E-02     3.369621E+03
  4.361538E-02     3.396626E+03
  4.422274E-02     3.423836E+03
  4.483856E-02     3.451250E+03
  4.546295E-02     3.478872E+03
  4.609604E-02     3.506700E+03
  4.673795E-02     3.534738E+03
  4.738880E-02     3.562985E+03
  4.804870E-02     3.591444E+03
  4.871780E-02     3.620116E+03
  4.939622E-02     3.649003E+03
  5.008408E-02     3.678106E+03
  5.078152E-02     3.707427E+03
  5.148867E-02     3.736966E+03
  5.220568E-02     3.766723E+03
  5.293266E-02     3.796698E+03
  5.366977E-02     3.826892E+03
  5.441714E-02     3.857306E+03
  5.517492E-02     3.887938E+03
  5.594326E-02     3.918790E+03
  5.672229E-02     3.949863E+03
  5.751217E-02     3.981156E+03
  5.831305E-02     4.012670E+03
  5.912508E-02     4.044404E+03
  5.994843E-02     4.076357E+03
  6.078323E-02     4.108528E+03
  6.162966E-02     4.140916E+03
  6.248788E-02     4.173520E+03
  6.335805E-02     4.206338E+03
  6.424034E-02     4.239371E+03
  6.513491E-02     4.272615E+03
  6.604194E-02     4.306071E+03
  6.696160E-02     4.339737E+03
  6.789407E-02     4.373611E+03
  6.883952E-02     4.407691E+03
  6.979814E-02     4.441976E+03
  7.077011E-02     4.476462E+03
  7.175561E-02     4.511149E+03
  7.275484E-02     4.546033E+03
  7.376798E-02     4.581113E+03
  7.479523E-02     4.616387E+03
  7.583678E-02     4.651851E+03
  7.689284E-02     4.687505E+03
  7.796360E-02     4.723346E+03
  7.904928E-02     4.759374E+03
  8.015007E-02     4.795587E+03
  8.126619E-02     4.831983E+03
  8.239786E-02     4.868562E+03
  8.354528E-02     4.905324E+03
  8.470868E-02     4.942266E+03
  8.588829E-02     4.979388E+03
  8.708431E-02     5.016691E+03
  8.829700E-02     5.054173E+03
  8.952657E-02     5.091835E+03
  9.077327E-02     5.129680E+03
  9.203732E-02     5.167709E+03
  9.331898E-02     5.205924E+03
  9.461848E-02     5.244328E+03
  9.593608E-02     5.282923E+03
  9.727203E-02     5.321714E+03
  9.862658E-02     5.360704E+03
  1.000000E-01     5.399898E+03
  1.013925E-01     5.439301E+03
  1.028045E-01     5.478914E+03
  1.042361E-01     5.518740E+03
  1.056876E-01     5.558780E+03
  1.071593E-01     5.599038E+03
  1.086516E-01     5.639516E+03
  1.101646E-01     5.680219E+03
  1.116987E-01     5.721149E+03
  1.132541E-01     5.762312E+03
  1.148312E-01     5.803712E+03
  1.164303E-01     5.845355E+03
  1.180517E-01     5.887239E+03
  1.196956E-01     5.929364E+03
  1.213624E-01     5.971727E+03
  1.230524E-01     6.014327E+03
  1.247660E-01     6.057161E+03
  1.265034E-01     6.100229E+03
  1.282650E-01     6.143528E+03
  1.300511E-01     6.187056E+03
  1.318621E-01     6.230813E+03
  1.336984E-01     6.274796E+03
  1.355602E-01     6.319003E+03
  1.374479E-01     6.363432E+03
  1.393619E-01     6.408078E+03
  1.413026E-01     6.452940E+03
  1.432703E-01     6.498014E+03
  1.452654E-01     6.543298E+03
  1.472883E-01     6.588788E+03
  1.493393E-01     6.634482E+03
  1.514189E-01     6.680378E+03
  1.535275E-01     6.726472E+03
  1.556654E-01     6.772764E+03
  1.578331E-01     6.819256E+03
  1.600310E-01     6.865947E+03
  1.622595E-01     6.912840E+03
  1.645191E-01     6.959936E+03
  1.668101E-01     7.007239E+03
  1.691330E-01     7.054750E+03
  1.714882E-01     7.102475E+03
  1.738762E-01     7.150416E+03
  1.762975E-01     7.198580E+03
  1.787526E-01     7.246971E+03
  1.812418E-01     7.295593E+03
  1.837656E-01     7.344454E+03
  1.863246E-01     7.393559E+03
  1.889193E-01     7.442916E+03
  1.915501E-01     7.492534E+03
  1.942175E-01     7.542421E+03
  1.969220E-01     7.592589E+03
  1.996642E-01     7.643049E+03
  2.024447E-01     7.693812E+03
  2.052638E-01     7.744890E+03
  2.081222E-01     7.796290E+03
  2.110203E-01     7.848019E+03
  2.139589E-01     7.900086E+03
  2.169384E-01     7.952503E+03
  2.199593E-01     8.005278E+03
  2.230223E-01     8.058424E+03
  2.261280E-01     8.111954E+03
  2.292769E-01     8.165881E+03
  2.324697E-01     8.220222E+03
  2.357069E-01     8.274982E+03
  2.389893E-01     8.330161E+03
  2.423173E-01     8.385756E+03
  2.456916E-01     8.441764E+03
  2.491130E-01     8.498183E+03
  2.525820E-01     8.555009E+03
  2.560993E-01     8.612239E+03
  2.596656E-01     8.669869E+03
  2.632815E-01     8.727896E+03
  2.669478E-01     8.786316E+03
  2.706652E-01     8.845123E+03
  2.744343E-01     8.904307E+03
  2.782559E-01     8.963859E+03
  2.821308E-01     9.023768E+03
  2.860596E-01     9.084024E+03
  2.900430E-01     9.144614E+03
  2.940820E-01     9.205526E+03
  2.981772E-01     9.266746E+03
  3.023295E-01     9.328260E+03
  3.065395E-01     9.390053E+03
  3.108082E-01     9.452111E+03
  3.151363E-01     9.514423E+03
  3.195248E-01     9.576977E+03
  3.239743E-01     9.639762E+03
  3.284857E-01     9.702765E+03
  3.330600E-01     9.765973E+03
  3.376980E-01     9.829373E+03
  3.424006E-01     9.892952E+03
  3.471687E-01     9.956694E+03
  3.520031E-01     1.002059E+04
  3.569049E-01     1.008461E+04
  3.618750E-01     1.014876E+04
  3.669142E-01     1.021303E+04
  3.720237E-01     1.027740E+04
  3.772042E-01     1.034186E+04
  3.824570E-01     1.040641E+04
  3.877828E-01     1.047103E+04
  3.931829E-01     1.053572E+04
  3.986581E-01     1.060046E+04
  4.042096E-01     1.066524E+04
  4.098384E-01     1.073006E+04
  4.155455E-01     1.079491E+04
  4.213322E-01     1.085977E+04
  4.271994E-01     1.092464E+04
  4.331483E-01     1.098951E+04
  4.391801E-01     1.105437E+04
  4.452959E-01     1.111922E+04
  4.514968E-01     1.118405E+04
  4.577841E-01     1.124884E+04
  4.641589E-01     1.131361E+04
  4.706225E-01     1.137833E+04
  4.771761E-01     1.144301E+04
  4.838210E-01     1.150763E+04
  4.905584E-01     1.157218E+04
  4.973896E-01     1.163666E+04
  5.043159E-01     1.170105E+04
  5.113388E-01     1.176535E+04
  5.184594E-01     1.182956E+04
  5.256791E-01     1.189366E+04
  5.329994E-01     1.195765E+04
  5.404216E-01     1.202153E+04
  5.479472E-01     1.208528E+04
  5.555776E-01     1.214890E+04
  5.633143E-01     1.221238E+04
  5.711586E-01     1.227570E+04
  5.791123E-01     1.233887E+04
  5.871766E-01     1.240187E+04
  5.953533E-01     1.246470E+04
  6.036439E-01     1.252735E+04
  6.120498E-01     1.258982E+04
  6.205729E-01     1.265210E+04
  6.292146E-01     1.271419E+04
  6.379767E-01     1.277608E+04
  6.468608E-01     1.283775E+04
  6.558686E-01     1.289921E+04
  6.650018E-01     1.296045E+04
  6.742622E-01     1.302147E+04
  6.836516E-01     1.308225E+04
  6.931717E-01     1.314281E+04
  7.028244E-01     1.320314E+04
  7.126115E-01     1.326323E+04
  7.225349E-01     1.332309E+04
  7.325965E-01     1.338270E+04
  7.427982E-01     1.344207E+04
  7.531420E-01     1.350118E+04
  7.636298E-01     1.356003E+04
  7.742637E-01     1.361862E+04
  7.850456E-01     1.367695E+04
  7.959777E-01     1.373500E+04
  8.070620E-01     1.379280E+04
  8.183007E-01     1.385033E+04
  8.296959E-01     1.390759E+04
  8.412497E-01     1.396457E+04
  8.529644E-01     1.402127E+04
  8.648423E-01     1.407768E+04
  8.768856E-01     1.413379E+04
  8.890966E-01     1.418959E+04
  9.014776E-01     1.424508E+04
  9.140311E-01     1.430026E+04
  9.267593E-01     1.435513E+04
  9.396648E-01     1.440968E+04
  9.527500E-01     1.446390E+04
  9.660175E-01     1.451779E+04
  9.794697E-01     1.457135E+04
  9.931092E-01     1.462454E+04
  1.006939E+00     1.467738E+04
  1.020961E+00     1.472986E+04
  1.035178E+00     1.478195E+04
  1.049593E+00     1.483367E+04
  1.064209E+00     1.488501E+04
  1.079029E+00     1.493596E+04
  1.094055E+00     1.498652E+04
  1.109290E+00     1.503668E+04
  1.124737E+00     1.508642E+04
  1.140400E+00     1.513573E+04
  1.156280E+00     1.518462E+04
  1.172382E+00     1.523305E+04
  1.188708E+00     1.528104E+04
  1.205261E+00     1.532856E+04
  1.222045E+00     1.537563E+04
  1.239062E+00     1.542222E+04
  1.256317E+00     1.546834E+04
  1.273811E+00     1.551398E+04
  1.291550E+00     1.555912E+04
  1.309535E+00     1.560375E+04
  1.327771E+00     1.564786E+04
  1.346261E+00     1.569144E+04
  1.365008E+00     1.573449E+04
  1.384016E+00     1.577701E+04
  1.403289E+00     1.581897E+04
  1.422830E+00     1.586039E+04
  1.442644E+00     1.590126E+04
  1.462733E+00     1.594156E+04
  1.483103E+00     1.598128E+04
  1.503755E+00     1.602042E+04
  1.524696E+00     1.605897E+04
  1.545928E+00     1.609691E+04
  1.567455E+00     1.613424E+04
  1.589283E+00     1.617096E+04
  1.611414E+00     1.620707E+04
  1.633854E+00     1.624256E+04
  1.656606E+00     1.627742E+04
  1.679675E+00     1.631166E+04
  1.703065E+00     1.634525E+04
  1.726781E+00     1.637820E+04
  1.750827E+00     1.641050E+04
  1.775208E+00     1.644213E+04
  1.799929E+00     1.647311E+04
  1.824993E+00     1.650342E+04
  1.850407E+00     1.653306E+04
  1.876175E+00     1.656205E+04
  1.902301E+00     1.659037E+04
  1.928792E+00     1.661802E+04
  1.955651E+00     1.664500E+04
  1.982884E+00     1.667130E+04
  2.010496E+00     1.669692E+04
  2.038493E+00     1.672184E+04
  2.066880E+00     1.674609E+04
  2.095662E+00     1.676964E+04
  2.124845E+00     1.679251E+04
  2.154435E+00     1.681471E+04
  2.184436E+00     1.683623E+04
  2.214855E+00     1.685707E+04
  2.245698E+00     1.687723E+04
  2.276970E+00     1.689671E+04
  2.308678E+00     1.691549E+04
  2.340827E+00     1.693359E+04
  2.373424E+00     1.695099E+04
  2.406475E+00     1.696771E+04
  2.439986E+00     1.698375E+04
  2.473964E+00     1.699912E+04
  2.508415E+00     1.701381E+04
  2.543346E+00     1.702784E+04
  2.578763E+00     1.704120E+04
  2.614673E+00     1.705387E+04
  2.651084E+00     1.706587E+04
  2.688001E+00     1.707719E+04
  2.725433E+00     1.708784E+04
  2.763385E+00     1.709781E+04
  2.801867E+00     1.710712E+04
  2.840884E+00     1.711577E+04
  2.880444E+00     1.712377E+04
  2.920556E+00     1.713111E+04
  2.961225E+00     1.713780E+04
  3.002462E+00     1.714384E+04
  3.044272E+00     1.714922E+04
  3.086665E+00     1.715394E+04
  3.129648E+00     1.715801E+04
  3.173230E+00     1.716143E+04
  3.217418E+00     1.716420E+04
  3.262222E+00     1.716634E+04
  3.307650E+00     1.716785E+04
  3.353710E+00     1.716874E+04
  3.400412E+00     1.716900E+04
  3.447764E+00     1.716862E+04
  3.495776E+00     1.716761E+04
  3.544456E+00     1.716598E+04
  3.593814E+00     1.716371E+04
  3.643859E+00     1.716081E+04
  3.694601E+00     1.715729E+04
  3.746050E+00     1.715316E+04
  3.798215E+00     1.714842E+04
  3.851107E+00     1.714308E+04
  3.904735E+00     1.713712E+04
  3.959110E+00     1.713056E+04
  4.014242E+00     1.712339E+04
  4.070142E+00     1.711561E+04
  4.126821E+00     1.710723E+04
  4.184289E+00     1.709824E+04
  4.242556E+00     1.708866E+04
  4.301636E+00     1.707849E+04
  4.361538E+00     1.706774E+04
  4.422274E+00     1.705641E+04
  4.483856E+00     1.704450E+04
  4.546295E+00     1.703201E+04
  4.609604E+00     1.701894E+04
  4.673795E+00     1.700528E+04
  4.738880E+00     1.699104E+04
  4.804870E+00     1.697622E+04
  4.871780E+00     1.696082E+04
  4.939622E+00     1.694484E+04
  5.008408E+00     1.692831E+04
  5.078152E+00     1.691120E+04
  5.148867E+00     1.689353E+04
  5.220568E+00     1.687528E+04
  5.293266E+00     1.685647E+04
  5.366977E+00     1.683707E+04
  5.441714E+00     1.681711E+04
  5.517492E+00     1.679657E+04
  5.594326E+00     1.677545E+04
  5.672229E+00     1.675377E+04
  5.751217E+00     1.673152E+04
  5.831305E+00     1.670870E+04
  5.912508E+00     1.668532E+04
  5.994843E+00     1.666137E+04
  6.078323E+00     1.663685E+04
  6.162966E+00     1.661177E+04
  6.248788E+00     1.658613E+04
  6.335805E+00     1.655992E+04
  6.424034E+00     1.653316E+04
  6.513491E+00     1.650585E+04
  6.604194E+00     1.647799E+04
  6.696160E+00     1.644959E+04
  6.789407E+00     1.642066E+04
  6.883952E+00     1.639117E+04
  6.979814E+00     1.636115E+04
  7.077011E+00     1.633058E+04
  7.175561E+00     1.629947E+04
  7.275484E+00     1.626782E+04
  7.376798E+00     1.623563E+04
  7.479523E+00     1.620290E+04
  7.583678E+00     1.616964E+04
  7.689284E+00     1.613586E+04
  7.796360E+00     1.610154E+04
  7.904928E+00     1.606669E+04
  8.015007E+00     1.603130E+04
  8.126619E+00     1.599537E+04
  8.239786E+00     1.595891E+04
  8.354528E+00     1.592190E+04
  8.470868E+00     1.588434E+04
  8.588829E+00     1.584625E+04
  8.708431E+00     1.580761E+04
  8.829700E+00     1.576842E+04
  8.952657E+00     1.572870E+04
  9.077327E+00     1.568843E+04
  9.203732E+00     1.564762E+04
  9.331898E+00     1.560627E+04
  9.461848E+00     1.556439E+04
  9.593608E+00     1.552198E+04
  9.727203E+00     1.547905E+04
  9.862658E+00     1.543559E+04
  1.000000E+01     1.539162E+04
  1.013925E+01     1.534714E+04
  1.028045E+01     1.530215E+04
  1.042361E+01     1.525665E+04
  1.056876E+01     1.521066E+04
  1.071593E+01     1.516416E+04
  1.086516E+01     1.511716E+04
  1.101646E+01     1.506967E+04
  1.116987E+01     1.502168E+04
  1.132541E+01     1.497321E+04
  1.148312E+01     1.492425E+04
  1.164303E+01     1.487482E+04
  1.180517E+01     1.482491E+04
  1.196956E+01     1.477452E+04
  1.213624E+01     1.472366E+04
  1.230524E+01     1.467233E+04
  1.247660E+01     1.462052E+04
  1.265034E+01     1.456825E+04
  1.282650E+01     1.451550E+04
  1.300511E+01     1.446230E+04
  1.318621E+01     1.440863E+04
  1.336984E+01     1.435450E+04
  1.355602E+01     1.429992E+04
  1.374479E+01     1.424489E+04
  1.393619E+01     1.418941E+04
  1.413026E+01     1.413349E+04
  1.432703E+01     1.407714E+04
  1.452654E+01     1.402036E+04
  1.472883E+01     1.396316E+04
  1.493393E+01     1.390554E+04
  1.514189E+01     1.384752E+04
  1.535275E+01     1.378910E+04
  1.556654E+01     1.373029E+04
  1.578331E+01     1.367109E+04
  1.600310E+01     1.361150E+04
  1.622595E+01     1.355153E+04
  1.645191E+01     1.349117E+04
  1.668101E+01     1.343044E+04
  1.691330E+01     1.336933E+04
  1.714882E+01     1.330785E+04
  1.738762E+01     1.324600E+04
  1.762975E+01     1.318378E+04
  1.787526E+01     1.312121E+04
  1.812418E+01     1.305828E+04
  1.837656E+01     1.299501E+04
  1.863246E+01     1.293140E+04
  1.889193E+01     1.286746E+04
  1.915501E+01     1.280321E+04
  1.942175E+01     1.273865E+04
  1.969220E+01     1.267380E+04
  1.996642E+01     1.260865E+04
  2.024447E+01     1.254324E+04
  2.052638E+01     1.247755E+04
  2.081222E+01     1.241161E+04
  2.110203E+01     1.234540E+04
  2.139589E+01     1.227895E+04
  2.169384E+01     1.221224E+04
  2.199593E+01     1.214528E+04
  2.230223E+01     1.207809E+04
  2.261280E+01     1.201065E+04
  2.292769E+01     1.194298E+04
  2.324697E+01     1.187507E+04
  2.357069E+01     1.180694E+04
  2.389893E+01     1.173859E+04
  2.423173E+01     1.167004E+04
  2.456916E+01     1.160129E+04
  2.491130E+01     1.153237E+04
  2.525820E+01     1.146327E+04
  2.560993E+01     1.139402E+04
  2.596656E+01     1.132462E+04
  2.632815E+01     1.125510E+04
  2.669478E+01     1.118546E+04
  2.706652E+01     1.111571E+04
  2.744343E+01     1.104586E+04
  2.782559E+01     1.097592E+04
  2.821308E+01     1.090590E+04
  2.860596E+01     1.083578E+04
  2.900430E+01     1.076559E+04
  2.940820E+01     1.069532E+04
  2.981772E+01     1.062498E+04
  3.023295E+01     1.055456E+04
  3.065395E+01     1.048408E+04
  3.108082E+01     1.041352E+04
  3.151363E+01     1.034292E+04
  3.195248E+01     1.027226E+04
  3.239743E+01     1.020158E+04
  3.284857E+01     1.013088E+04
  3.330600E+01     1.006017E+04
  3.376980E+01     9.989471E+03
  3.424006E+01     9.918786E+03
  3.471687E+01     9.848131E+03
  3.520031E+01     9.777516E+03
  3.569049E+01     9.706952E+03
  3.618750E+01     9.636448E+03
  3.669142E+01     9.566014E+03
  3.720237E+01     9.495656E+03
  3.772042E+01     9.425383E+03
  3.824570E+01     9.355200E+03
  3.877828E+01     9.285114E+03
  3.931829E+01     9.215129E+03
  3.986581E+01     9.145249E+03
  4.042096E+01     9.075477E+03
  4.098384E+01     9.005818E+03
  4.155455E+01     8.936283E+03
  4.213322E+01     8.866884E+03
  4.271994E+01     8.797634E+03
  4.331483E+01     8.728545E+03
  4.391801E+01     8.659628E+03
  4.452959E+01     8.590895E+03
  4.514968E+01     8.522354E+03
  4.577841E+01     8.454017E+03
  4.641589E+01     8.385891E+03
  4.706225E+01     8.317985E+03
  4.771761E+01     8.250305E+03
  4.838210E+01     8.182858E+03
  4.905584E+01     8.115647E+03
  4.973896E+01     8.048677E+03
  5.043159E+01     7.981949E+03
  5.113388E+01     7.915464E+03
  5.184594E+01     7.849220E+03
  5.256791E+01     7.783215E+03
  5.329994E+01     7.717445E+03
  5.404216E+01     7.651906E+03
  5.479472E+01     7.586606E+03
  5.555776E+01     7.521561E+03
  5.633143E+01     7.456784E+03
  5.711586E+01     7.392287E+03
  5.791123E+01     7.328085E+03
  5.871766E+01     7.264187E+03
  5.953533E+01     7.200607E+03
  6.036439E+01     7.137353E+03
  6.120498E+01     7.074436E+03
  6.205729E+01     7.011865E+03
  6.292146E+01     6.949647E+03
  6.379767E+01     6.887791E+03
  6.468608E+01     6.826303E+03
  6.558686E+01     6.765186E+03
  6.650018E+01     6.704447E+03
  6.742622E+01     6.644085E+03
  6.836516E+01     6.584102E+03
  6.931717E+01     6.524497E+03
  7.028244E+01     6.465266E+03
  7.126115E+01     6.406405E+03
  7.225349E+01     6.347918E+03
  7.325965E+01     6.289811E+03
  7.427982E+01     6.232092E+03
  7.531420E+01     6.174765E+03
  7.636298E+01     6.117834E+03
  7.742637E+01     6.061302E+03
  7.850456E+01     6.005169E+03
  7.959777E+01     5.949434E+03
  8.070620E+01     5.894095E+03
  8.183007E+01     5.839146E+03
  8.296959E+01     5.784592E+03
  8.412497E+01     5.730441E+03
  8.529644E+01     5.676701E+03
  8.648423E+01     5.623379E+03
  8.768856E+01     5.570480E+03
  8.890966E+01     5.518008E+03
  9.014776E+01     5.465967E+03
  9.140311E+01     5.414357E+03
  9.267593E+01     5.363178E+03
  9.396648E+01     5.312428E+03
  9.527500E+01     5.262108E+03
  9.660175E+01     5.212225E+03
  9.794697E+01     5.162782E+03
  9.931092E+01     5.113783E+03
  1.006939E+02     5.065228E+03
  1.020961E+02     5.017118E+03
  1.035178E+02     4.969450E+03
  1.049593E+02     4.922220E+03
  1.064209E+02     4.875423E+03
  1.079029E+02     4.829050E+03
  1.094055E+02     4.783099E+03
  1.109290E+02     4.737575E+03
  1.124737E+02     4.692484E+03
  1.140400E+02     4.647829E+03
  1.156280E+02     4.603612E+03
  1.172382E+02     4.559835E+03
  1.188708E+02     4.516495E+03
  1.205261E+02     4.473591E+03
  1.222045E+02     4.431118E+03
  1.239062E+02     4.389070E+03
  1.256317E+02     4.347443E+03
  1.273811E+02     4.306242E+03
  1.291550E+02     4.265470E+03
  1.309535E+02     4.225131E+03
  1.327771E+02     4.185225E+03
  1.346261E+02     4.145750E+03
  1.365008E+02     4.106706E+03
  1.384016E+02     4.068088E+03
  1.403289E+02     4.029890E+03
  1.422830E+02     3.992104E+03
  1.442644E+02     3.954725E+03
  1.462733E+02     3.917756E+03
  1.483103E+02     3.881199E+03
  1.503755E+02     3.845056E+03
  1.524696E+02     3.809327E+03
  1.545928E+02     3.774009E+03
  1.567455E+02     3.739100E+03
  1.589283E+02     3.704594E+03
  1.611414E+02     3.670485E+03
  1.633854E+02     3.636764E+03
  1.656606E+02     3.603423E+03
  1.679675E+02     3.570466E+03
  1.703065E+02     3.537893E+03
  1.726781E+02     3.505708E+03
  1.750827E+02     3.473909E+03
  1.775208E+02     3.442496E+03
  1.799929E+02     3.411465E+03
  1.824993E+02     3.380811E+03
  1.850407E+02     3.350530E+03
  1.876175E+02     3.320612E+03
  1.902301E+02     3.291051E+03
  1.928792E+02     3.261847E+03
  1.955651E+02     3.233004E+03
  1.982884E+02     3.204522E+03
  2.010496E+02     3.176401E+03
  2.038493E+02     3.148639E+03
  2.066880E+02     3.121234E+03
  2.095662E+02     3.094182E+03
  2.124845E+02     3.067476E+03
  2.154435E+02     3.041109E+03
  2.184436E+02     3.015074E+03
  2.214855E+02     2.989370E+03
  2.245698E+02     2.963999E+03
  2.276970E+02     2.938961E+03
  2.308678E+02     2.914255E+03
  2.340827E+02     2.889877E+03
  2.373424E+02     2.865825E+03
  2.406475E+02     2.842094E+03
  2.439986E+02     2.818676E+03
  2.473964E+02     2.795564E+03
  2.508415E+02     2.772749E+03
  2.543346E+02     2.750230E+03
  2.578763E+02     2.728009E+03
  2.614673E+02     2.706086E+03
  2.651084E+02     2.684462E+03
  2.688001E+02     2.663134E+03
  2.725433E+02     2.642100E+03
  2.763385E+02     2.621356E+03
  2.801867E+02     2.600898E+03
  2.840884E+02     2.580718E+03
  2.880444E+02     2.560809E+03
  2.920556E+02     2.541171E+03
  2.961225E+02     2.521804E+03
  3.002462E+02     2.502709E+03
  3.044272E+02     2.483883E+03
  3.086665E+02     2.465326E+03
  3.129648E+02     2.447034E+03
  3.173230E+02     2.429004E+03
  3.217418E+02     2.411230E+03
  3.262222E+02     2.393705E+03
  3.307650E+02     2.376422E+03
  3.353710E+02     2.359379E+03
  3.400412E+02     2.342577E+03
  3.447764E+02     2.326017E+03
  3.495776E+02     2.309697E+03
  3.544456E+02     2.293617E+03
  3.593814E+02     2.277774E+03
  3.643859E+02     2.262164E+03
  3.694601E+02     2.246784E+03
  3.746050E+02     2.231629E+03
  3.798215E+02     2.216691E+03
  3.851107E+02     2.201968E+03
  3.904735E+02     2.187462E+03
  3.959110E+02     2.173172E+03
  4.014242E+02     2.159098E+03
  4.070142E+02     2.145238E+03
  4.126821E+02     2.131591E+03
  4.184289E+02     2.118152E+03
  4.242556E+02     2.104919E+03
  4.301636E+02     2.091885E+03
  4.361538E+02     2.079046E+03
  4.422274E+02     2.066398E+03
  4.483856E+02     2.053942E+03
  4.546295E+02     2.041679E+03
  4.609604E+02     2.029607E+03
  4.673795E+02     2.017726E+03
  4.738880E+02     2.006034E+03
  4.804870E+02     1.994529E+03
  4.871780E+02     1.983206E+03
  4.939622E+02     1.972062E+03
  5.008408E+02     1.961092E+03
  5.078152E+02     1.950293E+03
  5.148867E+02     1.939665E+03
  5.220568E+02     1.929208E+03
  5.293266E+02     1.918922E+03
  5.366977E+02     1.908807E+03
  5.441714E+02     1.898859E+03
  5.517492E+02     1.889078E+03
  5.594326E+02     1.879460E+03
  5.672229E+02     1.870001E+03
  5.751217E+02     1.860697E+03
  5.831305E+02     1.851544E+03
  5.912508E+02     1.842544E+03
  5.994843E+02     1.833696E+03
  6.078323E+02     1.824999E+03
  6.162966E+02     1.816454E+03
  6.248788E+02     1.808059E+03
  6.335805E+02     1.799811E+03
  6.424034E+02     1.791708E+03
  6.513491E+02     1.783748E+03
  6.604194E+02     1.775925E+03
  6.696160E+02     1.768237E+03
  6.789407E+02     1.760684E+03
  6.883952E+02     1.753265E+03
  6.979814E+02     1.745981E+03
  7.077011E+02     1.738830E+03
  7.175561E+02     1.731809E+03
  7.275484E+02     1.724919E+03
  7.376798E+02     1.718154E+03
  7.479523E+02     1.711513E+03
  7.583678E+02     1.704990E+03
  7.689284E+02     1.698584E+03
  7.796360E+02     1.692296E+03
  7.904928E+02     1.686129E+03
  8.015007E+02     1.680083E+03
  8.126619E+02     1.674161E+03
  8.239786E+02     1.668364E+03
  8.354528E+02     1.662694E+03
  8.470868E+02     1.657151E+03
  8.588829E+02     1.651737E+03
  8.708431E+02     1.646451E+03
  8.829700E+02     1.641292E+03
  8.952657E+02     1.636249E+03
  9.077327E+02     1.631308E+03
  9.203732E+02     1.626454E+03
  9.331898E+02     1.621671E+03
  9.461848E+02     1.616941E+03
  9.593608E+02     1.612244E+03
  9.727203E+02     1.607559E+03
  9.862658E+02     1.602861E+03
  1.000000E+03     1.598126E+03
