FILE CREATED BY  : PROGRAM DPASS - VERSION 2.00
DATABASE VERSION : 21.06
DATE AND TIME    : 09/08/2022 23:29:18
PROJECTILE       : Pr
TARGET           : Ca
TARGET AT. MASS  : 4.008000E+01
TARGET DENSITY   : 1.550000E+00 g/cm^3
TABULATED OUTPUT : STOPPING FORCE VERSUS ENERGY
DATA TYPE        : SPLINE INTERPOLATED
ABSCISSA UNITS   : MeV/u
ORDINATE UNITS   : eV/nm


      E/n             S(E/n)

  1.000000E-03     2.872046E+02
  1.013925E-03     2.891812E+02
  1.028045E-03     2.911840E+02
  1.042361E-03     2.932118E+02
  1.056876E-03     2.952636E+02
  1.071593E-03     2.973380E+02
  1.086516E-03     2.994335E+02
  1.101646E-03     3.015486E+02
  1.116987E-03     3.036816E+02
  1.132541E-03     3.058305E+02
  1.148312E-03     3.079934E+02
  1.164303E-03     3.101683E+02
  1.180517E-03     3.123552E+02
  1.196956E-03     3.145544E+02
  1.213624E-03     3.167666E+02
  1.230524E-03     3.189922E+02
  1.247660E-03     3.212319E+02
  1.265034E-03     3.234865E+02
  1.282650E-03     3.257566E+02
  1.300511E-03     3.280430E+02
  1.318621E-03     3.303468E+02
  1.336984E-03     3.326686E+02
  1.355602E-03     3.350089E+02
  1.374479E-03     3.373675E+02
  1.393619E-03     3.397445E+02
  1.413026E-03     3.421397E+02
  1.432703E-03     3.445532E+02
  1.452654E-03     3.469849E+02
  1.472883E-03     3.494347E+02
  1.493393E-03     3.519026E+02
  1.514189E-03     3.543886E+02
  1.535275E-03     3.568925E+02
  1.556654E-03     3.594144E+02
  1.578331E-03     3.619546E+02
  1.600310E-03     3.645131E+02
  1.622595E-03     3.670901E+02
  1.645191E-03     3.696858E+02
  1.668101E-03     3.723005E+02
  1.691330E-03     3.749344E+02
  1.714882E-03     3.775876E+02
  1.738762E-03     3.802606E+02
  1.762975E-03     3.829536E+02
  1.787526E-03     3.856667E+02
  1.812418E-03     3.884002E+02
  1.837656E-03     3.911541E+02
  1.863246E-03     3.939286E+02
  1.889193E-03     3.967239E+02
  1.915501E-03     3.995401E+02
  1.942175E-03     4.023774E+02
  1.969220E-03     4.052360E+02
  1.996642E-03     4.081162E+02
  2.024447E-03     4.110182E+02
  2.052638E-03     4.139422E+02
  2.081222E-03     4.168882E+02
  2.110203E-03     4.198563E+02
  2.139589E-03     4.228467E+02
  2.169384E-03     4.258595E+02
  2.199593E-03     4.288948E+02
  2.230223E-03     4.319527E+02
  2.261280E-03     4.350334E+02
  2.292769E-03     4.381370E+02
  2.324697E-03     4.412638E+02
  2.357069E-03     4.444138E+02
  2.389893E-03     4.475874E+02
  2.423173E-03     4.507847E+02
  2.456916E-03     4.540059E+02
  2.491130E-03     4.572513E+02
  2.525820E-03     4.605211E+02
  2.560993E-03     4.638156E+02
  2.596656E-03     4.671352E+02
  2.632815E-03     4.704802E+02
  2.669478E-03     4.738509E+02
  2.706652E-03     4.772477E+02
  2.744343E-03     4.806706E+02
  2.782559E-03     4.841199E+02
  2.821308E-03     4.875957E+02
  2.860596E-03     4.910981E+02
  2.900430E-03     4.946274E+02
  2.940820E-03     4.981837E+02
  2.981772E-03     5.017673E+02
  3.023295E-03     5.053785E+02
  3.065395E-03     5.090173E+02
  3.108082E-03     5.126842E+02
  3.151363E-03     5.163794E+02
  3.195248E-03     5.201029E+02
  3.239743E-03     5.238550E+02
  3.284857E-03     5.276360E+02
  3.330600E-03     5.314462E+02
  3.376980E-03     5.352857E+02
  3.424006E-03     5.391549E+02
  3.471687E-03     5.430542E+02
  3.520031E-03     5.469839E+02
  3.569049E-03     5.509442E+02
  3.618750E-03     5.549355E+02
  3.669142E-03     5.589580E+02
  3.720237E-03     5.630117E+02
  3.772042E-03     5.670971E+02
  3.824570E-03     5.712143E+02
  3.877828E-03     5.753636E+02
  3.931829E-03     5.795454E+02
  3.986581E-03     5.837599E+02
  4.042096E-03     5.880075E+02
  4.098384E-03     5.922886E+02
  4.155455E-03     5.966033E+02
  4.213322E-03     6.009520E+02
  4.271994E-03     6.053348E+02
  4.331483E-03     6.097521E+02
  4.391801E-03     6.142042E+02
  4.452959E-03     6.186913E+02
  4.514968E-03     6.232138E+02
  4.577841E-03     6.277720E+02
  4.641589E-03     6.323665E+02
  4.706225E-03     6.369974E+02
  4.771761E-03     6.416653E+02
  4.838210E-03     6.463701E+02
  4.905584E-03     6.511124E+02
  4.973896E-03     6.558922E+02
  5.043159E-03     6.607100E+02
  5.113388E-03     6.655660E+02
  5.184594E-03     6.704607E+02
  5.256791E-03     6.753944E+02
  5.329994E-03     6.803674E+02
  5.404216E-03     6.853803E+02
  5.479472E-03     6.904334E+02
  5.555776E-03     6.955269E+02
  5.633143E-03     7.006612E+02
  5.711586E-03     7.058366E+02
  5.791123E-03     7.110536E+02
  5.871766E-03     7.163124E+02
  5.953533E-03     7.216136E+02
  6.036439E-03     7.269577E+02
  6.120498E-03     7.323450E+02
  6.205729E-03     7.377762E+02
  6.292146E-03     7.432515E+02
  6.379767E-03     7.487713E+02
  6.468608E-03     7.543358E+02
  6.558686E-03     7.599454E+02
  6.650018E-03     7.656003E+02
  6.742622E-03     7.713010E+02
  6.836516E-03     7.770478E+02
  6.931717E-03     7.828412E+02
  7.028244E-03     7.886815E+02
  7.126115E-03     7.945693E+02
  7.225349E-03     8.005049E+02
  7.325965E-03     8.064886E+02
  7.427982E-03     8.125208E+02
  7.531420E-03     8.186019E+02
  7.636298E-03     8.247323E+02
  7.742637E-03     8.309125E+02
  7.850456E-03     8.371428E+02
  7.959777E-03     8.434239E+02
  8.070620E-03     8.497563E+02
  8.183007E-03     8.561405E+02
  8.296959E-03     8.625770E+02
  8.412497E-03     8.690661E+02
  8.529644E-03     8.756082E+02
  8.648423E-03     8.822037E+02
  8.768856E-03     8.888530E+02
  8.890966E-03     8.955564E+02
  9.014776E-03     9.023146E+02
  9.140311E-03     9.091279E+02
  9.267593E-03     9.159970E+02
  9.396648E-03     9.229224E+02
  9.527500E-03     9.299045E+02
  9.660175E-03     9.369438E+02
  9.794697E-03     9.440406E+02
  9.931092E-03     9.511953E+02
  1.006939E-02     9.584085E+02
  1.020961E-02     9.656806E+02
  1.035178E-02     9.730121E+02
  1.049593E-02     9.804035E+02
  1.064209E-02     9.878555E+02
  1.079029E-02     9.953686E+02
  1.094055E-02     1.002943E+03
  1.109290E-02     1.010580E+03
  1.124737E-02     1.018279E+03
  1.140400E-02     1.026041E+03
  1.156280E-02     1.033865E+03
  1.172382E-02     1.041753E+03
  1.188708E-02     1.049705E+03
  1.205261E-02     1.057721E+03
  1.222045E-02     1.065802E+03
  1.239062E-02     1.073948E+03
  1.256317E-02     1.082160E+03
  1.273811E-02     1.090437E+03
  1.291550E-02     1.098782E+03
  1.309535E-02     1.107193E+03
  1.327771E-02     1.115672E+03
  1.346261E-02     1.124219E+03
  1.365008E-02     1.132834E+03
  1.384016E-02     1.141519E+03
  1.403289E-02     1.150274E+03
  1.422830E-02     1.159100E+03
  1.442644E-02     1.167997E+03
  1.462733E-02     1.176966E+03
  1.483103E-02     1.186007E+03
  1.503755E-02     1.195120E+03
  1.524696E-02     1.204306E+03
  1.545928E-02     1.213566E+03
  1.567455E-02     1.222898E+03
  1.589283E-02     1.232305E+03
  1.611414E-02     1.241786E+03
  1.633854E-02     1.251342E+03
  1.656606E-02     1.260973E+03
  1.679675E-02     1.270680E+03
  1.703065E-02     1.280463E+03
  1.726781E-02     1.290323E+03
  1.750827E-02     1.300259E+03
  1.775208E-02     1.310273E+03
  1.799929E-02     1.320364E+03
  1.824993E-02     1.330533E+03
  1.850407E-02     1.340782E+03
  1.876175E-02     1.351109E+03
  1.902301E-02     1.361517E+03
  1.928792E-02     1.372004E+03
  1.955651E-02     1.382573E+03
  1.982884E-02     1.393222E+03
  2.010496E-02     1.403953E+03
  2.038493E-02     1.414765E+03
  2.066880E-02     1.425661E+03
  2.095662E-02     1.436639E+03
  2.124845E-02     1.447701E+03
  2.154435E-02     1.458847E+03
  2.184436E-02     1.470079E+03
  2.214855E-02     1.481395E+03
  2.245698E-02     1.492797E+03
  2.276970E-02     1.504285E+03
  2.308678E-02     1.515858E+03
  2.340827E-02     1.527517E+03
  2.373424E-02     1.539263E+03
  2.406475E-02     1.551095E+03
  2.439986E-02     1.563014E+03
  2.473964E-02     1.575021E+03
  2.508415E-02     1.587114E+03
  2.543346E-02     1.599296E+03
  2.578763E-02     1.611566E+03
  2.614673E-02     1.623924E+03
  2.651084E-02     1.636371E+03
  2.688001E-02     1.648907E+03
  2.725433E-02     1.661532E+03
  2.763385E-02     1.674247E+03
  2.801867E-02     1.687053E+03
  2.840884E-02     1.699949E+03
  2.880444E-02     1.712937E+03
  2.920556E-02     1.726017E+03
  2.961225E-02     1.739189E+03
  3.002462E-02     1.752453E+03
  3.044272E-02     1.765810E+03
  3.086665E-02     1.779259E+03
  3.129648E-02     1.792801E+03
  3.173230E-02     1.806436E+03
  3.217418E-02     1.820166E+03
  3.262222E-02     1.833989E+03
  3.307650E-02     1.847908E+03
  3.353710E-02     1.861922E+03
  3.400412E-02     1.876031E+03
  3.447764E-02     1.890235E+03
  3.495776E-02     1.904535E+03
  3.544456E-02     1.918932E+03
  3.593814E-02     1.933425E+03
  3.643859E-02     1.948016E+03
  3.694601E-02     1.962703E+03
  3.746050E-02     1.977490E+03
  3.798215E-02     1.992375E+03
  3.851107E-02     2.007359E+03
  3.904735E-02     2.022442E+03
  3.959110E-02     2.037625E+03
  4.014242E-02     2.052908E+03
  4.070142E-02     2.068291E+03
  4.126821E-02     2.083774E+03
  4.184289E-02     2.099358E+03
  4.242556E-02     2.115043E+03
  4.301636E-02     2.130829E+03
  4.361538E-02     2.146718E+03
  4.422274E-02     2.162710E+03
  4.483856E-02     2.178805E+03
  4.546295E-02     2.195003E+03
  4.609604E-02     2.211304E+03
  4.673795E-02     2.227709E+03
  4.738880E-02     2.244219E+03
  4.804870E-02     2.260834E+03
  4.871780E-02     2.277554E+03
  4.939622E-02     2.294381E+03
  5.008408E-02     2.311315E+03
  5.078152E-02     2.328358E+03
  5.148867E-02     2.345508E+03
  5.220568E-02     2.362769E+03
  5.293266E-02     2.380139E+03
  5.366977E-02     2.397621E+03
  5.441714E-02     2.415215E+03
  5.517492E-02     2.432922E+03
  5.594326E-02     2.450744E+03
  5.672229E-02     2.468683E+03
  5.751217E-02     2.486739E+03
  5.831305E-02     2.504915E+03
  5.912508E-02     2.523210E+03
  5.994843E-02     2.541626E+03
  6.078323E-02     2.560161E+03
  6.162966E-02     2.578818E+03
  6.248788E-02     2.597596E+03
  6.335805E-02     2.616496E+03
  6.424034E-02     2.635520E+03
  6.513491E-02     2.654667E+03
  6.604194E-02     2.673940E+03
  6.696160E-02     2.693338E+03
  6.789407E-02     2.712862E+03
  6.883952E-02     2.732511E+03
  6.979814E-02     2.752286E+03
  7.077011E-02     2.772185E+03
  7.175561E-02     2.792209E+03
  7.275484E-02     2.812357E+03
  7.376798E-02     2.832630E+03
  7.479523E-02     2.853028E+03
  7.583678E-02     2.873551E+03
  7.689284E-02     2.894198E+03
  7.796360E-02     2.914969E+03
  7.904928E-02     2.935865E+03
  8.015007E-02     2.956884E+03
  8.126619E-02     2.978026E+03
  8.239786E-02     2.999292E+03
  8.354528E-02     3.020682E+03
  8.470868E-02     3.042194E+03
  8.588829E-02     3.063830E+03
  8.708431E-02     3.085590E+03
  8.829700E-02     3.107473E+03
  8.952657E-02     3.129479E+03
  9.077327E-02     3.151609E+03
  9.203732E-02     3.173864E+03
  9.331898E-02     3.196242E+03
  9.461848E-02     3.218744E+03
  9.593608E-02     3.241372E+03
  9.727203E-02     3.264125E+03
  9.862658E-02     3.287004E+03
  1.000000E-01     3.310011E+03
  1.013925E-01     3.333146E+03
  1.028045E-01     3.356410E+03
  1.042361E-01     3.379803E+03
  1.056876E-01     3.403325E+03
  1.071593E-01     3.426978E+03
  1.086516E-01     3.450762E+03
  1.101646E-01     3.474678E+03
  1.116987E-01     3.498728E+03
  1.132541E-01     3.522913E+03
  1.148312E-01     3.547235E+03
  1.164303E-01     3.571695E+03
  1.180517E-01     3.596295E+03
  1.196956E-01     3.621035E+03
  1.213624E-01     3.645916E+03
  1.230524E-01     3.670940E+03
  1.247660E-01     3.696108E+03
  1.265034E-01     3.721422E+03
  1.282650E-01     3.746883E+03
  1.300511E-01     3.772493E+03
  1.318621E-01     3.798256E+03
  1.336984E-01     3.824174E+03
  1.355602E-01     3.850250E+03
  1.374479E-01     3.876487E+03
  1.393619E-01     3.902889E+03
  1.413026E-01     3.929462E+03
  1.432703E-01     3.956209E+03
  1.452654E-01     3.983135E+03
  1.472883E-01     4.010247E+03
  1.493393E-01     4.037550E+03
  1.514189E-01     4.065052E+03
  1.535275E-01     4.092760E+03
  1.556654E-01     4.120680E+03
  1.578331E-01     4.148820E+03
  1.600310E-01     4.177187E+03
  1.622595E-01     4.205788E+03
  1.645191E-01     4.234633E+03
  1.668101E-01     4.263730E+03
  1.691330E-01     4.293089E+03
  1.714882E-01     4.322722E+03
  1.738762E-01     4.352640E+03
  1.762975E-01     4.382855E+03
  1.787526E-01     4.413374E+03
  1.812418E-01     4.444202E+03
  1.837656E-01     4.475343E+03
  1.863246E-01     4.506803E+03
  1.889193E-01     4.538585E+03
  1.915501E-01     4.570695E+03
  1.942175E-01     4.603138E+03
  1.969220E-01     4.635920E+03
  1.996642E-01     4.669047E+03
  2.024447E-01     4.702525E+03
  2.052638E-01     4.736355E+03
  2.081222E-01     4.770536E+03
  2.110203E-01     4.805066E+03
  2.139589E-01     4.839940E+03
  2.169384E-01     4.875157E+03
  2.199593E-01     4.910712E+03
  2.230223E-01     4.946601E+03
  2.261280E-01     4.982819E+03
  2.292769E-01     5.019360E+03
  2.324697E-01     5.056220E+03
  2.357069E-01     5.093393E+03
  2.389893E-01     5.130875E+03
  2.423173E-01     5.168663E+03
  2.456916E-01     5.206752E+03
  2.491130E-01     5.245139E+03
  2.525820E-01     5.283816E+03
  2.560993E-01     5.322780E+03
  2.596656E-01     5.362025E+03
  2.632815E-01     5.401542E+03
  2.669478E-01     5.441327E+03
  2.706652E-01     5.481373E+03
  2.744343E-01     5.521675E+03
  2.782559E-01     5.562228E+03
  2.821308E-01     5.603028E+03
  2.860596E-01     5.644070E+03
  2.900430E-01     5.685348E+03
  2.940820E-01     5.726857E+03
  2.981772E-01     5.768589E+03
  3.023295E-01     5.810540E+03
  3.065395E-01     5.852701E+03
  3.108082E-01     5.895068E+03
  3.151363E-01     5.937634E+03
  3.195248E-01     5.980394E+03
  3.239743E-01     6.023344E+03
  3.284857E-01     6.066478E+03
  3.330600E-01     6.109791E+03
  3.376980E-01     6.153277E+03
  3.424006E-01     6.196930E+03
  3.471687E-01     6.240744E+03
  3.520031E-01     6.284713E+03
  3.569049E-01     6.328831E+03
  3.618750E-01     6.373092E+03
  3.669142E-01     6.417492E+03
  3.720237E-01     6.462025E+03
  3.772042E-01     6.506685E+03
  3.824570E-01     6.551466E+03
  3.877828E-01     6.596364E+03
  3.931829E-01     6.641373E+03
  3.986581E-01     6.686487E+03
  4.042096E-01     6.731701E+03
  4.098384E-01     6.777009E+03
  4.155455E-01     6.822405E+03
  4.213322E-01     6.867880E+03
  4.271994E-01     6.913428E+03
  4.331483E-01     6.959041E+03
  4.391801E-01     7.004713E+03
  4.452959E-01     7.050435E+03
  4.514968E-01     7.096200E+03
  4.577841E-01     7.142000E+03
  4.641589E-01     7.187830E+03
  4.706225E-01     7.233680E+03
  4.771761E-01     7.279542E+03
  4.838210E-01     7.325405E+03
  4.905584E-01     7.371261E+03
  4.973896E-01     7.417098E+03
  5.043159E-01     7.462908E+03
  5.113388E-01     7.508679E+03
  5.184594E-01     7.554402E+03
  5.256791E-01     7.600067E+03
  5.329994E-01     7.645663E+03
  5.404216E-01     7.691180E+03
  5.479472E-01     7.736608E+03
  5.555776E-01     7.781935E+03
  5.633143E-01     7.827150E+03
  5.711586E-01     7.872241E+03
  5.791123E-01     7.917199E+03
  5.871766E-01     7.962011E+03
  5.953533E-01     8.006668E+03
  6.036439E-01     8.051157E+03
  6.120498E-01     8.095469E+03
  6.205729E-01     8.139593E+03
  6.292146E-01     8.183519E+03
  6.379767E-01     8.227236E+03
  6.468608E-01     8.270736E+03
  6.558686E-01     8.314009E+03
  6.650018E-01     8.357045E+03
  6.742622E-01     8.399837E+03
  6.836516E-01     8.442376E+03
  6.931717E-01     8.484655E+03
  7.028244E-01     8.526667E+03
  7.126115E-01     8.568406E+03
  7.225349E-01     8.609864E+03
  7.325965E-01     8.651031E+03
  7.427982E-01     8.691899E+03
  7.531420E-01     8.732461E+03
  7.636298E-01     8.772708E+03
  7.742637E-01     8.812635E+03
  7.850456E-01     8.852235E+03
  7.959777E-01     8.891504E+03
  8.070620E-01     8.930438E+03
  8.183007E-01     8.969034E+03
  8.296959E-01     9.007286E+03
  8.412497E-01     9.045186E+03
  8.529644E-01     9.082727E+03
  8.648423E-01     9.119903E+03
  8.768856E-01     9.156709E+03
  8.890966E-01     9.193141E+03
  9.014776E-01     9.229195E+03
  9.140311E-01     9.264869E+03
  9.267593E-01     9.300162E+03
  9.396648E-01     9.335075E+03
  9.527500E-01     9.369605E+03
  9.660175E-01     9.403745E+03
  9.794697E-01     9.437492E+03
  9.931092E-01     9.470842E+03
  1.006939E+00     9.503792E+03
  1.020961E+00     9.536340E+03
  1.035178E+00     9.568487E+03
  1.049593E+00     9.600234E+03
  1.064209E+00     9.631583E+03
  1.079029E+00     9.662538E+03
  1.094055E+00     9.693101E+03
  1.109290E+00     9.723266E+03
  1.124737E+00     9.753030E+03
  1.140400E+00     9.782389E+03
  1.156280E+00     9.811341E+03
  1.172382E+00     9.839887E+03
  1.188708E+00     9.868026E+03
  1.205261E+00     9.895762E+03
  1.222045E+00     9.923096E+03
  1.239062E+00     9.950035E+03
  1.256317E+00     9.976581E+03
  1.273811E+00     1.000273E+04
  1.291550E+00     1.002848E+04
  1.309535E+00     1.005383E+04
  1.327771E+00     1.007878E+04
  1.346261E+00     1.010333E+04
  1.365008E+00     1.012748E+04
  1.384016E+00     1.015123E+04
  1.403289E+00     1.017459E+04
  1.422830E+00     1.019757E+04
  1.442644E+00     1.022018E+04
  1.462733E+00     1.024240E+04
  1.483103E+00     1.026423E+04
  1.503755E+00     1.028568E+04
  1.524696E+00     1.030674E+04
  1.545928E+00     1.032742E+04
  1.567455E+00     1.034772E+04
  1.589283E+00     1.036763E+04
  1.611414E+00     1.038717E+04
  1.633854E+00     1.040634E+04
  1.656606E+00     1.042514E+04
  1.679675E+00     1.044357E+04
  1.703065E+00     1.046164E+04
  1.726781E+00     1.047933E+04
  1.750827E+00     1.049665E+04
  1.775208E+00     1.051360E+04
  1.799929E+00     1.053018E+04
  1.824993E+00     1.054639E+04
  1.850407E+00     1.056223E+04
  1.876175E+00     1.057772E+04
  1.902301E+00     1.059285E+04
  1.928792E+00     1.060762E+04
  1.955651E+00     1.062204E+04
  1.982884E+00     1.063609E+04
  2.010496E+00     1.064978E+04
  2.038493E+00     1.066310E+04
  2.066880E+00     1.067607E+04
  2.095662E+00     1.068867E+04
  2.124845E+00     1.070092E+04
  2.154435E+00     1.071281E+04
  2.184436E+00     1.072436E+04
  2.214855E+00     1.073555E+04
  2.245698E+00     1.074639E+04
  2.276970E+00     1.075688E+04
  2.308678E+00     1.076701E+04
  2.340827E+00     1.077678E+04
  2.373424E+00     1.078619E+04
  2.406475E+00     1.079525E+04
  2.439986E+00     1.080395E+04
  2.473964E+00     1.081231E+04
  2.508415E+00     1.082032E+04
  2.543346E+00     1.082798E+04
  2.578763E+00     1.083528E+04
  2.614673E+00     1.084223E+04
  2.651084E+00     1.084883E+04
  2.688001E+00     1.085506E+04
  2.725433E+00     1.086094E+04
  2.763385E+00     1.086645E+04
  2.801867E+00     1.087160E+04
  2.840884E+00     1.087640E+04
  2.880444E+00     1.088084E+04
  2.920556E+00     1.088492E+04
  2.961225E+00     1.088863E+04
  3.002462E+00     1.089199E+04
  3.044272E+00     1.089498E+04
  3.086665E+00     1.089760E+04
  3.129648E+00     1.089986E+04
  3.173230E+00     1.090175E+04
  3.217418E+00     1.090328E+04
  3.262222E+00     1.090445E+04
  3.307650E+00     1.090525E+04
  3.353710E+00     1.090570E+04
  3.400412E+00     1.090578E+04
  3.447764E+00     1.090550E+04
  3.495776E+00     1.090485E+04
  3.544456E+00     1.090383E+04
  3.593814E+00     1.090245E+04
  3.643859E+00     1.090069E+04
  3.694601E+00     1.089858E+04
  3.746050E+00     1.089609E+04
  3.798215E+00     1.089325E+04
  3.851107E+00     1.089004E+04
  3.904735E+00     1.088647E+04
  3.959110E+00     1.088253E+04
  4.014242E+00     1.087823E+04
  4.070142E+00     1.087355E+04
  4.126821E+00     1.086850E+04
  4.184289E+00     1.086308E+04
  4.242556E+00     1.085730E+04
  4.301636E+00     1.085114E+04
  4.361538E+00     1.084461E+04
  4.422274E+00     1.083772E+04
  4.483856E+00     1.083046E+04
  4.546295E+00     1.082283E+04
  4.609604E+00     1.081483E+04
  4.673795E+00     1.080646E+04
  4.738880E+00     1.079771E+04
  4.804870E+00     1.078860E+04
  4.871780E+00     1.077912E+04
  4.939622E+00     1.076927E+04
  5.008408E+00     1.075906E+04
  5.078152E+00     1.074849E+04
  5.148867E+00     1.073756E+04
  5.220568E+00     1.072626E+04
  5.293266E+00     1.071460E+04
  5.366977E+00     1.070258E+04
  5.441714E+00     1.069019E+04
  5.517492E+00     1.067743E+04
  5.594326E+00     1.066432E+04
  5.672229E+00     1.065085E+04
  5.751217E+00     1.063701E+04
  5.831305E+00     1.062283E+04
  5.912508E+00     1.060829E+04
  5.994843E+00     1.059339E+04
  6.078323E+00     1.057814E+04
  6.162966E+00     1.056252E+04
  6.248788E+00     1.054655E+04
  6.335805E+00     1.053023E+04
  6.424034E+00     1.051355E+04
  6.513491E+00     1.049651E+04
  6.604194E+00     1.047913E+04
  6.696160E+00     1.046140E+04
  6.789407E+00     1.044332E+04
  6.883952E+00     1.042490E+04
  6.979814E+00     1.040612E+04
  7.077011E+00     1.038700E+04
  7.175561E+00     1.036753E+04
  7.275484E+00     1.034771E+04
  7.376798E+00     1.032755E+04
  7.479523E+00     1.030705E+04
  7.583678E+00     1.028621E+04
  7.689284E+00     1.026503E+04
  7.796360E+00     1.024352E+04
  7.904928E+00     1.022167E+04
  8.015007E+00     1.019949E+04
  8.126619E+00     1.017698E+04
  8.239786E+00     1.015413E+04
  8.354528E+00     1.013095E+04
  8.470868E+00     1.010743E+04
  8.588829E+00     1.008360E+04
  8.708431E+00     1.005943E+04
  8.829700E+00     1.003495E+04
  8.952657E+00     1.001014E+04
  9.077327E+00     9.985016E+03
  9.203732E+00     9.959566E+03
  9.331898E+00     9.933793E+03
  9.461848E+00     9.907699E+03
  9.593608E+00     9.881282E+03
  9.727203E+00     9.854545E+03
  9.862658E+00     9.827489E+03
  1.000000E+01     9.800114E+03
  1.013925E+01     9.772424E+03
  1.028045E+01     9.744418E+03
  1.042361E+01     9.716099E+03
  1.056876E+01     9.687469E+03
  1.071593E+01     9.658528E+03
  1.086516E+01     9.629281E+03
  1.101646E+01     9.599729E+03
  1.116987E+01     9.569876E+03
  1.132541E+01     9.539725E+03
  1.148312E+01     9.509282E+03
  1.164303E+01     9.478550E+03
  1.180517E+01     9.447530E+03
  1.196956E+01     9.416222E+03
  1.213624E+01     9.384627E+03
  1.230524E+01     9.352746E+03
  1.247660E+01     9.320578E+03
  1.265034E+01     9.288125E+03
  1.282650E+01     9.255388E+03
  1.300511E+01     9.222368E+03
  1.318621E+01     9.189066E+03
  1.336984E+01     9.155483E+03
  1.355602E+01     9.121623E+03
  1.374479E+01     9.087487E+03
  1.393619E+01     9.053078E+03
  1.413026E+01     9.018399E+03
  1.432703E+01     8.983454E+03
  1.452654E+01     8.948246E+03
  1.472883E+01     8.912780E+03
  1.493393E+01     8.877059E+03
  1.514189E+01     8.841088E+03
  1.535275E+01     8.804872E+03
  1.556654E+01     8.768415E+03
  1.578331E+01     8.731718E+03
  1.600310E+01     8.694785E+03
  1.622595E+01     8.657617E+03
  1.645191E+01     8.620217E+03
  1.668101E+01     8.582590E+03
  1.691330E+01     8.544736E+03
  1.714882E+01     8.506660E+03
  1.738762E+01     8.468365E+03
  1.762975E+01     8.429855E+03
  1.787526E+01     8.391131E+03
  1.812418E+01     8.352197E+03
  1.837656E+01     8.313056E+03
  1.863246E+01     8.273710E+03
  1.889193E+01     8.234162E+03
  1.915501E+01     8.194415E+03
  1.942175E+01     8.154472E+03
  1.969220E+01     8.114335E+03
  1.996642E+01     8.074007E+03
  2.024447E+01     8.033492E+03
  2.052638E+01     7.992792E+03
  2.081222E+01     7.951912E+03
  2.110203E+01     7.910857E+03
  2.139589E+01     7.869629E+03
  2.169384E+01     7.828235E+03
  2.199593E+01     7.786678E+03
  2.230223E+01     7.744964E+03
  2.261280E+01     7.703095E+03
  2.292769E+01     7.661079E+03
  2.324697E+01     7.618918E+03
  2.357069E+01     7.576617E+03
  2.389893E+01     7.534183E+03
  2.423173E+01     7.491620E+03
  2.456916E+01     7.448933E+03
  2.491130E+01     7.406127E+03
  2.525820E+01     7.363207E+03
  2.560993E+01     7.320179E+03
  2.596656E+01     7.277047E+03
  2.632815E+01     7.233818E+03
  2.669478E+01     7.190494E+03
  2.706652E+01     7.147083E+03
  2.744343E+01     7.103588E+03
  2.782559E+01     7.060014E+03
  2.821308E+01     7.016367E+03
  2.860596E+01     6.972651E+03
  2.900430E+01     6.928871E+03
  2.940820E+01     6.885030E+03
  2.981772E+01     6.841134E+03
  3.023295E+01     6.797185E+03
  3.065395E+01     6.753188E+03
  3.108082E+01     6.709146E+03
  3.151363E+01     6.665065E+03
  3.195248E+01     6.620952E+03
  3.239743E+01     6.576811E+03
  3.284857E+01     6.532647E+03
  3.330600E+01     6.488466E+03
  3.376980E+01     6.444272E+03
  3.424006E+01     6.400070E+03
  3.471687E+01     6.355865E+03
  3.520031E+01     6.311659E+03
  3.569049E+01     6.267458E+03
  3.618750E+01     6.223268E+03
  3.669142E+01     6.179096E+03
  3.720237E+01     6.134949E+03
  3.772042E+01     6.090833E+03
  3.824570E+01     6.046755E+03
  3.877828E+01     6.002721E+03
  3.931829E+01     5.958736E+03
  3.986581E+01     5.914806E+03
  4.042096E+01     5.870935E+03
  4.098384E+01     5.827130E+03
  4.155455E+01     5.783395E+03
  4.213322E+01     5.739736E+03
  4.271994E+01     5.696158E+03
  4.331483E+01     5.652666E+03
  4.391801E+01     5.609264E+03
  4.452959E+01     5.565954E+03
  4.514968E+01     5.522741E+03
  4.577841E+01     5.479626E+03
  4.641589E+01     5.436611E+03
  4.706225E+01     5.393698E+03
  4.771761E+01     5.350893E+03
  4.838210E+01     5.308202E+03
  4.905584E+01     5.265633E+03
  4.973896E+01     5.223191E+03
  5.043159E+01     5.180883E+03
  5.113388E+01     5.138713E+03
  5.184594E+01     5.096686E+03
  5.256791E+01     5.054806E+03
  5.329994E+01     5.013077E+03
  5.404216E+01     4.971502E+03
  5.479472E+01     4.930085E+03
  5.555776E+01     4.888834E+03
  5.633143E+01     4.847753E+03
  5.711586E+01     4.806846E+03
  5.791123E+01     4.766118E+03
  5.871766E+01     4.725572E+03
  5.953533E+01     4.685211E+03
  6.036439E+01     4.645035E+03
  6.120498E+01     4.605046E+03
  6.205729E+01     4.565244E+03
  6.292146E+01     4.525634E+03
  6.379767E+01     4.486221E+03
  6.468608E+01     4.447012E+03
  6.558686E+01     4.408010E+03
  6.650018E+01     4.369222E+03
  6.742622E+01     4.330650E+03
  6.836516E+01     4.292297E+03
  6.931717E+01     4.254165E+03
  7.028244E+01     4.216254E+03
  7.126115E+01     4.178567E+03
  7.225349E+01     4.141105E+03
  7.325965E+01     4.103874E+03
  7.427982E+01     4.066879E+03
  7.531420E+01     4.030123E+03
  7.636298E+01     3.993610E+03
  7.742637E+01     3.957340E+03
  7.850456E+01     3.921316E+03
  7.959777E+01     3.885537E+03
  8.070620E+01     3.850002E+03
  8.183007E+01     3.814709E+03
  8.296959E+01     3.779661E+03
  8.412497E+01     3.744862E+03
  8.529644E+01     3.710317E+03
  8.648423E+01     3.676030E+03
  8.768856E+01     3.642004E+03
  8.890966E+01     3.608240E+03
  9.014776E+01     3.574741E+03
  9.140311E+01     3.541505E+03
  9.267593E+01     3.508533E+03
  9.396648E+01     3.475822E+03
  9.527500E+01     3.443372E+03
  9.660175E+01     3.411189E+03
  9.794697E+01     3.379276E+03
  9.931092E+01     3.347634E+03
  1.006939E+02     3.316267E+03
  1.020961E+02     3.285174E+03
  1.035178E+02     3.254355E+03
  1.049593E+02     3.223809E+03
  1.064209E+02     3.193533E+03
  1.079029E+02     3.163523E+03
  1.094055E+02     3.133779E+03
  1.109290E+02     3.104304E+03
  1.124737E+02     3.075101E+03
  1.140400E+02     3.046174E+03
  1.156280E+02     3.017524E+03
  1.172382E+02     2.989150E+03
  1.188708E+02     2.961054E+03
  1.205261E+02     2.933234E+03
  1.222045E+02     2.905687E+03
  1.239062E+02     2.878409E+03
  1.256317E+02     2.851398E+03
  1.273811E+02     2.824658E+03
  1.291550E+02     2.798191E+03
  1.309535E+02     2.771997E+03
  1.327771E+02     2.746077E+03
  1.346261E+02     2.720432E+03
  1.365008E+02     2.695058E+03
  1.384016E+02     2.669953E+03
  1.403289E+02     2.645114E+03
  1.422830E+02     2.620534E+03
  1.442644E+02     2.596211E+03
  1.462733E+02     2.572146E+03
  1.483103E+02     2.548341E+03
  1.503755E+02     2.524796E+03
  1.524696E+02     2.501512E+03
  1.545928E+02     2.478488E+03
  1.567455E+02     2.455720E+03
  1.589283E+02     2.433207E+03
  1.611414E+02     2.410944E+03
  1.633854E+02     2.388925E+03
  1.656606E+02     2.367145E+03
  1.679675E+02     2.345608E+03
  1.703065E+02     2.324314E+03
  1.726781E+02     2.303264E+03
  1.750827E+02     2.282461E+03
  1.775208E+02     2.261903E+03
  1.799929E+02     2.241588E+03
  1.824993E+02     2.221516E+03
  1.850407E+02     2.201683E+03
  1.876175E+02     2.182084E+03
  1.902301E+02     2.162716E+03
  1.928792E+02     2.143579E+03
  1.955651E+02     2.124676E+03
  1.982884E+02     2.106007E+03
  2.010496E+02     2.087572E+03
  2.038493E+02     2.069370E+03
  2.066880E+02     2.051400E+03
  2.095662E+02     2.033658E+03
  2.124845E+02     2.016142E+03
  2.154435E+02     1.998846E+03
  2.184436E+02     1.981765E+03
  2.214855E+02     1.964901E+03
  2.245698E+02     1.948253E+03
  2.276970E+02     1.931822E+03
  2.308678E+02     1.915607E+03
  2.340827E+02     1.899608E+03
  2.373424E+02     1.883821E+03
  2.406475E+02     1.868244E+03
  2.439986E+02     1.852872E+03
  2.473964E+02     1.837701E+03
  2.508415E+02     1.822725E+03
  2.543346E+02     1.807943E+03
  2.578763E+02     1.793357E+03
  2.614673E+02     1.778967E+03
  2.651084E+02     1.764772E+03
  2.688001E+02     1.750772E+03
  2.725433E+02     1.736964E+03
  2.763385E+02     1.723346E+03
  2.801867E+02     1.709914E+03
  2.840884E+02     1.696663E+03
  2.880444E+02     1.683589E+03
  2.920556E+02     1.670692E+03
  2.961225E+02     1.657971E+03
  3.002462E+02     1.645427E+03
  3.044272E+02     1.633059E+03
  3.086665E+02     1.620866E+03
  3.129648E+02     1.608847E+03
  3.173230E+02     1.596998E+03
  3.217418E+02     1.585318E+03
  3.262222E+02     1.573800E+03
  3.307650E+02     1.562442E+03
  3.353710E+02     1.551241E+03
  3.400412E+02     1.540198E+03
  3.447764E+02     1.529313E+03
  3.495776E+02     1.518587E+03
  3.544456E+02     1.508018E+03
  3.593814E+02     1.497604E+03
  3.643859E+02     1.487344E+03
  3.694601E+02     1.477235E+03
  3.746050E+02     1.467272E+03
  3.798215E+02     1.457453E+03
  3.851107E+02     1.447775E+03
  3.904735E+02     1.438239E+03
  3.959110E+02     1.428845E+03
  4.014242E+02     1.419593E+03
  4.070142E+02     1.410482E+03
  4.126821E+02     1.401510E+03
  4.184289E+02     1.392676E+03
  4.242556E+02     1.383977E+03
  4.301636E+02     1.375409E+03
  4.361538E+02     1.366970E+03
  4.422274E+02     1.358656E+03
  4.483856E+02     1.350469E+03
  4.546295E+02     1.342409E+03
  4.609604E+02     1.334476E+03
  4.673795E+02     1.326668E+03
  4.738880E+02     1.318984E+03
  4.804870E+02     1.311423E+03
  4.871780E+02     1.303983E+03
  4.939622E+02     1.296660E+03
  5.008408E+02     1.289451E+03
  5.078152E+02     1.282355E+03
  5.148867E+02     1.275371E+03
  5.220568E+02     1.268500E+03
  5.293266E+02     1.261742E+03
  5.366977E+02     1.255095E+03
  5.441714E+02     1.248560E+03
  5.517492E+02     1.242133E+03
  5.594326E+02     1.235814E+03
  5.672229E+02     1.229600E+03
  5.751217E+02     1.223487E+03
  5.831305E+02     1.217474E+03
  5.912508E+02     1.211561E+03
  5.994843E+02     1.205749E+03
  6.078323E+02     1.200036E+03
  6.162966E+02     1.194423E+03
  6.248788E+02     1.188908E+03
  6.335805E+02     1.183491E+03
  6.424034E+02     1.178168E+03
  6.513491E+02     1.172939E+03
  6.604194E+02     1.167801E+03
  6.696160E+02     1.162751E+03
  6.789407E+02     1.157790E+03
  6.883952E+02     1.152917E+03
  6.979814E+02     1.148132E+03
  7.077011E+02     1.143434E+03
  7.175561E+02     1.138822E+03
  7.275484E+02     1.134295E+03
  7.376798E+02     1.129850E+03
  7.479523E+02     1.125486E+03
  7.583678E+02     1.121200E+03
  7.689284E+02     1.116989E+03
  7.796360E+02     1.112856E+03
  7.904928E+02     1.108801E+03
  8.015007E+02     1.104826E+03
  8.126619E+02     1.100932E+03
  8.239786E+02     1.097119E+03
  8.354528E+02     1.093390E+03
  8.470868E+02     1.089744E+03
  8.588829E+02     1.086182E+03
  8.708431E+02     1.082704E+03
  8.829700E+02     1.079309E+03
  8.952657E+02     1.075990E+03
  9.077327E+02     1.072737E+03
  9.203732E+02     1.069542E+03
  9.331898E+02     1.066394E+03
  9.461848E+02     1.063280E+03
  9.593608E+02     1.060188E+03
  9.727203E+02     1.057103E+03
  9.862658E+02     1.054009E+03
  1.000000E+03     1.050891E+03
