FILE CREATED BY  : PROGRAM DPASS - VERSION 2.00
DATABASE VERSION : 21.06
DATE AND TIME    : 09/08/2022 23:32:11
PROJECTILE       : Pr
TARGET           : Ac
TARGET AT. MASS  : 2.270280E+02
TARGET DENSITY   : 1.007000E+01 g/cm^3
TABULATED OUTPUT : STOPPING FORCE VERSUS ENERGY
DATA TYPE        : SPLINE INTERPOLATED
ABSCISSA UNITS   : MeV/u
ORDINATE UNITS   : eV/nm


      E/n             S(E/n)

  1.000000E-03     6.860987E+02
  1.013925E-03     6.907757E+02
  1.028045E-03     6.955145E+02
  1.042361E-03     7.003126E+02
  1.056876E-03     7.051670E+02
  1.071593E-03     7.100745E+02
  1.086516E-03     7.150317E+02
  1.101646E-03     7.200347E+02
  1.116987E-03     7.250793E+02
  1.132541E-03     7.301610E+02
  1.148312E-03     7.352748E+02
  1.164303E-03     7.404161E+02
  1.180517E-03     7.455847E+02
  1.196956E-03     7.507816E+02
  1.213624E-03     7.560081E+02
  1.230524E-03     7.612655E+02
  1.247660E-03     7.665554E+02
  1.265034E-03     7.718794E+02
  1.282650E-03     7.772394E+02
  1.300511E-03     7.826373E+02
  1.318621E-03     7.880753E+02
  1.336984E-03     7.935554E+02
  1.355602E-03     7.990784E+02
  1.374479E-03     8.046439E+02
  1.393619E-03     8.102519E+02
  1.413026E-03     8.159022E+02
  1.432703E-03     8.215945E+02
  1.452654E-03     8.273287E+02
  1.472883E-03     8.331046E+02
  1.493393E-03     8.389219E+02
  1.514189E-03     8.447803E+02
  1.535275E-03     8.506797E+02
  1.556654E-03     8.566201E+02
  1.578331E-03     8.626021E+02
  1.600310E-03     8.686259E+02
  1.622595E-03     8.746922E+02
  1.645191E-03     8.808013E+02
  1.668101E-03     8.869539E+02
  1.691330E-03     8.931507E+02
  1.714882E-03     8.993923E+02
  1.738762E-03     9.056794E+02
  1.762975E-03     9.120129E+02
  1.787526E-03     9.183932E+02
  1.812418E-03     9.248204E+02
  1.837656E-03     9.312947E+02
  1.863246E-03     9.378162E+02
  1.889193E-03     9.443851E+02
  1.915501E-03     9.510016E+02
  1.942175E-03     9.576659E+02
  1.969220E-03     9.643783E+02
  1.996642E-03     9.711390E+02
  2.024447E-03     9.779483E+02
  2.052638E-03     9.848066E+02
  2.081222E-03     9.917141E+02
  2.110203E-03     9.986713E+02
  2.139589E-03     1.005678E+03
  2.169384E-03     1.012736E+03
  2.199593E-03     1.019844E+03
  2.230223E-03     1.027004E+03
  2.261280E-03     1.034216E+03
  2.292769E-03     1.041481E+03
  2.324697E-03     1.048799E+03
  2.357069E-03     1.056170E+03
  2.389893E-03     1.063596E+03
  2.423173E-03     1.071076E+03
  2.456916E-03     1.078611E+03
  2.491130E-03     1.086201E+03
  2.525820E-03     1.093846E+03
  2.560993E-03     1.101547E+03
  2.596656E-03     1.109304E+03
  2.632815E-03     1.117117E+03
  2.669478E-03     1.124988E+03
  2.706652E-03     1.132917E+03
  2.744343E-03     1.140904E+03
  2.782559E-03     1.148949E+03
  2.821308E-03     1.157053E+03
  2.860596E-03     1.165216E+03
  2.900430E-03     1.173439E+03
  2.940820E-03     1.181723E+03
  2.981772E-03     1.190067E+03
  3.023295E-03     1.198473E+03
  3.065395E-03     1.206941E+03
  3.108082E-03     1.215471E+03
  3.151363E-03     1.224065E+03
  3.195248E-03     1.232723E+03
  3.239743E-03     1.241444E+03
  3.284857E-03     1.250230E+03
  3.330600E-03     1.259080E+03
  3.376980E-03     1.267996E+03
  3.424006E-03     1.276978E+03
  3.471687E-03     1.286026E+03
  3.520031E-03     1.295141E+03
  3.569049E-03     1.304324E+03
  3.618750E-03     1.313576E+03
  3.669142E-03     1.322895E+03
  3.720237E-03     1.332284E+03
  3.772042E-03     1.341743E+03
  3.824570E-03     1.351272E+03
  3.877828E-03     1.360871E+03
  3.931829E-03     1.370542E+03
  3.986581E-03     1.380284E+03
  4.042096E-03     1.390100E+03
  4.098384E-03     1.399989E+03
  4.155455E-03     1.409952E+03
  4.213322E-03     1.419990E+03
  4.271994E-03     1.430103E+03
  4.331483E-03     1.440291E+03
  4.391801E-03     1.450556E+03
  4.452959E-03     1.460897E+03
  4.514968E-03     1.471316E+03
  4.577841E-03     1.481813E+03
  4.641589E-03     1.492390E+03
  4.706225E-03     1.503046E+03
  4.771761E-03     1.513783E+03
  4.838210E-03     1.524601E+03
  4.905584E-03     1.535500E+03
  4.973896E-03     1.546481E+03
  5.043159E-03     1.557546E+03
  5.113388E-03     1.568694E+03
  5.184594E-03     1.579926E+03
  5.256791E-03     1.591243E+03
  5.329994E-03     1.602646E+03
  5.404216E-03     1.614136E+03
  5.479472E-03     1.625714E+03
  5.555776E-03     1.637380E+03
  5.633143E-03     1.649134E+03
  5.711586E-03     1.660977E+03
  5.791123E-03     1.672910E+03
  5.871766E-03     1.684933E+03
  5.953533E-03     1.697047E+03
  6.036439E-03     1.709254E+03
  6.120498E-03     1.721552E+03
  6.205729E-03     1.733945E+03
  6.292146E-03     1.746432E+03
  6.379767E-03     1.759013E+03
  6.468608E-03     1.771691E+03
  6.558686E-03     1.784465E+03
  6.650018E-03     1.797337E+03
  6.742622E-03     1.810307E+03
  6.836516E-03     1.823376E+03
  6.931717E-03     1.836546E+03
  7.028244E-03     1.849818E+03
  7.126115E-03     1.863193E+03
  7.225349E-03     1.876672E+03
  7.325965E-03     1.890256E+03
  7.427982E-03     1.903945E+03
  7.531420E-03     1.917739E+03
  7.636298E-03     1.931640E+03
  7.742637E-03     1.945648E+03
  7.850456E-03     1.959764E+03
  7.959777E-03     1.973989E+03
  8.070620E-03     1.988324E+03
  8.183007E-03     2.002770E+03
  8.296959E-03     2.017327E+03
  8.412497E-03     2.031997E+03
  8.529644E-03     2.046781E+03
  8.648423E-03     2.061678E+03
  8.768856E-03     2.076691E+03
  8.890966E-03     2.091820E+03
  9.014776E-03     2.107066E+03
  9.140311E-03     2.122431E+03
  9.267593E-03     2.137915E+03
  9.396648E-03     2.153521E+03
  9.527500E-03     2.169249E+03
  9.660175E-03     2.185100E+03
  9.794697E-03     2.201074E+03
  9.931092E-03     2.217173E+03
  1.006939E-02     2.233397E+03
  1.020961E-02     2.249748E+03
  1.035178E-02     2.266226E+03
  1.049593E-02     2.282833E+03
  1.064209E-02     2.299569E+03
  1.079029E-02     2.316437E+03
  1.094055E-02     2.333437E+03
  1.109290E-02     2.350569E+03
  1.124737E-02     2.367836E+03
  1.140400E-02     2.385237E+03
  1.156280E-02     2.402775E+03
  1.172382E-02     2.420449E+03
  1.188708E-02     2.438261E+03
  1.205261E-02     2.456213E+03
  1.222045E-02     2.474306E+03
  1.239062E-02     2.492541E+03
  1.256317E-02     2.510920E+03
  1.273811E-02     2.529443E+03
  1.291550E-02     2.548111E+03
  1.309535E-02     2.566926E+03
  1.327771E-02     2.585888E+03
  1.346261E-02     2.604999E+03
  1.365008E-02     2.624259E+03
  1.384016E-02     2.643670E+03
  1.403289E-02     2.663234E+03
  1.422830E-02     2.682952E+03
  1.442644E-02     2.702825E+03
  1.462733E-02     2.722854E+03
  1.483103E-02     2.743040E+03
  1.503755E-02     2.763384E+03
  1.524696E-02     2.783888E+03
  1.545928E-02     2.804551E+03
  1.567455E-02     2.825377E+03
  1.589283E-02     2.846366E+03
  1.611414E-02     2.867519E+03
  1.633854E-02     2.888839E+03
  1.656606E-02     2.910326E+03
  1.679675E-02     2.931981E+03
  1.703065E-02     2.953807E+03
  1.726781E-02     2.975803E+03
  1.750827E-02     2.997971E+03
  1.775208E-02     3.020312E+03
  1.799929E-02     3.042827E+03
  1.824993E-02     3.065519E+03
  1.850407E-02     3.088388E+03
  1.876175E-02     3.111436E+03
  1.902301E-02     3.134664E+03
  1.928792E-02     3.158075E+03
  1.955651E-02     3.181668E+03
  1.982884E-02     3.205445E+03
  2.010496E-02     3.229407E+03
  2.038493E-02     3.253556E+03
  2.066880E-02     3.277891E+03
  2.095662E-02     3.302416E+03
  2.124845E-02     3.327131E+03
  2.154435E-02     3.352039E+03
  2.184436E-02     3.377140E+03
  2.214855E-02     3.402435E+03
  2.245698E-02     3.427927E+03
  2.276970E-02     3.453616E+03
  2.308678E-02     3.479503E+03
  2.340827E-02     3.505590E+03
  2.373424E-02     3.531877E+03
  2.406475E-02     3.558367E+03
  2.439986E-02     3.585060E+03
  2.473964E-02     3.611960E+03
  2.508415E-02     3.639067E+03
  2.543346E-02     3.666383E+03
  2.578763E-02     3.693908E+03
  2.614673E-02     3.721644E+03
  2.651084E-02     3.749592E+03
  2.688001E-02     3.777753E+03
  2.725433E-02     3.806129E+03
  2.763385E-02     3.834720E+03
  2.801867E-02     3.863529E+03
  2.840884E-02     3.892557E+03
  2.880444E-02     3.921806E+03
  2.920556E-02     3.951278E+03
  2.961225E-02     3.980972E+03
  3.002462E-02     4.010891E+03
  3.044272E-02     4.041035E+03
  3.086665E-02     4.071407E+03
  3.129648E-02     4.102007E+03
  3.173230E-02     4.132837E+03
  3.217418E-02     4.163898E+03
  3.262222E-02     4.195194E+03
  3.307650E-02     4.226725E+03
  3.353710E-02     4.258493E+03
  3.400412E-02     4.290498E+03
  3.447764E-02     4.322744E+03
  3.495776E-02     4.355229E+03
  3.544456E-02     4.387956E+03
  3.593814E-02     4.420926E+03
  3.643859E-02     4.454141E+03
  3.694601E-02     4.487602E+03
  3.746050E-02     4.521312E+03
  3.798215E-02     4.555272E+03
  3.851107E-02     4.589483E+03
  3.904735E-02     4.623947E+03
  3.959110E-02     4.658665E+03
  4.014242E-02     4.693638E+03
  4.070142E-02     4.728867E+03
  4.126821E-02     4.764354E+03
  4.184289E-02     4.800099E+03
  4.242556E-02     4.836105E+03
  4.301636E-02     4.872374E+03
  4.361538E-02     4.908908E+03
  4.422274E-02     4.945708E+03
  4.483856E-02     4.982775E+03
  4.546295E-02     5.020110E+03
  4.609604E-02     5.057716E+03
  4.673795E-02     5.095593E+03
  4.738880E-02     5.133744E+03
  4.804870E-02     5.172169E+03
  4.871780E-02     5.210872E+03
  4.939622E-02     5.249854E+03
  5.008408E-02     5.289118E+03
  5.078152E-02     5.328666E+03
  5.148867E-02     5.368499E+03
  5.220568E-02     5.408620E+03
  5.293266E-02     5.449028E+03
  5.366977E-02     5.489728E+03
  5.441714E-02     5.530719E+03
  5.517492E-02     5.572006E+03
  5.594326E-02     5.613590E+03
  5.672229E-02     5.655473E+03
  5.751217E-02     5.697660E+03
  5.831305E-02     5.740153E+03
  5.912508E-02     5.782951E+03
  5.994843E-02     5.826057E+03
  6.078323E-02     5.869472E+03
  6.162966E-02     5.913196E+03
  6.248788E-02     5.957231E+03
  6.335805E-02     6.001579E+03
  6.424034E-02     6.046242E+03
  6.513491E-02     6.091222E+03
  6.604194E-02     6.136520E+03
  6.696160E-02     6.182138E+03
  6.789407E-02     6.228077E+03
  6.883952E-02     6.274337E+03
  6.979814E-02     6.320918E+03
  7.077011E-02     6.367820E+03
  7.175561E-02     6.415044E+03
  7.275484E-02     6.462591E+03
  7.376798E-02     6.510460E+03
  7.479523E-02     6.558653E+03
  7.583678E-02     6.607171E+03
  7.689284E-02     6.656014E+03
  7.796360E-02     6.705183E+03
  7.904928E-02     6.754678E+03
  8.015007E-02     6.804499E+03
  8.126619E-02     6.854647E+03
  8.239786E-02     6.905122E+03
  8.354528E-02     6.955925E+03
  8.470868E-02     7.007057E+03
  8.588829E-02     7.058519E+03
  8.708431E-02     7.110313E+03
  8.829700E-02     7.162439E+03
  8.952657E-02     7.214898E+03
  9.077327E-02     7.267690E+03
  9.203732E-02     7.320817E+03
  9.331898E-02     7.374278E+03
  9.461848E-02     7.428074E+03
  9.593608E-02     7.482207E+03
  9.727203E-02     7.536678E+03
  9.862658E-02     7.591488E+03
  1.000000E-01     7.646640E+03
  1.013925E-01     7.702135E+03
  1.028045E-01     7.757974E+03
  1.042361E-01     7.814159E+03
  1.056876E-01     7.870691E+03
  1.071593E-01     7.927571E+03
  1.086516E-01     7.984801E+03
  1.101646E-01     8.042383E+03
  1.116987E-01     8.100320E+03
  1.132541E-01     8.158614E+03
  1.148312E-01     8.217269E+03
  1.164303E-01     8.276289E+03
  1.180517E-01     8.335676E+03
  1.196956E-01     8.395431E+03
  1.213624E-01     8.455557E+03
  1.230524E-01     8.516057E+03
  1.247660E-01     8.576934E+03
  1.265034E-01     8.638192E+03
  1.282650E-01     8.699835E+03
  1.300511E-01     8.761866E+03
  1.318621E-01     8.824293E+03
  1.336984E-01     8.887119E+03
  1.355602E-01     8.950349E+03
  1.374479E-01     9.013987E+03
  1.393619E-01     9.078035E+03
  1.413026E-01     9.142499E+03
  1.432703E-01     9.207382E+03
  1.452654E-01     9.272691E+03
  1.472883E-01     9.338431E+03
  1.493393E-01     9.404609E+03
  1.514189E-01     9.471232E+03
  1.535275E-01     9.538308E+03
  1.556654E-01     9.605843E+03
  1.578331E-01     9.673840E+03
  1.600310E-01     9.742306E+03
  1.622595E-01     9.811246E+03
  1.645191E-01     9.880667E+03
  1.668101E-01     9.950574E+03
  1.691330E-01     1.002098E+04
  1.714882E-01     1.009188E+04
  1.738762E-01     1.016330E+04
  1.762975E-01     1.023524E+04
  1.787526E-01     1.030771E+04
  1.812418E-01     1.038071E+04
  1.837656E-01     1.045426E+04
  1.863246E-01     1.052836E+04
  1.889193E-01     1.060301E+04
  1.915501E-01     1.067824E+04
  1.942175E-01     1.075403E+04
  1.969220E-01     1.083042E+04
  1.996642E-01     1.090740E+04
  2.024447E-01     1.098499E+04
  2.052638E-01     1.106319E+04
  2.081222E-01     1.114202E+04
  2.110203E-01     1.122146E+04
  2.139589E-01     1.130154E+04
  2.169384E-01     1.138225E+04
  2.199593E-01     1.146359E+04
  2.230223E-01     1.154557E+04
  2.261280E-01     1.162820E+04
  2.292769E-01     1.171148E+04
  2.324697E-01     1.179542E+04
  2.357069E-01     1.188001E+04
  2.389893E-01     1.196528E+04
  2.423173E-01     1.205121E+04
  2.456916E-01     1.213781E+04
  2.491130E-01     1.222508E+04
  2.525820E-01     1.231304E+04
  2.560993E-01     1.240168E+04
  2.596656E-01     1.249101E+04
  2.632815E-01     1.258103E+04
  2.669478E-01     1.267175E+04
  2.706652E-01     1.276317E+04
  2.744343E-01     1.285530E+04
  2.782559E-01     1.294813E+04
  2.821308E-01     1.304167E+04
  2.860596E-01     1.313593E+04
  2.900430E-01     1.323090E+04
  2.940820E-01     1.332659E+04
  2.981772E-01     1.342301E+04
  3.023295E-01     1.352014E+04
  3.065395E-01     1.361801E+04
  3.108082E-01     1.371661E+04
  3.151363E-01     1.381593E+04
  3.195248E-01     1.391599E+04
  3.239743E-01     1.401677E+04
  3.284857E-01     1.411827E+04
  3.330600E-01     1.422049E+04
  3.376980E-01     1.432342E+04
  3.424006E-01     1.442707E+04
  3.471687E-01     1.453143E+04
  3.520031E-01     1.463650E+04
  3.569049E-01     1.474226E+04
  3.618750E-01     1.484873E+04
  3.669142E-01     1.495588E+04
  3.720237E-01     1.506372E+04
  3.772042E-01     1.517224E+04
  3.824570E-01     1.528142E+04
  3.877828E-01     1.539126E+04
  3.931829E-01     1.550176E+04
  3.986581E-01     1.561289E+04
  4.042096E-01     1.572467E+04
  4.098384E-01     1.583706E+04
  4.155455E-01     1.595008E+04
  4.213322E-01     1.606370E+04
  4.271994E-01     1.617791E+04
  4.331483E-01     1.629271E+04
  4.391801E-01     1.640808E+04
  4.452959E-01     1.652402E+04
  4.514968E-01     1.664050E+04
  4.577841E-01     1.675752E+04
  4.641589E-01     1.687507E+04
  4.706225E-01     1.699313E+04
  4.771761E-01     1.711168E+04
  4.838210E-01     1.723071E+04
  4.905584E-01     1.735020E+04
  4.973896E-01     1.747012E+04
  5.043159E-01     1.759046E+04
  5.113388E-01     1.771118E+04
  5.184594E-01     1.783228E+04
  5.256791E-01     1.795373E+04
  5.329994E-01     1.807550E+04
  5.404216E-01     1.819757E+04
  5.479472E-01     1.831992E+04
  5.555776E-01     1.844253E+04
  5.633143E-01     1.856539E+04
  5.711586E-01     1.868847E+04
  5.791123E-01     1.881177E+04
  5.871766E-01     1.893526E+04
  5.953533E-01     1.905892E+04
  6.036439E-01     1.918273E+04
  6.120498E-01     1.930669E+04
  6.205729E-01     1.943077E+04
  6.292146E-01     1.955496E+04
  6.379767E-01     1.967924E+04
  6.468608E-01     1.980359E+04
  6.558686E-01     1.992801E+04
  6.650018E-01     2.005247E+04
  6.742622E-01     2.017697E+04
  6.836516E-01     2.030148E+04
  6.931717E-01     2.042600E+04
  7.028244E-01     2.055052E+04
  7.126115E-01     2.067503E+04
  7.225349E-01     2.079952E+04
  7.325965E-01     2.092396E+04
  7.427982E-01     2.104835E+04
  7.531420E-01     2.117267E+04
  7.636298E-01     2.129692E+04
  7.742637E-01     2.142108E+04
  7.850456E-01     2.154514E+04
  7.959777E-01     2.166909E+04
  8.070620E-01     2.179294E+04
  8.183007E-01     2.191667E+04
  8.296959E-01     2.204027E+04
  8.412497E-01     2.216372E+04
  8.529644E-01     2.228702E+04
  8.648423E-01     2.241014E+04
  8.768856E-01     2.253306E+04
  8.890966E-01     2.265578E+04
  9.014776E-01     2.277828E+04
  9.140311E-01     2.290056E+04
  9.267593E-01     2.302260E+04
  9.396648E-01     2.314439E+04
  9.527500E-01     2.326593E+04
  9.660175E-01     2.338719E+04
  9.794697E-01     2.350814E+04
  9.931092E-01     2.362879E+04
  1.006939E+00     2.374909E+04
  1.020961E+00     2.386905E+04
  1.035178E+00     2.398864E+04
  1.049593E+00     2.410785E+04
  1.064209E+00     2.422667E+04
  1.079029E+00     2.434508E+04
  1.094055E+00     2.446309E+04
  1.109290E+00     2.458068E+04
  1.124737E+00     2.469787E+04
  1.140400E+00     2.481465E+04
  1.156280E+00     2.493103E+04
  1.172382E+00     2.504703E+04
  1.188708E+00     2.516265E+04
  1.205261E+00     2.527791E+04
  1.222045E+00     2.539284E+04
  1.239062E+00     2.550746E+04
  1.256317E+00     2.562179E+04
  1.273811E+00     2.573580E+04
  1.291550E+00     2.584947E+04
  1.309535E+00     2.596279E+04
  1.327771E+00     2.607574E+04
  1.346261E+00     2.618830E+04
  1.365008E+00     2.630046E+04
  1.384016E+00     2.641220E+04
  1.403289E+00     2.652351E+04
  1.422830E+00     2.663438E+04
  1.442644E+00     2.674480E+04
  1.462733E+00     2.685472E+04
  1.483103E+00     2.696412E+04
  1.503755E+00     2.707295E+04
  1.524696E+00     2.718118E+04
  1.545928E+00     2.728877E+04
  1.567455E+00     2.739569E+04
  1.589283E+00     2.750190E+04
  1.611414E+00     2.760736E+04
  1.633854E+00     2.771204E+04
  1.656606E+00     2.781589E+04
  1.679675E+00     2.791890E+04
  1.703065E+00     2.802103E+04
  1.726781E+00     2.812225E+04
  1.750827E+00     2.822253E+04
  1.775208E+00     2.832184E+04
  1.799929E+00     2.842016E+04
  1.824993E+00     2.851747E+04
  1.850407E+00     2.861374E+04
  1.876175E+00     2.870896E+04
  1.902301E+00     2.880309E+04
  1.928792E+00     2.889613E+04
  1.955651E+00     2.898803E+04
  1.982884E+00     2.907879E+04
  2.010496E+00     2.916837E+04
  2.038493E+00     2.925676E+04
  2.066880E+00     2.934394E+04
  2.095662E+00     2.942991E+04
  2.124845E+00     2.951464E+04
  2.154435E+00     2.959814E+04
  2.184436E+00     2.968039E+04
  2.214855E+00     2.976137E+04
  2.245698E+00     2.984108E+04
  2.276970E+00     2.991949E+04
  2.308678E+00     2.999659E+04
  2.340827E+00     3.007238E+04
  2.373424E+00     3.014683E+04
  2.406475E+00     3.021997E+04
  2.439986E+00     3.029177E+04
  2.473964E+00     3.036225E+04
  2.508415E+00     3.043142E+04
  2.543346E+00     3.049926E+04
  2.578763E+00     3.056576E+04
  2.614673E+00     3.063090E+04
  2.651084E+00     3.069467E+04
  2.688001E+00     3.075706E+04
  2.725433E+00     3.081807E+04
  2.763385E+00     3.087769E+04
  2.801867E+00     3.093593E+04
  2.840884E+00     3.099280E+04
  2.880444E+00     3.104829E+04
  2.920556E+00     3.110242E+04
  2.961225E+00     3.115516E+04
  3.002462E+00     3.120651E+04
  3.044272E+00     3.125647E+04
  3.086665E+00     3.130503E+04
  3.129648E+00     3.135220E+04
  3.173230E+00     3.139798E+04
  3.217418E+00     3.144238E+04
  3.262222E+00     3.148543E+04
  3.307650E+00     3.152713E+04
  3.353710E+00     3.156749E+04
  3.400412E+00     3.160648E+04
  3.447764E+00     3.164409E+04
  3.495776E+00     3.168030E+04
  3.544456E+00     3.171510E+04
  3.593814E+00     3.174848E+04
  3.643859E+00     3.178044E+04
  3.694601E+00     3.181097E+04
  3.746050E+00     3.184007E+04
  3.798215E+00     3.186774E+04
  3.851107E+00     3.189398E+04
  3.904735E+00     3.191879E+04
  3.959110E+00     3.194216E+04
  4.014242E+00     3.196409E+04
  4.070142E+00     3.198460E+04
  4.126821E+00     3.200368E+04
  4.184289E+00     3.202135E+04
  4.242556E+00     3.203764E+04
  4.301636E+00     3.205255E+04
  4.361538E+00     3.206612E+04
  4.422274E+00     3.207835E+04
  4.483856E+00     3.208924E+04
  4.546295E+00     3.209877E+04
  4.609604E+00     3.210693E+04
  4.673795E+00     3.211371E+04
  4.738880E+00     3.211912E+04
  4.804870E+00     3.212316E+04
  4.871780E+00     3.212582E+04
  4.939622E+00     3.212711E+04
  5.008408E+00     3.212704E+04
  5.078152E+00     3.212561E+04
  5.148867E+00     3.212283E+04
  5.220568E+00     3.211868E+04
  5.293266E+00     3.211317E+04
  5.366977E+00     3.210630E+04
  5.441714E+00     3.209808E+04
  5.517492E+00     3.208852E+04
  5.594326E+00     3.207763E+04
  5.672229E+00     3.206543E+04
  5.751217E+00     3.205193E+04
  5.831305E+00     3.203716E+04
  5.912508E+00     3.202110E+04
  5.994843E+00     3.200375E+04
  6.078323E+00     3.198510E+04
  6.162966E+00     3.196514E+04
  6.248788E+00     3.194389E+04
  6.335805E+00     3.192133E+04
  6.424034E+00     3.189747E+04
  6.513491E+00     3.187233E+04
  6.604194E+00     3.184590E+04
  6.696160E+00     3.181820E+04
  6.789407E+00     3.178923E+04
  6.883952E+00     3.175898E+04
  6.979814E+00     3.172747E+04
  7.077011E+00     3.169470E+04
  7.175561E+00     3.166068E+04
  7.275484E+00     3.162541E+04
  7.376798E+00     3.158892E+04
  7.479523E+00     3.155123E+04
  7.583678E+00     3.151235E+04
  7.689284E+00     3.147230E+04
  7.796360E+00     3.143109E+04
  7.904928E+00     3.138871E+04
  8.015007E+00     3.134517E+04
  8.126619E+00     3.130048E+04
  8.239786E+00     3.125463E+04
  8.354528E+00     3.120763E+04
  8.470868E+00     3.115950E+04
  8.588829E+00     3.111026E+04
  8.708431E+00     3.105991E+04
  8.829700E+00     3.100847E+04
  8.952657E+00     3.095594E+04
  9.077327E+00     3.090232E+04
  9.203732E+00     3.084761E+04
  9.331898E+00     3.079181E+04
  9.461848E+00     3.073492E+04
  9.593608E+00     3.067694E+04
  9.727203E+00     3.061788E+04
  9.862658E+00     3.055776E+04
  1.000000E+01     3.049657E+04
  1.013925E+01     3.043433E+04
  1.028045E+01     3.037104E+04
  1.042361E+01     3.030672E+04
  1.056876E+01     3.024137E+04
  1.071593E+01     3.017500E+04
  1.086516E+01     3.010762E+04
  1.101646E+01     3.003925E+04
  1.116987E+01     2.996990E+04
  1.132541E+01     2.989960E+04
  1.148312E+01     2.982836E+04
  1.164303E+01     2.975622E+04
  1.180517E+01     2.968316E+04
  1.196956E+01     2.960919E+04
  1.213624E+01     2.953431E+04
  1.230524E+01     2.945851E+04
  1.247660E+01     2.938180E+04
  1.265034E+01     2.930417E+04
  1.282650E+01     2.922562E+04
  1.300511E+01     2.914615E+04
  1.318621E+01     2.906578E+04
  1.336984E+01     2.898449E+04
  1.355602E+01     2.890229E+04
  1.374479E+01     2.881920E+04
  1.393619E+01     2.873521E+04
  1.413026E+01     2.865034E+04
  1.432703E+01     2.856459E+04
  1.452654E+01     2.847798E+04
  1.472883E+01     2.839051E+04
  1.493393E+01     2.830221E+04
  1.514189E+01     2.821308E+04
  1.535275E+01     2.812315E+04
  1.556654E+01     2.803242E+04
  1.578331E+01     2.794089E+04
  1.600310E+01     2.784858E+04
  1.622595E+01     2.775547E+04
  1.645191E+01     2.766158E+04
  1.668101E+01     2.756691E+04
  1.691330E+01     2.747147E+04
  1.714882E+01     2.737526E+04
  1.738762E+01     2.727829E+04
  1.762975E+01     2.718057E+04
  1.787526E+01     2.708211E+04
  1.812418E+01     2.698292E+04
  1.837656E+01     2.688299E+04
  1.863246E+01     2.678234E+04
  1.889193E+01     2.668098E+04
  1.915501E+01     2.657892E+04
  1.942175E+01     2.647617E+04
  1.969220E+01     2.637273E+04
  1.996642E+01     2.626862E+04
  2.024447E+01     2.616386E+04
  2.052638E+01     2.605845E+04
  2.081222E+01     2.595240E+04
  2.110203E+01     2.584571E+04
  2.139589E+01     2.573840E+04
  2.169384E+01     2.563047E+04
  2.199593E+01     2.552193E+04
  2.230223E+01     2.541279E+04
  2.261280E+01     2.530306E+04
  2.292769E+01     2.519274E+04
  2.324697E+01     2.508185E+04
  2.357069E+01     2.497040E+04
  2.389893E+01     2.485839E+04
  2.423173E+01     2.474584E+04
  2.456916E+01     2.463275E+04
  2.491130E+01     2.451914E+04
  2.525820E+01     2.440502E+04
  2.560993E+01     2.429039E+04
  2.596656E+01     2.417526E+04
  2.632815E+01     2.405966E+04
  2.669478E+01     2.394358E+04
  2.706652E+01     2.382705E+04
  2.744343E+01     2.371007E+04
  2.782559E+01     2.359265E+04
  2.821308E+01     2.347482E+04
  2.860596E+01     2.335658E+04
  2.900430E+01     2.323795E+04
  2.940820E+01     2.311895E+04
  2.981772E+01     2.299959E+04
  3.023295E+01     2.287988E+04
  3.065395E+01     2.275983E+04
  3.108082E+01     2.263947E+04
  3.151363E+01     2.251880E+04
  3.195248E+01     2.239783E+04
  3.239743E+01     2.227657E+04
  3.284857E+01     2.215503E+04
  3.330600E+01     2.203321E+04
  3.376980E+01     2.191112E+04
  3.424006E+01     2.178877E+04
  3.471687E+01     2.166616E+04
  3.520031E+01     2.154329E+04
  3.569049E+01     2.142018E+04
  3.618750E+01     2.129684E+04
  3.669142E+01     2.117329E+04
  3.720237E+01     2.104954E+04
  3.772042E+01     2.092563E+04
  3.824570E+01     2.080156E+04
  3.877828E+01     2.067736E+04
  3.931829E+01     2.055304E+04
  3.986581E+01     2.042862E+04
  4.042096E+01     2.030413E+04
  4.098384E+01     2.017958E+04
  4.155455E+01     2.005498E+04
  4.213322E+01     1.993036E+04
  4.271994E+01     1.980571E+04
  4.331483E+01     1.968106E+04
  4.391801E+01     1.955642E+04
  4.452959E+01     1.943180E+04
  4.514968E+01     1.930720E+04
  4.577841E+01     1.918264E+04
  4.641589E+01     1.905812E+04
  4.706225E+01     1.893365E+04
  4.771761E+01     1.880924E+04
  4.838210E+01     1.868492E+04
  4.905584E+01     1.856071E+04
  4.973896E+01     1.843661E+04
  5.043159E+01     1.831264E+04
  5.113388E+01     1.818883E+04
  5.184594E+01     1.806518E+04
  5.256791E+01     1.794170E+04
  5.329994E+01     1.781842E+04
  5.404216E+01     1.769534E+04
  5.479472E+01     1.757247E+04
  5.555776E+01     1.744984E+04
  5.633143E+01     1.732745E+04
  5.711586E+01     1.720533E+04
  5.791123E+01     1.708348E+04
  5.871766E+01     1.696192E+04
  5.953533E+01     1.684066E+04
  6.036439E+01     1.671969E+04
  6.120498E+01     1.659904E+04
  6.205729E+01     1.647871E+04
  6.292146E+01     1.635871E+04
  6.379767E+01     1.623905E+04
  6.468608E+01     1.611976E+04
  6.558686E+01     1.600085E+04
  6.650018E+01     1.588234E+04
  6.742622E+01     1.576424E+04
  6.836516E+01     1.564655E+04
  6.931717E+01     1.552930E+04
  7.028244E+01     1.541248E+04
  7.126115E+01     1.529611E+04
  7.225349E+01     1.518019E+04
  7.325965E+01     1.506474E+04
  7.427982E+01     1.494978E+04
  7.531420E+01     1.483531E+04
  7.636298E+01     1.472136E+04
  7.742637E+01     1.460792E+04
  7.850456E+01     1.449501E+04
  7.959777E+01     1.438264E+04
  8.070620E+01     1.427079E+04
  8.183007E+01     1.415947E+04
  8.296959E+01     1.404870E+04
  8.412497E+01     1.393849E+04
  8.529644E+01     1.382885E+04
  8.648423E+01     1.371979E+04
  8.768856E+01     1.361134E+04
  8.890966E+01     1.350350E+04
  9.014776E+01     1.339628E+04
  9.140311E+01     1.328967E+04
  9.267593E+01     1.318370E+04
  9.396648E+01     1.307835E+04
  9.527500E+01     1.297363E+04
  9.660175E+01     1.286955E+04
  9.794697E+01     1.276614E+04
  9.931092E+01     1.266339E+04
  1.006939E+02     1.256133E+04
  1.020961E+02     1.245994E+04
  1.035178E+02     1.235924E+04
  1.049593E+02     1.225922E+04
  1.064209E+02     1.215988E+04
  1.079029E+02     1.206122E+04
  1.094055E+02     1.196324E+04
  1.109290E+02     1.186594E+04
  1.124737E+02     1.176935E+04
  1.140400E+02     1.167347E+04
  1.156280E+02     1.157830E+04
  1.172382E+02     1.148387E+04
  1.188708E+02     1.139015E+04
  1.205261E+02     1.129716E+04
  1.222045E+02     1.120490E+04
  1.239062E+02     1.111335E+04
  1.256317E+02     1.102251E+04
  1.273811E+02     1.093240E+04
  1.291550E+02     1.084302E+04
  1.309535E+02     1.075439E+04
  1.327771E+02     1.066650E+04
  1.346261E+02     1.057938E+04
  1.365008E+02     1.049301E+04
  1.384016E+02     1.040739E+04
  1.403289E+02     1.032251E+04
  1.422830E+02     1.023838E+04
  1.442644E+02     1.015498E+04
  1.462733E+02     1.007232E+04
  1.483103E+02     9.990418E+03
  1.503755E+02     9.909270E+03
  1.524696E+02     9.828882E+03
  1.545928E+02     9.749257E+03
  1.567455E+02     9.670391E+03
  1.589283E+02     9.592279E+03
  1.611414E+02     9.514913E+03
  1.633854E+02     9.438281E+03
  1.656606E+02     9.362373E+03
  1.679675E+02     9.287197E+03
  1.703065E+02     9.212762E+03
  1.726781E+02     9.139071E+03
  1.750827E+02     9.066127E+03
  1.775208E+02     8.993932E+03
  1.799929E+02     8.922483E+03
  1.824993E+02     8.851774E+03
  1.850407E+02     8.781796E+03
  1.876175E+02     8.712537E+03
  1.902301E+02     8.643987E+03
  1.928792E+02     8.576151E+03
  1.955651E+02     8.509034E+03
  1.982884E+02     8.442643E+03
  2.010496E+02     8.376977E+03
  2.038493E+02     8.312036E+03
  2.066880E+02     8.247817E+03
  2.095662E+02     8.184313E+03
  2.124845E+02     8.121515E+03
  2.154435E+02     8.059409E+03
  2.184436E+02     7.997984E+03
  2.214855E+02     7.937242E+03
  2.245698E+02     7.877188E+03
  2.276970E+02     7.817826E+03
  2.308678E+02     7.759156E+03
  2.340827E+02     7.701176E+03
  2.373424E+02     7.643883E+03
  2.406475E+02     7.587269E+03
  2.439986E+02     7.531325E+03
  2.473964E+02     7.476036E+03
  2.508415E+02     7.421391E+03
  2.543346E+02     7.367388E+03
  2.578763E+02     7.314033E+03
  2.614673E+02     7.261328E+03
  2.651084E+02     7.209274E+03
  2.688001E+02     7.157868E+03
  2.725433E+02     7.107106E+03
  2.763385E+02     7.056981E+03
  2.801867E+02     7.007484E+03
  2.840884E+02     6.958601E+03
  2.880444E+02     6.910319E+03
  2.920556E+02     6.862637E+03
  2.961225E+02     6.815557E+03
  3.002462E+02     6.769083E+03
  3.044272E+02     6.723214E+03
  3.086665E+02     6.677947E+03
  3.129648E+02     6.633280E+03
  3.173230E+02     6.589203E+03
  3.217418E+02     6.545709E+03
  3.262222E+02     6.502785E+03
  3.307650E+02     6.460417E+03
  3.353710E+02     6.418602E+03
  3.400412E+02     6.377344E+03
  3.447764E+02     6.336643E+03
  3.495776E+02     6.296499E+03
  3.544456E+02     6.256911E+03
  3.593814E+02     6.217873E+03
  3.643859E+02     6.179379E+03
  3.694601E+02     6.141420E+03
  3.746050E+02     6.103985E+03
  3.798215E+02     6.067060E+03
  3.851107E+02     6.030640E+03
  3.904735E+02     5.994729E+03
  3.959110E+02     5.959327E+03
  4.014242E+02     5.924435E+03
  4.070142E+02     5.890050E+03
  4.126821E+02     5.856168E+03
  4.184289E+02     5.822783E+03
  4.242556E+02     5.789887E+03
  4.301636E+02     5.757470E+03
  4.361538E+02     5.725519E+03
  4.422274E+02     5.694028E+03
  4.483856E+02     5.663001E+03
  4.546295E+02     5.632437E+03
  4.609604E+02     5.602337E+03
  4.673795E+02     5.572698E+03
  4.738880E+02     5.543516E+03
  4.804870E+02     5.514787E+03
  4.871780E+02     5.486501E+03
  4.939622E+02     5.458651E+03
  5.008408E+02     5.431223E+03
  5.078152E+02     5.404213E+03
  5.148867E+02     5.377621E+03
  5.220568E+02     5.351448E+03
  5.293266E+02     5.325694E+03
  5.366977E+02     5.300355E+03
  5.441714E+02     5.275429E+03
  5.517492E+02     5.250911E+03
  5.594326E+02     5.226792E+03
  5.672229E+02     5.203065E+03
  5.751217E+02     5.179718E+03
  5.831305E+02     5.156744E+03
  5.912508E+02     5.134145E+03
  5.994843E+02     5.111921E+03
  6.078323E+02     5.090072E+03
  6.162966E+02     5.068594E+03
  6.248788E+02     5.047486E+03
  6.335805E+02     5.026741E+03
  6.424034E+02     5.006355E+03
  6.513491E+02     4.986318E+03
  6.604194E+02     4.966622E+03
  6.696160E+02     4.947258E+03
  6.789407E+02     4.928227E+03
  6.883952E+02     4.909526E+03
  6.979814E+02     4.891154E+03
  7.077011E+02     4.873106E+03
  7.175561E+02     4.855378E+03
  7.275484E+02     4.837965E+03
  7.376798E+02     4.820857E+03
  7.479523E+02     4.804045E+03
  7.583678E+02     4.787519E+03
  7.689284E+02     4.771271E+03
  7.796360E+02     4.755305E+03
  7.904928E+02     4.739626E+03
  8.015007E+02     4.724242E+03
  8.126619E+02     4.709155E+03
  8.239786E+02     4.694371E+03
  8.354528E+02     4.679894E+03
  8.470868E+02     4.665726E+03
  8.588829E+02     4.651872E+03
  8.708431E+02     4.638332E+03
  8.829700E+02     4.625102E+03
  8.952657E+02     4.612155E+03
  9.077327E+02     4.599458E+03
  9.203732E+02     4.586974E+03
  9.331898E+02     4.574661E+03
  9.461848E+02     4.562474E+03
  9.593608E+02     4.550365E+03
  9.727203E+02     4.538279E+03
  9.862658E+02     4.526156E+03
  1.000000E+03     4.513932E+03
