FILE CREATED BY  : PROGRAM DPASS - VERSION 2.00
DATABASE VERSION : 21.06
DATE AND TIME    : 09/08/2022 20:04:15
PROJECTILE       : B 
TARGET           : Nd
TARGET AT. MASS  : 1.442400E+02
TARGET DENSITY   : 7.010000E+00 g/cm^3
TABULATED OUTPUT : STOPPING FORCE VERSUS ENERGY
DATA TYPE        : SPLINE INTERPOLATED
ABSCISSA UNITS   : MeV/u
ORDINATE UNITS   : eV/nm


      E/n             S(E/n)

  1.000000E-03     1.171833E+02
  1.013925E-03     1.179785E+02
  1.028045E-03     1.187842E+02
  1.042361E-03     1.196001E+02
  1.056876E-03     1.204255E+02
  1.071593E-03     1.212600E+02
  1.086516E-03     1.221029E+02
  1.101646E-03     1.229538E+02
  1.116987E-03     1.238118E+02
  1.132541E-03     1.246761E+02
  1.148312E-03     1.255461E+02
  1.164303E-03     1.264208E+02
  1.180517E-03     1.273003E+02
  1.196956E-03     1.281847E+02
  1.213624E-03     1.290742E+02
  1.230524E-03     1.299690E+02
  1.247660E-03     1.308695E+02
  1.265034E-03     1.317758E+02
  1.282650E-03     1.326883E+02
  1.300511E-03     1.336072E+02
  1.318621E-03     1.345329E+02
  1.336984E-03     1.354658E+02
  1.355602E-03     1.364060E+02
  1.374479E-03     1.373535E+02
  1.393619E-03     1.383081E+02
  1.413026E-03     1.392700E+02
  1.432703E-03     1.402392E+02
  1.452654E-03     1.412156E+02
  1.472883E-03     1.421991E+02
  1.493393E-03     1.431899E+02
  1.514189E-03     1.441878E+02
  1.535275E-03     1.451929E+02
  1.556654E-03     1.462052E+02
  1.578331E-03     1.472248E+02
  1.600310E-03     1.482517E+02
  1.622595E-03     1.492859E+02
  1.645191E-03     1.503276E+02
  1.668101E-03     1.513769E+02
  1.691330E-03     1.524338E+02
  1.714882E-03     1.534984E+02
  1.738762E-03     1.545708E+02
  1.762975E-03     1.556512E+02
  1.787526E-03     1.567396E+02
  1.812418E-03     1.578361E+02
  1.837656E-03     1.589406E+02
  1.863246E-03     1.600533E+02
  1.889193E-03     1.611742E+02
  1.915501E-03     1.623033E+02
  1.942175E-03     1.634407E+02
  1.969220E-03     1.645864E+02
  1.996642E-03     1.657406E+02
  2.024447E-03     1.669032E+02
  2.052638E-03     1.680744E+02
  2.081222E-03     1.692542E+02
  2.110203E-03     1.704427E+02
  2.139589E-03     1.716400E+02
  2.169384E-03     1.728460E+02
  2.199593E-03     1.740610E+02
  2.230223E-03     1.752849E+02
  2.261280E-03     1.765179E+02
  2.292769E-03     1.777602E+02
  2.324697E-03     1.790117E+02
  2.357069E-03     1.802726E+02
  2.389893E-03     1.815429E+02
  2.423173E-03     1.828228E+02
  2.456916E-03     1.841122E+02
  2.491130E-03     1.854112E+02
  2.525820E-03     1.867198E+02
  2.560993E-03     1.880383E+02
  2.596656E-03     1.893665E+02
  2.632815E-03     1.907047E+02
  2.669478E-03     1.920528E+02
  2.706652E-03     1.934111E+02
  2.744343E-03     1.947795E+02
  2.782559E-03     1.961581E+02
  2.821308E-03     1.975471E+02
  2.860596E-03     1.989463E+02
  2.900430E-03     2.003560E+02
  2.940820E-03     2.017763E+02
  2.981772E-03     2.032072E+02
  3.023295E-03     2.046488E+02
  3.065395E-03     2.061012E+02
  3.108082E-03     2.075647E+02
  3.151363E-03     2.090391E+02
  3.195248E-03     2.105246E+02
  3.239743E-03     2.120213E+02
  3.284857E-03     2.135292E+02
  3.330600E-03     2.150484E+02
  3.376980E-03     2.165789E+02
  3.424006E-03     2.181210E+02
  3.471687E-03     2.196747E+02
  3.520031E-03     2.212401E+02
  3.569049E-03     2.228172E+02
  3.618750E-03     2.244063E+02
  3.669142E-03     2.260073E+02
  3.720237E-03     2.276204E+02
  3.772042E-03     2.292456E+02
  3.824570E-03     2.308830E+02
  3.877828E-03     2.325328E+02
  3.931829E-03     2.341949E+02
  3.986581E-03     2.358696E+02
  4.042096E-03     2.375570E+02
  4.098384E-03     2.392573E+02
  4.155455E-03     2.409703E+02
  4.213322E-03     2.426964E+02
  4.271994E-03     2.444354E+02
  4.331483E-03     2.461876E+02
  4.391801E-03     2.479530E+02
  4.452959E-03     2.497316E+02
  4.514968E-03     2.515236E+02
  4.577841E-03     2.533292E+02
  4.641589E-03     2.551483E+02
  4.706225E-03     2.569812E+02
  4.771761E-03     2.588279E+02
  4.838210E-03     2.606886E+02
  4.905584E-03     2.625632E+02
  4.973896E-03     2.644518E+02
  5.043159E-03     2.663547E+02
  5.113388E-03     2.682718E+02
  5.184594E-03     2.702033E+02
  5.256791E-03     2.721494E+02
  5.329994E-03     2.741101E+02
  5.404216E-03     2.760855E+02
  5.479472E-03     2.780759E+02
  5.555776E-03     2.800812E+02
  5.633143E-03     2.821015E+02
  5.711586E-03     2.841370E+02
  5.791123E-03     2.861876E+02
  5.871766E-03     2.882536E+02
  5.953533E-03     2.903350E+02
  6.036439E-03     2.924320E+02
  6.120498E-03     2.945446E+02
  6.205729E-03     2.966731E+02
  6.292146E-03     2.988175E+02
  6.379767E-03     3.009779E+02
  6.468608E-03     3.031544E+02
  6.558686E-03     3.053470E+02
  6.650018E-03     3.075559E+02
  6.742622E-03     3.097811E+02
  6.836516E-03     3.120228E+02
  6.931717E-03     3.142810E+02
  7.028244E-03     3.165560E+02
  7.126115E-03     3.188479E+02
  7.225349E-03     3.211568E+02
  7.325965E-03     3.234826E+02
  7.427982E-03     3.258256E+02
  7.531420E-03     3.281858E+02
  7.636298E-03     3.305632E+02
  7.742637E-03     3.329580E+02
  7.850456E-03     3.353703E+02
  7.959777E-03     3.378002E+02
  8.070620E-03     3.402478E+02
  8.183007E-03     3.427133E+02
  8.296959E-03     3.451967E+02
  8.412497E-03     3.476982E+02
  8.529644E-03     3.502177E+02
  8.648423E-03     3.527554E+02
  8.768856E-03     3.553114E+02
  8.890966E-03     3.578857E+02
  9.014776E-03     3.604784E+02
  9.140311E-03     3.630898E+02
  9.267593E-03     3.657197E+02
  9.396648E-03     3.683686E+02
  9.527500E-03     3.710363E+02
  9.660175E-03     3.737230E+02
  9.794697E-03     3.764287E+02
  9.931092E-03     3.791534E+02
  1.006939E-02     3.818974E+02
  1.020961E-02     3.846605E+02
  1.035178E-02     3.874430E+02
  1.049593E-02     3.902448E+02
  1.064209E-02     3.930662E+02
  1.079029E-02     3.959073E+02
  1.094055E-02     3.987681E+02
  1.109290E-02     4.016486E+02
  1.124737E-02     4.045489E+02
  1.140400E-02     4.074691E+02
  1.156280E-02     4.104092E+02
  1.172382E-02     4.133692E+02
  1.188708E-02     4.163493E+02
  1.205261E-02     4.193495E+02
  1.222045E-02     4.223699E+02
  1.239062E-02     4.254106E+02
  1.256317E-02     4.284718E+02
  1.273811E-02     4.315533E+02
  1.291550E-02     4.346552E+02
  1.309535E-02     4.377776E+02
  1.327771E-02     4.409204E+02
  1.346261E-02     4.440836E+02
  1.365008E-02     4.472674E+02
  1.384016E-02     4.504718E+02
  1.403289E-02     4.536967E+02
  1.422830E-02     4.569424E+02
  1.442644E-02     4.602088E+02
  1.462733E-02     4.634959E+02
  1.483103E-02     4.668038E+02
  1.503755E-02     4.701323E+02
  1.524696E-02     4.734815E+02
  1.545928E-02     4.768514E+02
  1.567455E-02     4.802419E+02
  1.589283E-02     4.836532E+02
  1.611414E-02     4.870852E+02
  1.633854E-02     4.905380E+02
  1.656606E-02     4.940116E+02
  1.679675E-02     4.975060E+02
  1.703065E-02     5.010210E+02
  1.726781E-02     5.045566E+02
  1.750827E-02     5.081128E+02
  1.775208E-02     5.116894E+02
  1.799929E-02     5.152865E+02
  1.824993E-02     5.189039E+02
  1.850407E-02     5.225418E+02
  1.876175E-02     5.262000E+02
  1.902301E-02     5.298786E+02
  1.928792E-02     5.335774E+02
  1.955651E-02     5.372962E+02
  1.982884E-02     5.410351E+02
  2.010496E-02     5.447937E+02
  2.038493E-02     5.485722E+02
  2.066880E-02     5.523702E+02
  2.095662E-02     5.561878E+02
  2.124845E-02     5.600248E+02
  2.154435E-02     5.638813E+02
  2.184436E-02     5.677570E+02
  2.214855E-02     5.716519E+02
  2.245698E-02     5.755657E+02
  2.276970E-02     5.794983E+02
  2.308678E-02     5.834495E+02
  2.340827E-02     5.874190E+02
  2.373424E-02     5.914067E+02
  2.406475E-02     5.954125E+02
  2.439986E-02     5.994361E+02
  2.473964E-02     6.034776E+02
  2.508415E-02     6.075366E+02
  2.543346E-02     6.116131E+02
  2.578763E-02     6.157066E+02
  2.614673E-02     6.198170E+02
  2.651084E-02     6.239440E+02
  2.688001E-02     6.280873E+02
  2.725433E-02     6.322466E+02
  2.763385E-02     6.364218E+02
  2.801867E-02     6.406127E+02
  2.840884E-02     6.448189E+02
  2.880444E-02     6.490404E+02
  2.920556E-02     6.532767E+02
  2.961225E-02     6.575277E+02
  3.002462E-02     6.617928E+02
  3.044272E-02     6.660718E+02
  3.086665E-02     6.703644E+02
  3.129648E-02     6.746702E+02
  3.173230E-02     6.789890E+02
  3.217418E-02     6.833205E+02
  3.262222E-02     6.876643E+02
  3.307650E-02     6.920204E+02
  3.353710E-02     6.963882E+02
  3.400412E-02     7.007674E+02
  3.447764E-02     7.051575E+02
  3.495776E-02     7.095583E+02
  3.544456E-02     7.139691E+02
  3.593814E-02     7.183898E+02
  3.643859E-02     7.228199E+02
  3.694601E-02     7.272592E+02
  3.746050E-02     7.317072E+02
  3.798215E-02     7.361638E+02
  3.851107E-02     7.406284E+02
  3.904735E-02     7.451004E+02
  3.959110E-02     7.495793E+02
  4.014242E-02     7.540645E+02
  4.070142E-02     7.585554E+02
  4.126821E-02     7.630514E+02
  4.184289E-02     7.675520E+02
  4.242556E-02     7.720566E+02
  4.301636E-02     7.765648E+02
  4.361538E-02     7.810760E+02
  4.422274E-02     7.855896E+02
  4.483856E-02     7.901049E+02
  4.546295E-02     7.946211E+02
  4.609604E-02     7.991376E+02
  4.673795E-02     8.036536E+02
  4.738880E-02     8.081685E+02
  4.804870E-02     8.126815E+02
  4.871780E-02     8.171920E+02
  4.939622E-02     8.216995E+02
  5.008408E-02     8.262032E+02
  5.078152E-02     8.307026E+02
  5.148867E-02     8.351973E+02
  5.220568E-02     8.396867E+02
  5.293266E-02     8.441705E+02
  5.366977E-02     8.486483E+02
  5.441714E-02     8.531198E+02
  5.517492E-02     8.575847E+02
  5.594326E-02     8.620428E+02
  5.672229E-02     8.664941E+02
  5.751217E-02     8.709386E+02
  5.831305E-02     8.753759E+02
  5.912508E-02     8.798057E+02
  5.994843E-02     8.842275E+02
  6.078323E-02     8.886407E+02
  6.162966E-02     8.930452E+02
  6.248788E-02     8.974405E+02
  6.335805E-02     9.018265E+02
  6.424034E-02     9.062029E+02
  6.513491E-02     9.105697E+02
  6.604194E-02     9.149269E+02
  6.696160E-02     9.192743E+02
  6.789407E-02     9.236114E+02
  6.883952E-02     9.279377E+02
  6.979814E-02     9.322526E+02
  7.077011E-02     9.365559E+02
  7.175561E-02     9.408471E+02
  7.275484E-02     9.451259E+02
  7.376798E-02     9.493921E+02
  7.479523E-02     9.536456E+02
  7.583678E-02     9.578863E+02
  7.689284E-02     9.621141E+02
  7.796360E-02     9.663284E+02
  7.904928E-02     9.705285E+02
  8.015007E-02     9.747138E+02
  8.126619E-02     9.788839E+02
  8.239786E-02     9.830383E+02
  8.354528E-02     9.871766E+02
  8.470868E-02     9.912985E+02
  8.588829E-02     9.954036E+02
  8.708431E-02     9.994919E+02
  8.829700E-02     1.003563E+03
  8.952657E-02     1.007616E+03
  9.077327E-02     1.011651E+03
  9.203732E-02     1.015667E+03
  9.331898E-02     1.019663E+03
  9.461848E-02     1.023638E+03
  9.593608E-02     1.027592E+03
  9.727203E-02     1.031525E+03
  9.862658E-02     1.035437E+03
  1.000000E-01     1.039326E+03
  1.013925E-01     1.043192E+03
  1.028045E-01     1.047036E+03
  1.042361E-01     1.050855E+03
  1.056876E-01     1.054650E+03
  1.071593E-01     1.058419E+03
  1.086516E-01     1.062162E+03
  1.101646E-01     1.065879E+03
  1.116987E-01     1.069568E+03
  1.132541E-01     1.073230E+03
  1.148312E-01     1.076863E+03
  1.164303E-01     1.080468E+03
  1.180517E-01     1.084044E+03
  1.196956E-01     1.087591E+03
  1.213624E-01     1.091106E+03
  1.230524E-01     1.094590E+03
  1.247660E-01     1.098042E+03
  1.265034E-01     1.101461E+03
  1.282650E-01     1.104848E+03
  1.300511E-01     1.108200E+03
  1.318621E-01     1.111519E+03
  1.336984E-01     1.114804E+03
  1.355602E-01     1.118054E+03
  1.374479E-01     1.121269E+03
  1.393619E-01     1.124447E+03
  1.413026E-01     1.127589E+03
  1.432703E-01     1.130693E+03
  1.452654E-01     1.133759E+03
  1.472883E-01     1.136787E+03
  1.493393E-01     1.139777E+03
  1.514189E-01     1.142727E+03
  1.535275E-01     1.145639E+03
  1.556654E-01     1.148512E+03
  1.578331E-01     1.151344E+03
  1.600310E-01     1.154137E+03
  1.622595E-01     1.156887E+03
  1.645191E-01     1.159597E+03
  1.668101E-01     1.162265E+03
  1.691330E-01     1.164890E+03
  1.714882E-01     1.167474E+03
  1.738762E-01     1.170016E+03
  1.762975E-01     1.172515E+03
  1.787526E-01     1.174973E+03
  1.812418E-01     1.177388E+03
  1.837656E-01     1.179760E+03
  1.863246E-01     1.182088E+03
  1.889193E-01     1.184372E+03
  1.915501E-01     1.186613E+03
  1.942175E-01     1.188810E+03
  1.969220E-01     1.190963E+03
  1.996642E-01     1.193072E+03
  2.024447E-01     1.195138E+03
  2.052638E-01     1.197161E+03
  2.081222E-01     1.199140E+03
  2.110203E-01     1.201075E+03
  2.139589E-01     1.202966E+03
  2.169384E-01     1.204813E+03
  2.199593E-01     1.206615E+03
  2.230223E-01     1.208373E+03
  2.261280E-01     1.210087E+03
  2.292769E-01     1.211757E+03
  2.324697E-01     1.213383E+03
  2.357069E-01     1.214967E+03
  2.389893E-01     1.216507E+03
  2.423173E-01     1.218004E+03
  2.456916E-01     1.219457E+03
  2.491130E-01     1.220865E+03
  2.525820E-01     1.222230E+03
  2.560993E-01     1.223551E+03
  2.596656E-01     1.224828E+03
  2.632815E-01     1.226063E+03
  2.669478E-01     1.227254E+03
  2.706652E-01     1.228404E+03
  2.744343E-01     1.229511E+03
  2.782559E-01     1.230575E+03
  2.821308E-01     1.231596E+03
  2.860596E-01     1.232573E+03
  2.900430E-01     1.233508E+03
  2.940820E-01     1.234400E+03
  2.981772E-01     1.235249E+03
  3.023295E-01     1.236056E+03
  3.065395E-01     1.236821E+03
  3.108082E-01     1.237544E+03
  3.151363E-01     1.238225E+03
  3.195248E-01     1.238865E+03
  3.239743E-01     1.239462E+03
  3.284857E-01     1.240017E+03
  3.330600E-01     1.240530E+03
  3.376980E-01     1.241000E+03
  3.424006E-01     1.241428E+03
  3.471687E-01     1.241814E+03
  3.520031E-01     1.242159E+03
  3.569049E-01     1.242463E+03
  3.618750E-01     1.242725E+03
  3.669142E-01     1.242946E+03
  3.720237E-01     1.243125E+03
  3.772042E-01     1.243261E+03
  3.824570E-01     1.243356E+03
  3.877828E-01     1.243409E+03
  3.931829E-01     1.243420E+03
  3.986581E-01     1.243388E+03
  4.042096E-01     1.243316E+03
  4.098384E-01     1.243202E+03
  4.155455E-01     1.243047E+03
  4.213322E-01     1.242850E+03
  4.271994E-01     1.242610E+03
  4.331483E-01     1.242327E+03
  4.391801E-01     1.242002E+03
  4.452959E-01     1.241633E+03
  4.514968E-01     1.241220E+03
  4.577841E-01     1.240764E+03
  4.641589E-01     1.240264E+03
  4.706225E-01     1.239720E+03
  4.771761E-01     1.239132E+03
  4.838210E-01     1.238499E+03
  4.905584E-01     1.237820E+03
  4.973896E-01     1.237095E+03
  5.043159E-01     1.236322E+03
  5.113388E-01     1.235502E+03
  5.184594E-01     1.234634E+03
  5.256791E-01     1.233716E+03
  5.329994E-01     1.232750E+03
  5.404216E-01     1.231733E+03
  5.479472E-01     1.230667E+03
  5.555776E-01     1.229549E+03
  5.633143E-01     1.228380E+03
  5.711586E-01     1.227159E+03
  5.791123E-01     1.225885E+03
  5.871766E-01     1.224559E+03
  5.953533E-01     1.223180E+03
  6.036439E-01     1.221746E+03
  6.120498E-01     1.220260E+03
  6.205729E-01     1.218719E+03
  6.292146E-01     1.217125E+03
  6.379767E-01     1.215476E+03
  6.468608E-01     1.213773E+03
  6.558686E-01     1.212016E+03
  6.650018E-01     1.210206E+03
  6.742622E-01     1.208341E+03
  6.836516E-01     1.206424E+03
  6.931717E-01     1.204453E+03
  7.028244E-01     1.202431E+03
  7.126115E-01     1.200357E+03
  7.225349E-01     1.198231E+03
  7.325965E-01     1.196055E+03
  7.427982E-01     1.193827E+03
  7.531420E-01     1.191548E+03
  7.636298E-01     1.189218E+03
  7.742637E-01     1.186838E+03
  7.850456E-01     1.184408E+03
  7.959777E-01     1.181928E+03
  8.070620E-01     1.179399E+03
  8.183007E-01     1.176822E+03
  8.296959E-01     1.174197E+03
  8.412497E-01     1.171523E+03
  8.529644E-01     1.168800E+03
  8.648423E-01     1.166026E+03
  8.768856E-01     1.163202E+03
  8.890966E-01     1.160326E+03
  9.014776E-01     1.157399E+03
  9.140311E-01     1.154419E+03
  9.267593E-01     1.151386E+03
  9.396648E-01     1.148299E+03
  9.527500E-01     1.145159E+03
  9.660175E-01     1.141964E+03
  9.794697E-01     1.138715E+03
  9.931092E-01     1.135412E+03
  1.006939E+00     1.132053E+03
  1.020961E+00     1.128641E+03
  1.035178E+00     1.125174E+03
  1.049593E+00     1.121652E+03
  1.064209E+00     1.118077E+03
  1.079029E+00     1.114447E+03
  1.094055E+00     1.110764E+03
  1.109290E+00     1.107028E+03
  1.124737E+00     1.103239E+03
  1.140400E+00     1.099398E+03
  1.156280E+00     1.095506E+03
  1.172382E+00     1.091563E+03
  1.188708E+00     1.087571E+03
  1.205261E+00     1.083531E+03
  1.222045E+00     1.079443E+03
  1.239062E+00     1.075310E+03
  1.256317E+00     1.071132E+03
  1.273811E+00     1.066910E+03
  1.291550E+00     1.062644E+03
  1.309535E+00     1.058336E+03
  1.327771E+00     1.053984E+03
  1.346261E+00     1.049592E+03
  1.365008E+00     1.045158E+03
  1.384016E+00     1.040685E+03
  1.403289E+00     1.036173E+03
  1.422830E+00     1.031623E+03
  1.442644E+00     1.027037E+03
  1.462733E+00     1.022415E+03
  1.483103E+00     1.017758E+03
  1.503755E+00     1.013066E+03
  1.524696E+00     1.008340E+03
  1.545928E+00     1.003582E+03
  1.567455E+00     9.987913E+02
  1.589283E+00     9.939699E+02
  1.611414E+00     9.891186E+02
  1.633854E+00     9.842385E+02
  1.656606E+00     9.793308E+02
  1.679675E+00     9.743961E+02
  1.703065E+00     9.694353E+02
  1.726781E+00     9.644491E+02
  1.750827E+00     9.594384E+02
  1.775208E+00     9.544039E+02
  1.799929E+00     9.493468E+02
  1.824993E+00     9.442678E+02
  1.850407E+00     9.391681E+02
  1.876175E+00     9.340486E+02
  1.902301E+00     9.289105E+02
  1.928792E+00     9.237544E+02
  1.955651E+00     9.185812E+02
  1.982884E+00     9.133917E+02
  2.010496E+00     9.081867E+02
  2.038493E+00     9.029669E+02
  2.066880E+00     8.977333E+02
  2.095662E+00     8.924866E+02
  2.124845E+00     8.872278E+02
  2.154435E+00     8.819578E+02
  2.184436E+00     8.766774E+02
  2.214855E+00     8.713874E+02
  2.245698E+00     8.660887E+02
  2.276970E+00     8.607820E+02
  2.308678E+00     8.554681E+02
  2.340827E+00     8.501478E+02
  2.373424E+00     8.448219E+02
  2.406475E+00     8.394911E+02
  2.439986E+00     8.341562E+02
  2.473964E+00     8.288180E+02
  2.508415E+00     8.234772E+02
  2.543346E+00     8.181346E+02
  2.578763E+00     8.127909E+02
  2.614673E+00     8.074469E+02
  2.651084E+00     8.021033E+02
  2.688001E+00     7.967609E+02
  2.725433E+00     7.914202E+02
  2.763385E+00     7.860820E+02
  2.801867E+00     7.807468E+02
  2.840884E+00     7.754152E+02
  2.880444E+00     7.700877E+02
  2.920556E+00     7.647651E+02
  2.961225E+00     7.594481E+02
  3.002462E+00     7.541375E+02
  3.044272E+00     7.488341E+02
  3.086665E+00     7.435384E+02
  3.129648E+00     7.382513E+02
  3.173230E+00     7.329731E+02
  3.217418E+00     7.277045E+02
  3.262222E+00     7.224460E+02
  3.307650E+00     7.171979E+02
  3.353710E+00     7.119609E+02
  3.400412E+00     7.067356E+02
  3.447764E+00     7.015227E+02
  3.495776E+00     6.963227E+02
  3.544456E+00     6.911362E+02
  3.593814E+00     6.859636E+02
  3.643859E+00     6.808052E+02
  3.694601E+00     6.756614E+02
  3.746050E+00     6.705322E+02
  3.798215E+00     6.654179E+02
  3.851107E+00     6.603189E+02
  3.904735E+00     6.552359E+02
  3.959110E+00     6.501695E+02
  4.014242E+00     6.451205E+02
  4.070142E+00     6.400892E+02
  4.126821E+00     6.350763E+02
  4.184289E+00     6.300820E+02
  4.242556E+00     6.251067E+02
  4.301636E+00     6.201506E+02
  4.361538E+00     6.152136E+02
  4.422274E+00     6.102964E+02
  4.483856E+00     6.053993E+02
  4.546295E+00     6.005231E+02
  4.609604E+00     5.956682E+02
  4.673795E+00     5.908350E+02
  4.738880E+00     5.860238E+02
  4.804870E+00     5.812348E+02
  4.871780E+00     5.764681E+02
  4.939622E+00     5.717237E+02
  5.008408E+00     5.670015E+02
  5.078152E+00     5.623017E+02
  5.148867E+00     5.576248E+02
  5.220568E+00     5.529713E+02
  5.293266E+00     5.483418E+02
  5.366977E+00     5.437366E+02
  5.441714E+00     5.391560E+02
  5.517492E+00     5.346002E+02
  5.594326E+00     5.300692E+02
  5.672229E+00     5.255629E+02
  5.751217E+00     5.210812E+02
  5.831305E+00     5.166241E+02
  5.912508E+00     5.121921E+02
  5.994843E+00     5.077856E+02
  6.078323E+00     5.034051E+02
  6.162966E+00     4.990508E+02
  6.248788E+00     4.947229E+02
  6.335805E+00     4.904214E+02
  6.424034E+00     4.861462E+02
  6.513491E+00     4.818972E+02
  6.604194E+00     4.776740E+02
  6.696160E+00     4.734765E+02
  6.789407E+00     4.693051E+02
  6.883952E+00     4.651603E+02
  6.979814E+00     4.610423E+02
  7.077011E+00     4.569515E+02
  7.175561E+00     4.528880E+02
  7.275484E+00     4.488518E+02
  7.376798E+00     4.448428E+02
  7.479523E+00     4.408608E+02
  7.583678E+00     4.369053E+02
  7.689284E+00     4.329763E+02
  7.796360E+00     4.290739E+02
  7.904928E+00     4.251986E+02
  8.015007E+00     4.213507E+02
  8.126619E+00     4.175304E+02
  8.239786E+00     4.137376E+02
  8.354528E+00     4.099724E+02
  8.470868E+00     4.062346E+02
  8.588829E+00     4.025238E+02
  8.708431E+00     3.988396E+02
  8.829700E+00     3.951817E+02
  8.952657E+00     3.915503E+02
  9.077327E+00     3.879457E+02
  9.203732E+00     3.843681E+02
  9.331898E+00     3.808177E+02
  9.461848E+00     3.772944E+02
  9.593608E+00     3.737983E+02
  9.727203E+00     3.703290E+02
  9.862658E+00     3.668862E+02
  1.000000E+01     3.634694E+02
  1.013925E+01     3.600781E+02
  1.028045E+01     3.567125E+02
  1.042361E+01     3.533730E+02
  1.056876E+01     3.500597E+02
  1.071593E+01     3.467728E+02
  1.086516E+01     3.435122E+02
  1.101646E+01     3.402780E+02
  1.116987E+01     3.370699E+02
  1.132541E+01     3.338875E+02
  1.148312E+01     3.307304E+02
  1.164303E+01     3.275981E+02
  1.180517E+01     3.244908E+02
  1.196956E+01     3.214086E+02
  1.213624E+01     3.183518E+02
  1.230524E+01     3.153204E+02
  1.247660E+01     3.123145E+02
  1.265034E+01     3.093339E+02
  1.282650E+01     3.063784E+02
  1.300511E+01     3.034476E+02
  1.318621E+01     3.005411E+02
  1.336984E+01     2.976584E+02
  1.355602E+01     2.947994E+02
  1.374479E+01     2.919643E+02
  1.393619E+01     2.891534E+02
  1.413026E+01     2.863667E+02
  1.432703E+01     2.836041E+02
  1.452654E+01     2.808655E+02
  1.472883E+01     2.781507E+02
  1.493393E+01     2.754593E+02
  1.514189E+01     2.727909E+02
  1.535275E+01     2.701447E+02
  1.556654E+01     2.675209E+02
  1.578331E+01     2.649196E+02
  1.600310E+01     2.623410E+02
  1.622595E+01     2.597852E+02
  1.645191E+01     2.572521E+02
  1.668101E+01     2.547418E+02
  1.691330E+01     2.522539E+02
  1.714882E+01     2.497881E+02
  1.738762E+01     2.473441E+02
  1.762975E+01     2.449213E+02
  1.787526E+01     2.425197E+02
  1.812418E+01     2.401394E+02
  1.837656E+01     2.377806E+02
  1.863246E+01     2.354433E+02
  1.889193E+01     2.331274E+02
  1.915501E+01     2.308330E+02
  1.942175E+01     2.285597E+02
  1.969220E+01     2.263073E+02
  1.996642E+01     2.240753E+02
  2.024447E+01     2.218633E+02
  2.052638E+01     2.196710E+02
  2.081222E+01     2.174987E+02
  2.110203E+01     2.153464E+02
  2.139589E+01     2.132142E+02
  2.169384E+01     2.111020E+02
  2.199593E+01     2.090097E+02
  2.230223E+01     2.069372E+02
  2.261280E+01     2.048841E+02
  2.292769E+01     2.028501E+02
  2.324697E+01     2.008346E+02
  2.357069E+01     1.988374E+02
  2.389893E+01     1.968587E+02
  2.423173E+01     1.948985E+02
  2.456916E+01     1.929570E+02
  2.491130E+01     1.910340E+02
  2.525820E+01     1.891295E+02
  2.560993E+01     1.872434E+02
  2.596656E+01     1.853752E+02
  2.632815E+01     1.835247E+02
  2.669478E+01     1.816915E+02
  2.706652E+01     1.798752E+02
  2.744343E+01     1.780759E+02
  2.782559E+01     1.762939E+02
  2.821308E+01     1.745291E+02
  2.860596E+01     1.727815E+02
  2.900430E+01     1.710510E+02
  2.940820E+01     1.693375E+02
  2.981772E+01     1.676407E+02
  3.023295E+01     1.659603E+02
  3.065395E+01     1.642959E+02
  3.108082E+01     1.626472E+02
  3.151363E+01     1.610143E+02
  3.195248E+01     1.593973E+02
  3.239743E+01     1.577962E+02
  3.284857E+01     1.562110E+02
  3.330600E+01     1.546417E+02
  3.376980E+01     1.530881E+02
  3.424006E+01     1.515499E+02
  3.471687E+01     1.500269E+02
  3.520031E+01     1.485187E+02
  3.569049E+01     1.470249E+02
  3.618750E+01     1.455458E+02
  3.669142E+01     1.440813E+02
  3.720237E+01     1.426315E+02
  3.772042E+01     1.411963E+02
  3.824570E+01     1.397758E+02
  3.877828E+01     1.383697E+02
  3.931829E+01     1.369779E+02
  3.986581E+01     1.356000E+02
  4.042096E+01     1.342358E+02
  4.098384E+01     1.328850E+02
  4.155455E+01     1.315476E+02
  4.213322E+01     1.302236E+02
  4.271994E+01     1.289131E+02
  4.331483E+01     1.276162E+02
  4.391801E+01     1.263327E+02
  4.452959E+01     1.250626E+02
  4.514968E+01     1.238057E+02
  4.577841E+01     1.225616E+02
  4.641589E+01     1.213302E+02
  4.706225E+01     1.201112E+02
  4.771761E+01     1.189044E+02
  4.838210E+01     1.177101E+02
  4.905584E+01     1.165282E+02
  4.973896E+01     1.153588E+02
  5.043159E+01     1.142016E+02
  5.113388E+01     1.130566E+02
  5.184594E+01     1.119237E+02
  5.256791E+01     1.108025E+02
  5.329994E+01     1.096928E+02
  5.404216E+01     1.085943E+02
  5.479472E+01     1.075069E+02
  5.555776E+01     1.064307E+02
  5.633143E+01     1.053659E+02
  5.711586E+01     1.043123E+02
  5.791123E+01     1.032700E+02
  5.871766E+01     1.022388E+02
  5.953533E+01     1.012188E+02
  6.036439E+01     1.002096E+02
  6.120498E+01     9.921103E+01
  6.205729E+01     9.822288E+01
  6.292146E+01     9.724510E+01
  6.379767E+01     9.627774E+01
  6.468608E+01     9.532083E+01
  6.558686E+01     9.437433E+01
  6.650018E+01     9.343821E+01
  6.742622E+01     9.251235E+01
  6.836516E+01     9.159661E+01
  6.931717E+01     9.069079E+01
  7.028244E+01     8.979464E+01
  7.126115E+01     8.890789E+01
  7.225349E+01     8.803048E+01
  7.325965E+01     8.716245E+01
  7.427982E+01     8.630384E+01
  7.531420E+01     8.545465E+01
  7.636298E+01     8.461484E+01
  7.742637E+01     8.378433E+01
  7.850456E+01     8.296300E+01
  7.959777E+01     8.215070E+01
  8.070620E+01     8.134721E+01
  8.183007E+01     8.055230E+01
  8.296959E+01     7.976588E+01
  8.412497E+01     7.898803E+01
  8.529644E+01     7.821875E+01
  8.648423E+01     7.745806E+01
  8.768856E+01     7.670592E+01
  8.890966E+01     7.596227E+01
  9.014776E+01     7.522700E+01
  9.140311E+01     7.449997E+01
  9.267593E+01     7.378100E+01
  9.396648E+01     7.306987E+01
  9.527500E+01     7.236649E+01
  9.660175E+01     7.167090E+01
  9.794697E+01     7.098313E+01
  9.931092E+01     7.030318E+01
  1.006939E+02     6.963102E+01
  1.020961E+02     6.896658E+01
  1.035178E+02     6.830978E+01
  1.049593E+02     6.766047E+01
  1.064209E+02     6.701850E+01
  1.079029E+02     6.638366E+01
  1.094055E+02     6.575585E+01
  1.109290E+02     6.513510E+01
  1.124737E+02     6.452143E+01
  1.140400E+02     6.391484E+01
  1.156280E+02     6.331531E+01
  1.172382E+02     6.272278E+01
  1.188708E+02     6.213716E+01
  1.205261E+02     6.155833E+01
  1.222045E+02     6.098614E+01
  1.239062E+02     6.042041E+01
  1.256317E+02     5.986102E+01
  1.273811E+02     5.930801E+01
  1.291550E+02     5.876139E+01
  1.309535E+02     5.822117E+01
  1.327771E+02     5.768734E+01
  1.346261E+02     5.715984E+01
  1.365008E+02     5.663860E+01
  1.384016E+02     5.612353E+01
  1.403289E+02     5.561449E+01
  1.422830E+02     5.511132E+01
  1.442644E+02     5.461391E+01
  1.462733E+02     5.412228E+01
  1.483103E+02     5.363645E+01
  1.503755E+02     5.315642E+01
  1.524696E+02     5.268218E+01
  1.545928E+02     5.221367E+01
  1.567455E+02     5.175084E+01
  1.589283E+02     5.129360E+01
  1.611414E+02     5.084182E+01
  1.633854E+02     5.039535E+01
  1.656606E+02     4.995408E+01
  1.679675E+02     4.951803E+01
  1.703065E+02     4.908721E+01
  1.726781E+02     4.866163E+01
  1.750827E+02     4.824128E+01
  1.775208E+02     4.782610E+01
  1.799929E+02     4.741606E+01
  1.824993E+02     4.701108E+01
  1.850407E+02     4.661103E+01
  1.876175E+02     4.621581E+01
  1.902301E+02     4.582529E+01
  1.928792E+02     4.543948E+01
  1.955651E+02     4.505839E+01
  1.982884E+02     4.468204E+01
  2.010496E+02     4.431041E+01
  2.038493E+02     4.394347E+01
  2.066880E+02     4.358117E+01
  2.095662E+02     4.322344E+01
  2.124845E+02     4.287018E+01
  2.154435E+02     4.252128E+01
  2.184436E+02     4.217664E+01
  2.214855E+02     4.183625E+01
  2.245698E+02     4.150012E+01
  2.276970E+02     4.116827E+01
  2.308678E+02     4.084067E+01
  2.340827E+02     4.051732E+01
  2.373424E+02     4.019815E+01
  2.406475E+02     3.988312E+01
  2.439986E+02     3.957214E+01
  2.473964E+02     3.926511E+01
  2.508415E+02     3.896192E+01
  2.543346E+02     3.866257E+01
  2.578763E+02     3.836708E+01
  2.614673E+02     3.807544E+01
  2.651084E+02     3.778765E+01
  2.688001E+02     3.750369E+01
  2.725433E+02     3.722351E+01
  2.763385E+02     3.694707E+01
  2.801867E+02     3.667429E+01
  2.840884E+02     3.640508E+01
  2.880444E+02     3.613935E+01
  2.920556E+02     3.587707E+01
  2.961225E+02     3.561828E+01
  3.002462E+02     3.536296E+01
  3.044272E+02     3.511111E+01
  3.086665E+02     3.486272E+01
  3.129648E+02     3.461774E+01
  3.173230E+02     3.437614E+01
  3.217418E+02     3.413785E+01
  3.262222E+02     3.390279E+01
  3.307650E+02     3.367087E+01
  3.353710E+02     3.344208E+01
  3.400412E+02     3.321642E+01
  3.447764E+02     3.299389E+01
  3.495776E+02     3.277451E+01
  3.544456E+02     3.255824E+01
  3.593814E+02     3.234507E+01
  3.643859E+02     3.213494E+01
  3.694601E+02     3.192782E+01
  3.746050E+02     3.172362E+01
  3.798215E+02     3.152227E+01
  3.851107E+02     3.132374E+01
  3.904735E+02     3.112804E+01
  3.959110E+02     3.093519E+01
  4.014242E+02     3.074516E+01
  4.070142E+02     3.055796E+01
  4.126821E+02     3.037355E+01
  4.184289E+02     3.019189E+01
  4.242556E+02     3.001294E+01
  4.301636E+02     2.983664E+01
  4.361538E+02     2.966291E+01
  4.422274E+02     2.949172E+01
  4.483856E+02     2.932308E+01
  4.546295E+02     2.915699E+01
  4.609604E+02     2.899346E+01
  4.673795E+02     2.883246E+01
  4.738880E+02     2.867399E+01
  4.804870E+02     2.851800E+01
  4.871780E+02     2.836445E+01
  4.939622E+02     2.821329E+01
  5.008408E+02     2.806445E+01
  5.078152E+02     2.791790E+01
  5.148867E+02     2.777365E+01
  5.220568E+02     2.763169E+01
  5.293266E+02     2.749203E+01
  5.366977E+02     2.735466E+01
  5.441714E+02     2.721954E+01
  5.517492E+02     2.708666E+01
  5.594326E+02     2.695597E+01
  5.672229E+02     2.682742E+01
  5.751217E+02     2.670096E+01
  5.831305E+02     2.657655E+01
  5.912508E+02     2.645418E+01
  5.994843E+02     2.633388E+01
  6.078323E+02     2.621563E+01
  6.162966E+02     2.609941E+01
  6.248788E+02     2.598523E+01
  6.335805E+02     2.587305E+01
  6.424034E+02     2.576283E+01
  6.513491E+02     2.565454E+01
  6.604194E+02     2.554812E+01
  6.696160E+02     2.544354E+01
  6.789407E+02     2.534079E+01
  6.883952E+02     2.523986E+01
  6.979814E+02     2.514074E+01
  7.077011E+02     2.504342E+01
  7.175561E+02     2.494786E+01
  7.275484E+02     2.485404E+01
  7.376798E+02     2.476191E+01
  7.479523E+02     2.467142E+01
  7.583678E+02     2.458251E+01
  7.689284E+02     2.449514E+01
  7.796360E+02     2.440934E+01
  7.904928E+02     2.432512E+01
  8.015007E+02     2.424252E+01
  8.126619E+02     2.416157E+01
  8.239786E+02     2.408228E+01
  8.354528E+02     2.400467E+01
  8.470868E+02     2.392876E+01
  8.588829E+02     2.385456E+01
  8.708431E+02     2.378208E+01
  8.829700E+02     2.371129E+01
  8.952657E+02     2.364204E+01
  9.077327E+02     2.357415E+01
  9.203732E+02     2.350742E+01
  9.331898E+02     2.344163E+01
  9.461848E+02     2.337654E+01
  9.593608E+02     2.331188E+01
  9.727203E+02     2.324735E+01
  9.862658E+02     2.318264E+01
  1.000000E+03     2.311740E+01
