FILE CREATED BY  : PROGRAM DPASS - VERSION 2.00
DATABASE VERSION : 21.06
DATE AND TIME    : 09/08/2022 23:36:40
PROJECTILE       : Pm
TARGET           : Al
TARGET AT. MASS  : 2.698154E+01
TARGET DENSITY   : 2.702000E+00 g/cm^3
TABULATED OUTPUT : STOPPING FORCE VERSUS ENERGY
DATA TYPE        : SPLINE INTERPOLATED
ABSCISSA UNITS   : MeV/u
ORDINATE UNITS   : eV/nm


      E/n             S(E/n)

  1.000000E-03     5.374824E+02
  1.013925E-03     5.411475E+02
  1.028045E-03     5.448611E+02
  1.042361E-03     5.486210E+02
  1.056876E-03     5.524250E+02
  1.071593E-03     5.562706E+02
  1.086516E-03     5.601550E+02
  1.101646E-03     5.640752E+02
  1.116987E-03     5.680278E+02
  1.132541E-03     5.720092E+02
  1.148312E-03     5.760156E+02
  1.164303E-03     5.800434E+02
  1.180517E-03     5.840921E+02
  1.196956E-03     5.881629E+02
  1.213624E-03     5.922564E+02
  1.230524E-03     5.963739E+02
  1.247660E-03     6.005165E+02
  1.265034E-03     6.046854E+02
  1.282650E-03     6.088821E+02
  1.300511E-03     6.131081E+02
  1.318621E-03     6.173651E+02
  1.336984E-03     6.216546E+02
  1.355602E-03     6.259771E+02
  1.374479E-03     6.303326E+02
  1.393619E-03     6.347210E+02
  1.413026E-03     6.391421E+02
  1.432703E-03     6.435958E+02
  1.452654E-03     6.480820E+02
  1.472883E-03     6.526006E+02
  1.493393E-03     6.571515E+02
  1.514189E-03     6.617344E+02
  1.535275E-03     6.663493E+02
  1.556654E-03     6.709963E+02
  1.578331E-03     6.756757E+02
  1.600310E-03     6.803877E+02
  1.622595E-03     6.851326E+02
  1.645191E-03     6.899109E+02
  1.668101E-03     6.947228E+02
  1.691330E-03     6.995689E+02
  1.714882E-03     7.044497E+02
  1.738762E-03     7.093656E+02
  1.762975E-03     7.143172E+02
  1.787526E-03     7.193047E+02
  1.812418E-03     7.243284E+02
  1.837656E-03     7.293884E+02
  1.863246E-03     7.344848E+02
  1.889193E-03     7.396177E+02
  1.915501E-03     7.447875E+02
  1.942175E-03     7.499941E+02
  1.969220E-03     7.552380E+02
  1.996642E-03     7.605194E+02
  2.024447E-03     7.658384E+02
  2.052638E-03     7.711955E+02
  2.081222E-03     7.765908E+02
  2.110203E-03     7.820246E+02
  2.139589E-03     7.874972E+02
  2.169384E-03     7.930088E+02
  2.199593E-03     7.985600E+02
  2.230223E-03     8.041510E+02
  2.261280E-03     8.097823E+02
  2.292769E-03     8.154543E+02
  2.324697E-03     8.211677E+02
  2.357069E-03     8.269226E+02
  2.389893E-03     8.327195E+02
  2.423173E-03     8.385585E+02
  2.456916E-03     8.444398E+02
  2.491130E-03     8.503638E+02
  2.525820E-03     8.563308E+02
  2.560993E-03     8.623412E+02
  2.596656E-03     8.683952E+02
  2.632815E-03     8.744934E+02
  2.669478E-03     8.806362E+02
  2.706652E-03     8.868239E+02
  2.744343E-03     8.930569E+02
  2.782559E-03     8.993353E+02
  2.821308E-03     9.056595E+02
  2.860596E-03     9.120297E+02
  2.900430E-03     9.184463E+02
  2.940820E-03     9.249097E+02
  2.981772E-03     9.314203E+02
  3.023295E-03     9.379786E+02
  3.065395E-03     9.445849E+02
  3.108082E-03     9.512398E+02
  3.151363E-03     9.579436E+02
  3.195248E-03     9.646966E+02
  3.239743E-03     9.714991E+02
  3.284857E-03     9.783516E+02
  3.330600E-03     9.852544E+02
  3.376980E-03     9.922080E+02
  3.424006E-03     9.992129E+02
  3.471687E-03     1.006270E+03
  3.520031E-03     1.013379E+03
  3.569049E-03     1.020541E+03
  3.618750E-03     1.027757E+03
  3.669142E-03     1.035026E+03
  3.720237E-03     1.042349E+03
  3.772042E-03     1.049727E+03
  3.824570E-03     1.057159E+03
  3.877828E-03     1.064647E+03
  3.931829E-03     1.072190E+03
  3.986581E-03     1.079790E+03
  4.042096E-03     1.087446E+03
  4.098384E-03     1.095160E+03
  4.155455E-03     1.102932E+03
  4.213322E-03     1.110761E+03
  4.271994E-03     1.118650E+03
  4.331483E-03     1.126597E+03
  4.391801E-03     1.134604E+03
  4.452959E-03     1.142672E+03
  4.514968E-03     1.150799E+03
  4.577841E-03     1.158989E+03
  4.641589E-03     1.167240E+03
  4.706225E-03     1.175553E+03
  4.771761E-03     1.183930E+03
  4.838210E-03     1.192371E+03
  4.905584E-03     1.200875E+03
  4.973896E-03     1.209445E+03
  5.043159E-03     1.218079E+03
  5.113388E-03     1.226779E+03
  5.184594E-03     1.235545E+03
  5.256791E-03     1.244378E+03
  5.329994E-03     1.253279E+03
  5.404216E-03     1.262249E+03
  5.479472E-03     1.271287E+03
  5.555776E-03     1.280395E+03
  5.633143E-03     1.289573E+03
  5.711586E-03     1.298822E+03
  5.791123E-03     1.308141E+03
  5.871766E-03     1.317532E+03
  5.953533E-03     1.326995E+03
  6.036439E-03     1.336531E+03
  6.120498E-03     1.346141E+03
  6.205729E-03     1.355825E+03
  6.292146E-03     1.365584E+03
  6.379767E-03     1.375418E+03
  6.468608E-03     1.385329E+03
  6.558686E-03     1.395316E+03
  6.650018E-03     1.405380E+03
  6.742622E-03     1.415522E+03
  6.836516E-03     1.425743E+03
  6.931717E-03     1.436044E+03
  7.028244E-03     1.446425E+03
  7.126115E-03     1.456888E+03
  7.225349E-03     1.467432E+03
  7.325965E-03     1.478060E+03
  7.427982E-03     1.488770E+03
  7.531420E-03     1.499565E+03
  7.636298E-03     1.510445E+03
  7.742637E-03     1.521411E+03
  7.850456E-03     1.532463E+03
  7.959777E-03     1.543602E+03
  8.070620E-03     1.554831E+03
  8.183007E-03     1.566148E+03
  8.296959E-03     1.577557E+03
  8.412497E-03     1.589056E+03
  8.529644E-03     1.600647E+03
  8.648423E-03     1.612331E+03
  8.768856E-03     1.624107E+03
  8.890966E-03     1.635977E+03
  9.014776E-03     1.647942E+03
  9.140311E-03     1.660003E+03
  9.267593E-03     1.672159E+03
  9.396648E-03     1.684414E+03
  9.527500E-03     1.696766E+03
  9.660175E-03     1.709218E+03
  9.794697E-03     1.721769E+03
  9.931092E-03     1.734421E+03
  1.006939E-02     1.747175E+03
  1.020961E-02     1.760031E+03
  1.035178E-02     1.772990E+03
  1.049593E-02     1.786054E+03
  1.064209E-02     1.799224E+03
  1.079029E-02     1.812501E+03
  1.094055E-02     1.825886E+03
  1.109290E-02     1.839380E+03
  1.124737E-02     1.852984E+03
  1.140400E-02     1.866699E+03
  1.156280E-02     1.880525E+03
  1.172382E-02     1.894463E+03
  1.188708E-02     1.908515E+03
  1.205261E-02     1.922682E+03
  1.222045E-02     1.936965E+03
  1.239062E-02     1.951366E+03
  1.256317E-02     1.965885E+03
  1.273811E-02     1.980523E+03
  1.291550E-02     1.995282E+03
  1.309535E-02     2.010161E+03
  1.327771E-02     2.025163E+03
  1.346261E-02     2.040288E+03
  1.365008E-02     2.055537E+03
  1.384016E-02     2.070912E+03
  1.403289E-02     2.086413E+03
  1.422830E-02     2.102043E+03
  1.442644E-02     2.117802E+03
  1.462733E-02     2.133691E+03
  1.483103E-02     2.149712E+03
  1.503755E-02     2.165866E+03
  1.524696E-02     2.182152E+03
  1.545928E-02     2.198574E+03
  1.567455E-02     2.215132E+03
  1.589283E-02     2.231827E+03
  1.611414E-02     2.248662E+03
  1.633854E-02     2.265637E+03
  1.656606E-02     2.282754E+03
  1.679675E-02     2.300014E+03
  1.703065E-02     2.317418E+03
  1.726781E-02     2.334967E+03
  1.750827E-02     2.352662E+03
  1.775208E-02     2.370504E+03
  1.799929E-02     2.388495E+03
  1.824993E-02     2.406635E+03
  1.850407E-02     2.424926E+03
  1.876175E-02     2.443370E+03
  1.902301E-02     2.461968E+03
  1.928792E-02     2.480721E+03
  1.955651E-02     2.499630E+03
  1.982884E-02     2.518697E+03
  2.010496E-02     2.537922E+03
  2.038493E-02     2.557307E+03
  2.066880E-02     2.576854E+03
  2.095662E-02     2.596563E+03
  2.124845E-02     2.616437E+03
  2.154435E-02     2.636477E+03
  2.184436E-02     2.656685E+03
  2.214855E-02     2.677061E+03
  2.245698E-02     2.697608E+03
  2.276970E-02     2.718327E+03
  2.308678E-02     2.739218E+03
  2.340827E-02     2.760282E+03
  2.373424E-02     2.781522E+03
  2.406475E-02     2.802939E+03
  2.439986E-02     2.824534E+03
  2.473964E-02     2.846308E+03
  2.508415E-02     2.868265E+03
  2.543346E-02     2.890404E+03
  2.578763E-02     2.912727E+03
  2.614673E-02     2.935236E+03
  2.651084E-02     2.957931E+03
  2.688001E-02     2.980814E+03
  2.725433E-02     3.003886E+03
  2.763385E-02     3.027149E+03
  2.801867E-02     3.050605E+03
  2.840884E-02     3.074255E+03
  2.880444E-02     3.098101E+03
  2.920556E-02     3.122144E+03
  2.961225E-02     3.146386E+03
  3.002462E-02     3.170827E+03
  3.044272E-02     3.195468E+03
  3.086665E-02     3.220311E+03
  3.129648E-02     3.245358E+03
  3.173230E-02     3.270609E+03
  3.217418E-02     3.296065E+03
  3.262222E-02     3.321729E+03
  3.307650E-02     3.347602E+03
  3.353710E-02     3.373684E+03
  3.400412E-02     3.399978E+03
  3.447764E-02     3.426484E+03
  3.495776E-02     3.453203E+03
  3.544456E-02     3.480136E+03
  3.593814E-02     3.507284E+03
  3.643859E-02     3.534648E+03
  3.694601E-02     3.562231E+03
  3.746050E-02     3.590032E+03
  3.798215E-02     3.618055E+03
  3.851107E-02     3.646299E+03
  3.904735E-02     3.674767E+03
  3.959110E-02     3.703460E+03
  4.014242E-02     3.732379E+03
  4.070142E-02     3.761527E+03
  4.126821E-02     3.790904E+03
  4.184289E-02     3.820512E+03
  4.242556E-02     3.850355E+03
  4.301636E-02     3.880433E+03
  4.361538E-02     3.910750E+03
  4.422274E-02     3.941307E+03
  4.483856E-02     3.972104E+03
  4.546295E-02     4.003144E+03
  4.609604E-02     4.034426E+03
  4.673795E-02     4.065953E+03
  4.738880E-02     4.097725E+03
  4.804870E-02     4.129744E+03
  4.871780E-02     4.162011E+03
  4.939622E-02     4.194528E+03
  5.008408E-02     4.227297E+03
  5.078152E-02     4.260318E+03
  5.148867E-02     4.293591E+03
  5.220568E-02     4.327115E+03
  5.293266E-02     4.360891E+03
  5.366977E-02     4.394918E+03
  5.441714E-02     4.429196E+03
  5.517492E-02     4.463723E+03
  5.594326E-02     4.498500E+03
  5.672229E-02     4.533526E+03
  5.751217E-02     4.568800E+03
  5.831305E-02     4.604322E+03
  5.912508E-02     4.640090E+03
  5.994843E-02     4.676103E+03
  6.078323E-02     4.712359E+03
  6.162966E-02     4.748857E+03
  6.248788E-02     4.785594E+03
  6.335805E-02     4.822569E+03
  6.424034E-02     4.859781E+03
  6.513491E-02     4.897226E+03
  6.604194E-02     4.934904E+03
  6.696160E-02     4.972813E+03
  6.789407E-02     5.010949E+03
  6.883952E-02     5.049313E+03
  6.979814E-02     5.087900E+03
  7.077011E-02     5.126711E+03
  7.175561E-02     5.165741E+03
  7.275484E-02     5.204990E+03
  7.376798E-02     5.244456E+03
  7.479523E-02     5.284136E+03
  7.583678E-02     5.324028E+03
  7.689284E-02     5.364131E+03
  7.796360E-02     5.404446E+03
  7.904928E-02     5.444972E+03
  8.015007E-02     5.485711E+03
  8.126619E-02     5.526663E+03
  8.239786E-02     5.567831E+03
  8.354528E-02     5.609216E+03
  8.470868E-02     5.650821E+03
  8.588829E-02     5.692647E+03
  8.708431E-02     5.734698E+03
  8.829700E-02     5.776978E+03
  8.952657E-02     5.819489E+03
  9.077327E-02     5.862235E+03
  9.203732E-02     5.905222E+03
  9.331898E-02     5.948453E+03
  9.461848E-02     5.991934E+03
  9.593608E-02     6.035672E+03
  9.727203E-02     6.079673E+03
  9.862658E-02     6.123944E+03
  1.000000E-01     6.168495E+03
  1.013925E-01     6.213333E+03
  1.028045E-01     6.258459E+03
  1.042361E-01     6.303875E+03
  1.056876E-01     6.349582E+03
  1.071593E-01     6.395580E+03
  1.086516E-01     6.441871E+03
  1.101646E-01     6.488457E+03
  1.116987E-01     6.535339E+03
  1.132541E-01     6.582519E+03
  1.148312E-01     6.630000E+03
  1.164303E-01     6.677783E+03
  1.180517E-01     6.725868E+03
  1.196956E-01     6.774252E+03
  1.213624E-01     6.822932E+03
  1.230524E-01     6.871905E+03
  1.247660E-01     6.921169E+03
  1.265034E-01     6.970721E+03
  1.282650E-01     7.020558E+03
  1.300511E-01     7.070676E+03
  1.318621E-01     7.121073E+03
  1.336984E-01     7.171746E+03
  1.355602E-01     7.222693E+03
  1.374479E-01     7.273911E+03
  1.393619E-01     7.325400E+03
  1.413026E-01     7.377156E+03
  1.432703E-01     7.429180E+03
  1.452654E-01     7.481469E+03
  1.472883E-01     7.534021E+03
  1.493393E-01     7.586837E+03
  1.514189E-01     7.639915E+03
  1.535275E-01     7.693254E+03
  1.556654E-01     7.746855E+03
  1.578331E-01     7.800716E+03
  1.600310E-01     7.854838E+03
  1.622595E-01     7.909221E+03
  1.645191E-01     7.963866E+03
  1.668101E-01     8.018774E+03
  1.691330E-01     8.073947E+03
  1.714882E-01     8.129386E+03
  1.738762E-01     8.185094E+03
  1.762975E-01     8.241075E+03
  1.787526E-01     8.297329E+03
  1.812418E-01     8.353858E+03
  1.837656E-01     8.410663E+03
  1.863246E-01     8.467747E+03
  1.889193E-01     8.525110E+03
  1.915501E-01     8.582757E+03
  1.942175E-01     8.640691E+03
  1.969220E-01     8.698916E+03
  1.996642E-01     8.757436E+03
  2.024447E-01     8.816258E+03
  2.052638E-01     8.875383E+03
  2.081222E-01     8.934813E+03
  2.110203E-01     8.994549E+03
  2.139589E-01     9.054592E+03
  2.169384E-01     9.114945E+03
  2.199593E-01     9.175609E+03
  2.230223E-01     9.236588E+03
  2.261280E-01     9.297885E+03
  2.292769E-01     9.359505E+03
  2.324697E-01     9.421451E+03
  2.357069E-01     9.483729E+03
  2.389893E-01     9.546341E+03
  2.423173E-01     9.609292E+03
  2.456916E-01     9.672586E+03
  2.491130E-01     9.736228E+03
  2.525820E-01     9.800225E+03
  2.560993E-01     9.864583E+03
  2.596656E-01     9.929310E+03
  2.632815E-01     9.994415E+03
  2.669478E-01     1.005991E+04
  2.706652E-01     1.012579E+04
  2.744343E-01     1.019206E+04
  2.782559E-01     1.025871E+04
  2.821308E-01     1.032575E+04
  2.860596E-01     1.039316E+04
  2.900430E-01     1.046094E+04
  2.940820E-01     1.052909E+04
  2.981772E-01     1.059760E+04
  3.023295E-01     1.066647E+04
  3.065395E-01     1.073570E+04
  3.108082E-01     1.080527E+04
  3.151363E-01     1.087518E+04
  3.195248E-01     1.094541E+04
  3.239743E-01     1.101597E+04
  3.284857E-01     1.108684E+04
  3.330600E-01     1.115801E+04
  3.376980E-01     1.122946E+04
  3.424006E-01     1.130119E+04
  3.471687E-01     1.137319E+04
  3.520031E-01     1.144544E+04
  3.569049E-01     1.151793E+04
  3.618750E-01     1.159066E+04
  3.669142E-01     1.166361E+04
  3.720237E-01     1.173677E+04
  3.772042E-01     1.181013E+04
  3.824570E-01     1.188369E+04
  3.877828E-01     1.195744E+04
  3.931829E-01     1.203136E+04
  3.986581E-01     1.210544E+04
  4.042096E-01     1.217969E+04
  4.098384E-01     1.225408E+04
  4.155455E-01     1.232861E+04
  4.213322E-01     1.240327E+04
  4.271994E-01     1.247805E+04
  4.331483E-01     1.255295E+04
  4.391801E-01     1.262795E+04
  4.452959E-01     1.270305E+04
  4.514968E-01     1.277824E+04
  4.577841E-01     1.285351E+04
  4.641589E-01     1.292886E+04
  4.706225E-01     1.300428E+04
  4.771761E-01     1.307977E+04
  4.838210E-01     1.315531E+04
  4.905584E-01     1.323090E+04
  4.973896E-01     1.330654E+04
  5.043159E-01     1.338221E+04
  5.113388E-01     1.345792E+04
  5.184594E-01     1.353366E+04
  5.256791E-01     1.360943E+04
  5.329994E-01     1.368522E+04
  5.404216E-01     1.376103E+04
  5.479472E-01     1.383686E+04
  5.555776E-01     1.391268E+04
  5.633143E-01     1.398850E+04
  5.711586E-01     1.406429E+04
  5.791123E-01     1.414006E+04
  5.871766E-01     1.421578E+04
  5.953533E-01     1.429146E+04
  6.036439E-01     1.436707E+04
  6.120498E-01     1.444261E+04
  6.205729E-01     1.451808E+04
  6.292146E-01     1.459346E+04
  6.379767E-01     1.466876E+04
  6.468608E-01     1.474395E+04
  6.558686E-01     1.481903E+04
  6.650018E-01     1.489401E+04
  6.742622E-01     1.496887E+04
  6.836516E-01     1.504361E+04
  6.931717E-01     1.511823E+04
  7.028244E-01     1.519273E+04
  7.126115E-01     1.526711E+04
  7.225349E-01     1.534136E+04
  7.325965E-01     1.541547E+04
  7.427982E-01     1.548943E+04
  7.531420E-01     1.556322E+04
  7.636298E-01     1.563685E+04
  7.742637E-01     1.571029E+04
  7.850456E-01     1.578354E+04
  7.959777E-01     1.585660E+04
  8.070620E-01     1.592945E+04
  8.183007E-01     1.600210E+04
  8.296959E-01     1.607452E+04
  8.412497E-01     1.614671E+04
  8.529644E-01     1.621866E+04
  8.648423E-01     1.629035E+04
  8.768856E-01     1.636177E+04
  8.890966E-01     1.643291E+04
  9.014776E-01     1.650376E+04
  9.140311E-01     1.657431E+04
  9.267593E-01     1.664455E+04
  9.396648E-01     1.671447E+04
  9.527500E-01     1.678407E+04
  9.660175E-01     1.685333E+04
  9.794697E-01     1.692223E+04
  9.931092E-01     1.699075E+04
  1.006939E+00     1.705889E+04
  1.020961E+00     1.712662E+04
  1.035178E+00     1.719394E+04
  1.049593E+00     1.726083E+04
  1.064209E+00     1.732728E+04
  1.079029E+00     1.739328E+04
  1.094055E+00     1.745883E+04
  1.109290E+00     1.752389E+04
  1.124737E+00     1.758846E+04
  1.140400E+00     1.765251E+04
  1.156280E+00     1.771605E+04
  1.172382E+00     1.777904E+04
  1.188708E+00     1.784148E+04
  1.205261E+00     1.790336E+04
  1.222045E+00     1.796466E+04
  1.239062E+00     1.802538E+04
  1.256317E+00     1.808550E+04
  1.273811E+00     1.814502E+04
  1.291550E+00     1.820391E+04
  1.309535E+00     1.826215E+04
  1.327771E+00     1.831974E+04
  1.346261E+00     1.837666E+04
  1.365008E+00     1.843291E+04
  1.384016E+00     1.848846E+04
  1.403289E+00     1.854332E+04
  1.422830E+00     1.859748E+04
  1.442644E+00     1.865093E+04
  1.462733E+00     1.870365E+04
  1.483103E+00     1.875564E+04
  1.503755E+00     1.880687E+04
  1.524696E+00     1.885736E+04
  1.545928E+00     1.890707E+04
  1.567455E+00     1.895601E+04
  1.589283E+00     1.900418E+04
  1.611414E+00     1.905157E+04
  1.633854E+00     1.909818E+04
  1.656606E+00     1.914401E+04
  1.679675E+00     1.918905E+04
  1.703065E+00     1.923329E+04
  1.726781E+00     1.927671E+04
  1.750827E+00     1.931933E+04
  1.775208E+00     1.936112E+04
  1.799929E+00     1.940208E+04
  1.824993E+00     1.944222E+04
  1.850407E+00     1.948153E+04
  1.876175E+00     1.952003E+04
  1.902301E+00     1.955771E+04
  1.928792E+00     1.959456E+04
  1.955651E+00     1.963058E+04
  1.982884E+00     1.966577E+04
  2.010496E+00     1.970012E+04
  2.038493E+00     1.973362E+04
  2.066880E+00     1.976629E+04
  2.095662E+00     1.979812E+04
  2.124845E+00     1.982911E+04
  2.154435E+00     1.985928E+04
  2.184436E+00     1.988864E+04
  2.214855E+00     1.991718E+04
  2.245698E+00     1.994489E+04
  2.276970E+00     1.997178E+04
  2.308678E+00     1.999784E+04
  2.340827E+00     2.002306E+04
  2.373424E+00     2.004746E+04
  2.406475E+00     2.007104E+04
  2.439986E+00     2.009380E+04
  2.473964E+00     2.011575E+04
  2.508415E+00     2.013691E+04
  2.543346E+00     2.015728E+04
  2.578763E+00     2.017684E+04
  2.614673E+00     2.019560E+04
  2.651084E+00     2.021356E+04
  2.688001E+00     2.023072E+04
  2.725433E+00     2.024707E+04
  2.763385E+00     2.026264E+04
  2.801867E+00     2.027742E+04
  2.840884E+00     2.029142E+04
  2.880444E+00     2.030466E+04
  2.920556E+00     2.031715E+04
  2.961225E+00     2.032886E+04
  3.002462E+00     2.033981E+04
  3.044272E+00     2.034999E+04
  3.086665E+00     2.035941E+04
  3.129648E+00     2.036807E+04
  3.173230E+00     2.037596E+04
  3.217418E+00     2.038311E+04
  3.262222E+00     2.038953E+04
  3.307650E+00     2.039521E+04
  3.353710E+00     2.040017E+04
  3.400412E+00     2.040440E+04
  3.447764E+00     2.040791E+04
  3.495776E+00     2.041067E+04
  3.544456E+00     2.041271E+04
  3.593814E+00     2.041402E+04
  3.643859E+00     2.041460E+04
  3.694601E+00     2.041447E+04
  3.746050E+00     2.041362E+04
  3.798215E+00     2.041207E+04
  3.851107E+00     2.040982E+04
  3.904735E+00     2.040687E+04
  3.959110E+00     2.040321E+04
  4.014242E+00     2.039884E+04
  4.070142E+00     2.039376E+04
  4.126821E+00     2.038798E+04
  4.184289E+00     2.038149E+04
  4.242556E+00     2.037431E+04
  4.301636E+00     2.036643E+04
  4.361538E+00     2.035787E+04
  4.422274E+00     2.034862E+04
  4.483856E+00     2.033869E+04
  4.546295E+00     2.032807E+04
  4.609604E+00     2.031676E+04
  4.673795E+00     2.030476E+04
  4.738880E+00     2.029206E+04
  4.804870E+00     2.027868E+04
  4.871780E+00     2.026461E+04
  4.939622E+00     2.024986E+04
  5.008408E+00     2.023444E+04
  5.078152E+00     2.021835E+04
  5.148867E+00     2.020158E+04
  5.220568E+00     2.018413E+04
  5.293266E+00     2.016600E+04
  5.366977E+00     2.014719E+04
  5.441714E+00     2.012770E+04
  5.517492E+00     2.010753E+04
  5.594326E+00     2.008668E+04
  5.672229E+00     2.006517E+04
  5.751217E+00     2.004298E+04
  5.831305E+00     2.002013E+04
  5.912508E+00     1.999661E+04
  5.994843E+00     1.997241E+04
  6.078323E+00     1.994755E+04
  6.162966E+00     1.992201E+04
  6.248788E+00     1.989579E+04
  6.335805E+00     1.986889E+04
  6.424034E+00     1.984132E+04
  6.513491E+00     1.981308E+04
  6.604194E+00     1.978418E+04
  6.696160E+00     1.975460E+04
  6.789407E+00     1.972436E+04
  6.883952E+00     1.969345E+04
  6.979814E+00     1.966186E+04
  7.077011E+00     1.962960E+04
  7.175561E+00     1.959667E+04
  7.275484E+00     1.956306E+04
  7.376798E+00     1.952879E+04
  7.479523E+00     1.949384E+04
  7.583678E+00     1.945824E+04
  7.689284E+00     1.942197E+04
  7.796360E+00     1.938504E+04
  7.904928E+00     1.934745E+04
  8.015007E+00     1.930918E+04
  8.126619E+00     1.927026E+04
  8.239786E+00     1.923066E+04
  8.354528E+00     1.919039E+04
  8.470868E+00     1.914946E+04
  8.588829E+00     1.910787E+04
  8.708431E+00     1.906561E+04
  8.829700E+00     1.902270E+04
  8.952657E+00     1.897913E+04
  9.077327E+00     1.893489E+04
  9.203732E+00     1.889000E+04
  9.331898E+00     1.884444E+04
  9.461848E+00     1.879823E+04
  9.593608E+00     1.875135E+04
  9.727203E+00     1.870382E+04
  9.862658E+00     1.865563E+04
  1.000000E+01     1.860680E+04
  1.013925E+01     1.855732E+04
  1.028045E+01     1.850719E+04
  1.042361E+01     1.845642E+04
  1.056876E+01     1.840501E+04
  1.071593E+01     1.835295E+04
  1.086516E+01     1.830026E+04
  1.101646E+01     1.824693E+04
  1.116987E+01     1.819297E+04
  1.132541E+01     1.813838E+04
  1.148312E+01     1.808317E+04
  1.164303E+01     1.802735E+04
  1.180517E+01     1.797091E+04
  1.196956E+01     1.791386E+04
  1.213624E+01     1.785619E+04
  1.230524E+01     1.779791E+04
  1.247660E+01     1.773902E+04
  1.265034E+01     1.767952E+04
  1.282650E+01     1.761941E+04
  1.300511E+01     1.755870E+04
  1.318621E+01     1.749738E+04
  1.336984E+01     1.743547E+04
  1.355602E+01     1.737296E+04
  1.374479E+01     1.730986E+04
  1.393619E+01     1.724618E+04
  1.413026E+01     1.718191E+04
  1.432703E+01     1.711708E+04
  1.452654E+01     1.705167E+04
  1.472883E+01     1.698571E+04
  1.493393E+01     1.691920E+04
  1.514189E+01     1.685215E+04
  1.535275E+01     1.678458E+04
  1.556654E+01     1.671647E+04
  1.578331E+01     1.664785E+04
  1.600310E+01     1.657871E+04
  1.622595E+01     1.650906E+04
  1.645191E+01     1.643891E+04
  1.668101E+01     1.636825E+04
  1.691330E+01     1.629709E+04
  1.714882E+01     1.622545E+04
  1.738762E+01     1.615332E+04
  1.762975E+01     1.608071E+04
  1.787526E+01     1.600763E+04
  1.812418E+01     1.593409E+04
  1.837656E+01     1.586009E+04
  1.863246E+01     1.578564E+04
  1.889193E+01     1.571074E+04
  1.915501E+01     1.563541E+04
  1.942175E+01     1.555966E+04
  1.969220E+01     1.548349E+04
  1.996642E+01     1.540691E+04
  2.024447E+01     1.532993E+04
  2.052638E+01     1.525256E+04
  2.081222E+01     1.517481E+04
  2.110203E+01     1.509668E+04
  2.139589E+01     1.501819E+04
  2.169384E+01     1.493934E+04
  2.199593E+01     1.486014E+04
  2.230223E+01     1.478059E+04
  2.261280E+01     1.470072E+04
  2.292769E+01     1.462052E+04
  2.324697E+01     1.454000E+04
  2.357069E+01     1.445918E+04
  2.389893E+01     1.437807E+04
  2.423173E+01     1.429666E+04
  2.456916E+01     1.421498E+04
  2.491130E+01     1.413304E+04
  2.525820E+01     1.405083E+04
  2.560993E+01     1.396837E+04
  2.596656E+01     1.388568E+04
  2.632815E+01     1.380275E+04
  2.669478E+01     1.371961E+04
  2.706652E+01     1.363626E+04
  2.744343E+01     1.355271E+04
  2.782559E+01     1.346897E+04
  2.821308E+01     1.338505E+04
  2.860596E+01     1.330097E+04
  2.900430E+01     1.321674E+04
  2.940820E+01     1.313235E+04
  2.981772E+01     1.304784E+04
  3.023295E+01     1.296320E+04
  3.065395E+01     1.287845E+04
  3.108082E+01     1.279359E+04
  3.151363E+01     1.270864E+04
  3.195248E+01     1.262361E+04
  3.239743E+01     1.253851E+04
  3.284857E+01     1.245335E+04
  3.330600E+01     1.236815E+04
  3.376980E+01     1.228290E+04
  3.424006E+01     1.219762E+04
  3.471687E+01     1.211232E+04
  3.520031E+01     1.202701E+04
  3.569049E+01     1.194169E+04
  3.618750E+01     1.185639E+04
  3.669142E+01     1.177110E+04
  3.720237E+01     1.168585E+04
  3.772042E+01     1.160065E+04
  3.824570E+01     1.151551E+04
  3.877828E+01     1.143043E+04
  3.931829E+01     1.134544E+04
  3.986581E+01     1.126053E+04
  4.042096E+01     1.117573E+04
  4.098384E+01     1.109103E+04
  4.155455E+01     1.100646E+04
  4.213322E+01     1.092201E+04
  4.271994E+01     1.083771E+04
  4.331483E+01     1.075357E+04
  4.391801E+01     1.066959E+04
  4.452959E+01     1.058578E+04
  4.514968E+01     1.050216E+04
  4.577841E+01     1.041872E+04
  4.641589E+01     1.033547E+04
  4.706225E+01     1.025243E+04
  4.771761E+01     1.016959E+04
  4.838210E+01     1.008698E+04
  4.905584E+01     1.000461E+04
  4.973896E+01     9.922484E+03
  5.043159E+01     9.840622E+03
  5.113388E+01     9.759031E+03
  5.184594E+01     9.677721E+03
  5.256791E+01     9.596699E+03
  5.329994E+01     9.515973E+03
  5.404216E+01     9.435548E+03
  5.479472E+01     9.355435E+03
  5.555776E+01     9.275646E+03
  5.633143E+01     9.196190E+03
  5.711586E+01     9.117077E+03
  5.791123E+01     9.038314E+03
  5.871766E+01     8.959908E+03
  5.953533E+01     8.881864E+03
  6.036439E+01     8.804184E+03
  6.120498E+01     8.726871E+03
  6.205729E+01     8.649924E+03
  6.292146E+01     8.573354E+03
  6.379767E+01     8.497172E+03
  6.468608E+01     8.421390E+03
  6.558686E+01     8.346018E+03
  6.650018E+01     8.271065E+03
  6.742622E+01     8.196538E+03
  6.836516E+01     8.122444E+03
  6.931717E+01     8.048787E+03
  7.028244E+01     7.975570E+03
  7.126115E+01     7.902793E+03
  7.225349E+01     7.830464E+03
  7.325965E+01     7.758592E+03
  7.427982E+01     7.687185E+03
  7.531420E+01     7.616250E+03
  7.636298E+01     7.545790E+03
  7.742637E+01     7.475810E+03
  7.850456E+01     7.406310E+03
  7.959777E+01     7.337290E+03
  8.070620E+01     7.268745E+03
  8.183007E+01     7.200672E+03
  8.296959E+01     7.133073E+03
  8.412497E+01     7.065960E+03
  8.529644E+01     6.999342E+03
  8.648423E+01     6.933226E+03
  8.768856E+01     6.867620E+03
  8.890966E+01     6.802529E+03
  9.014776E+01     6.737954E+03
  9.140311E+01     6.673897E+03
  9.267593E+01     6.610358E+03
  9.396648E+01     6.547334E+03
  9.527500E+01     6.484826E+03
  9.660175E+01     6.422843E+03
  9.794697E+01     6.361392E+03
  9.931092E+01     6.300477E+03
  1.006939E+02     6.240103E+03
  1.020961E+02     6.180269E+03
  1.035178E+02     6.120976E+03
  1.049593E+02     6.062220E+03
  1.064209E+02     6.003997E+03
  1.079029E+02     5.946298E+03
  1.094055E+02     5.889122E+03
  1.109290E+02     5.832476E+03
  1.124737E+02     5.776366E+03
  1.140400E+02     5.720795E+03
  1.156280E+02     5.665767E+03
  1.172382E+02     5.611281E+03
  1.188708E+02     5.557336E+03
  1.205261E+02     5.503928E+03
  1.222045E+02     5.451051E+03
  1.239062E+02     5.398696E+03
  1.256317E+02     5.346860E+03
  1.273811E+02     5.295549E+03
  1.291550E+02     5.244767E+03
  1.309535E+02     5.194519E+03
  1.327771E+02     5.144805E+03
  1.346261E+02     5.095626E+03
  1.365008E+02     5.046980E+03
  1.384016E+02     4.998863E+03
  1.403289E+02     4.951268E+03
  1.422830E+02     4.904186E+03
  1.442644E+02     4.857612E+03
  1.462733E+02     4.811549E+03
  1.483103E+02     4.766001E+03
  1.503755E+02     4.720968E+03
  1.524696E+02     4.676452E+03
  1.545928E+02     4.632449E+03
  1.567455E+02     4.588956E+03
  1.589283E+02     4.545966E+03
  1.611414E+02     4.503471E+03
  1.633854E+02     4.461459E+03
  1.656606E+02     4.419923E+03
  1.679675E+02     4.378865E+03
  1.703065E+02     4.338288E+03
  1.726781E+02     4.298195E+03
  1.750827E+02     4.258585E+03
  1.775208E+02     4.219458E+03
  1.799929E+02     4.180810E+03
  1.824993E+02     4.142637E+03
  1.850407E+02     4.104930E+03
  1.876175E+02     4.067681E+03
  1.902301E+02     4.030882E+03
  1.928792E+02     3.994532E+03
  1.955651E+02     3.958636E+03
  1.982884E+02     3.923194E+03
  2.010496E+02     3.888204E+03
  2.038493E+02     3.853664E+03
  2.066880E+02     3.819571E+03
  2.095662E+02     3.785918E+03
  2.124845E+02     3.752698E+03
  2.154435E+02     3.719898E+03
  2.184436E+02     3.687511E+03
  2.214855E+02     3.655537E+03
  2.245698E+02     3.623976E+03
  2.276970E+02     3.592830E+03
  2.308678E+02     3.562097E+03
  2.340827E+02     3.531776E+03
  2.373424E+02     3.501863E+03
  2.406475E+02     3.472351E+03
  2.439986E+02     3.443234E+03
  2.473964E+02     3.414502E+03
  2.508415E+02     3.386144E+03
  2.543346E+02     3.358162E+03
  2.578763E+02     3.330555E+03
  2.614673E+02     3.303325E+03
  2.651084E+02     3.276470E+03
  2.688001E+02     3.249989E+03
  2.725433E+02     3.223877E+03
  2.763385E+02     3.198130E+03
  2.801867E+02     3.172741E+03
  2.840884E+02     3.147700E+03
  2.880444E+02     3.123000E+03
  2.920556E+02     3.098637E+03
  2.961225E+02     3.074613E+03
  3.002462E+02     3.050929E+03
  3.044272E+02     3.027583E+03
  3.086665E+02     3.004573E+03
  3.129648E+02     2.981896E+03
  3.173230E+02     2.959546E+03
  3.217418E+02     2.937518E+03
  3.262222E+02     2.915803E+03
  3.307650E+02     2.894392E+03
  3.353710E+02     2.873283E+03
  3.400412E+02     2.852477E+03
  3.447764E+02     2.831974E+03
  3.495776E+02     2.811773E+03
  3.544456E+02     2.791872E+03
  3.593814E+02     2.772268E+03
  3.643859E+02     2.752957E+03
  3.694601E+02     2.733933E+03
  3.746050E+02     2.715189E+03
  3.798215E+02     2.696716E+03
  3.851107E+02     2.678513E+03
  3.904735E+02     2.660579E+03
  3.959110E+02     2.642915E+03
  4.014242E+02     2.625520E+03
  4.070142E+02     2.608393E+03
  4.126821E+02     2.591530E+03
  4.184289E+02     2.574928E+03
  4.242556E+02     2.558582E+03
  4.301636E+02     2.542486E+03
  4.361538E+02     2.526632E+03
  4.422274E+02     2.511018E+03
  4.483856E+02     2.495643E+03
  4.546295E+02     2.480508E+03
  4.609604E+02     2.465613E+03
  4.673795E+02     2.450956E+03
  4.738880E+02     2.436534E+03
  4.804870E+02     2.422344E+03
  4.871780E+02     2.408383E+03
  4.939622E+02     2.394643E+03
  5.008408E+02     2.381120E+03
  5.078152E+02     2.367810E+03
  5.148867E+02     2.354712E+03
  5.220568E+02     2.341828E+03
  5.293266E+02     2.329156E+03
  5.366977E+02     2.316695E+03
  5.441714E+02     2.304443E+03
  5.517492E+02     2.292398E+03
  5.594326E+02     2.280554E+03
  5.672229E+02     2.268908E+03
  5.751217E+02     2.257454E+03
  5.831305E+02     2.246188E+03
  5.912508E+02     2.235110E+03
  5.994843E+02     2.224220E+03
  6.078323E+02     2.213519E+03
  6.162966E+02     2.203004E+03
  6.248788E+02     2.192675E+03
  6.335805E+02     2.182529E+03
  6.424034E+02     2.172561E+03
  6.513491E+02     2.162770E+03
  6.604194E+02     2.153148E+03
  6.696160E+02     2.143693E+03
  6.789407E+02     2.134405E+03
  6.883952E+02     2.125283E+03
  6.979814E+02     2.116327E+03
  7.077011E+02     2.107535E+03
  7.175561E+02     2.098905E+03
  7.275484E+02     2.090435E+03
  7.376798E+02     2.082120E+03
  7.479523E+02     2.073958E+03
  7.583678E+02     2.065943E+03
  7.689284E+02     2.058072E+03
  7.796360E+02     2.050347E+03
  7.904928E+02     2.042770E+03
  8.015007E+02     2.035344E+03
  8.126619E+02     2.028071E+03
  8.239786E+02     2.020952E+03
  8.354528E+02     2.013990E+03
  8.470868E+02     2.007185E+03
  8.588829E+02     2.000539E+03
  8.708431E+02     1.994051E+03
  8.829700E+02     1.987719E+03
  8.952657E+02     1.981530E+03
  9.077327E+02     1.975467E+03
  9.203732E+02     1.969511E+03
  9.331898E+02     1.963644E+03
  9.461848E+02     1.957842E+03
  9.593608E+02     1.952081E+03
  9.727203E+02     1.946334E+03
  9.862658E+02     1.940573E+03
  1.000000E+03     1.934765E+03
