FILE CREATED BY  : PROGRAM DPASS - VERSION 2.00
DATABASE VERSION : 21.06
DATE AND TIME    : 09/08/2022 23:41:57
PROJECTILE       : Sm
TARGET           : Cd
TARGET AT. MASS  : 1.124100E+02
TARGET DENSITY   : 8.650000E+00 g/cm^3
TABULATED OUTPUT : STOPPING FORCE VERSUS ENERGY
DATA TYPE        : SPLINE INTERPOLATED
ABSCISSA UNITS   : MeV/u
ORDINATE UNITS   : eV/nm


      E/n             S(E/n)

  1.000000E-03     9.982770E+02
  1.013925E-03     1.005062E+03
  1.028045E-03     1.011936E+03
  1.042361E-03     1.018897E+03
  1.056876E-03     1.025939E+03
  1.071593E-03     1.033058E+03
  1.086516E-03     1.040248E+03
  1.101646E-03     1.047505E+03
  1.116987E-03     1.054821E+03
  1.132541E-03     1.062191E+03
  1.148312E-03     1.069606E+03
  1.164303E-03     1.077061E+03
  1.180517E-03     1.084554E+03
  1.196956E-03     1.092088E+03
  1.213624E-03     1.099663E+03
  1.230524E-03     1.107283E+03
  1.247660E-03     1.114949E+03
  1.265034E-03     1.122663E+03
  1.282650E-03     1.130428E+03
  1.300511E-03     1.138247E+03
  1.318621E-03     1.146122E+03
  1.336984E-03     1.154058E+03
  1.355602E-03     1.162054E+03
  1.374479E-03     1.170111E+03
  1.393619E-03     1.178228E+03
  1.413026E-03     1.186406E+03
  1.432703E-03     1.194643E+03
  1.452654E-03     1.202940E+03
  1.472883E-03     1.211296E+03
  1.493393E-03     1.219712E+03
  1.514189E-03     1.228187E+03
  1.535275E-03     1.236720E+03
  1.556654E-03     1.245312E+03
  1.578331E-03     1.253964E+03
  1.600310E-03     1.262675E+03
  1.622595E-03     1.271447E+03
  1.645191E-03     1.280279E+03
  1.668101E-03     1.289174E+03
  1.691330E-03     1.298130E+03
  1.714882E-03     1.307150E+03
  1.738762E-03     1.316234E+03
  1.762975E-03     1.325383E+03
  1.787526E-03     1.334598E+03
  1.812418E-03     1.343878E+03
  1.837656E-03     1.353225E+03
  1.863246E-03     1.362637E+03
  1.889193E-03     1.372117E+03
  1.915501E-03     1.381663E+03
  1.942175E-03     1.391278E+03
  1.969220E-03     1.400960E+03
  1.996642E-03     1.410710E+03
  2.024447E-03     1.420530E+03
  2.052638E-03     1.430419E+03
  2.081222E-03     1.440378E+03
  2.110203E-03     1.450407E+03
  2.139589E-03     1.460507E+03
  2.169384E-03     1.470679E+03
  2.199593E-03     1.480922E+03
  2.230223E-03     1.491238E+03
  2.261280E-03     1.501627E+03
  2.292769E-03     1.512091E+03
  2.324697E-03     1.522629E+03
  2.357069E-03     1.533242E+03
  2.389893E-03     1.543932E+03
  2.423173E-03     1.554698E+03
  2.456916E-03     1.565540E+03
  2.491130E-03     1.576460E+03
  2.525820E-03     1.587457E+03
  2.560993E-03     1.598532E+03
  2.596656E-03     1.609686E+03
  2.632815E-03     1.620920E+03
  2.669478E-03     1.632234E+03
  2.706652E-03     1.643629E+03
  2.744343E-03     1.655105E+03
  2.782559E-03     1.666663E+03
  2.821308E-03     1.678303E+03
  2.860596E-03     1.690026E+03
  2.900430E-03     1.701833E+03
  2.940820E-03     1.713724E+03
  2.981772E-03     1.725700E+03
  3.023295E-03     1.737762E+03
  3.065395E-03     1.749911E+03
  3.108082E-03     1.762148E+03
  3.151363E-03     1.774473E+03
  3.195248E-03     1.786886E+03
  3.239743E-03     1.799388E+03
  3.284857E-03     1.811980E+03
  3.330600E-03     1.824663E+03
  3.376980E-03     1.837436E+03
  3.424006E-03     1.850301E+03
  3.471687E-03     1.863258E+03
  3.520031E-03     1.876309E+03
  3.569049E-03     1.889454E+03
  3.618750E-03     1.902694E+03
  3.669142E-03     1.916029E+03
  3.720237E-03     1.929460E+03
  3.772042E-03     1.942987E+03
  3.824570E-03     1.956612E+03
  3.877828E-03     1.970335E+03
  3.931829E-03     1.984156E+03
  3.986581E-03     1.998077E+03
  4.042096E-03     2.012099E+03
  4.098384E-03     2.026222E+03
  4.155455E-03     2.040448E+03
  4.213322E-03     2.054777E+03
  4.271994E-03     2.069209E+03
  4.331483E-03     2.083746E+03
  4.391801E-03     2.098388E+03
  4.452959E-03     2.113137E+03
  4.514968E-03     2.127993E+03
  4.577841E-03     2.142956E+03
  4.641589E-03     2.158030E+03
  4.706225E-03     2.173214E+03
  4.771761E-03     2.188509E+03
  4.838210E-03     2.203917E+03
  4.905584E-03     2.219436E+03
  4.973896E-03     2.235068E+03
  5.043159E-03     2.250813E+03
  5.113388E-03     2.266673E+03
  5.184594E-03     2.282647E+03
  5.256791E-03     2.298737E+03
  5.329994E-03     2.314944E+03
  5.404216E-03     2.331268E+03
  5.479472E-03     2.347710E+03
  5.555776E-03     2.364272E+03
  5.633143E-03     2.380954E+03
  5.711586E-03     2.397757E+03
  5.791123E-03     2.414682E+03
  5.871766E-03     2.431731E+03
  5.953533E-03     2.448905E+03
  6.036439E-03     2.466205E+03
  6.120498E-03     2.483634E+03
  6.205729E-03     2.501192E+03
  6.292146E-03     2.518880E+03
  6.379767E-03     2.536700E+03
  6.468608E-03     2.554652E+03
  6.558686E-03     2.572736E+03
  6.650018E-03     2.590953E+03
  6.742622E-03     2.609305E+03
  6.836516E-03     2.627791E+03
  6.931717E-03     2.646414E+03
  7.028244E-03     2.665175E+03
  7.126115E-03     2.684073E+03
  7.225349E-03     2.703111E+03
  7.325965E-03     2.722289E+03
  7.427982E-03     2.741609E+03
  7.531420E-03     2.761071E+03
  7.636298E-03     2.780676E+03
  7.742637E-03     2.800426E+03
  7.850456E-03     2.820321E+03
  7.959777E-03     2.840364E+03
  8.070620E-03     2.860556E+03
  8.183007E-03     2.880899E+03
  8.296959E-03     2.901393E+03
  8.412497E-03     2.922041E+03
  8.529644E-03     2.942842E+03
  8.648423E-03     2.963797E+03
  8.768856E-03     2.984908E+03
  8.890966E-03     3.006175E+03
  9.014776E-03     3.027601E+03
  9.140311E-03     3.049186E+03
  9.267593E-03     3.070932E+03
  9.396648E-03     3.092840E+03
  9.527500E-03     3.114912E+03
  9.660175E-03     3.137148E+03
  9.794697E-03     3.159550E+03
  9.931092E-03     3.182119E+03
  1.006939E-02     3.204855E+03
  1.020961E-02     3.227761E+03
  1.035178E-02     3.250836E+03
  1.049593E-02     3.274083E+03
  1.064209E-02     3.297504E+03
  1.079029E-02     3.321100E+03
  1.094055E-02     3.344872E+03
  1.109290E-02     3.368823E+03
  1.124737E-02     3.392952E+03
  1.140400E-02     3.417262E+03
  1.156280E-02     3.441753E+03
  1.172382E-02     3.466428E+03
  1.188708E-02     3.491288E+03
  1.205261E-02     3.516335E+03
  1.222045E-02     3.541571E+03
  1.239062E-02     3.566999E+03
  1.256317E-02     3.592619E+03
  1.273811E-02     3.618434E+03
  1.291550E-02     3.644443E+03
  1.309535E-02     3.670649E+03
  1.327771E-02     3.697051E+03
  1.346261E-02     3.723651E+03
  1.365008E-02     3.750451E+03
  1.384016E-02     3.777451E+03
  1.403289E-02     3.804654E+03
  1.422830E-02     3.832060E+03
  1.442644E-02     3.859672E+03
  1.462733E-02     3.887490E+03
  1.483103E-02     3.915516E+03
  1.503755E-02     3.943752E+03
  1.524696E-02     3.972198E+03
  1.545928E-02     4.000857E+03
  1.567455E-02     4.029731E+03
  1.589283E-02     4.058821E+03
  1.611414E-02     4.088129E+03
  1.633854E-02     4.117659E+03
  1.656606E-02     4.147411E+03
  1.679675E-02     4.177388E+03
  1.703065E-02     4.207590E+03
  1.726781E-02     4.238019E+03
  1.750827E-02     4.268676E+03
  1.775208E-02     4.299562E+03
  1.799929E-02     4.330679E+03
  1.824993E-02     4.362030E+03
  1.850407E-02     4.393615E+03
  1.876175E-02     4.425437E+03
  1.902301E-02     4.457498E+03
  1.928792E-02     4.489799E+03
  1.955651E-02     4.522342E+03
  1.982884E-02     4.555128E+03
  2.010496E-02     4.588158E+03
  2.038493E-02     4.621434E+03
  2.066880E-02     4.654957E+03
  2.095662E-02     4.688731E+03
  2.124845E-02     4.722757E+03
  2.154435E-02     4.757037E+03
  2.184436E-02     4.791573E+03
  2.214855E-02     4.826368E+03
  2.245698E-02     4.861421E+03
  2.276970E-02     4.896736E+03
  2.308678E-02     4.932312E+03
  2.340827E-02     4.968152E+03
  2.373424E-02     5.004258E+03
  2.406475E-02     5.040631E+03
  2.439986E-02     5.077273E+03
  2.473964E-02     5.114188E+03
  2.508415E-02     5.151377E+03
  2.543346E-02     5.188841E+03
  2.578763E-02     5.226582E+03
  2.614673E-02     5.264602E+03
  2.651084E-02     5.302901E+03
  2.688001E-02     5.341481E+03
  2.725433E-02     5.380344E+03
  2.763385E-02     5.419492E+03
  2.801867E-02     5.458926E+03
  2.840884E-02     5.498650E+03
  2.880444E-02     5.538665E+03
  2.920556E-02     5.578973E+03
  2.961225E-02     5.619575E+03
  3.002462E-02     5.660473E+03
  3.044272E-02     5.701668E+03
  3.086665E-02     5.743162E+03
  3.129648E-02     5.784957E+03
  3.173230E-02     5.827055E+03
  3.217418E-02     5.869458E+03
  3.262222E-02     5.912169E+03
  3.307650E-02     5.955191E+03
  3.353710E-02     5.998524E+03
  3.400412E-02     6.042171E+03
  3.447764E-02     6.086133E+03
  3.495776E-02     6.130411E+03
  3.544456E-02     6.175006E+03
  3.593814E-02     6.219920E+03
  3.643859E-02     6.265156E+03
  3.694601E-02     6.310716E+03
  3.746050E-02     6.356601E+03
  3.798215E-02     6.402815E+03
  3.851107E-02     6.449359E+03
  3.904735E-02     6.496234E+03
  3.959110E-02     6.543442E+03
  4.014242E-02     6.590983E+03
  4.070142E-02     6.638859E+03
  4.126821E-02     6.687073E+03
  4.184289E-02     6.735625E+03
  4.242556E-02     6.784518E+03
  4.301636E-02     6.833754E+03
  4.361538E-02     6.883337E+03
  4.422274E-02     6.933267E+03
  4.483856E-02     6.983546E+03
  4.546295E-02     7.034176E+03
  4.609604E-02     7.085157E+03
  4.673795E-02     7.136493E+03
  4.738880E-02     7.188185E+03
  4.804870E-02     7.240235E+03
  4.871780E-02     7.292646E+03
  4.939622E-02     7.345420E+03
  5.008408E-02     7.398562E+03
  5.078152E-02     7.452073E+03
  5.148867E-02     7.505955E+03
  5.220568E-02     7.560210E+03
  5.293266E-02     7.614841E+03
  5.366977E-02     7.669850E+03
  5.441714E-02     7.725240E+03
  5.517492E-02     7.781014E+03
  5.594326E-02     7.837175E+03
  5.672229E-02     7.893727E+03
  5.751217E-02     7.950675E+03
  5.831305E-02     8.008021E+03
  5.912508E-02     8.065767E+03
  5.994843E-02     8.123914E+03
  6.078323E-02     8.182463E+03
  6.162966E-02     8.241415E+03
  6.248788E-02     8.300773E+03
  6.335805E-02     8.360538E+03
  6.424034E-02     8.420712E+03
  6.513491E-02     8.481298E+03
  6.604194E-02     8.542299E+03
  6.696160E-02     8.603716E+03
  6.789407E-02     8.665551E+03
  6.883952E-02     8.727804E+03
  6.979814E-02     8.790477E+03
  7.077011E-02     8.853570E+03
  7.175561E-02     8.917085E+03
  7.275484E-02     8.981023E+03
  7.376798E-02     9.045387E+03
  7.479523E-02     9.110178E+03
  7.583678E-02     9.175398E+03
  7.689284E-02     9.241051E+03
  7.796360E-02     9.307136E+03
  7.904928E-02     9.373654E+03
  8.015007E-02     9.440606E+03
  8.126619E-02     9.507993E+03
  8.239786E-02     9.575816E+03
  8.354528E-02     9.644076E+03
  8.470868E-02     9.712776E+03
  8.588829E-02     9.781918E+03
  8.708431E-02     9.851503E+03
  8.829700E-02     9.921535E+03
  8.952657E-02     9.992015E+03
  9.077327E-02     1.006294E+04
  9.203732E-02     1.013432E+04
  9.331898E-02     1.020615E+04
  9.461848E-02     1.027844E+04
  9.593608E-02     1.035118E+04
  9.727203E-02     1.042438E+04
  9.862658E-02     1.049805E+04
  1.000000E-01     1.057219E+04
  1.013925E-01     1.064679E+04
  1.028045E-01     1.072187E+04
  1.042361E-01     1.079743E+04
  1.056876E-01     1.087346E+04
  1.071593E-01     1.094998E+04
  1.086516E-01     1.102698E+04
  1.101646E-01     1.110446E+04
  1.116987E-01     1.118245E+04
  1.132541E-01     1.126093E+04
  1.148312E-01     1.133991E+04
  1.164303E-01     1.141941E+04
  1.180517E-01     1.149942E+04
  1.196956E-01     1.157994E+04
  1.213624E-01     1.166099E+04
  1.230524E-01     1.174256E+04
  1.247660E-01     1.182466E+04
  1.265034E-01     1.190730E+04
  1.282650E-01     1.199047E+04
  1.300511E-01     1.207420E+04
  1.318621E-01     1.215848E+04
  1.336984E-01     1.224333E+04
  1.355602E-01     1.232874E+04
  1.374479E-01     1.241473E+04
  1.393619E-01     1.250130E+04
  1.413026E-01     1.258845E+04
  1.432703E-01     1.267619E+04
  1.452654E-01     1.276452E+04
  1.472883E-01     1.285346E+04
  1.493393E-01     1.294301E+04
  1.514189E-01     1.303319E+04
  1.535275E-01     1.312399E+04
  1.556654E-01     1.321544E+04
  1.578331E-01     1.330752E+04
  1.600310E-01     1.340026E+04
  1.622595E-01     1.349365E+04
  1.645191E-01     1.358770E+04
  1.668101E-01     1.368242E+04
  1.691330E-01     1.377782E+04
  1.714882E-01     1.387391E+04
  1.738762E-01     1.397070E+04
  1.762975E-01     1.406820E+04
  1.787526E-01     1.416642E+04
  1.812418E-01     1.426536E+04
  1.837656E-01     1.436503E+04
  1.863246E-01     1.446544E+04
  1.889193E-01     1.456658E+04
  1.915501E-01     1.466848E+04
  1.942175E-01     1.477113E+04
  1.969220E-01     1.487456E+04
  1.996642E-01     1.497876E+04
  2.024447E-01     1.508375E+04
  2.052638E-01     1.518953E+04
  2.081222E-01     1.529612E+04
  2.110203E-01     1.540352E+04
  2.139589E-01     1.551174E+04
  2.169384E-01     1.562079E+04
  2.199593E-01     1.573068E+04
  2.230223E-01     1.584142E+04
  2.261280E-01     1.595302E+04
  2.292769E-01     1.606550E+04
  2.324697E-01     1.617886E+04
  2.357069E-01     1.629312E+04
  2.389893E-01     1.640827E+04
  2.423173E-01     1.652432E+04
  2.456916E-01     1.664127E+04
  2.491130E-01     1.675912E+04
  2.525820E-01     1.687787E+04
  2.560993E-01     1.699753E+04
  2.596656E-01     1.711808E+04
  2.632815E-01     1.723954E+04
  2.669478E-01     1.736191E+04
  2.706652E-01     1.748519E+04
  2.744343E-01     1.760936E+04
  2.782559E-01     1.773444E+04
  2.821308E-01     1.786040E+04
  2.860596E-01     1.798726E+04
  2.900430E-01     1.811500E+04
  2.940820E-01     1.824361E+04
  2.981772E-01     1.837310E+04
  3.023295E-01     1.850346E+04
  3.065395E-01     1.863467E+04
  3.108082E-01     1.876674E+04
  3.151363E-01     1.889967E+04
  3.195248E-01     1.903344E+04
  3.239743E-01     1.916805E+04
  3.284857E-01     1.930351E+04
  3.330600E-01     1.943981E+04
  3.376980E-01     1.957694E+04
  3.424006E-01     1.971491E+04
  3.471687E-01     1.985371E+04
  3.520031E-01     1.999334E+04
  3.569049E-01     2.013379E+04
  3.618750E-01     2.027507E+04
  3.669142E-01     2.041716E+04
  3.720237E-01     2.056007E+04
  3.772042E-01     2.070377E+04
  3.824570E-01     2.084828E+04
  3.877828E-01     2.099358E+04
  3.931829E-01     2.113966E+04
  3.986581E-01     2.128653E+04
  4.042096E-01     2.143417E+04
  4.098384E-01     2.158258E+04
  4.155455E-01     2.173175E+04
  4.213322E-01     2.188167E+04
  4.271994E-01     2.203233E+04
  4.331483E-01     2.218370E+04
  4.391801E-01     2.233579E+04
  4.452959E-01     2.248857E+04
  4.514968E-01     2.264203E+04
  4.577841E-01     2.279617E+04
  4.641589E-01     2.295095E+04
  4.706225E-01     2.310639E+04
  4.771761E-01     2.326247E+04
  4.838210E-01     2.341921E+04
  4.905584E-01     2.357661E+04
  4.973896E-01     2.373469E+04
  5.043159E-01     2.389346E+04
  5.113388E-01     2.405294E+04
  5.184594E-01     2.421314E+04
  5.256791E-01     2.437408E+04
  5.329994E-01     2.453579E+04
  5.404216E-01     2.469828E+04
  5.479472E-01     2.486156E+04
  5.555776E-01     2.502561E+04
  5.633143E-01     2.519042E+04
  5.711586E-01     2.535596E+04
  5.791123E-01     2.552223E+04
  5.871766E-01     2.568921E+04
  5.953533E-01     2.585688E+04
  6.036439E-01     2.602524E+04
  6.120498E-01     2.619426E+04
  6.205729E-01     2.636393E+04
  6.292146E-01     2.653421E+04
  6.379767E-01     2.670509E+04
  6.468608E-01     2.687650E+04
  6.558686E-01     2.704843E+04
  6.650018E-01     2.722083E+04
  6.742622E-01     2.739366E+04
  6.836516E-01     2.756687E+04
  6.931717E-01     2.774042E+04
  7.028244E-01     2.791426E+04
  7.126115E-01     2.808835E+04
  7.225349E-01     2.826264E+04
  7.325965E-01     2.843710E+04
  7.427982E-01     2.861168E+04
  7.531420E-01     2.878634E+04
  7.636298E-01     2.896103E+04
  7.742637E-01     2.913572E+04
  7.850456E-01     2.931035E+04
  7.959777E-01     2.948489E+04
  8.070620E-01     2.965929E+04
  8.183007E-01     2.983349E+04
  8.296959E-01     3.000745E+04
  8.412497E-01     3.018113E+04
  8.529644E-01     3.035446E+04
  8.648423E-01     3.052740E+04
  8.768856E-01     3.069990E+04
  8.890966E-01     3.087190E+04
  9.014776E-01     3.104335E+04
  9.140311E-01     3.121419E+04
  9.267593E-01     3.138438E+04
  9.396648E-01     3.155385E+04
  9.527500E-01     3.172256E+04
  9.660175E-01     3.189045E+04
  9.794697E-01     3.205749E+04
  9.931092E-01     3.222361E+04
  1.006939E+00     3.238879E+04
  1.020961E+00     3.255296E+04
  1.035178E+00     3.271609E+04
  1.049593E+00     3.287814E+04
  1.064209E+00     3.303905E+04
  1.079029E+00     3.319880E+04
  1.094055E+00     3.335734E+04
  1.109290E+00     3.351463E+04
  1.124737E+00     3.367063E+04
  1.140400E+00     3.382531E+04
  1.156280E+00     3.397862E+04
  1.172382E+00     3.413055E+04
  1.188708E+00     3.428106E+04
  1.205261E+00     3.443012E+04
  1.222045E+00     3.457772E+04
  1.239062E+00     3.472383E+04
  1.256317E+00     3.486843E+04
  1.273811E+00     3.501149E+04
  1.291550E+00     3.515298E+04
  1.309535E+00     3.529287E+04
  1.327771E+00     3.543114E+04
  1.346261E+00     3.556777E+04
  1.365008E+00     3.570274E+04
  1.384016E+00     3.583605E+04
  1.403289E+00     3.596768E+04
  1.422830E+00     3.609764E+04
  1.442644E+00     3.622593E+04
  1.462733E+00     3.635251E+04
  1.483103E+00     3.647737E+04
  1.503755E+00     3.660048E+04
  1.524696E+00     3.672185E+04
  1.545928E+00     3.684145E+04
  1.567455E+00     3.695929E+04
  1.589283E+00     3.707536E+04
  1.611414E+00     3.718968E+04
  1.633854E+00     3.730226E+04
  1.656606E+00     3.741311E+04
  1.679675E+00     3.752221E+04
  1.703065E+00     3.762955E+04
  1.726781E+00     3.773511E+04
  1.750827E+00     3.783889E+04
  1.775208E+00     3.794089E+04
  1.799929E+00     3.804111E+04
  1.824993E+00     3.813956E+04
  1.850407E+00     3.823626E+04
  1.876175E+00     3.833123E+04
  1.902301E+00     3.842448E+04
  1.928792E+00     3.851601E+04
  1.955651E+00     3.860580E+04
  1.982884E+00     3.869385E+04
  2.010496E+00     3.878014E+04
  2.038493E+00     3.886469E+04
  2.066880E+00     3.894750E+04
  2.095662E+00     3.902858E+04
  2.124845E+00     3.910795E+04
  2.154435E+00     3.918564E+04
  2.184436E+00     3.926165E+04
  2.214855E+00     3.933601E+04
  2.245698E+00     3.940868E+04
  2.276970E+00     3.947967E+04
  2.308678E+00     3.954897E+04
  2.340827E+00     3.961659E+04
  2.373424E+00     3.968254E+04
  2.406475E+00     3.974683E+04
  2.439986E+00     3.980947E+04
  2.473964E+00     3.987051E+04
  2.508415E+00     3.992995E+04
  2.543346E+00     3.998781E+04
  2.578763E+00     4.004407E+04
  2.614673E+00     4.009872E+04
  2.651084E+00     4.015177E+04
  2.688001E+00     4.020322E+04
  2.725433E+00     4.025307E+04
  2.763385E+00     4.030134E+04
  2.801867E+00     4.034805E+04
  2.840884E+00     4.039321E+04
  2.880444E+00     4.043686E+04
  2.920556E+00     4.047899E+04
  2.961225E+00     4.051959E+04
  3.002462E+00     4.055867E+04
  3.044272E+00     4.059621E+04
  3.086665E+00     4.063221E+04
  3.129648E+00     4.066669E+04
  3.173230E+00     4.069965E+04
  3.217418E+00     4.073111E+04
  3.262222E+00     4.076109E+04
  3.307650E+00     4.078960E+04
  3.353710E+00     4.081665E+04
  3.400412E+00     4.084223E+04
  3.447764E+00     4.086635E+04
  3.495776E+00     4.088898E+04
  3.544456E+00     4.091014E+04
  3.593814E+00     4.092983E+04
  3.643859E+00     4.094806E+04
  3.694601E+00     4.096485E+04
  3.746050E+00     4.098020E+04
  3.798215E+00     4.099414E+04
  3.851107E+00     4.100668E+04
  3.904735E+00     4.101780E+04
  3.959110E+00     4.102750E+04
  4.014242E+00     4.103578E+04
  4.070142E+00     4.104262E+04
  4.126821E+00     4.104804E+04
  4.184289E+00     4.105203E+04
  4.242556E+00     4.105461E+04
  4.301636E+00     4.105579E+04
  4.361538E+00     4.105558E+04
  4.422274E+00     4.105399E+04
  4.483856E+00     4.105100E+04
  4.546295E+00     4.104660E+04
  4.609604E+00     4.104080E+04
  4.673795E+00     4.103359E+04
  4.738880E+00     4.102495E+04
  4.804870E+00     4.101491E+04
  4.871780E+00     4.100345E+04
  4.939622E+00     4.099059E+04
  5.008408E+00     4.097635E+04
  5.078152E+00     4.096071E+04
  5.148867E+00     4.094368E+04
  5.220568E+00     4.092524E+04
  5.293266E+00     4.090540E+04
  5.366977E+00     4.088416E+04
  5.441714E+00     4.086151E+04
  5.517492E+00     4.083746E+04
  5.594326E+00     4.081202E+04
  5.672229E+00     4.078519E+04
  5.751217E+00     4.075700E+04
  5.831305E+00     4.072745E+04
  5.912508E+00     4.069653E+04
  5.994843E+00     4.066424E+04
  6.078323E+00     4.063057E+04
  6.162966E+00     4.059552E+04
  6.248788E+00     4.055910E+04
  6.335805E+00     4.052130E+04
  6.424034E+00     4.048214E+04
  6.513491E+00     4.044162E+04
  6.604194E+00     4.039975E+04
  6.696160E+00     4.035654E+04
  6.789407E+00     4.031199E+04
  6.883952E+00     4.026610E+04
  6.979814E+00     4.021886E+04
  7.077011E+00     4.017026E+04
  7.175561E+00     4.012033E+04
  7.275484E+00     4.006904E+04
  7.376798E+00     4.001643E+04
  7.479523E+00     3.996248E+04
  7.583678E+00     3.990723E+04
  7.689284E+00     3.985067E+04
  7.796360E+00     3.979280E+04
  7.904928E+00     3.973362E+04
  8.015007E+00     3.967313E+04
  8.126619E+00     3.961133E+04
  8.239786E+00     3.954823E+04
  8.354528E+00     3.948382E+04
  8.470868E+00     3.941812E+04
  8.588829E+00     3.935114E+04
  8.708431E+00     3.928288E+04
  8.829700E+00     3.921337E+04
  8.952657E+00     3.914259E+04
  9.077327E+00     3.907054E+04
  9.203732E+00     3.899724E+04
  9.331898E+00     3.892267E+04
  9.461848E+00     3.884684E+04
  9.593608E+00     3.876976E+04
  9.727203E+00     3.869144E+04
  9.862658E+00     3.861187E+04
  1.000000E+01     3.853109E+04
  1.013925E+01     3.844908E+04
  1.028045E+01     3.836586E+04
  1.042361E+01     3.828143E+04
  1.056876E+01     3.819579E+04
  1.071593E+01     3.810895E+04
  1.086516E+01     3.802090E+04
  1.101646E+01     3.793166E+04
  1.116987E+01     3.784124E+04
  1.132541E+01     3.774964E+04
  1.148312E+01     3.765687E+04
  1.164303E+01     3.756296E+04
  1.180517E+01     3.746790E+04
  1.196956E+01     3.737169E+04
  1.213624E+01     3.727433E+04
  1.230524E+01     3.717582E+04
  1.247660E+01     3.707616E+04
  1.265034E+01     3.697536E+04
  1.282650E+01     3.687341E+04
  1.300511E+01     3.677033E+04
  1.318621E+01     3.666612E+04
  1.336984E+01     3.656079E+04
  1.355602E+01     3.645434E+04
  1.374479E+01     3.634677E+04
  1.393619E+01     3.623810E+04
  1.413026E+01     3.612832E+04
  1.432703E+01     3.601745E+04
  1.452654E+01     3.590549E+04
  1.472883E+01     3.579245E+04
  1.493393E+01     3.567835E+04
  1.514189E+01     3.556320E+04
  1.535275E+01     3.544701E+04
  1.556654E+01     3.532979E+04
  1.578331E+01     3.521154E+04
  1.600310E+01     3.509226E+04
  1.622595E+01     3.497197E+04
  1.645191E+01     3.485066E+04
  1.668101E+01     3.472834E+04
  1.691330E+01     3.460501E+04
  1.714882E+01     3.448069E+04
  1.738762E+01     3.435538E+04
  1.762975E+01     3.422909E+04
  1.787526E+01     3.410182E+04
  1.812418E+01     3.397359E+04
  1.837656E+01     3.384441E+04
  1.863246E+01     3.371428E+04
  1.889193E+01     3.358322E+04
  1.915501E+01     3.345123E+04
  1.942175E+01     3.331834E+04
  1.969220E+01     3.318455E+04
  1.996642E+01     3.304988E+04
  2.024447E+01     3.291434E+04
  2.052638E+01     3.277794E+04
  2.081222E+01     3.264068E+04
  2.110203E+01     3.250256E+04
  2.139589E+01     3.236357E+04
  2.169384E+01     3.222371E+04
  2.199593E+01     3.208298E+04
  2.230223E+01     3.194138E+04
  2.261280E+01     3.179889E+04
  2.292769E+01     3.165551E+04
  2.324697E+01     3.151124E+04
  2.357069E+01     3.136608E+04
  2.389893E+01     3.122006E+04
  2.423173E+01     3.107322E+04
  2.456916E+01     3.092559E+04
  2.491130E+01     3.077721E+04
  2.525820E+01     3.062811E+04
  2.560993E+01     3.047835E+04
  2.596656E+01     3.032796E+04
  2.632815E+01     3.017699E+04
  2.669478E+01     3.002549E+04
  2.706652E+01     2.987350E+04
  2.744343E+01     2.972102E+04
  2.782559E+01     2.956808E+04
  2.821308E+01     2.941468E+04
  2.860596E+01     2.926083E+04
  2.900430E+01     2.910653E+04
  2.940820E+01     2.895180E+04
  2.981772E+01     2.879664E+04
  3.023295E+01     2.864105E+04
  3.065395E+01     2.848505E+04
  3.108082E+01     2.832863E+04
  3.151363E+01     2.817180E+04
  3.195248E+01     2.801457E+04
  3.239743E+01     2.785694E+04
  3.284857E+01     2.769891E+04
  3.330600E+01     2.754048E+04
  3.376980E+01     2.738166E+04
  3.424006E+01     2.722243E+04
  3.471687E+01     2.706280E+04
  3.520031E+01     2.690276E+04
  3.569049E+01     2.674231E+04
  3.618750E+01     2.658147E+04
  3.669142E+01     2.642028E+04
  3.720237E+01     2.625877E+04
  3.772042E+01     2.609698E+04
  3.824570E+01     2.593492E+04
  3.877828E+01     2.577264E+04
  3.931829E+01     2.561018E+04
  3.986581E+01     2.544757E+04
  4.042096E+01     2.528483E+04
  4.098384E+01     2.512202E+04
  4.155455E+01     2.495915E+04
  4.213322E+01     2.479623E+04
  4.271994E+01     2.463329E+04
  4.331483E+01     2.447035E+04
  4.391801E+01     2.430741E+04
  4.452959E+01     2.414450E+04
  4.514968E+01     2.398162E+04
  4.577841E+01     2.381879E+04
  4.641589E+01     2.365602E+04
  4.706225E+01     2.349332E+04
  4.771761E+01     2.333070E+04
  4.838210E+01     2.316820E+04
  4.905584E+01     2.300584E+04
  4.973896E+01     2.284363E+04
  5.043159E+01     2.268161E+04
  5.113388E+01     2.251979E+04
  5.184594E+01     2.235820E+04
  5.256791E+01     2.219684E+04
  5.329994E+01     2.203574E+04
  5.404216E+01     2.187490E+04
  5.479472E+01     2.171436E+04
  5.555776E+01     2.155414E+04
  5.633143E+01     2.139424E+04
  5.711586E+01     2.123471E+04
  5.791123E+01     2.107554E+04
  5.871766E+01     2.091676E+04
  5.953533E+01     2.075837E+04
  6.036439E+01     2.060040E+04
  6.120498E+01     2.044284E+04
  6.205729E+01     2.028572E+04
  6.292146E+01     2.012903E+04
  6.379767E+01     1.997282E+04
  6.468608E+01     1.981711E+04
  6.558686E+01     1.966193E+04
  6.650018E+01     1.950728E+04
  6.742622E+01     1.935320E+04
  6.836516E+01     1.919970E+04
  6.931717E+01     1.904680E+04
  7.028244E+01     1.889451E+04
  7.126115E+01     1.874284E+04
  7.225349E+01     1.859182E+04
  7.325965E+01     1.844145E+04
  7.427982E+01     1.829176E+04
  7.531420E+01     1.814277E+04
  7.636298E+01     1.799448E+04
  7.742637E+01     1.784691E+04
  7.850456E+01     1.770006E+04
  7.959777E+01     1.755394E+04
  8.070620E+01     1.740855E+04
  8.183007E+01     1.726388E+04
  8.296959E+01     1.711996E+04
  8.412497E+01     1.697679E+04
  8.529644E+01     1.683440E+04
  8.648423E+01     1.669281E+04
  8.768856E+01     1.655205E+04
  8.890966E+01     1.641211E+04
  9.014776E+01     1.627302E+04
  9.140311E+01     1.613477E+04
  9.267593E+01     1.599739E+04
  9.396648E+01     1.586086E+04
  9.527500E+01     1.572520E+04
  9.660175E+01     1.559042E+04
  9.794697E+01     1.545655E+04
  9.931092E+01     1.532359E+04
  1.006939E+02     1.519156E+04
  1.020961E+02     1.506047E+04
  1.035178E+02     1.493032E+04
  1.049593E+02     1.480111E+04
  1.064209E+02     1.467284E+04
  1.079029E+02     1.454550E+04
  1.094055E+02     1.441909E+04
  1.109290E+02     1.429363E+04
  1.124737E+02     1.416913E+04
  1.140400E+02     1.404560E+04
  1.156280E+02     1.392304E+04
  1.172382E+02     1.380147E+04
  1.188708E+02     1.368088E+04
  1.205261E+02     1.356127E+04
  1.222045E+02     1.344262E+04
  1.239062E+02     1.332493E+04
  1.256317E+02     1.320819E+04
  1.273811E+02     1.309242E+04
  1.291550E+02     1.297763E+04
  1.309535E+02     1.286385E+04
  1.327771E+02     1.275107E+04
  1.346261E+02     1.263931E+04
  1.365008E+02     1.252858E+04
  1.384016E+02     1.241886E+04
  1.403289E+02     1.231017E+04
  1.422830E+02     1.220249E+04
  1.442644E+02     1.209582E+04
  1.462733E+02     1.199017E+04
  1.483103E+02     1.188555E+04
  1.503755E+02     1.178196E+04
  1.524696E+02     1.167941E+04
  1.545928E+02     1.157789E+04
  1.567455E+02     1.147740E+04
  1.589283E+02     1.137792E+04
  1.611414E+02     1.127945E+04
  1.633854E+02     1.118196E+04
  1.656606E+02     1.108543E+04
  1.679675E+02     1.098988E+04
  1.703065E+02     1.089532E+04
  1.726781E+02     1.080174E+04
  1.750827E+02     1.070917E+04
  1.775208E+02     1.061759E+04
  1.799929E+02     1.052701E+04
  1.824993E+02     1.043741E+04
  1.850407E+02     1.034879E+04
  1.876175E+02     1.026113E+04
  1.902301E+02     1.017441E+04
  1.928792E+02     1.008865E+04
  1.955651E+02     1.000384E+04
  1.982884E+02     9.920007E+03
  2.010496E+02     9.837135E+03
  2.038493E+02     9.755227E+03
  2.066880E+02     9.674278E+03
  2.095662E+02     9.594279E+03
  2.124845E+02     9.515217E+03
  2.154435E+02     9.437072E+03
  2.184436E+02     9.359828E+03
  2.214855E+02     9.283487E+03
  2.245698E+02     9.208056E+03
  2.276970E+02     9.133536E+03
  2.308678E+02     9.059929E+03
  2.340827E+02     8.987229E+03
  2.373424E+02     8.915432E+03
  2.406475E+02     8.844525E+03
  2.439986E+02     8.774495E+03
  2.473964E+02     8.705321E+03
  2.508415E+02     8.636986E+03
  2.543346E+02     8.569490E+03
  2.578763E+02     8.502837E+03
  2.614673E+02     8.437030E+03
  2.651084E+02     8.372071E+03
  2.688001E+02     8.307956E+03
  2.725433E+02     8.244679E+03
  2.763385E+02     8.182231E+03
  2.801867E+02     8.120600E+03
  2.840884E+02     8.059768E+03
  2.880444E+02     7.999718E+03
  2.920556E+02     7.940447E+03
  2.961225E+02     7.881959E+03
  3.002462E+02     7.824257E+03
  3.044272E+02     7.767339E+03
  3.086665E+02     7.711202E+03
  3.129648E+02     7.655840E+03
  3.173230E+02     7.601243E+03
  3.217418E+02     7.547398E+03
  3.262222E+02     7.494288E+03
  3.307650E+02     7.441894E+03
  3.353710E+02     7.390212E+03
  3.400412E+02     7.339246E+03
  3.447764E+02     7.288996E+03
  3.495776E+02     7.239460E+03
  3.544456E+02     7.190636E+03
  3.593814E+02     7.142515E+03
  3.643859E+02     7.095090E+03
  3.694601E+02     7.048347E+03
  3.746050E+02     7.002270E+03
  3.798215E+02     6.956841E+03
  3.851107E+02     6.912054E+03
  3.904735E+02     6.867911E+03
  3.959110E+02     6.824415E+03
  4.014242E+02     6.781563E+03
  4.070142E+02     6.739353E+03
  4.126821E+02     6.697779E+03
  4.184289E+02     6.656833E+03
  4.242556E+02     6.616505E+03
  4.301636E+02     6.576780E+03
  4.361538E+02     6.537641E+03
  4.422274E+02     6.499083E+03
  4.483856E+02     6.461108E+03
  4.546295E+02     6.423715E+03
  4.609604E+02     6.386904E+03
  4.673795E+02     6.350672E+03
  4.738880E+02     6.315014E+03
  4.804870E+02     6.279922E+03
  4.871780E+02     6.245387E+03
  4.939622E+02     6.211395E+03
  5.008408E+02     6.177933E+03
  5.078152E+02     6.144990E+03
  5.148867E+02     6.112570E+03
  5.220568E+02     6.080673E+03
  5.293266E+02     6.049297E+03
  5.366977E+02     6.018439E+03
  5.441714E+02     5.988095E+03
  5.517492E+02     5.958257E+03
  5.594326E+02     5.928917E+03
  5.672229E+02     5.900063E+03
  5.751217E+02     5.871680E+03
  5.831305E+02     5.843762E+03
  5.912508E+02     5.816307E+03
  5.994843E+02     5.789318E+03
  6.078323E+02     5.762792E+03
  6.162966E+02     5.736728E+03
  6.248788E+02     5.711121E+03
  6.335805E+02     5.685965E+03
  6.424034E+02     5.661252E+03
  6.513491E+02     5.636973E+03
  6.604194E+02     5.613114E+03
  6.696160E+02     5.589668E+03
  6.789407E+02     5.566632E+03
  6.883952E+02     5.544006E+03
  6.979814E+02     5.521787E+03
  7.077011E+02     5.499971E+03
  7.175561E+02     5.478551E+03
  7.275484E+02     5.457521E+03
  7.376798E+02     5.436870E+03
  7.479523E+02     5.416588E+03
  7.583678E+02     5.396660E+03
  7.689284E+02     5.377079E+03
  7.796360E+02     5.357847E+03
  7.904928E+02     5.338974E+03
  8.015007E+02     5.320464E+03
  8.126619E+02     5.302324E+03
  8.239786E+02     5.284558E+03
  8.354528E+02     5.267171E+03
  8.470868E+02     5.250167E+03
  8.588829E+02     5.233548E+03
  8.708431E+02     5.217318E+03
  8.829700E+02     5.201468E+03
  8.952657E+02     5.185966E+03
  9.077327E+02     5.170773E+03
  9.203732E+02     5.155842E+03
  9.331898E+02     5.141124E+03
  9.461848E+02     5.126564E+03
  9.593608E+02     5.112102E+03
  9.727203E+02     5.097672E+03
  9.862658E+02     5.083202E+03
  1.000000E+03     5.068613E+03
