FILE CREATED BY  : PROGRAM DPASS - VERSION 2.00
DATABASE VERSION : 21.06
DATE AND TIME    : 09/08/2022 23:55:22
PROJECTILE       : Dy
TARGET           : Li
TARGET AT. MASS  : 6.941000E+00
TARGET DENSITY   : 5.340000E-01 g/cm^3
TABULATED OUTPUT : STOPPING FORCE VERSUS ENERGY
DATA TYPE        : SPLINE INTERPOLATED
ABSCISSA UNITS   : MeV/u
ORDINATE UNITS   : eV/nm


      E/n             S(E/n)

  1.000000E-03     1.632808E+02
  1.013925E-03     1.644186E+02
  1.028045E-03     1.655714E+02
  1.042361E-03     1.667387E+02
  1.056876E-03     1.679199E+02
  1.071593E-03     1.691141E+02
  1.086516E-03     1.703207E+02
  1.101646E-03     1.715386E+02
  1.116987E-03     1.727670E+02
  1.132541E-03     1.740049E+02
  1.148312E-03     1.752510E+02
  1.164303E-03     1.765043E+02
  1.180517E-03     1.777648E+02
  1.196956E-03     1.790327E+02
  1.213624E-03     1.803083E+02
  1.230524E-03     1.815920E+02
  1.247660E-03     1.828841E+02
  1.265034E-03     1.841850E+02
  1.282650E-03     1.854951E+02
  1.300511E-03     1.868150E+02
  1.318621E-03     1.881450E+02
  1.336984E-03     1.894858E+02
  1.355602E-03     1.908374E+02
  1.374479E-03     1.921999E+02
  1.393619E-03     1.935733E+02
  1.413026E-03     1.949575E+02
  1.432703E-03     1.963525E+02
  1.452654E-03     1.977584E+02
  1.472883E-03     1.991750E+02
  1.493393E-03     2.006025E+02
  1.514189E-03     2.020407E+02
  1.535275E-03     2.034898E+02
  1.556654E-03     2.049496E+02
  1.578331E-03     2.064203E+02
  1.600310E-03     2.079021E+02
  1.622595E-03     2.093950E+02
  1.645191E-03     2.108991E+02
  1.668101E-03     2.124145E+02
  1.691330E-03     2.139415E+02
  1.714882E-03     2.154801E+02
  1.738762E-03     2.170305E+02
  1.762975E-03     2.185929E+02
  1.787526E-03     2.201674E+02
  1.812418E-03     2.217541E+02
  1.837656E-03     2.233530E+02
  1.863246E-03     2.249643E+02
  1.889193E-03     2.265880E+02
  1.915501E-03     2.282243E+02
  1.942175E-03     2.298733E+02
  1.969220E-03     2.315350E+02
  1.996642E-03     2.332097E+02
  2.024447E-03     2.348975E+02
  2.052638E-03     2.365985E+02
  2.081222E-03     2.383127E+02
  2.110203E-03     2.400403E+02
  2.139589E-03     2.417812E+02
  2.169384E-03     2.435358E+02
  2.199593E-03     2.453039E+02
  2.230223E-03     2.470858E+02
  2.261280E-03     2.488815E+02
  2.292769E-03     2.506912E+02
  2.324697E-03     2.525151E+02
  2.357069E-03     2.543531E+02
  2.389893E-03     2.562056E+02
  2.423173E-03     2.580725E+02
  2.456916E-03     2.599541E+02
  2.491130E-03     2.618504E+02
  2.525820E-03     2.637616E+02
  2.560993E-03     2.656880E+02
  2.596656E-03     2.676296E+02
  2.632815E-03     2.695867E+02
  2.669478E-03     2.715595E+02
  2.706652E-03     2.735481E+02
  2.744343E-03     2.755527E+02
  2.782559E-03     2.775733E+02
  2.821308E-03     2.796101E+02
  2.860596E-03     2.816632E+02
  2.900430E-03     2.837326E+02
  2.940820E-03     2.858187E+02
  2.981772E-03     2.879214E+02
  3.023295E-03     2.900409E+02
  3.065395E-03     2.921774E+02
  3.108082E-03     2.943311E+02
  3.151363E-03     2.965021E+02
  3.195248E-03     2.986906E+02
  3.239743E-03     3.008966E+02
  3.284857E-03     3.031205E+02
  3.330600E-03     3.053623E+02
  3.376980E-03     3.076223E+02
  3.424006E-03     3.099007E+02
  3.471687E-03     3.121977E+02
  3.520031E-03     3.145136E+02
  3.569049E-03     3.168486E+02
  3.618750E-03     3.192027E+02
  3.669142E-03     3.215761E+02
  3.720237E-03     3.239689E+02
  3.772042E-03     3.263811E+02
  3.824570E-03     3.288129E+02
  3.877828E-03     3.312644E+02
  3.931829E-03     3.337357E+02
  3.986581E-03     3.362269E+02
  4.042096E-03     3.387381E+02
  4.098384E-03     3.412696E+02
  4.155455E-03     3.438216E+02
  4.213322E-03     3.463943E+02
  4.271994E-03     3.489881E+02
  4.331483E-03     3.516033E+02
  4.391801E-03     3.542403E+02
  4.452959E-03     3.568995E+02
  4.514968E-03     3.595813E+02
  4.577841E-03     3.622861E+02
  4.641589E-03     3.650145E+02
  4.706225E-03     3.677668E+02
  4.771761E-03     3.705432E+02
  4.838210E-03     3.733438E+02
  4.905584E-03     3.761687E+02
  4.973896E-03     3.790178E+02
  5.043159E-03     3.818913E+02
  5.113388E-03     3.847891E+02
  5.184594E-03     3.877115E+02
  5.256791E-03     3.906584E+02
  5.329994E-03     3.936299E+02
  5.404216E-03     3.966260E+02
  5.479472E-03     3.996470E+02
  5.555776E-03     4.026932E+02
  5.633143E-03     4.057649E+02
  5.711586E-03     4.088623E+02
  5.791123E-03     4.119858E+02
  5.871766E-03     4.151358E+02
  5.953533E-03     4.183126E+02
  6.036439E-03     4.215168E+02
  6.120498E-03     4.247486E+02
  6.205729E-03     4.280086E+02
  6.292146E-03     4.312970E+02
  6.379767E-03     4.346141E+02
  6.468608E-03     4.379601E+02
  6.558686E-03     4.413353E+02
  6.650018E-03     4.447400E+02
  6.742622E-03     4.481743E+02
  6.836516E-03     4.516387E+02
  6.931717E-03     4.551334E+02
  7.028244E-03     4.586588E+02
  7.126115E-03     4.622152E+02
  7.225349E-03     4.658029E+02
  7.325965E-03     4.694221E+02
  7.427982E-03     4.730733E+02
  7.531420E-03     4.767566E+02
  7.636298E-03     4.804724E+02
  7.742637E-03     4.842210E+02
  7.850456E-03     4.880028E+02
  7.959777E-03     4.918181E+02
  8.070620E-03     4.956674E+02
  8.183007E-03     4.995510E+02
  8.296959E-03     5.034693E+02
  8.412497E-03     5.074227E+02
  8.529644E-03     5.114114E+02
  8.648423E-03     5.154358E+02
  8.768856E-03     5.194963E+02
  8.890966E-03     5.235933E+02
  9.014776E-03     5.277271E+02
  9.140311E-03     5.318982E+02
  9.267593E-03     5.361071E+02
  9.396648E-03     5.403542E+02
  9.527500E-03     5.446399E+02
  9.660175E-03     5.489646E+02
  9.794697E-03     5.533285E+02
  9.931092E-03     5.577322E+02
  1.006939E-02     5.621758E+02
  1.020961E-02     5.666599E+02
  1.035178E-02     5.711848E+02
  1.049593E-02     5.757510E+02
  1.064209E-02     5.803590E+02
  1.079029E-02     5.850091E+02
  1.094055E-02     5.897018E+02
  1.109290E-02     5.944376E+02
  1.124737E-02     5.992167E+02
  1.140400E-02     6.040395E+02
  1.156280E-02     6.089066E+02
  1.172382E-02     6.138182E+02
  1.188708E-02     6.187749E+02
  1.205261E-02     6.237771E+02
  1.222045E-02     6.288253E+02
  1.239062E-02     6.339200E+02
  1.256317E-02     6.390617E+02
  1.273811E-02     6.442507E+02
  1.291550E-02     6.494874E+02
  1.309535E-02     6.547721E+02
  1.327771E-02     6.601051E+02
  1.346261E-02     6.654869E+02
  1.365008E-02     6.709178E+02
  1.384016E-02     6.763983E+02
  1.403289E-02     6.819287E+02
  1.422830E-02     6.875095E+02
  1.442644E-02     6.931411E+02
  1.462733E-02     6.988237E+02
  1.483103E-02     7.045577E+02
  1.503755E-02     7.103433E+02
  1.524696E-02     7.161807E+02
  1.545928E-02     7.220703E+02
  1.567455E-02     7.280124E+02
  1.589283E-02     7.340072E+02
  1.611414E-02     7.400551E+02
  1.633854E-02     7.461563E+02
  1.656606E-02     7.523112E+02
  1.679675E-02     7.585200E+02
  1.703065E-02     7.647827E+02
  1.726781E-02     7.710995E+02
  1.750827E-02     7.774705E+02
  1.775208E-02     7.838959E+02
  1.799929E-02     7.903758E+02
  1.824993E-02     7.969103E+02
  1.850407E-02     8.034996E+02
  1.876175E-02     8.101438E+02
  1.902301E-02     8.168429E+02
  1.928792E-02     8.235970E+02
  1.955651E-02     8.304060E+02
  1.982884E-02     8.372697E+02
  2.010496E-02     8.441881E+02
  2.038493E-02     8.511611E+02
  2.066880E-02     8.581884E+02
  2.095662E-02     8.652700E+02
  2.124845E-02     8.724057E+02
  2.154435E-02     8.795953E+02
  2.184436E-02     8.868386E+02
  2.214855E-02     8.941353E+02
  2.245698E-02     9.014850E+02
  2.276970E-02     9.088875E+02
  2.308678E-02     9.163423E+02
  2.340827E-02     9.238490E+02
  2.373424E-02     9.314072E+02
  2.406475E-02     9.390164E+02
  2.439986E-02     9.466762E+02
  2.473964E-02     9.543861E+02
  2.508415E-02     9.621455E+02
  2.543346E-02     9.699539E+02
  2.578763E-02     9.778109E+02
  2.614673E-02     9.857159E+02
  2.651084E-02     9.936683E+02
  2.688001E-02     1.001668E+03
  2.725433E-02     1.009713E+03
  2.763385E-02     1.017805E+03
  2.801867E-02     1.025941E+03
  2.840884E-02     1.034122E+03
  2.880444E-02     1.042346E+03
  2.920556E-02     1.050614E+03
  2.961225E-02     1.058924E+03
  3.002462E-02     1.067277E+03
  3.044272E-02     1.075670E+03
  3.086665E-02     1.084105E+03
  3.129648E-02     1.092579E+03
  3.173230E-02     1.101094E+03
  3.217418E-02     1.109647E+03
  3.262222E-02     1.118239E+03
  3.307650E-02     1.126868E+03
  3.353710E-02     1.135535E+03
  3.400412E-02     1.144238E+03
  3.447764E-02     1.152977E+03
  3.495776E-02     1.161753E+03
  3.544456E-02     1.170563E+03
  3.593814E-02     1.179408E+03
  3.643859E-02     1.188287E+03
  3.694601E-02     1.197200E+03
  3.746050E-02     1.206146E+03
  3.798215E-02     1.215126E+03
  3.851107E-02     1.224138E+03
  3.904735E-02     1.233183E+03
  3.959110E-02     1.242259E+03
  4.014242E-02     1.251367E+03
  4.070142E-02     1.260506E+03
  4.126821E-02     1.269675E+03
  4.184289E-02     1.278875E+03
  4.242556E-02     1.288106E+03
  4.301636E-02     1.297366E+03
  4.361538E-02     1.306657E+03
  4.422274E-02     1.315978E+03
  4.483856E-02     1.325329E+03
  4.546295E-02     1.334709E+03
  4.609604E-02     1.344118E+03
  4.673795E-02     1.353556E+03
  4.738880E-02     1.363023E+03
  4.804870E-02     1.372519E+03
  4.871780E-02     1.382044E+03
  4.939622E-02     1.391599E+03
  5.008408E-02     1.401183E+03
  5.078152E-02     1.410796E+03
  5.148867E-02     1.420439E+03
  5.220568E-02     1.430111E+03
  5.293266E-02     1.439810E+03
  5.366977E-02     1.449537E+03
  5.441714E-02     1.459292E+03
  5.517492E-02     1.469074E+03
  5.594326E-02     1.478884E+03
  5.672229E-02     1.488720E+03
  5.751217E-02     1.498583E+03
  5.831305E-02     1.508474E+03
  5.912508E-02     1.518392E+03
  5.994843E-02     1.528337E+03
  6.078323E-02     1.538310E+03
  6.162966E-02     1.548310E+03
  6.248788E-02     1.558340E+03
  6.335805E-02     1.568398E+03
  6.424034E-02     1.578487E+03
  6.513491E-02     1.588607E+03
  6.604194E-02     1.598759E+03
  6.696160E-02     1.608944E+03
  6.789407E-02     1.619163E+03
  6.883952E-02     1.629414E+03
  6.979814E-02     1.639699E+03
  7.077011E-02     1.650017E+03
  7.175561E-02     1.660369E+03
  7.275484E-02     1.670755E+03
  7.376798E-02     1.681176E+03
  7.479523E-02     1.691631E+03
  7.583678E-02     1.702123E+03
  7.689284E-02     1.712652E+03
  7.796360E-02     1.723216E+03
  7.904928E-02     1.733815E+03
  8.015007E-02     1.744448E+03
  8.126619E-02     1.755112E+03
  8.239786E-02     1.765808E+03
  8.354528E-02     1.776534E+03
  8.470868E-02     1.787289E+03
  8.588829E-02     1.798072E+03
  8.708431E-02     1.808882E+03
  8.829700E-02     1.819718E+03
  8.952657E-02     1.830579E+03
  9.077327E-02     1.841462E+03
  9.203732E-02     1.852367E+03
  9.331898E-02     1.863292E+03
  9.461848E-02     1.874235E+03
  9.593608E-02     1.885195E+03
  9.727203E-02     1.896170E+03
  9.862658E-02     1.907158E+03
  1.000000E-01     1.918160E+03
  1.013925E-01     1.929172E+03
  1.028045E-01     1.940193E+03
  1.042361E-01     1.951223E+03
  1.056876E-01     1.962260E+03
  1.071593E-01     1.973303E+03
  1.086516E-01     1.984351E+03
  1.101646E-01     1.995403E+03
  1.116987E-01     2.006458E+03
  1.132541E-01     2.017515E+03
  1.148312E-01     2.028573E+03
  1.164303E-01     2.039632E+03
  1.180517E-01     2.050692E+03
  1.196956E-01     2.061751E+03
  1.213624E-01     2.072810E+03
  1.230524E-01     2.083868E+03
  1.247660E-01     2.094925E+03
  1.265034E-01     2.105981E+03
  1.282650E-01     2.117037E+03
  1.300511E-01     2.128092E+03
  1.318621E-01     2.139149E+03
  1.336984E-01     2.150207E+03
  1.355602E-01     2.161268E+03
  1.374479E-01     2.172332E+03
  1.393619E-01     2.183400E+03
  1.413026E-01     2.194473E+03
  1.432703E-01     2.205554E+03
  1.452654E-01     2.216643E+03
  1.472883E-01     2.227743E+03
  1.493393E-01     2.238856E+03
  1.514189E-01     2.249986E+03
  1.535275E-01     2.261134E+03
  1.556654E-01     2.272305E+03
  1.578331E-01     2.283498E+03
  1.600310E-01     2.294717E+03
  1.622595E-01     2.305963E+03
  1.645191E-01     2.317239E+03
  1.668101E-01     2.328548E+03
  1.691330E-01     2.339894E+03
  1.714882E-01     2.351280E+03
  1.738762E-01     2.362711E+03
  1.762975E-01     2.374191E+03
  1.787526E-01     2.385724E+03
  1.812418E-01     2.397315E+03
  1.837656E-01     2.408967E+03
  1.863246E-01     2.420687E+03
  1.889193E-01     2.432480E+03
  1.915501E-01     2.444351E+03
  1.942175E-01     2.456307E+03
  1.969220E-01     2.468356E+03
  1.996642E-01     2.480505E+03
  2.024447E-01     2.492762E+03
  2.052638E-01     2.505134E+03
  2.081222E-01     2.517624E+03
  2.110203E-01     2.530236E+03
  2.139589E-01     2.542975E+03
  2.169384E-01     2.555845E+03
  2.199593E-01     2.568851E+03
  2.230223E-01     2.581998E+03
  2.261280E-01     2.595292E+03
  2.292769E-01     2.608739E+03
  2.324697E-01     2.622346E+03
  2.357069E-01     2.636115E+03
  2.389893E-01     2.650048E+03
  2.423173E-01     2.664145E+03
  2.456916E-01     2.678405E+03
  2.491130E-01     2.692829E+03
  2.525820E-01     2.707417E+03
  2.560993E-01     2.722168E+03
  2.596656E-01     2.737081E+03
  2.632815E-01     2.752157E+03
  2.669478E-01     2.767395E+03
  2.706652E-01     2.782793E+03
  2.744343E-01     2.798350E+03
  2.782559E-01     2.814066E+03
  2.821308E-01     2.829939E+03
  2.860596E-01     2.845968E+03
  2.900430E-01     2.862149E+03
  2.940820E-01     2.878483E+03
  2.981772E-01     2.894966E+03
  3.023295E-01     2.911596E+03
  3.065395E-01     2.928369E+03
  3.108082E-01     2.945285E+03
  3.151363E-01     2.962340E+03
  3.195248E-01     2.979534E+03
  3.239743E-01     2.996865E+03
  3.284857E-01     3.014332E+03
  3.330600E-01     3.031932E+03
  3.376980E-01     3.049663E+03
  3.424006E-01     3.067524E+03
  3.471687E-01     3.085511E+03
  3.520031E-01     3.103623E+03
  3.569049E-01     3.121856E+03
  3.618750E-01     3.140210E+03
  3.669142E-01     3.158684E+03
  3.720237E-01     3.177278E+03
  3.772042E-01     3.195990E+03
  3.824570E-01     3.214820E+03
  3.877828E-01     3.233768E+03
  3.931829E-01     3.252831E+03
  3.986581E-01     3.272010E+03
  4.042096E-01     3.291304E+03
  4.098384E-01     3.310710E+03
  4.155455E-01     3.330229E+03
  4.213322E-01     3.349859E+03
  4.271994E-01     3.369597E+03
  4.331483E-01     3.389441E+03
  4.391801E-01     3.409391E+03
  4.452959E-01     3.429444E+03
  4.514968E-01     3.449598E+03
  4.577841E-01     3.469852E+03
  4.641589E-01     3.490202E+03
  4.706225E-01     3.510647E+03
  4.771761E-01     3.531184E+03
  4.838210E-01     3.551810E+03
  4.905584E-01     3.572520E+03
  4.973896E-01     3.593311E+03
  5.043159E-01     3.614180E+03
  5.113388E-01     3.635123E+03
  5.184594E-01     3.656134E+03
  5.256791E-01     3.677211E+03
  5.329994E-01     3.698349E+03
  5.404216E-01     3.719542E+03
  5.479472E-01     3.740787E+03
  5.555776E-01     3.762078E+03
  5.633143E-01     3.783409E+03
  5.711586E-01     3.804776E+03
  5.791123E-01     3.826173E+03
  5.871766E-01     3.847593E+03
  5.953533E-01     3.869031E+03
  6.036439E-01     3.890480E+03
  6.120498E-01     3.911933E+03
  6.205729E-01     3.933386E+03
  6.292146E-01     3.954831E+03
  6.379767E-01     3.976264E+03
  6.468608E-01     3.997680E+03
  6.558686E-01     4.019076E+03
  6.650018E-01     4.040445E+03
  6.742622E-01     4.061783E+03
  6.836516E-01     4.083085E+03
  6.931717E-01     4.104347E+03
  7.028244E-01     4.125564E+03
  7.126115E-01     4.146731E+03
  7.225349E-01     4.167842E+03
  7.325965E-01     4.188892E+03
  7.427982E-01     4.209876E+03
  7.531420E-01     4.230789E+03
  7.636298E-01     4.251624E+03
  7.742637E-01     4.272377E+03
  7.850456E-01     4.293042E+03
  7.959777E-01     4.313615E+03
  8.070620E-01     4.334088E+03
  8.183007E-01     4.354459E+03
  8.296959E-01     4.374721E+03
  8.412497E-01     4.394869E+03
  8.529644E-01     4.414897E+03
  8.648423E-01     4.434801E+03
  8.768856E-01     4.454575E+03
  8.890966E-01     4.474214E+03
  9.014776E-01     4.493713E+03
  9.140311E-01     4.513068E+03
  9.267593E-01     4.532274E+03
  9.396648E-01     4.551329E+03
  9.527500E-01     4.570225E+03
  9.660175E-01     4.588960E+03
  9.794697E-01     4.607528E+03
  9.931092E-01     4.625924E+03
  1.006939E+00     4.644143E+03
  1.020961E+00     4.662183E+03
  1.035178E+00     4.680038E+03
  1.049593E+00     4.697706E+03
  1.064209E+00     4.715184E+03
  1.079029E+00     4.732470E+03
  1.094055E+00     4.749559E+03
  1.109290E+00     4.766448E+03
  1.124737E+00     4.783133E+03
  1.140400E+00     4.799610E+03
  1.156280E+00     4.815874E+03
  1.172382E+00     4.831925E+03
  1.188708E+00     4.847759E+03
  1.205261E+00     4.863374E+03
  1.222045E+00     4.878768E+03
  1.239062E+00     4.893943E+03
  1.256317E+00     4.908894E+03
  1.273811E+00     4.923620E+03
  1.291550E+00     4.938116E+03
  1.309535E+00     4.952380E+03
  1.327771E+00     4.966409E+03
  1.346261E+00     4.980201E+03
  1.365008E+00     4.993755E+03
  1.384016E+00     5.007071E+03
  1.403289E+00     5.020147E+03
  1.422830E+00     5.032985E+03
  1.442644E+00     5.045585E+03
  1.462733E+00     5.057944E+03
  1.483103E+00     5.070059E+03
  1.503755E+00     5.081930E+03
  1.524696E+00     5.093553E+03
  1.545928E+00     5.104930E+03
  1.567455E+00     5.116059E+03
  1.589283E+00     5.126941E+03
  1.611414E+00     5.137579E+03
  1.633854E+00     5.147973E+03
  1.656606E+00     5.158127E+03
  1.679675E+00     5.168037E+03
  1.703065E+00     5.177702E+03
  1.726781E+00     5.187120E+03
  1.750827E+00     5.196291E+03
  1.775208E+00     5.205213E+03
  1.799929E+00     5.213889E+03
  1.824993E+00     5.222318E+03
  1.850407E+00     5.230503E+03
  1.876175E+00     5.238446E+03
  1.902301E+00     5.246149E+03
  1.928792E+00     5.253612E+03
  1.955651E+00     5.260833E+03
  1.982884E+00     5.267810E+03
  2.010496E+00     5.274544E+03
  2.038493E+00     5.281035E+03
  2.066880E+00     5.287283E+03
  2.095662E+00     5.293290E+03
  2.124845E+00     5.299059E+03
  2.154435E+00     5.304592E+03
  2.184436E+00     5.309893E+03
  2.214855E+00     5.314960E+03
  2.245698E+00     5.319792E+03
  2.276970E+00     5.324389E+03
  2.308678E+00     5.328750E+03
  2.340827E+00     5.332875E+03
  2.373424E+00     5.336764E+03
  2.406475E+00     5.340420E+03
  2.439986E+00     5.343844E+03
  2.473964E+00     5.347039E+03
  2.508415E+00     5.350007E+03
  2.543346E+00     5.352750E+03
  2.578763E+00     5.355265E+03
  2.614673E+00     5.357552E+03
  2.651084E+00     5.359612E+03
  2.688001E+00     5.361443E+03
  2.725433E+00     5.363048E+03
  2.763385E+00     5.364428E+03
  2.801867E+00     5.365585E+03
  2.840884E+00     5.366523E+03
  2.880444E+00     5.367244E+03
  2.920556E+00     5.367748E+03
  2.961225E+00     5.368035E+03
  3.002462E+00     5.368104E+03
  3.044272E+00     5.367954E+03
  3.086665E+00     5.367586E+03
  3.129648E+00     5.367001E+03
  3.173230E+00     5.366199E+03
  3.217418E+00     5.365183E+03
  3.262222E+00     5.363956E+03
  3.307650E+00     5.362519E+03
  3.353710E+00     5.360873E+03
  3.400412E+00     5.359017E+03
  3.447764E+00     5.356951E+03
  3.495776E+00     5.354675E+03
  3.544456E+00     5.352189E+03
  3.593814E+00     5.349492E+03
  3.643859E+00     5.346588E+03
  3.694601E+00     5.343476E+03
  3.746050E+00     5.340160E+03
  3.798215E+00     5.336642E+03
  3.851107E+00     5.332923E+03
  3.904735E+00     5.329001E+03
  3.959110E+00     5.324876E+03
  4.014242E+00     5.320548E+03
  4.070142E+00     5.316017E+03
  4.126821E+00     5.311283E+03
  4.184289E+00     5.306348E+03
  4.242556E+00     5.301213E+03
  4.301636E+00     5.295879E+03
  4.361538E+00     5.290349E+03
  4.422274E+00     5.284623E+03
  4.483856E+00     5.278702E+03
  4.546295E+00     5.272583E+03
  4.609604E+00     5.266268E+03
  4.673795E+00     5.259756E+03
  4.738880E+00     5.253048E+03
  4.804870E+00     5.246144E+03
  4.871780E+00     5.239046E+03
  4.939622E+00     5.231755E+03
  5.008408E+00     5.224274E+03
  5.078152E+00     5.216603E+03
  5.148867E+00     5.208742E+03
  5.220568E+00     5.200691E+03
  5.293266E+00     5.192449E+03
  5.366977E+00     5.184018E+03
  5.441714E+00     5.175396E+03
  5.517492E+00     5.166586E+03
  5.594326E+00     5.157588E+03
  5.672229E+00     5.148405E+03
  5.751217E+00     5.139037E+03
  5.831305E+00     5.129487E+03
  5.912508E+00     5.119753E+03
  5.994843E+00     5.109837E+03
  6.078323E+00     5.099738E+03
  6.162966E+00     5.089456E+03
  6.248788E+00     5.078992E+03
  6.335805E+00     5.068347E+03
  6.424034E+00     5.057523E+03
  6.513491E+00     5.046520E+03
  6.604194E+00     5.035341E+03
  6.696160E+00     5.023987E+03
  6.789407E+00     5.012458E+03
  6.883952E+00     5.000753E+03
  6.979814E+00     4.988872E+03
  7.077011E+00     4.976817E+03
  7.175561E+00     4.964586E+03
  7.275484E+00     4.952181E+03
  7.376798E+00     4.939602E+03
  7.479523E+00     4.926851E+03
  7.583678E+00     4.913928E+03
  7.689284E+00     4.900835E+03
  7.796360E+00     4.887573E+03
  7.904928E+00     4.874142E+03
  8.015007E+00     4.860543E+03
  8.126619E+00     4.846777E+03
  8.239786E+00     4.832846E+03
  8.354528E+00     4.818751E+03
  8.470868E+00     4.804495E+03
  8.588829E+00     4.790079E+03
  8.708431E+00     4.775506E+03
  8.829700E+00     4.760778E+03
  8.952657E+00     4.745895E+03
  9.077327E+00     4.730859E+03
  9.203732E+00     4.715668E+03
  9.331898E+00     4.700324E+03
  9.461848E+00     4.684827E+03
  9.593608E+00     4.669177E+03
  9.727203E+00     4.653375E+03
  9.862658E+00     4.637423E+03
  1.000000E+01     4.621321E+03
  1.013925E+01     4.605070E+03
  1.028045E+01     4.588672E+03
  1.042361E+01     4.572127E+03
  1.056876E+01     4.555439E+03
  1.071593E+01     4.538608E+03
  1.086516E+01     4.521637E+03
  1.101646E+01     4.504527E+03
  1.116987E+01     4.487282E+03
  1.132541E+01     4.469903E+03
  1.148312E+01     4.452393E+03
  1.164303E+01     4.434756E+03
  1.180517E+01     4.416993E+03
  1.196956E+01     4.399104E+03
  1.213624E+01     4.381091E+03
  1.230524E+01     4.362955E+03
  1.247660E+01     4.344697E+03
  1.265034E+01     4.326317E+03
  1.282650E+01     4.307818E+03
  1.300511E+01     4.289201E+03
  1.318621E+01     4.270467E+03
  1.336984E+01     4.251618E+03
  1.355602E+01     4.232654E+03
  1.374479E+01     4.213579E+03
  1.393619E+01     4.194394E+03
  1.413026E+01     4.175101E+03
  1.432703E+01     4.155702E+03
  1.452654E+01     4.136198E+03
  1.472883E+01     4.116594E+03
  1.493393E+01     4.096890E+03
  1.514189E+01     4.077089E+03
  1.535275E+01     4.057194E+03
  1.556654E+01     4.037206E+03
  1.578331E+01     4.017129E+03
  1.600310E+01     3.996963E+03
  1.622595E+01     3.976711E+03
  1.645191E+01     3.956375E+03
  1.668101E+01     3.935957E+03
  1.691330E+01     3.915460E+03
  1.714882E+01     3.894884E+03
  1.738762E+01     3.874233E+03
  1.762975E+01     3.853509E+03
  1.787526E+01     3.832714E+03
  1.812418E+01     3.811851E+03
  1.837656E+01     3.790920E+03
  1.863246E+01     3.769926E+03
  1.889193E+01     3.748870E+03
  1.915501E+01     3.727754E+03
  1.942175E+01     3.706581E+03
  1.969220E+01     3.685353E+03
  1.996642E+01     3.664072E+03
  2.024447E+01     3.642741E+03
  2.052638E+01     3.621361E+03
  2.081222E+01     3.599935E+03
  2.110203E+01     3.578466E+03
  2.139589E+01     3.556955E+03
  2.169384E+01     3.535406E+03
  2.199593E+01     3.513821E+03
  2.230223E+01     3.492201E+03
  2.261280E+01     3.470550E+03
  2.292769E+01     3.448868E+03
  2.324697E+01     3.427158E+03
  2.357069E+01     3.405422E+03
  2.389893E+01     3.383664E+03
  2.423173E+01     3.361886E+03
  2.456916E+01     3.340090E+03
  2.491130E+01     3.318281E+03
  2.525820E+01     3.296460E+03
  2.560993E+01     3.274631E+03
  2.596656E+01     3.252795E+03
  2.632815E+01     3.230956E+03
  2.669478E+01     3.209115E+03
  2.706652E+01     3.187275E+03
  2.744343E+01     3.165440E+03
  2.782559E+01     3.143611E+03
  2.821308E+01     3.121792E+03
  2.860596E+01     3.099986E+03
  2.900430E+01     3.078194E+03
  2.940820E+01     3.056420E+03
  2.981772E+01     3.034665E+03
  3.023295E+01     3.012932E+03
  3.065395E+01     2.991222E+03
  3.108082E+01     2.969538E+03
  3.151363E+01     2.947881E+03
  3.195248E+01     2.926255E+03
  3.239743E+01     2.904663E+03
  3.284857E+01     2.883107E+03
  3.330600E+01     2.861589E+03
  3.376980E+01     2.840112E+03
  3.424006E+01     2.818676E+03
  3.471687E+01     2.797284E+03
  3.520031E+01     2.775937E+03
  3.569049E+01     2.754635E+03
  3.618750E+01     2.733382E+03
  3.669142E+01     2.712181E+03
  3.720237E+01     2.691035E+03
  3.772042E+01     2.669945E+03
  3.824570E+01     2.648915E+03
  3.877828E+01     2.627945E+03
  3.931829E+01     2.607039E+03
  3.986581E+01     2.586196E+03
  4.042096E+01     2.565418E+03
  4.098384E+01     2.544706E+03
  4.155455E+01     2.524064E+03
  4.213322E+01     2.503493E+03
  4.271994E+01     2.482999E+03
  4.331483E+01     2.462582E+03
  4.391801E+01     2.442247E+03
  4.452959E+01     2.421995E+03
  4.514968E+01     2.401828E+03
  4.577841E+01     2.381749E+03
  4.641589E+01     2.361757E+03
  4.706225E+01     2.341855E+03
  4.771761E+01     2.322044E+03
  4.838210E+01     2.302327E+03
  4.905584E+01     2.282706E+03
  4.973896E+01     2.263183E+03
  5.043159E+01     2.243758E+03
  5.113388E+01     2.224433E+03
  5.184594E+01     2.205207E+03
  5.256791E+01     2.186082E+03
  5.329994E+01     2.167055E+03
  5.404216E+01     2.148126E+03
  5.479472E+01     2.129297E+03
  5.555776E+01     2.110571E+03
  5.633143E+01     2.091950E+03
  5.711586E+01     2.073437E+03
  5.791123E+01     2.055033E+03
  5.871766E+01     2.036740E+03
  5.953533E+01     2.018559E+03
  6.036439E+01     2.000489E+03
  6.120498E+01     1.982532E+03
  6.205729E+01     1.964688E+03
  6.292146E+01     1.946957E+03
  6.379767E+01     1.929342E+03
  6.468608E+01     1.911845E+03
  6.558686E+01     1.894468E+03
  6.650018E+01     1.877212E+03
  6.742622E+01     1.860078E+03
  6.836516E+01     1.843067E+03
  6.931717E+01     1.826177E+03
  7.028244E+01     1.809408E+03
  7.126115E+01     1.792760E+03
  7.225349E+01     1.776233E+03
  7.325965E+01     1.759829E+03
  7.427982E+01     1.743549E+03
  7.531420E+01     1.727395E+03
  7.636298E+01     1.711369E+03
  7.742637E+01     1.695469E+03
  7.850456E+01     1.679696E+03
  7.959777E+01     1.664048E+03
  8.070620E+01     1.648526E+03
  8.183007E+01     1.633126E+03
  8.296959E+01     1.617850E+03
  8.412497E+01     1.602699E+03
  8.529644E+01     1.587675E+03
  8.648423E+01     1.572779E+03
  8.768856E+01     1.558012E+03
  8.890966E+01     1.543374E+03
  9.014776E+01     1.528866E+03
  9.140311E+01     1.514487E+03
  9.267593E+01     1.500235E+03
  9.396648E+01     1.486109E+03
  9.527500E+01     1.472109E+03
  9.660175E+01     1.458237E+03
  9.794697E+01     1.444493E+03
  9.931092E+01     1.430878E+03
  1.006939E+02     1.417393E+03
  1.020961E+02     1.404037E+03
  1.035178E+02     1.390810E+03
  1.049593E+02     1.377710E+03
  1.064209E+02     1.364737E+03
  1.079029E+02     1.351886E+03
  1.094055E+02     1.339158E+03
  1.109290E+02     1.326553E+03
  1.124737E+02     1.314074E+03
  1.140400E+02     1.301719E+03
  1.156280E+02     1.289491E+03
  1.172382E+02     1.277387E+03
  1.188708E+02     1.265409E+03
  1.205261E+02     1.253554E+03
  1.222045E+02     1.241821E+03
  1.239062E+02     1.230207E+03
  1.256317E+02     1.218712E+03
  1.273811E+02     1.207336E+03
  1.291550E+02     1.196080E+03
  1.309535E+02     1.184944E+03
  1.327771E+02     1.173930E+03
  1.346261E+02     1.163036E+03
  1.365008E+02     1.152262E+03
  1.384016E+02     1.141606E+03
  1.403289E+02     1.131067E+03
  1.422830E+02     1.120643E+03
  1.442644E+02     1.110331E+03
  1.462733E+02     1.100133E+03
  1.483103E+02     1.090049E+03
  1.503755E+02     1.080079E+03
  1.524696E+02     1.070224E+03
  1.545928E+02     1.060483E+03
  1.567455E+02     1.050854E+03
  1.589283E+02     1.041336E+03
  1.611414E+02     1.031928E+03
  1.633854E+02     1.022626E+03
  1.656606E+02     1.013429E+03
  1.679675E+02     1.004338E+03
  1.703065E+02     9.953517E+02
  1.726781E+02     9.864718E+02
  1.750827E+02     9.776978E+02
  1.775208E+02     9.690293E+02
  1.799929E+02     9.604654E+02
  1.824993E+02     9.520047E+02
  1.850407E+02     9.436456E+02
  1.876175E+02     9.353855E+02
  1.902301E+02     9.272225E+02
  1.928792E+02     9.191568E+02
  1.955651E+02     9.111891E+02
  1.982884E+02     9.033193E+02
  2.010496E+02     8.955474E+02
  2.038493E+02     8.878729E+02
  2.066880E+02     8.802949E+02
  2.095662E+02     8.728120E+02
  2.124845E+02     8.654226E+02
  2.154435E+02     8.581243E+02
  2.184436E+02     8.509150E+02
  2.214855E+02     8.437949E+02
  2.245698E+02     8.367642E+02
  2.276970E+02     8.298231E+02
  2.308678E+02     8.229715E+02
  2.340827E+02     8.162086E+02
  2.373424E+02     8.095338E+02
  2.406475E+02     8.029457E+02
  2.439986E+02     7.964427E+02
  2.473964E+02     7.900226E+02
  2.508415E+02     7.836834E+02
  2.543346E+02     7.774249E+02
  2.578763E+02     7.712474E+02
  2.614673E+02     7.651510E+02
  2.651084E+02     7.591355E+02
  2.688001E+02     7.532006E+02
  2.725433E+02     7.473453E+02
  2.763385E+02     7.415686E+02
  2.801867E+02     7.358689E+02
  2.840884E+02     7.302444E+02
  2.880444E+02     7.246931E+02
  2.920556E+02     7.192147E+02
  2.961225E+02     7.138093E+02
  3.002462E+02     7.084770E+02
  3.044272E+02     7.032176E+02
  3.086665E+02     6.980308E+02
  3.129648E+02     6.929155E+02
  3.173230E+02     6.878710E+02
  3.217418E+02     6.828957E+02
  3.262222E+02     6.779878E+02
  3.307650E+02     6.731455E+02
  3.353710E+02     6.683684E+02
  3.400412E+02     6.636566E+02
  3.447764E+02     6.590103E+02
  3.495776E+02     6.544295E+02
  3.544456E+02     6.499137E+02
  3.593814E+02     6.454625E+02
  3.643859E+02     6.410751E+02
  3.694601E+02     6.367503E+02
  3.746050E+02     6.324866E+02
  3.798215E+02     6.282826E+02
  3.851107E+02     6.241375E+02
  3.904735E+02     6.200515E+02
  3.959110E+02     6.160248E+02
  4.014242E+02     6.120569E+02
  4.070142E+02     6.081477E+02
  4.126821E+02     6.042963E+02
  4.184289E+02     6.005020E+02
  4.242556E+02     5.967636E+02
  4.301636E+02     5.930796E+02
  4.361538E+02     5.894485E+02
  4.422274E+02     5.858694E+02
  4.483856E+02     5.823427E+02
  4.546295E+02     5.788684E+02
  4.609604E+02     5.754464E+02
  4.673795E+02     5.720766E+02
  4.738880E+02     5.687585E+02
  4.804870E+02     5.654914E+02
  4.871780E+02     5.622746E+02
  4.939622E+02     5.591069E+02
  5.008408E+02     5.559870E+02
  5.078152E+02     5.529142E+02
  5.148867E+02     5.498887E+02
  5.220568E+02     5.469105E+02
  5.293266E+02     5.439794E+02
  5.366977E+02     5.410954E+02
  5.441714E+02     5.382578E+02
  5.517492E+02     5.354661E+02
  5.594326E+02     5.327194E+02
  5.672229E+02     5.300168E+02
  5.751217E+02     5.273569E+02
  5.831305E+02     5.247389E+02
  5.912508E+02     5.221630E+02
  5.994843E+02     5.196292E+02
  6.078323E+02     5.171373E+02
  6.162966E+02     5.146872E+02
  6.248788E+02     5.122784E+02
  6.335805E+02     5.099103E+02
  6.424034E+02     5.075823E+02
  6.513491E+02     5.052934E+02
  6.604194E+02     5.030424E+02
  6.696160E+02     5.008286E+02
  6.789407E+02     4.986520E+02
  6.883952E+02     4.965127E+02
  6.979814E+02     4.944105E+02
  7.077011E+02     4.923454E+02
  7.175561E+02     4.903168E+02
  7.275484E+02     4.883245E+02
  7.376798E+02     4.863676E+02
  7.479523E+02     4.844456E+02
  7.583678E+02     4.825573E+02
  7.689284E+02     4.807021E+02
  7.796360E+02     4.788807E+02
  7.904928E+02     4.770935E+02
  8.015007E+02     4.753413E+02
  8.126619E+02     4.736244E+02
  8.239786E+02     4.719435E+02
  8.354528E+02     4.702989E+02
  8.470868E+02     4.686909E+02
  8.588829E+02     4.671197E+02
  8.708431E+02     4.655856E+02
  8.829700E+02     4.640879E+02
  8.952657E+02     4.626236E+02
  9.077327E+02     4.611887E+02
  9.203732E+02     4.597789E+02
  9.331898E+02     4.583896E+02
  9.461848E+02     4.570155E+02
  9.593608E+02     4.556508E+02
  9.727203E+02     4.542893E+02
  9.862658E+02     4.529241E+02
  1.000000E+03     4.515479E+02
