FILE CREATED BY  : PROGRAM DPASS - VERSION 2.00
DATABASE VERSION : 21.06
DATE AND TIME    : 09/08/2022 23:59:03
PROJECTILE       : Dy
TARGET           : U 
TARGET AT. MASS  : 2.380290E+02
TARGET DENSITY   : 1.895000E+01 g/cm^3
TABULATED OUTPUT : STOPPING FORCE VERSUS ENERGY
DATA TYPE        : SPLINE INTERPOLATED
ABSCISSA UNITS   : MeV/u
ORDINATE UNITS   : eV/nm


      E/n             S(E/n)

  1.000000E-03     1.436689E+03
  1.013925E-03     1.446445E+03
  1.028045E-03     1.456331E+03
  1.042361E-03     1.466340E+03
  1.056876E-03     1.476466E+03
  1.071593E-03     1.486703E+03
  1.086516E-03     1.497043E+03
  1.101646E-03     1.507478E+03
  1.116987E-03     1.518000E+03
  1.132541E-03     1.528597E+03
  1.148312E-03     1.539261E+03
  1.164303E-03     1.549982E+03
  1.180517E-03     1.560758E+03
  1.196956E-03     1.571592E+03
  1.213624E-03     1.582487E+03
  1.230524E-03     1.593445E+03
  1.247660E-03     1.604469E+03
  1.265034E-03     1.615564E+03
  1.282650E-03     1.626731E+03
  1.300511E-03     1.637976E+03
  1.318621E-03     1.649304E+03
  1.336984E-03     1.660717E+03
  1.355602E-03     1.672218E+03
  1.374479E-03     1.683806E+03
  1.393619E-03     1.695482E+03
  1.413026E-03     1.707244E+03
  1.432703E-03     1.719093E+03
  1.452654E-03     1.731028E+03
  1.472883E-03     1.743049E+03
  1.493393E-03     1.755156E+03
  1.514189E-03     1.767349E+03
  1.535275E-03     1.779626E+03
  1.556654E-03     1.791989E+03
  1.578331E-03     1.804438E+03
  1.600310E-03     1.816973E+03
  1.622595E-03     1.829596E+03
  1.645191E-03     1.842306E+03
  1.668101E-03     1.855106E+03
  1.691330E-03     1.867995E+03
  1.714882E-03     1.880975E+03
  1.738762E-03     1.894047E+03
  1.762975E-03     1.907212E+03
  1.787526E-03     1.920471E+03
  1.812418E-03     1.933824E+03
  1.837656E-03     1.947272E+03
  1.863246E-03     1.960816E+03
  1.889193E-03     1.974455E+03
  1.915501E-03     1.988191E+03
  1.942175E-03     2.002025E+03
  1.969220E-03     2.015957E+03
  1.996642E-03     2.029987E+03
  2.024447E-03     2.044118E+03
  2.052638E-03     2.058350E+03
  2.081222E-03     2.072683E+03
  2.110203E-03     2.087118E+03
  2.139589E-03     2.101655E+03
  2.169384E-03     2.116296E+03
  2.199593E-03     2.131041E+03
  2.230223E-03     2.145890E+03
  2.261280E-03     2.160845E+03
  2.292769E-03     2.175907E+03
  2.324697E-03     2.191077E+03
  2.357069E-03     2.206356E+03
  2.389893E-03     2.221744E+03
  2.423173E-03     2.237243E+03
  2.456916E-03     2.252851E+03
  2.491130E-03     2.268571E+03
  2.525820E-03     2.284403E+03
  2.560993E-03     2.300348E+03
  2.596656E-03     2.316407E+03
  2.632815E-03     2.332582E+03
  2.669478E-03     2.348872E+03
  2.706652E-03     2.365279E+03
  2.744343E-03     2.381804E+03
  2.782559E-03     2.398448E+03
  2.821308E-03     2.415210E+03
  2.860596E-03     2.432092E+03
  2.900430E-03     2.449095E+03
  2.940820E-03     2.466220E+03
  2.981772E-03     2.483467E+03
  3.023295E-03     2.500838E+03
  3.065395E-03     2.518333E+03
  3.108082E-03     2.535955E+03
  3.151363E-03     2.553704E+03
  3.195248E-03     2.571580E+03
  3.239743E-03     2.589585E+03
  3.284857E-03     2.607719E+03
  3.330600E-03     2.625983E+03
  3.376980E-03     2.644378E+03
  3.424006E-03     2.662905E+03
  3.471687E-03     2.681567E+03
  3.520031E-03     2.700363E+03
  3.569049E-03     2.719296E+03
  3.618750E-03     2.738366E+03
  3.669142E-03     2.757574E+03
  3.720237E-03     2.776921E+03
  3.772042E-03     2.796407E+03
  3.824570E-03     2.816034E+03
  3.877828E-03     2.835803E+03
  3.931829E-03     2.855715E+03
  3.986581E-03     2.875772E+03
  4.042096E-03     2.895974E+03
  4.098384E-03     2.916323E+03
  4.155455E-03     2.936820E+03
  4.213322E-03     2.957466E+03
  4.271994E-03     2.978262E+03
  4.331483E-03     2.999209E+03
  4.391801E-03     3.020307E+03
  4.452959E-03     3.041559E+03
  4.514968E-03     3.062965E+03
  4.577841E-03     3.084526E+03
  4.641589E-03     3.106245E+03
  4.706225E-03     3.128123E+03
  4.771761E-03     3.150161E+03
  4.838210E-03     3.172359E+03
  4.905584E-03     3.194720E+03
  4.973896E-03     3.217244E+03
  5.043159E-03     3.239932E+03
  5.113388E-03     3.262786E+03
  5.184594E-03     3.285807E+03
  5.256791E-03     3.308997E+03
  5.329994E-03     3.332359E+03
  5.404216E-03     3.355893E+03
  5.479472E-03     3.379600E+03
  5.555776E-03     3.403483E+03
  5.633143E-03     3.427541E+03
  5.711586E-03     3.451775E+03
  5.791123E-03     3.476188E+03
  5.871766E-03     3.500779E+03
  5.953533E-03     3.525551E+03
  6.036439E-03     3.550504E+03
  6.120498E-03     3.575641E+03
  6.205729E-03     3.600964E+03
  6.292146E-03     3.626473E+03
  6.379767E-03     3.652169E+03
  6.468608E-03     3.678055E+03
  6.558686E-03     3.704131E+03
  6.650018E-03     3.730399E+03
  6.742622E-03     3.756861E+03
  6.836516E-03     3.783518E+03
  6.931717E-03     3.810373E+03
  7.028244E-03     3.837428E+03
  7.126115E-03     3.864686E+03
  7.225349E-03     3.892147E+03
  7.325965E-03     3.919813E+03
  7.427982E-03     3.947685E+03
  7.531420E-03     3.975765E+03
  7.636298E-03     4.004054E+03
  7.742637E-03     4.032554E+03
  7.850456E-03     4.061266E+03
  7.959777E-03     4.090192E+03
  8.070620E-03     4.119335E+03
  8.183007E-03     4.148696E+03
  8.296959E-03     4.178278E+03
  8.412497E-03     4.208082E+03
  8.529644E-03     4.238108E+03
  8.648423E-03     4.268359E+03
  8.768856E-03     4.298836E+03
  8.890966E-03     4.329542E+03
  9.014776E-03     4.360477E+03
  9.140311E-03     4.391645E+03
  9.267593E-03     4.423047E+03
  9.396648E-03     4.454686E+03
  9.527500E-03     4.486565E+03
  9.660175E-03     4.518684E+03
  9.794697E-03     4.551045E+03
  9.931092E-03     4.583651E+03
  1.006939E-02     4.616502E+03
  1.020961E-02     4.649601E+03
  1.035178E-02     4.682950E+03
  1.049593E-02     4.716552E+03
  1.064209E-02     4.750409E+03
  1.079029E-02     4.784524E+03
  1.094055E-02     4.818899E+03
  1.109290E-02     4.853536E+03
  1.124737E-02     4.888435E+03
  1.140400E-02     4.923599E+03
  1.156280E-02     4.959029E+03
  1.172382E-02     4.994727E+03
  1.188708E-02     5.030694E+03
  1.205261E-02     5.066933E+03
  1.222045E-02     5.103445E+03
  1.239062E-02     5.140234E+03
  1.256317E-02     5.177302E+03
  1.273811E-02     5.214650E+03
  1.291550E-02     5.252281E+03
  1.309535E-02     5.290197E+03
  1.327771E-02     5.328401E+03
  1.346261E-02     5.366896E+03
  1.365008E-02     5.405684E+03
  1.384016E-02     5.444769E+03
  1.403289E-02     5.484155E+03
  1.422830E-02     5.523845E+03
  1.442644E-02     5.563843E+03
  1.462733E-02     5.604150E+03
  1.483103E-02     5.644768E+03
  1.503755E-02     5.685698E+03
  1.524696E-02     5.726943E+03
  1.545928E-02     5.768505E+03
  1.567455E-02     5.810384E+03
  1.589283E-02     5.852585E+03
  1.611414E-02     5.895109E+03
  1.633854E-02     5.937960E+03
  1.656606E-02     5.981139E+03
  1.679675E-02     6.024649E+03
  1.703065E-02     6.068492E+03
  1.726781E-02     6.112671E+03
  1.750827E-02     6.157188E+03
  1.775208E-02     6.202045E+03
  1.799929E-02     6.247246E+03
  1.824993E-02     6.292794E+03
  1.850407E-02     6.338693E+03
  1.876175E-02     6.384946E+03
  1.902301E-02     6.431557E+03
  1.928792E-02     6.478527E+03
  1.955651E-02     6.525860E+03
  1.982884E-02     6.573557E+03
  2.010496E-02     6.621621E+03
  2.038493E-02     6.670055E+03
  2.066880E-02     6.718860E+03
  2.095662E-02     6.768041E+03
  2.124845E-02     6.817600E+03
  2.154435E-02     6.867541E+03
  2.184436E-02     6.917868E+03
  2.214855E-02     6.968582E+03
  2.245698E-02     7.019687E+03
  2.276970E-02     7.071185E+03
  2.308678E-02     7.123078E+03
  2.340827E-02     7.175369E+03
  2.373424E-02     7.228061E+03
  2.406475E-02     7.281158E+03
  2.439986E-02     7.334664E+03
  2.473964E-02     7.388581E+03
  2.508415E-02     7.442915E+03
  2.543346E-02     7.497667E+03
  2.578763E-02     7.552840E+03
  2.614673E-02     7.608437E+03
  2.651084E-02     7.664459E+03
  2.688001E-02     7.720910E+03
  2.725433E-02     7.777793E+03
  2.763385E-02     7.835111E+03
  2.801867E-02     7.892868E+03
  2.840884E-02     7.951067E+03
  2.880444E-02     8.009712E+03
  2.920556E-02     8.068807E+03
  2.961225E-02     8.128354E+03
  3.002462E-02     8.188355E+03
  3.044272E-02     8.248813E+03
  3.086665E-02     8.309731E+03
  3.129648E-02     8.371113E+03
  3.173230E-02     8.432963E+03
  3.217418E-02     8.495283E+03
  3.262222E-02     8.558079E+03
  3.307650E-02     8.621354E+03
  3.353710E-02     8.685113E+03
  3.400412E-02     8.749356E+03
  3.447764E-02     8.814087E+03
  3.495776E-02     8.879308E+03
  3.544456E-02     8.945022E+03
  3.593814E-02     9.011232E+03
  3.643859E-02     9.077942E+03
  3.694601E-02     9.145155E+03
  3.746050E-02     9.212875E+03
  3.798215E-02     9.281106E+03
  3.851107E-02     9.349852E+03
  3.904735E-02     9.419114E+03
  3.959110E-02     9.488896E+03
  4.014242E-02     9.559200E+03
  4.070142E-02     9.630029E+03
  4.126821E-02     9.701387E+03
  4.184289E-02     9.773276E+03
  4.242556E-02     9.845702E+03
  4.301636E-02     9.918667E+03
  4.361538E-02     9.992178E+03
  4.422274E-02     1.006624E+04
  4.483856E-02     1.014085E+04
  4.546295E-02     1.021601E+04
  4.609604E-02     1.029172E+04
  4.673795E-02     1.036800E+04
  4.738880E-02     1.044483E+04
  4.804870E-02     1.052223E+04
  4.871780E-02     1.060020E+04
  4.939622E-02     1.067874E+04
  5.008408E-02     1.075785E+04
  5.078152E-02     1.083755E+04
  5.148867E-02     1.091783E+04
  5.220568E-02     1.099869E+04
  5.293266E-02     1.108014E+04
  5.366977E-02     1.116219E+04
  5.441714E-02     1.124483E+04
  5.517492E-02     1.132807E+04
  5.594326E-02     1.141191E+04
  5.672229E-02     1.149637E+04
  5.751217E-02     1.158144E+04
  5.831305E-02     1.166713E+04
  5.912508E-02     1.175345E+04
  5.994843E-02     1.184039E+04
  6.078323E-02     1.192796E+04
  6.162966E-02     1.201616E+04
  6.248788E-02     1.210500E+04
  6.335805E-02     1.219447E+04
  6.424034E-02     1.228459E+04
  6.513491E-02     1.237537E+04
  6.604194E-02     1.246679E+04
  6.696160E-02     1.255888E+04
  6.789407E-02     1.265163E+04
  6.883952E-02     1.274504E+04
  6.979814E-02     1.283911E+04
  7.077011E-02     1.293385E+04
  7.175561E-02     1.302927E+04
  7.275484E-02     1.312535E+04
  7.376798E-02     1.322211E+04
  7.479523E-02     1.331955E+04
  7.583678E-02     1.341767E+04
  7.689284E-02     1.351648E+04
  7.796360E-02     1.361597E+04
  7.904928E-02     1.371616E+04
  8.015007E-02     1.381703E+04
  8.126619E-02     1.391859E+04
  8.239786E-02     1.402085E+04
  8.354528E-02     1.412379E+04
  8.470868E-02     1.422744E+04
  8.588829E-02     1.433178E+04
  8.708431E-02     1.443683E+04
  8.829700E-02     1.454257E+04
  8.952657E-02     1.464903E+04
  9.077327E-02     1.475619E+04
  9.203732E-02     1.486406E+04
  9.331898E-02     1.497263E+04
  9.461848E-02     1.508192E+04
  9.593608E-02     1.519192E+04
  9.727203E-02     1.530264E+04
  9.862658E-02     1.541407E+04
  1.000000E-01     1.552623E+04
  1.013925E-01     1.563911E+04
  1.028045E-01     1.575271E+04
  1.042361E-01     1.586705E+04
  1.056876E-01     1.598212E+04
  1.071593E-01     1.609792E+04
  1.086516E-01     1.621446E+04
  1.101646E-01     1.633173E+04
  1.116987E-01     1.644975E+04
  1.132541E-01     1.656852E+04
  1.148312E-01     1.668805E+04
  1.164303E-01     1.680833E+04
  1.180517E-01     1.692937E+04
  1.196956E-01     1.705118E+04
  1.213624E-01     1.717376E+04
  1.230524E-01     1.729711E+04
  1.247660E-01     1.742124E+04
  1.265034E-01     1.754615E+04
  1.282650E-01     1.767184E+04
  1.300511E-01     1.779833E+04
  1.318621E-01     1.792562E+04
  1.336984E-01     1.805372E+04
  1.355602E-01     1.818264E+04
  1.374479E-01     1.831238E+04
  1.393619E-01     1.844294E+04
  1.413026E-01     1.857433E+04
  1.432703E-01     1.870656E+04
  1.452654E-01     1.883964E+04
  1.472883E-01     1.897356E+04
  1.493393E-01     1.910836E+04
  1.514189E-01     1.924403E+04
  1.535275E-01     1.938058E+04
  1.556654E-01     1.951804E+04
  1.578331E-01     1.965639E+04
  1.600310E-01     1.979565E+04
  1.622595E-01     1.993583E+04
  1.645191E-01     2.007693E+04
  1.668101E-01     2.021897E+04
  1.691330E-01     2.036195E+04
  1.714882E-01     2.050589E+04
  1.738762E-01     2.065081E+04
  1.762975E-01     2.079671E+04
  1.787526E-01     2.094361E+04
  1.812418E-01     2.109151E+04
  1.837656E-01     2.124043E+04
  1.863246E-01     2.139036E+04
  1.889193E-01     2.154133E+04
  1.915501E-01     2.169334E+04
  1.942175E-01     2.184641E+04
  1.969220E-01     2.200054E+04
  1.996642E-01     2.215576E+04
  2.024447E-01     2.231208E+04
  2.052638E-01     2.246951E+04
  2.081222E-01     2.262806E+04
  2.110203E-01     2.278774E+04
  2.139589E-01     2.294857E+04
  2.169384E-01     2.311055E+04
  2.199593E-01     2.327371E+04
  2.230223E-01     2.343805E+04
  2.261280E-01     2.360359E+04
  2.292769E-01     2.377036E+04
  2.324697E-01     2.393837E+04
  2.357069E-01     2.410764E+04
  2.389893E-01     2.427818E+04
  2.423173E-01     2.444999E+04
  2.456916E-01     2.462309E+04
  2.491130E-01     2.479749E+04
  2.525820E-01     2.497319E+04
  2.560993E-01     2.515023E+04
  2.596656E-01     2.532860E+04
  2.632815E-01     2.550833E+04
  2.669478E-01     2.568943E+04
  2.706652E-01     2.587191E+04
  2.744343E-01     2.605579E+04
  2.782559E-01     2.624106E+04
  2.821308E-01     2.642774E+04
  2.860596E-01     2.661582E+04
  2.900430E-01     2.680531E+04
  2.940820E-01     2.699622E+04
  2.981772E-01     2.718856E+04
  3.023295E-01     2.738233E+04
  3.065395E-01     2.757755E+04
  3.108082E-01     2.777422E+04
  3.151363E-01     2.797235E+04
  3.195248E-01     2.817193E+04
  3.239743E-01     2.837297E+04
  3.284857E-01     2.857548E+04
  3.330600E-01     2.877946E+04
  3.376980E-01     2.898492E+04
  3.424006E-01     2.919186E+04
  3.471687E-01     2.940029E+04
  3.520031E-01     2.961021E+04
  3.569049E-01     2.982164E+04
  3.618750E-01     3.003456E+04
  3.669142E-01     3.024899E+04
  3.720237E-01     3.046491E+04
  3.772042E-01     3.068233E+04
  3.824570E-01     3.090124E+04
  3.877828E-01     3.112165E+04
  3.931829E-01     3.134355E+04
  3.986581E-01     3.156695E+04
  4.042096E-01     3.179184E+04
  4.098384E-01     3.201822E+04
  4.155455E-01     3.224609E+04
  4.213322E-01     3.247543E+04
  4.271994E-01     3.270622E+04
  4.331483E-01     3.293847E+04
  4.391801E-01     3.317215E+04
  4.452959E-01     3.340725E+04
  4.514968E-01     3.364377E+04
  4.577841E-01     3.388167E+04
  4.641589E-01     3.412096E+04
  4.706225E-01     3.436161E+04
  4.771761E-01     3.460360E+04
  4.838210E-01     3.484689E+04
  4.905584E-01     3.509144E+04
  4.973896E-01     3.533721E+04
  5.043159E-01     3.558417E+04
  5.113388E-01     3.583228E+04
  5.184594E-01     3.608149E+04
  5.256791E-01     3.633175E+04
  5.329994E-01     3.658301E+04
  5.404216E-01     3.683524E+04
  5.479472E-01     3.708838E+04
  5.555776E-01     3.734241E+04
  5.633143E-01     3.759728E+04
  5.711586E-01     3.785294E+04
  5.791123E-01     3.810937E+04
  5.871766E-01     3.836652E+04
  5.953533E-01     3.862435E+04
  6.036439E-01     3.888281E+04
  6.120498E-01     3.914186E+04
  6.205729E-01     3.940145E+04
  6.292146E-01     3.966155E+04
  6.379767E-01     3.992212E+04
  6.468608E-01     4.018312E+04
  6.558686E-01     4.044451E+04
  6.650018E-01     4.070626E+04
  6.742622E-01     4.096833E+04
  6.836516E-01     4.123069E+04
  6.931717E-01     4.149329E+04
  7.028244E-01     4.175611E+04
  7.126115E-01     4.201911E+04
  7.225349E-01     4.228226E+04
  7.325965E-01     4.254552E+04
  7.427982E-01     4.280887E+04
  7.531420E-01     4.307226E+04
  7.636298E-01     4.333567E+04
  7.742637E-01     4.359908E+04
  7.850456E-01     4.386245E+04
  7.959777E-01     4.412577E+04
  8.070620E-01     4.438902E+04
  8.183007E-01     4.465216E+04
  8.296959E-01     4.491519E+04
  8.412497E-01     4.517808E+04
  8.529644E-01     4.544080E+04
  8.648423E-01     4.570334E+04
  8.768856E-01     4.596568E+04
  8.890966E-01     4.622780E+04
  9.014776E-01     4.648970E+04
  9.140311E-01     4.675137E+04
  9.267593E-01     4.701281E+04
  9.396648E-01     4.727402E+04
  9.527500E-01     4.753498E+04
  9.660175E-01     4.779564E+04
  9.794697E-01     4.805594E+04
  9.931092E-01     4.831585E+04
  1.006939E+00     4.857531E+04
  1.020961E+00     4.883428E+04
  1.035178E+00     4.909271E+04
  1.049593E+00     4.935055E+04
  1.064209E+00     4.960777E+04
  1.079029E+00     4.986433E+04
  1.094055E+00     5.012020E+04
  1.109290E+00     5.037537E+04
  1.124737E+00     5.062985E+04
  1.140400E+00     5.088365E+04
  1.156280E+00     5.113678E+04
  1.172382E+00     5.138925E+04
  1.188708E+00     5.164110E+04
  1.205261E+00     5.189237E+04
  1.222045E+00     5.214308E+04
  1.239062E+00     5.239331E+04
  1.256317E+00     5.264306E+04
  1.273811E+00     5.289232E+04
  1.291550E+00     5.314104E+04
  1.309535E+00     5.338921E+04
  1.327771E+00     5.363679E+04
  1.346261E+00     5.388378E+04
  1.365008E+00     5.413013E+04
  1.384016E+00     5.437586E+04
  1.403289E+00     5.462093E+04
  1.422830E+00     5.486535E+04
  1.442644E+00     5.510910E+04
  1.462733E+00     5.535211E+04
  1.483103E+00     5.559432E+04
  1.503755E+00     5.583565E+04
  1.524696E+00     5.607605E+04
  1.545928E+00     5.631544E+04
  1.567455E+00     5.655377E+04
  1.589283E+00     5.679096E+04
  1.611414E+00     5.702695E+04
  1.633854E+00     5.726168E+04
  1.656606E+00     5.749509E+04
  1.679675E+00     5.772710E+04
  1.703065E+00     5.795765E+04
  1.726781E+00     5.818667E+04
  1.750827E+00     5.841409E+04
  1.775208E+00     5.863985E+04
  1.799929E+00     5.886389E+04
  1.824993E+00     5.908615E+04
  1.850407E+00     5.930657E+04
  1.876175E+00     5.952509E+04
  1.902301E+00     5.974166E+04
  1.928792E+00     5.995621E+04
  1.955651E+00     6.016869E+04
  1.982884E+00     6.037904E+04
  2.010496E+00     6.058719E+04
  2.038493E+00     6.079310E+04
  2.066880E+00     6.099673E+04
  2.095662E+00     6.119802E+04
  2.124845E+00     6.139694E+04
  2.154435E+00     6.159345E+04
  2.184436E+00     6.178752E+04
  2.214855E+00     6.197910E+04
  2.245698E+00     6.216816E+04
  2.276970E+00     6.235465E+04
  2.308678E+00     6.253853E+04
  2.340827E+00     6.271978E+04
  2.373424E+00     6.289838E+04
  2.406475E+00     6.307430E+04
  2.439986E+00     6.324755E+04
  2.473964E+00     6.341812E+04
  2.508415E+00     6.358601E+04
  2.543346E+00     6.375120E+04
  2.578763E+00     6.391365E+04
  2.614673E+00     6.407333E+04
  2.651084E+00     6.423022E+04
  2.688001E+00     6.438430E+04
  2.725433E+00     6.453557E+04
  2.763385E+00     6.468402E+04
  2.801867E+00     6.482967E+04
  2.840884E+00     6.497252E+04
  2.880444E+00     6.511262E+04
  2.920556E+00     6.524992E+04
  2.961225E+00     6.538442E+04
  3.002462E+00     6.551608E+04
  3.044272E+00     6.564488E+04
  3.086665E+00     6.577083E+04
  3.129648E+00     6.589391E+04
  3.173230E+00     6.601413E+04
  3.217418E+00     6.613152E+04
  3.262222E+00     6.624608E+04
  3.307650E+00     6.635785E+04
  3.353710E+00     6.646683E+04
  3.400412E+00     6.657298E+04
  3.447764E+00     6.667629E+04
  3.495776E+00     6.677674E+04
  3.544456E+00     6.687432E+04
  3.593814E+00     6.696903E+04
  3.643859E+00     6.706088E+04
  3.694601E+00     6.714989E+04
  3.746050E+00     6.723607E+04
  3.798215E+00     6.731945E+04
  3.851107E+00     6.740004E+04
  3.904735E+00     6.747782E+04
  3.959110E+00     6.755275E+04
  4.014242E+00     6.762483E+04
  4.070142E+00     6.769405E+04
  4.126821E+00     6.776041E+04
  4.184289E+00     6.782391E+04
  4.242556E+00     6.788457E+04
  4.301636E+00     6.794241E+04
  4.361538E+00     6.799746E+04
  4.422274E+00     6.804973E+04
  4.483856E+00     6.809920E+04
  4.546295E+00     6.814584E+04
  4.609604E+00     6.818965E+04
  4.673795E+00     6.823062E+04
  4.738880E+00     6.826875E+04
  4.804870E+00     6.830406E+04
  4.871780E+00     6.833655E+04
  4.939622E+00     6.836625E+04
  5.008408E+00     6.839319E+04
  5.078152E+00     6.841739E+04
  5.148867E+00     6.843882E+04
  5.220568E+00     6.845747E+04
  5.293266E+00     6.847334E+04
  5.366977E+00     6.848641E+04
  5.441714E+00     6.849669E+04
  5.517492E+00     6.850419E+04
  5.594326E+00     6.850893E+04
  5.672229E+00     6.851092E+04
  5.751217E+00     6.851021E+04
  5.831305E+00     6.850680E+04
  5.912508E+00     6.850068E+04
  5.994843E+00     6.849184E+04
  6.078323E+00     6.848028E+04
  6.162966E+00     6.846599E+04
  6.248788E+00     6.844899E+04
  6.335805E+00     6.842928E+04
  6.424034E+00     6.840687E+04
  6.513491E+00     6.838180E+04
  6.604194E+00     6.835410E+04
  6.696160E+00     6.832379E+04
  6.789407E+00     6.829086E+04
  6.883952E+00     6.825529E+04
  6.979814E+00     6.821710E+04
  7.077011E+00     6.817628E+04
  7.175561E+00     6.813283E+04
  7.275484E+00     6.808677E+04
  7.376798E+00     6.803811E+04
  7.479523E+00     6.798689E+04
  7.583678E+00     6.793313E+04
  7.689284E+00     6.787685E+04
  7.796360E+00     6.781806E+04
  7.904928E+00     6.775675E+04
  8.015007E+00     6.769292E+04
  8.126619E+00     6.762658E+04
  8.239786E+00     6.755773E+04
  8.354528E+00     6.748640E+04
  8.470868E+00     6.741261E+04
  8.588829E+00     6.733637E+04
  8.708431E+00     6.725774E+04
  8.829700E+00     6.717673E+04
  8.952657E+00     6.709334E+04
  9.077327E+00     6.700758E+04
  9.203732E+00     6.691943E+04
  9.331898E+00     6.682891E+04
  9.461848E+00     6.673603E+04
  9.593608E+00     6.664079E+04
  9.727203E+00     6.654321E+04
  9.862658E+00     6.644331E+04
  1.000000E+01     6.634113E+04
  1.013925E+01     6.623668E+04
  1.028045E+01     6.612997E+04
  1.042361E+01     6.602100E+04
  1.056876E+01     6.590978E+04
  1.071593E+01     6.579632E+04
  1.086516E+01     6.568062E+04
  1.101646E+01     6.556271E+04
  1.116987E+01     6.544259E+04
  1.132541E+01     6.532031E+04
  1.148312E+01     6.519588E+04
  1.164303E+01     6.506933E+04
  1.180517E+01     6.494068E+04
  1.196956E+01     6.480992E+04
  1.213624E+01     6.467705E+04
  1.230524E+01     6.454207E+04
  1.247660E+01     6.440498E+04
  1.265034E+01     6.426581E+04
  1.282650E+01     6.412456E+04
  1.300511E+01     6.398124E+04
  1.318621E+01     6.383587E+04
  1.336984E+01     6.368847E+04
  1.355602E+01     6.353906E+04
  1.374479E+01     6.338763E+04
  1.393619E+01     6.323421E+04
  1.413026E+01     6.307879E+04
  1.432703E+01     6.292139E+04
  1.452654E+01     6.276203E+04
  1.472883E+01     6.260073E+04
  1.493393E+01     6.243752E+04
  1.514189E+01     6.227241E+04
  1.535275E+01     6.210545E+04
  1.556654E+01     6.193663E+04
  1.578331E+01     6.176597E+04
  1.600310E+01     6.159347E+04
  1.622595E+01     6.141913E+04
  1.645191E+01     6.124296E+04
  1.668101E+01     6.106497E+04
  1.691330E+01     6.088517E+04
  1.714882E+01     6.070358E+04
  1.738762E+01     6.052020E+04
  1.762975E+01     6.033506E+04
  1.787526E+01     6.014816E+04
  1.812418E+01     5.995952E+04
  1.837656E+01     5.976914E+04
  1.863246E+01     5.957703E+04
  1.889193E+01     5.938320E+04
  1.915501E+01     5.918768E+04
  1.942175E+01     5.899047E+04
  1.969220E+01     5.879159E+04
  1.996642E+01     5.859106E+04
  2.024447E+01     5.838889E+04
  2.052638E+01     5.818512E+04
  2.081222E+01     5.797974E+04
  2.110203E+01     5.777276E+04
  2.139589E+01     5.756421E+04
  2.169384E+01     5.735410E+04
  2.199593E+01     5.714243E+04
  2.230223E+01     5.692924E+04
  2.261280E+01     5.671453E+04
  2.292769E+01     5.649832E+04
  2.324697E+01     5.628064E+04
  2.357069E+01     5.606150E+04
  2.389893E+01     5.584093E+04
  2.423173E+01     5.561892E+04
  2.456916E+01     5.539551E+04
  2.491130E+01     5.517070E+04
  2.525820E+01     5.494452E+04
  2.560993E+01     5.471699E+04
  2.596656E+01     5.448812E+04
  2.632815E+01     5.425793E+04
  2.669478E+01     5.402646E+04
  2.706652E+01     5.379371E+04
  2.744343E+01     5.355970E+04
  2.782559E+01     5.332447E+04
  2.821308E+01     5.308802E+04
  2.860596E+01     5.285038E+04
  2.900430E+01     5.261158E+04
  2.940820E+01     5.237163E+04
  2.981772E+01     5.213055E+04
  3.023295E+01     5.188838E+04
  3.065395E+01     5.164513E+04
  3.108082E+01     5.140084E+04
  3.151363E+01     5.115551E+04
  3.195248E+01     5.090918E+04
  3.239743E+01     5.066186E+04
  3.284857E+01     5.041358E+04
  3.330600E+01     5.016437E+04
  3.376980E+01     4.991424E+04
  3.424006E+01     4.966322E+04
  3.471687E+01     4.941133E+04
  3.520031E+01     4.915859E+04
  3.569049E+01     4.890502E+04
  3.618750E+01     4.865066E+04
  3.669142E+01     4.839554E+04
  3.720237E+01     4.813968E+04
  3.772042E+01     4.788312E+04
  3.824570E+01     4.762590E+04
  3.877828E+01     4.736803E+04
  3.931829E+01     4.710955E+04
  3.986581E+01     4.685049E+04
  4.042096E+01     4.659089E+04
  4.098384E+01     4.633076E+04
  4.155455E+01     4.607015E+04
  4.213322E+01     4.580907E+04
  4.271994E+01     4.554757E+04
  4.331483E+01     4.528566E+04
  4.391801E+01     4.502337E+04
  4.452959E+01     4.476073E+04
  4.514968E+01     4.449776E+04
  4.577841E+01     4.423448E+04
  4.641589E+01     4.397093E+04
  4.706225E+01     4.370710E+04
  4.771761E+01     4.344305E+04
  4.838210E+01     4.317880E+04
  4.905584E+01     4.291440E+04
  4.973896E+01     4.264988E+04
  5.043159E+01     4.238526E+04
  5.113388E+01     4.212059E+04
  5.184594E+01     4.185589E+04
  5.256791E+01     4.159120E+04
  5.329994E+01     4.132653E+04
  5.404216E+01     4.106193E+04
  5.479472E+01     4.079741E+04
  5.555776E+01     4.053302E+04
  5.633143E+01     4.026880E+04
  5.711586E+01     4.000477E+04
  5.791123E+01     3.974096E+04
  5.871766E+01     3.947740E+04
  5.953533E+01     3.921413E+04
  6.036439E+01     3.895115E+04
  6.120498E+01     3.868850E+04
  6.205729E+01     3.842618E+04
  6.292146E+01     3.816425E+04
  6.379767E+01     3.790273E+04
  6.468608E+01     3.764166E+04
  6.558686E+01     3.738109E+04
  6.650018E+01     3.712105E+04
  6.742622E+01     3.686156E+04
  6.836516E+01     3.660267E+04
  6.931717E+01     3.634440E+04
  7.028244E+01     3.608677E+04
  7.126115E+01     3.582981E+04
  7.225349E+01     3.557354E+04
  7.325965E+01     3.531799E+04
  7.427982E+01     3.506321E+04
  7.531420E+01     3.480922E+04
  7.636298E+01     3.455604E+04
  7.742637E+01     3.430369E+04
  7.850456E+01     3.405220E+04
  7.959777E+01     3.380157E+04
  8.070620E+01     3.355180E+04
  8.183007E+01     3.330292E+04
  8.296959E+01     3.305493E+04
  8.412497E+01     3.280788E+04
  8.529644E+01     3.256181E+04
  8.648423E+01     3.231675E+04
  8.768856E+01     3.207274E+04
  8.890966E+01     3.182980E+04
  9.014776E+01     3.158796E+04
  9.140311E+01     3.134724E+04
  9.267593E+01     3.110766E+04
  9.396648E+01     3.086922E+04
  9.527500E+01     3.063196E+04
  9.660175E+01     3.039589E+04
  9.794697E+01     3.016106E+04
  9.931092E+01     2.992749E+04
  1.006939E+02     2.969520E+04
  1.020961E+02     2.946420E+04
  1.035178E+02     2.923452E+04
  1.049593E+02     2.900615E+04
  1.064209E+02     2.877910E+04
  1.079029E+02     2.855336E+04
  1.094055E+02     2.832894E+04
  1.109290E+02     2.810587E+04
  1.124737E+02     2.788419E+04
  1.140400E+02     2.766392E+04
  1.156280E+02     2.744509E+04
  1.172382E+02     2.722770E+04
  1.188708E+02     2.701177E+04
  1.205261E+02     2.679732E+04
  1.222045E+02     2.658432E+04
  1.239062E+02     2.637279E+04
  1.256317E+02     2.616272E+04
  1.273811E+02     2.595415E+04
  1.291550E+02     2.574710E+04
  1.309535E+02     2.554159E+04
  1.327771E+02     2.533763E+04
  1.346261E+02     2.513525E+04
  1.365008E+02     2.493444E+04
  1.384016E+02     2.473520E+04
  1.403289E+02     2.453753E+04
  1.422830E+02     2.434141E+04
  1.442644E+02     2.414684E+04
  1.462733E+02     2.395383E+04
  1.483103E+02     2.376242E+04
  1.503755E+02     2.357263E+04
  1.524696E+02     2.338446E+04
  1.545928E+02     2.319793E+04
  1.567455E+02     2.301303E+04
  1.589283E+02     2.282977E+04
  1.611414E+02     2.264813E+04
  1.633854E+02     2.246809E+04
  1.656606E+02     2.228965E+04
  1.679675E+02     2.211282E+04
  1.703065E+02     2.193761E+04
  1.726781E+02     2.176405E+04
  1.750827E+02     2.159214E+04
  1.775208E+02     2.142188E+04
  1.799929E+02     2.125326E+04
  1.824993E+02     2.108628E+04
  1.850407E+02     2.092092E+04
  1.876175E+02     2.075715E+04
  1.902301E+02     2.059495E+04
  1.928792E+02     2.043433E+04
  1.955651E+02     2.027531E+04
  1.982884E+02     2.011791E+04
  2.010496E+02     1.996214E+04
  2.038493E+02     1.980799E+04
  2.066880E+02     1.965546E+04
  2.095662E+02     1.950455E+04
  2.124845E+02     1.935524E+04
  2.154435E+02     1.920750E+04
  2.184436E+02     1.906130E+04
  2.214855E+02     1.891667E+04
  2.245698E+02     1.877362E+04
  2.276970E+02     1.863214E+04
  2.308678E+02     1.849226E+04
  2.340827E+02     1.835396E+04
  2.373424E+02     1.821724E+04
  2.406475E+02     1.808209E+04
  2.439986E+02     1.794848E+04
  2.473964E+02     1.781639E+04
  2.508415E+02     1.768579E+04
  2.543346E+02     1.755669E+04
  2.578763E+02     1.742908E+04
  2.614673E+02     1.730300E+04
  2.651084E+02     1.717842E+04
  2.688001E+02     1.705536E+04
  2.725433E+02     1.693380E+04
  2.763385E+02     1.681373E+04
  2.801867E+02     1.669512E+04
  2.840884E+02     1.657796E+04
  2.880444E+02     1.646220E+04
  2.920556E+02     1.634785E+04
  2.961225E+02     1.623491E+04
  3.002462E+02     1.612340E+04
  3.044272E+02     1.601330E+04
  3.086665E+02     1.590463E+04
  3.129648E+02     1.579736E+04
  3.173230E+02     1.569149E+04
  3.217418E+02     1.558699E+04
  3.262222E+02     1.548384E+04
  3.307650E+02     1.538199E+04
  3.353710E+02     1.528146E+04
  3.400412E+02     1.518224E+04
  3.447764E+02     1.508434E+04
  3.495776E+02     1.498776E+04
  3.544456E+02     1.489249E+04
  3.593814E+02     1.479854E+04
  3.643859E+02     1.470587E+04
  3.694601E+02     1.461449E+04
  3.746050E+02     1.452434E+04
  3.798215E+02     1.443542E+04
  3.851107E+02     1.434771E+04
  3.904735E+02     1.426121E+04
  3.959110E+02     1.417593E+04
  4.014242E+02     1.409187E+04
  4.070142E+02     1.400902E+04
  4.126821E+02     1.392738E+04
  4.184289E+02     1.384693E+04
  4.242556E+02     1.376766E+04
  4.301636E+02     1.368953E+04
  4.361538E+02     1.361252E+04
  4.422274E+02     1.353661E+04
  4.483856E+02     1.346182E+04
  4.546295E+02     1.338815E+04
  4.609604E+02     1.331559E+04
  4.673795E+02     1.324413E+04
  4.738880E+02     1.317378E+04
  4.804870E+02     1.310451E+04
  4.871780E+02     1.303632E+04
  4.939622E+02     1.296916E+04
  5.008408E+02     1.290303E+04
  5.078152E+02     1.283790E+04
  5.148867E+02     1.277378E+04
  5.220568E+02     1.271066E+04
  5.293266E+02     1.264856E+04
  5.366977E+02     1.258745E+04
  5.441714E+02     1.252733E+04
  5.517492E+02     1.246820E+04
  5.594326E+02     1.241002E+04
  5.672229E+02     1.235279E+04
  5.751217E+02     1.229647E+04
  5.831305E+02     1.224104E+04
  5.912508E+02     1.218652E+04
  5.994843E+02     1.213289E+04
  6.078323E+02     1.208017E+04
  6.162966E+02     1.202834E+04
  6.248788E+02     1.197739E+04
  6.335805E+02     1.192732E+04
  6.424034E+02     1.187811E+04
  6.513491E+02     1.182973E+04
  6.604194E+02     1.178218E+04
  6.696160E+02     1.173542E+04
  6.789407E+02     1.168946E+04
  6.883952E+02     1.164430E+04
  6.979814E+02     1.159992E+04
  7.077011E+02     1.155632E+04
  7.175561E+02     1.151350E+04
  7.275484E+02     1.147142E+04
  7.376798E+02     1.143009E+04
  7.479523E+02     1.138946E+04
  7.583678E+02     1.134953E+04
  7.689284E+02     1.131026E+04
  7.796360E+02     1.127167E+04
  7.904928E+02     1.123377E+04
  8.015007E+02     1.119658E+04
  8.126619E+02     1.116011E+04
  8.239786E+02     1.112437E+04
  8.354528E+02     1.108937E+04
  8.470868E+02     1.105512E+04
  8.588829E+02     1.102162E+04
  8.708431E+02     1.098889E+04
  8.829700E+02     1.095689E+04
  8.952657E+02     1.092559E+04
  9.077327E+02     1.089489E+04
  9.203732E+02     1.086470E+04
  9.331898E+02     1.083492E+04
  9.461848E+02     1.080545E+04
  9.593608E+02     1.077616E+04
  9.727203E+02     1.074693E+04
  9.862658E+02     1.071762E+04
  1.000000E+03     1.068805E+04
