FILE CREATED BY  : PROGRAM DPASS - VERSION 2.00
DATABASE VERSION : 21.06
DATE AND TIME    : 10/08/2022 00:01:28
PROJECTILE       : Ho
TARGET           : Ce
TARGET AT. MASS  : 1.401200E+02
TARGET DENSITY   : 6.770000E+00 g/cm^3
TABULATED OUTPUT : STOPPING FORCE VERSUS ENERGY
DATA TYPE        : SPLINE INTERPOLATED
ABSCISSA UNITS   : MeV/u
ORDINATE UNITS   : eV/nm


      E/n             S(E/n)

  1.000000E-03     6.785228E+02
  1.013925E-03     6.831488E+02
  1.028045E-03     6.878361E+02
  1.042361E-03     6.925822E+02
  1.056876E-03     6.973844E+02
  1.071593E-03     7.022395E+02
  1.086516E-03     7.071443E+02
  1.101646E-03     7.120951E+02
  1.116987E-03     7.170880E+02
  1.132541E-03     7.221185E+02
  1.148312E-03     7.271819E+02
  1.164303E-03     7.322740E+02
  1.180517E-03     7.373942E+02
  1.196956E-03     7.425435E+02
  1.213624E-03     7.477229E+02
  1.230524E-03     7.529334E+02
  1.247660E-03     7.581764E+02
  1.265034E-03     7.634532E+02
  1.282650E-03     7.687653E+02
  1.300511E-03     7.741142E+02
  1.318621E-03     7.795019E+02
  1.336984E-03     7.849300E+02
  1.355602E-03     7.903991E+02
  1.374479E-03     7.959093E+02
  1.393619E-03     8.014607E+02
  1.413026E-03     8.070531E+02
  1.432703E-03     8.126869E+02
  1.452654E-03     8.183619E+02
  1.472883E-03     8.240783E+02
  1.493393E-03     8.298362E+02
  1.514189E-03     8.356357E+02
  1.535275E-03     8.414769E+02
  1.556654E-03     8.473600E+02
  1.578331E-03     8.532851E+02
  1.600310E-03     8.592527E+02
  1.622595E-03     8.652628E+02
  1.645191E-03     8.713159E+02
  1.668101E-03     8.774122E+02
  1.691330E-03     8.835522E+02
  1.714882E-03     8.897362E+02
  1.738762E-03     8.959646E+02
  1.762975E-03     9.022381E+02
  1.787526E-03     9.085568E+02
  1.812418E-03     9.149211E+02
  1.837656E-03     9.213314E+02
  1.863246E-03     9.277879E+02
  1.889193E-03     9.342910E+02
  1.915501E-03     9.408411E+02
  1.942175E-03     9.474387E+02
  1.969220E-03     9.540843E+02
  1.996642E-03     9.607784E+02
  2.024447E-03     9.675216E+02
  2.052638E-03     9.743142E+02
  2.081222E-03     9.811566E+02
  2.110203E-03     9.880490E+02
  2.139589E-03     9.949915E+02
  2.169384E-03     1.001985E+03
  2.199593E-03     1.009029E+03
  2.230223E-03     1.016124E+03
  2.261280E-03     1.023271E+03
  2.292769E-03     1.030469E+03
  2.324697E-03     1.037721E+03
  2.357069E-03     1.045025E+03
  2.389893E-03     1.052383E+03
  2.423173E-03     1.059794E+03
  2.456916E-03     1.067259E+03
  2.491130E-03     1.074779E+03
  2.525820E-03     1.082353E+03
  2.560993E-03     1.089983E+03
  2.596656E-03     1.097669E+03
  2.632815E-03     1.105411E+03
  2.669478E-03     1.113211E+03
  2.706652E-03     1.121068E+03
  2.744343E-03     1.128983E+03
  2.782559E-03     1.136956E+03
  2.821308E-03     1.144989E+03
  2.860596E-03     1.153080E+03
  2.900430E-03     1.161231E+03
  2.940820E-03     1.169442E+03
  2.981772E-03     1.177713E+03
  3.023295E-03     1.186045E+03
  3.065395E-03     1.194439E+03
  3.108082E-03     1.202896E+03
  3.151363E-03     1.211414E+03
  3.195248E-03     1.219996E+03
  3.239743E-03     1.228642E+03
  3.284857E-03     1.237351E+03
  3.330600E-03     1.246125E+03
  3.376980E-03     1.254963E+03
  3.424006E-03     1.263867E+03
  3.471687E-03     1.272838E+03
  3.520031E-03     1.281875E+03
  3.569049E-03     1.290980E+03
  3.618750E-03     1.300153E+03
  3.669142E-03     1.309395E+03
  3.720237E-03     1.318705E+03
  3.772042E-03     1.328085E+03
  3.824570E-03     1.337534E+03
  3.877828E-03     1.347054E+03
  3.931829E-03     1.356644E+03
  3.986581E-03     1.366307E+03
  4.042096E-03     1.376041E+03
  4.098384E-03     1.385849E+03
  4.155455E-03     1.395729E+03
  4.213322E-03     1.405684E+03
  4.271994E-03     1.415714E+03
  4.331483E-03     1.425819E+03
  4.391801E-03     1.436000E+03
  4.452959E-03     1.446258E+03
  4.514968E-03     1.456593E+03
  4.577841E-03     1.467007E+03
  4.641589E-03     1.477500E+03
  4.706225E-03     1.488074E+03
  4.771761E-03     1.498729E+03
  4.838210E-03     1.509465E+03
  4.905584E-03     1.520283E+03
  4.973896E-03     1.531184E+03
  5.043159E-03     1.542166E+03
  5.113388E-03     1.553233E+03
  5.184594E-03     1.564383E+03
  5.256791E-03     1.575618E+03
  5.329994E-03     1.586937E+03
  5.404216E-03     1.598343E+03
  5.479472E-03     1.609836E+03
  5.555776E-03     1.621415E+03
  5.633143E-03     1.633083E+03
  5.711586E-03     1.644839E+03
  5.791123E-03     1.656685E+03
  5.871766E-03     1.668620E+03
  5.953533E-03     1.680647E+03
  6.036439E-03     1.692766E+03
  6.120498E-03     1.704978E+03
  6.205729E-03     1.717285E+03
  6.292146E-03     1.729687E+03
  6.379767E-03     1.742184E+03
  6.468608E-03     1.754778E+03
  6.558686E-03     1.767469E+03
  6.650018E-03     1.780257E+03
  6.742622E-03     1.793144E+03
  6.836516E-03     1.806131E+03
  6.931717E-03     1.819218E+03
  7.028244E-03     1.832406E+03
  7.126115E-03     1.845697E+03
  7.225349E-03     1.859091E+03
  7.325965E-03     1.872589E+03
  7.427982E-03     1.886191E+03
  7.531420E-03     1.899899E+03
  7.636298E-03     1.913713E+03
  7.742637E-03     1.927634E+03
  7.850456E-03     1.941664E+03
  7.959777E-03     1.955802E+03
  8.070620E-03     1.970050E+03
  8.183007E-03     1.984409E+03
  8.296959E-03     1.998881E+03
  8.412497E-03     2.013465E+03
  8.529644E-03     2.028164E+03
  8.648423E-03     2.042976E+03
  8.768856E-03     2.057905E+03
  8.890966E-03     2.072949E+03
  9.014776E-03     2.088112E+03
  9.140311E-03     2.103392E+03
  9.267593E-03     2.118793E+03
  9.396648E-03     2.134315E+03
  9.527500E-03     2.149960E+03
  9.660175E-03     2.165727E+03
  9.794697E-03     2.181618E+03
  9.931092E-03     2.197634E+03
  1.006939E-02     2.213776E+03
  1.020961E-02     2.230044E+03
  1.035178E-02     2.246440E+03
  1.049593E-02     2.262964E+03
  1.064209E-02     2.279619E+03
  1.079029E-02     2.296406E+03
  1.094055E-02     2.313325E+03
  1.109290E-02     2.330377E+03
  1.124737E-02     2.347564E+03
  1.140400E-02     2.364886E+03
  1.156280E-02     2.382345E+03
  1.172382E-02     2.399941E+03
  1.188708E-02     2.417676E+03
  1.205261E-02     2.435550E+03
  1.222045E-02     2.453566E+03
  1.239062E-02     2.471725E+03
  1.256317E-02     2.490028E+03
  1.273811E-02     2.508476E+03
  1.291550E-02     2.527070E+03
  1.309535E-02     2.545811E+03
  1.327771E-02     2.564699E+03
  1.346261E-02     2.583736E+03
  1.365008E-02     2.602924E+03
  1.384016E-02     2.622262E+03
  1.403289E-02     2.641754E+03
  1.422830E-02     2.661399E+03
  1.442644E-02     2.681200E+03
  1.462733E-02     2.701157E+03
  1.483103E-02     2.721272E+03
  1.503755E-02     2.741545E+03
  1.524696E-02     2.761978E+03
  1.545928E-02     2.782572E+03
  1.567455E-02     2.803328E+03
  1.589283E-02     2.824249E+03
  1.611414E-02     2.845334E+03
  1.633854E-02     2.866587E+03
  1.656606E-02     2.888009E+03
  1.679675E-02     2.909600E+03
  1.703065E-02     2.931361E+03
  1.726781E-02     2.953295E+03
  1.750827E-02     2.975401E+03
  1.775208E-02     2.997681E+03
  1.799929E-02     3.020136E+03
  1.824993E-02     3.042768E+03
  1.850407E-02     3.065578E+03
  1.876175E-02     3.088567E+03
  1.902301E-02     3.111737E+03
  1.928792E-02     3.135090E+03
  1.955651E-02     3.158626E+03
  1.982884E-02     3.182346E+03
  2.010496E-02     3.206252E+03
  2.038493E-02     3.230344E+03
  2.066880E-02     3.254625E+03
  2.095662E-02     3.279095E+03
  2.124845E-02     3.303757E+03
  2.154435E-02     3.328611E+03
  2.184436E-02     3.353661E+03
  2.214855E-02     3.378906E+03
  2.245698E-02     3.404348E+03
  2.276970E-02     3.429988E+03
  2.308678E-02     3.455827E+03
  2.340827E-02     3.481866E+03
  2.373424E-02     3.508107E+03
  2.406475E-02     3.534552E+03
  2.439986E-02     3.561200E+03
  2.473964E-02     3.588056E+03
  2.508415E-02     3.615119E+03
  2.543346E-02     3.642392E+03
  2.578763E-02     3.669874E+03
  2.614673E-02     3.697568E+03
  2.651084E-02     3.725475E+03
  2.688001E-02     3.753595E+03
  2.725433E-02     3.781930E+03
  2.763385E-02     3.810481E+03
  2.801867E-02     3.839251E+03
  2.840884E-02     3.868240E+03
  2.880444E-02     3.897451E+03
  2.920556E-02     3.926885E+03
  2.961225E-02     3.956542E+03
  3.002462E-02     3.986424E+03
  3.044272E-02     4.016532E+03
  3.086665E-02     4.046867E+03
  3.129648E-02     4.077431E+03
  3.173230E-02     4.108226E+03
  3.217418E-02     4.139252E+03
  3.262222E-02     4.170511E+03
  3.307650E-02     4.202007E+03
  3.353710E-02     4.233739E+03
  3.400412E-02     4.265708E+03
  3.447764E-02     4.297917E+03
  3.495776E-02     4.330366E+03
  3.544456E-02     4.363057E+03
  3.593814E-02     4.395990E+03
  3.643859E-02     4.429167E+03
  3.694601E-02     4.462591E+03
  3.746050E-02     4.496262E+03
  3.798215E-02     4.530184E+03
  3.851107E-02     4.564357E+03
  3.904735E-02     4.598782E+03
  3.959110E-02     4.633460E+03
  4.014242E-02     4.668394E+03
  4.070142E-02     4.703583E+03
  4.126821E-02     4.739030E+03
  4.184289E-02     4.774735E+03
  4.242556E-02     4.810702E+03
  4.301636E-02     4.846932E+03
  4.361538E-02     4.883426E+03
  4.422274E-02     4.920187E+03
  4.483856E-02     4.957215E+03
  4.546295E-02     4.994512E+03
  4.609604E-02     5.032079E+03
  4.673795E-02     5.069917E+03
  4.738880E-02     5.108028E+03
  4.804870E-02     5.146413E+03
  4.871780E-02     5.185074E+03
  4.939622E-02     5.224013E+03
  5.008408E-02     5.263233E+03
  5.078152E-02     5.302735E+03
  5.148867E-02     5.342519E+03
  5.220568E-02     5.382588E+03
  5.293266E-02     5.422941E+03
  5.366977E-02     5.463581E+03
  5.441714E-02     5.504508E+03
  5.517492E-02     5.545725E+03
  5.594326E-02     5.587233E+03
  5.672229E-02     5.629033E+03
  5.751217E-02     5.671129E+03
  5.831305E-02     5.713521E+03
  5.912508E-02     5.756212E+03
  5.994843E-02     5.799203E+03
  6.078323E-02     5.842496E+03
  6.162966E-02     5.886093E+03
  6.248788E-02     5.929996E+03
  6.335805E-02     5.974208E+03
  6.424034E-02     6.018731E+03
  6.513491E-02     6.063569E+03
  6.604194E-02     6.108725E+03
  6.696160E-02     6.154202E+03
  6.789407E-02     6.200001E+03
  6.883952E-02     6.246123E+03
  6.979814E-02     6.292570E+03
  7.077011E-02     6.339343E+03
  7.175561E-02     6.386444E+03
  7.275484E-02     6.433875E+03
  7.376798E-02     6.481639E+03
  7.479523E-02     6.529737E+03
  7.583678E-02     6.578174E+03
  7.689284E-02     6.626949E+03
  7.796360E-02     6.676066E+03
  7.904928E-02     6.725522E+03
  8.015007E-02     6.775319E+03
  8.126619E-02     6.825457E+03
  8.239786E-02     6.875937E+03
  8.354528E-02     6.926759E+03
  8.470868E-02     6.977923E+03
  8.588829E-02     7.029432E+03
  8.708431E-02     7.081285E+03
  8.829700E-02     7.133484E+03
  8.952657E-02     7.186028E+03
  9.077327E-02     7.238918E+03
  9.203732E-02     7.292152E+03
  9.331898E-02     7.345731E+03
  9.461848E-02     7.399654E+03
  9.593608E-02     7.453922E+03
  9.727203E-02     7.508534E+03
  9.862658E-02     7.563492E+03
  1.000000E-01     7.618795E+03
  1.013925E-01     7.674444E+03
  1.028045E-01     7.730439E+03
  1.042361E-01     7.786779E+03
  1.056876E-01     7.843466E+03
  1.071593E-01     7.900498E+03
  1.086516E-01     7.957877E+03
  1.101646E-01     8.015602E+03
  1.116987E-01     8.073674E+03
  1.132541E-01     8.132096E+03
  1.148312E-01     8.190867E+03
  1.164303E-01     8.249989E+03
  1.180517E-01     8.309464E+03
  1.196956E-01     8.369291E+03
  1.213624E-01     8.429471E+03
  1.230524E-01     8.490005E+03
  1.247660E-01     8.550895E+03
  1.265034E-01     8.612143E+03
  1.282650E-01     8.673750E+03
  1.300511E-01     8.735718E+03
  1.318621E-01     8.798052E+03
  1.336984E-01     8.860753E+03
  1.355602E-01     8.923825E+03
  1.374479E-01     8.987270E+03
  1.393619E-01     9.051091E+03
  1.413026E-01     9.115290E+03
  1.432703E-01     9.179872E+03
  1.452654E-01     9.244841E+03
  1.472883E-01     9.310202E+03
  1.493393E-01     9.375960E+03
  1.514189E-01     9.442122E+03
  1.535275E-01     9.508694E+03
  1.556654E-01     9.575681E+03
  1.578331E-01     9.643085E+03
  1.600310E-01     9.710911E+03
  1.622595E-01     9.779162E+03
  1.645191E-01     9.847842E+03
  1.668101E-01     9.916958E+03
  1.691330E-01     9.986514E+03
  1.714882E-01     1.005652E+04
  1.738762E-01     1.012697E+04
  1.762975E-01     1.019789E+04
  1.787526E-01     1.026928E+04
  1.812418E-01     1.034114E+04
  1.837656E-01     1.041348E+04
  1.863246E-01     1.048630E+04
  1.889193E-01     1.055961E+04
  1.915501E-01     1.063342E+04
  1.942175E-01     1.070773E+04
  1.969220E-01     1.078255E+04
  1.996642E-01     1.085789E+04
  2.024447E-01     1.093377E+04
  2.052638E-01     1.101019E+04
  2.081222E-01     1.108715E+04
  2.110203E-01     1.116468E+04
  2.139589E-01     1.124277E+04
  2.169384E-01     1.132143E+04
  2.199593E-01     1.140069E+04
  2.230223E-01     1.148054E+04
  2.261280E-01     1.156101E+04
  2.292769E-01     1.164210E+04
  2.324697E-01     1.172383E+04
  2.357069E-01     1.180622E+04
  2.389893E-01     1.188926E+04
  2.423173E-01     1.197296E+04
  2.456916E-01     1.205732E+04
  2.491130E-01     1.214234E+04
  2.525820E-01     1.222804E+04
  2.560993E-01     1.231441E+04
  2.596656E-01     1.240146E+04
  2.632815E-01     1.248920E+04
  2.669478E-01     1.257762E+04
  2.706652E-01     1.266674E+04
  2.744343E-01     1.275655E+04
  2.782559E-01     1.284706E+04
  2.821308E-01     1.293827E+04
  2.860596E-01     1.303018E+04
  2.900430E-01     1.312280E+04
  2.940820E-01     1.321611E+04
  2.981772E-01     1.331014E+04
  3.023295E-01     1.340487E+04
  3.065395E-01     1.350032E+04
  3.108082E-01     1.359648E+04
  3.151363E-01     1.369336E+04
  3.195248E-01     1.379095E+04
  3.239743E-01     1.388926E+04
  3.284857E-01     1.398828E+04
  3.330600E-01     1.408803E+04
  3.376980E-01     1.418849E+04
  3.424006E-01     1.428968E+04
  3.471687E-01     1.439159E+04
  3.520031E-01     1.449422E+04
  3.569049E-01     1.459758E+04
  3.618750E-01     1.470166E+04
  3.669142E-01     1.480647E+04
  3.720237E-01     1.491199E+04
  3.772042E-01     1.501823E+04
  3.824570E-01     1.512518E+04
  3.877828E-01     1.523285E+04
  3.931829E-01     1.534122E+04
  3.986581E-01     1.545030E+04
  4.042096E-01     1.556008E+04
  4.098384E-01     1.567057E+04
  4.155455E-01     1.578175E+04
  4.213322E-01     1.589362E+04
  4.271994E-01     1.600617E+04
  4.331483E-01     1.611940E+04
  4.391801E-01     1.623331E+04
  4.452959E-01     1.634788E+04
  4.514968E-01     1.646311E+04
  4.577841E-01     1.657900E+04
  4.641589E-01     1.669554E+04
  4.706225E-01     1.681272E+04
  4.771761E-01     1.693052E+04
  4.838210E-01     1.704893E+04
  4.905584E-01     1.716792E+04
  4.973896E-01     1.728749E+04
  5.043159E-01     1.740759E+04
  5.113388E-01     1.752822E+04
  5.184594E-01     1.764934E+04
  5.256791E-01     1.777094E+04
  5.329994E-01     1.789299E+04
  5.404216E-01     1.801545E+04
  5.479472E-01     1.813832E+04
  5.555776E-01     1.826156E+04
  5.633143E-01     1.838517E+04
  5.711586E-01     1.850911E+04
  5.791123E-01     1.863338E+04
  5.871766E-01     1.875794E+04
  5.953533E-01     1.888278E+04
  6.036439E-01     1.900788E+04
  6.120498E-01     1.913321E+04
  6.205729E-01     1.925876E+04
  6.292146E-01     1.938451E+04
  6.379767E-01     1.951046E+04
  6.468608E-01     1.963662E+04
  6.558686E-01     1.976298E+04
  6.650018E-01     1.988954E+04
  6.742622E-01     2.001632E+04
  6.836516E-01     2.014333E+04
  6.931717E-01     2.027056E+04
  7.028244E-01     2.039803E+04
  7.126115E-01     2.052576E+04
  7.225349E-01     2.065374E+04
  7.325965E-01     2.078195E+04
  7.427982E-01     2.091037E+04
  7.531420E-01     2.103900E+04
  7.636298E-01     2.116782E+04
  7.742637E-01     2.129681E+04
  7.850456E-01     2.142596E+04
  7.959777E-01     2.155525E+04
  8.070620E-01     2.168468E+04
  8.183007E-01     2.181422E+04
  8.296959E-01     2.194387E+04
  8.412497E-01     2.207359E+04
  8.529644E-01     2.220336E+04
  8.648423E-01     2.233317E+04
  8.768856E-01     2.246299E+04
  8.890966E-01     2.259279E+04
  9.014776E-01     2.272255E+04
  9.140311E-01     2.285226E+04
  9.267593E-01     2.298188E+04
  9.396648E-01     2.311140E+04
  9.527500E-01     2.324080E+04
  9.660175E-01     2.337004E+04
  9.794697E-01     2.349912E+04
  9.931092E-01     2.362800E+04
  1.006939E+00     2.375667E+04
  1.020961E+00     2.388511E+04
  1.035178E+00     2.401329E+04
  1.049593E+00     2.414120E+04
  1.064209E+00     2.426883E+04
  1.079029E+00     2.439615E+04
  1.094055E+00     2.452315E+04
  1.109290E+00     2.464979E+04
  1.124737E+00     2.477605E+04
  1.140400E+00     2.490191E+04
  1.156280E+00     2.502733E+04
  1.172382E+00     2.515229E+04
  1.188708E+00     2.527676E+04
  1.205261E+00     2.540073E+04
  1.222045E+00     2.552416E+04
  1.239062E+00     2.564704E+04
  1.256317E+00     2.576935E+04
  1.273811E+00     2.589104E+04
  1.291550E+00     2.601211E+04
  1.309535E+00     2.613251E+04
  1.327771E+00     2.625223E+04
  1.346261E+00     2.637123E+04
  1.365008E+00     2.648950E+04
  1.384016E+00     2.660702E+04
  1.403289E+00     2.672376E+04
  1.422830E+00     2.683971E+04
  1.442644E+00     2.695484E+04
  1.462733E+00     2.706914E+04
  1.483103E+00     2.718256E+04
  1.503755E+00     2.729508E+04
  1.524696E+00     2.740669E+04
  1.545928E+00     2.751735E+04
  1.567455E+00     2.762704E+04
  1.589283E+00     2.773575E+04
  1.611414E+00     2.784345E+04
  1.633854E+00     2.795013E+04
  1.656606E+00     2.805578E+04
  1.679675E+00     2.816037E+04
  1.703065E+00     2.826386E+04
  1.726781E+00     2.836624E+04
  1.750827E+00     2.846749E+04
  1.775208E+00     2.856757E+04
  1.799929E+00     2.866648E+04
  1.824993E+00     2.876419E+04
  1.850407E+00     2.886069E+04
  1.876175E+00     2.895598E+04
  1.902301E+00     2.905003E+04
  1.928792E+00     2.914284E+04
  1.955651E+00     2.923437E+04
  1.982884E+00     2.932459E+04
  2.010496E+00     2.941351E+04
  2.038493E+00     2.950108E+04
  2.066880E+00     2.958731E+04
  2.095662E+00     2.967219E+04
  2.124845E+00     2.975570E+04
  2.154435E+00     2.983784E+04
  2.184436E+00     2.991861E+04
  2.214855E+00     2.999799E+04
  2.245698E+00     3.007597E+04
  2.276970E+00     3.015252E+04
  2.308678E+00     3.022763E+04
  2.340827E+00     3.030130E+04
  2.373424E+00     3.037351E+04
  2.406475E+00     3.044426E+04
  2.439986E+00     3.051355E+04
  2.473964E+00     3.058140E+04
  2.508415E+00     3.064780E+04
  2.543346E+00     3.071274E+04
  2.578763E+00     3.077622E+04
  2.614673E+00     3.083822E+04
  2.651084E+00     3.089873E+04
  2.688001E+00     3.095776E+04
  2.725433E+00     3.101530E+04
  2.763385E+00     3.107136E+04
  2.801867E+00     3.112595E+04
  2.840884E+00     3.117908E+04
  2.880444E+00     3.123078E+04
  2.920556E+00     3.128103E+04
  2.961225E+00     3.132983E+04
  3.002462E+00     3.137717E+04
  3.044272E+00     3.142306E+04
  3.086665E+00     3.146748E+04
  3.129648E+00     3.151046E+04
  3.173230E+00     3.155199E+04
  3.217418E+00     3.159209E+04
  3.262222E+00     3.163078E+04
  3.307650E+00     3.166808E+04
  3.353710E+00     3.170400E+04
  3.400412E+00     3.173853E+04
  3.447764E+00     3.177167E+04
  3.495776E+00     3.180342E+04
  3.544456E+00     3.183379E+04
  3.593814E+00     3.186279E+04
  3.643859E+00     3.189042E+04
  3.694601E+00     3.191672E+04
  3.746050E+00     3.194170E+04
  3.798215E+00     3.196539E+04
  3.851107E+00     3.198780E+04
  3.904735E+00     3.200893E+04
  3.959110E+00     3.202877E+04
  4.014242E+00     3.204733E+04
  4.070142E+00     3.206461E+04
  4.126821E+00     3.208061E+04
  4.184289E+00     3.209536E+04
  4.242556E+00     3.210887E+04
  4.301636E+00     3.212116E+04
  4.361538E+00     3.213225E+04
  4.422274E+00     3.214216E+04
  4.483856E+00     3.215088E+04
  4.546295E+00     3.215841E+04
  4.609604E+00     3.216475E+04
  4.673795E+00     3.216990E+04
  4.738880E+00     3.217389E+04
  4.804870E+00     3.217670E+04
  4.871780E+00     3.217837E+04
  4.939622E+00     3.217890E+04
  5.008408E+00     3.217832E+04
  5.078152E+00     3.217665E+04
  5.148867E+00     3.217387E+04
  5.220568E+00     3.216998E+04
  5.293266E+00     3.216499E+04
  5.366977E+00     3.215890E+04
  5.441714E+00     3.215171E+04
  5.517492E+00     3.214343E+04
  5.594326E+00     3.213407E+04
  5.672229E+00     3.212364E+04
  5.751217E+00     3.211216E+04
  5.831305E+00     3.209965E+04
  5.912508E+00     3.208609E+04
  5.994843E+00     3.207148E+04
  6.078323E+00     3.205582E+04
  6.162966E+00     3.203911E+04
  6.248788E+00     3.202135E+04
  6.335805E+00     3.200255E+04
  6.424034E+00     3.198271E+04
  6.513491E+00     3.196183E+04
  6.604194E+00     3.193994E+04
  6.696160E+00     3.191704E+04
  6.789407E+00     3.189313E+04
  6.883952E+00     3.186820E+04
  6.979814E+00     3.184226E+04
  7.077011E+00     3.181531E+04
  7.175561E+00     3.178735E+04
  7.275484E+00     3.175839E+04
  7.376798E+00     3.172845E+04
  7.479523E+00     3.169752E+04
  7.583678E+00     3.166562E+04
  7.689284E+00     3.163277E+04
  7.796360E+00     3.159896E+04
  7.904928E+00     3.156418E+04
  8.015007E+00     3.152843E+04
  8.126619E+00     3.149170E+04
  8.239786E+00     3.145399E+04
  8.354528E+00     3.141529E+04
  8.470868E+00     3.137562E+04
  8.588829E+00     3.133496E+04
  8.708431E+00     3.129332E+04
  8.829700E+00     3.125070E+04
  8.952657E+00     3.120711E+04
  9.077327E+00     3.116253E+04
  9.203732E+00     3.111697E+04
  9.331898E+00     3.107043E+04
  9.461848E+00     3.102291E+04
  9.593608E+00     3.097440E+04
  9.727203E+00     3.092493E+04
  9.862658E+00     3.087449E+04
  1.000000E+01     3.082308E+04
  1.013925E+01     3.077073E+04
  1.028045E+01     3.071743E+04
  1.042361E+01     3.066317E+04
  1.056876E+01     3.060796E+04
  1.071593E+01     3.055178E+04
  1.086516E+01     3.049466E+04
  1.101646E+01     3.043658E+04
  1.116987E+01     3.037755E+04
  1.132541E+01     3.031758E+04
  1.148312E+01     3.025667E+04
  1.164303E+01     3.019483E+04
  1.180517E+01     3.013205E+04
  1.196956E+01     3.006835E+04
  1.213624E+01     3.000371E+04
  1.230524E+01     2.993814E+04
  1.247660E+01     2.987163E+04
  1.265034E+01     2.980420E+04
  1.282650E+01     2.973585E+04
  1.300511E+01     2.966658E+04
  1.318621E+01     2.959640E+04
  1.336984E+01     2.952531E+04
  1.355602E+01     2.945332E+04
  1.374479E+01     2.938042E+04
  1.393619E+01     2.930662E+04
  1.413026E+01     2.923191E+04
  1.432703E+01     2.915629E+04
  1.452654E+01     2.907977E+04
  1.472883E+01     2.900235E+04
  1.493393E+01     2.892403E+04
  1.514189E+01     2.884482E+04
  1.535275E+01     2.876471E+04
  1.556654E+01     2.868372E+04
  1.578331E+01     2.860184E+04
  1.600310E+01     2.851908E+04
  1.622595E+01     2.843545E+04
  1.645191E+01     2.835095E+04
  1.668101E+01     2.826558E+04
  1.691330E+01     2.817936E+04
  1.714882E+01     2.809229E+04
  1.738762E+01     2.800438E+04
  1.762975E+01     2.791565E+04
  1.787526E+01     2.782609E+04
  1.812418E+01     2.773571E+04
  1.837656E+01     2.764452E+04
  1.863246E+01     2.755251E+04
  1.889193E+01     2.745969E+04
  1.915501E+01     2.736606E+04
  1.942175E+01     2.727162E+04
  1.969220E+01     2.717639E+04
  1.996642E+01     2.708036E+04
  2.024447E+01     2.698354E+04
  2.052638E+01     2.688593E+04
  2.081222E+01     2.678755E+04
  2.110203E+01     2.668840E+04
  2.139589E+01     2.658848E+04
  2.169384E+01     2.648781E+04
  2.199593E+01     2.638639E+04
  2.230223E+01     2.628424E+04
  2.261280E+01     2.618136E+04
  2.292769E+01     2.607776E+04
  2.324697E+01     2.597346E+04
  2.357069E+01     2.586846E+04
  2.389893E+01     2.576277E+04
  2.423173E+01     2.565640E+04
  2.456916E+01     2.554935E+04
  2.491130E+01     2.544163E+04
  2.525820E+01     2.533325E+04
  2.560993E+01     2.522420E+04
  2.596656E+01     2.511451E+04
  2.632815E+01     2.500418E+04
  2.669478E+01     2.489322E+04
  2.706652E+01     2.478162E+04
  2.744343E+01     2.466942E+04
  2.782559E+01     2.455661E+04
  2.821308E+01     2.444320E+04
  2.860596E+01     2.432922E+04
  2.900430E+01     2.421466E+04
  2.940820E+01     2.409955E+04
  2.981772E+01     2.398390E+04
  3.023295E+01     2.386771E+04
  3.065395E+01     2.375101E+04
  3.108082E+01     2.363380E+04
  3.151363E+01     2.351609E+04
  3.195248E+01     2.339791E+04
  3.239743E+01     2.327924E+04
  3.284857E+01     2.316012E+04
  3.330600E+01     2.304053E+04
  3.376980E+01     2.292051E+04
  3.424006E+01     2.280004E+04
  3.471687E+01     2.267915E+04
  3.520031E+01     2.255785E+04
  3.569049E+01     2.243613E+04
  3.618750E+01     2.231403E+04
  3.669142E+01     2.219154E+04
  3.720237E+01     2.206870E+04
  3.772042E+01     2.194552E+04
  3.824570E+01     2.182202E+04
  3.877828E+01     2.169820E+04
  3.931829E+01     2.157410E+04
  3.986581E+01     2.144972E+04
  4.042096E+01     2.132508E+04
  4.098384E+01     2.120021E+04
  4.155455E+01     2.107511E+04
  4.213322E+01     2.094980E+04
  4.271994E+01     2.082430E+04
  4.331483E+01     2.069861E+04
  4.391801E+01     2.057276E+04
  4.452959E+01     2.044675E+04
  4.514968E+01     2.032060E+04
  4.577841E+01     2.019432E+04
  4.641589E+01     2.006792E+04
  4.706225E+01     1.994140E+04
  4.771761E+01     1.981480E+04
  4.838210E+01     1.968812E+04
  4.905584E+01     1.956138E+04
  4.973896E+01     1.943460E+04
  5.043159E+01     1.930779E+04
  5.113388E+01     1.918097E+04
  5.184594E+01     1.905416E+04
  5.256791E+01     1.892736E+04
  5.329994E+01     1.880059E+04
  5.404216E+01     1.867387E+04
  5.479472E+01     1.854720E+04
  5.555776E+01     1.842062E+04
  5.633143E+01     1.829412E+04
  5.711586E+01     1.816774E+04
  5.791123E+01     1.804148E+04
  5.871766E+01     1.791536E+04
  5.953533E+01     1.778939E+04
  6.036439E+01     1.766359E+04
  6.120498E+01     1.753796E+04
  6.205729E+01     1.741251E+04
  6.292146E+01     1.728726E+04
  6.379767E+01     1.716223E+04
  6.468608E+01     1.703744E+04
  6.558686E+01     1.691291E+04
  6.650018E+01     1.678866E+04
  6.742622E+01     1.666470E+04
  6.836516E+01     1.654105E+04
  6.931717E+01     1.641773E+04
  7.028244E+01     1.629473E+04
  7.126115E+01     1.617209E+04
  7.225349E+01     1.604981E+04
  7.325965E+01     1.592790E+04
  7.427982E+01     1.580639E+04
  7.531420E+01     1.568529E+04
  7.636298E+01     1.556462E+04
  7.742637E+01     1.544437E+04
  7.850456E+01     1.532456E+04
  7.959777E+01     1.520520E+04
  8.070620E+01     1.508630E+04
  8.183007E+01     1.496784E+04
  8.296959E+01     1.484986E+04
  8.412497E+01     1.473235E+04
  8.529644E+01     1.461536E+04
  8.648423E+01     1.449888E+04
  8.768856E+01     1.438294E+04
  8.890966E+01     1.426756E+04
  9.014776E+01     1.415273E+04
  9.140311E+01     1.403848E+04
  9.267593E+01     1.392481E+04
  9.396648E+01     1.381173E+04
  9.527500E+01     1.369924E+04
  9.660175E+01     1.358737E+04
  9.794697E+01     1.347612E+04
  9.931092E+01     1.336550E+04
  1.006939E+02     1.325554E+04
  1.020961E+02     1.314623E+04
  1.035178E+02     1.303757E+04
  1.049593E+02     1.292958E+04
  1.064209E+02     1.282225E+04
  1.079029E+02     1.271557E+04
  1.094055E+02     1.260955E+04
  1.109290E+02     1.250420E+04
  1.124737E+02     1.239955E+04
  1.140400E+02     1.229560E+04
  1.156280E+02     1.219236E+04
  1.172382E+02     1.208984E+04
  1.188708E+02     1.198806E+04
  1.205261E+02     1.188701E+04
  1.222045E+02     1.178669E+04
  1.239062E+02     1.168710E+04
  1.256317E+02     1.158825E+04
  1.273811E+02     1.149014E+04
  1.291550E+02     1.139279E+04
  1.309535E+02     1.129621E+04
  1.327771E+02     1.120041E+04
  1.346261E+02     1.110539E+04
  1.365008E+02     1.101115E+04
  1.384016E+02     1.091770E+04
  1.403289E+02     1.082502E+04
  1.422830E+02     1.073311E+04
  1.442644E+02     1.064197E+04
  1.462733E+02     1.055161E+04
  1.483103E+02     1.046204E+04
  1.503755E+02     1.037326E+04
  1.524696E+02     1.028529E+04
  1.545928E+02     1.019812E+04
  1.567455E+02     1.011176E+04
  1.589283E+02     1.002621E+04
  1.611414E+02     9.941448E+03
  1.633854E+02     9.857477E+03
  1.656606E+02     9.774287E+03
  1.679675E+02     9.691886E+03
  1.703065E+02     9.610283E+03
  1.726781E+02     9.529483E+03
  1.750827E+02     9.449490E+03
  1.775208E+02     9.370305E+03
  1.799929E+02     9.291925E+03
  1.824993E+02     9.214346E+03
  1.850407E+02     9.137556E+03
  1.876175E+02     9.061545E+03
  1.902301E+02     8.986301E+03
  1.928792E+02     8.911830E+03
  1.955651E+02     8.838141E+03
  1.982884E+02     8.765237E+03
  2.010496E+02     8.693124E+03
  2.038493E+02     8.621799E+03
  2.066880E+02     8.551262E+03
  2.095662E+02     8.481506E+03
  2.124845E+02     8.412522E+03
  2.154435E+02     8.344297E+03
  2.184436E+02     8.276819E+03
  2.214855E+02     8.210093E+03
  2.245698E+02     8.144123E+03
  2.276970E+02     8.078915E+03
  2.308678E+02     8.014470E+03
  2.340827E+02     7.950787E+03
  2.373424E+02     7.887862E+03
  2.406475E+02     7.825689E+03
  2.439986E+02     7.764256E+03
  2.473964E+02     7.703552E+03
  2.508415E+02     7.643561E+03
  2.543346E+02     7.584285E+03
  2.578763E+02     7.525729E+03
  2.614673E+02     7.467896E+03
  2.651084E+02     7.410786E+03
  2.688001E+02     7.354397E+03
  2.725433E+02     7.298725E+03
  2.763385E+02     7.243762E+03
  2.801867E+02     7.189497E+03
  2.840884E+02     7.135917E+03
  2.880444E+02     7.083005E+03
  2.920556E+02     7.030762E+03
  2.961225E+02     6.979190E+03
  3.002462E+02     6.928292E+03
  3.044272E+02     6.878068E+03
  3.086665E+02     6.828516E+03
  3.129648E+02     6.779629E+03
  3.173230E+02     6.731402E+03
  3.217418E+02     6.683822E+03
  3.262222E+02     6.636877E+03
  3.307650E+02     6.590551E+03
  3.353710E+02     6.544840E+03
  3.400412E+02     6.499748E+03
  3.447764E+02     6.455277E+03
  3.495776E+02     6.411426E+03
  3.544456E+02     6.368192E+03
  3.593814E+02     6.325570E+03
  3.643859E+02     6.283552E+03
  3.694601E+02     6.242130E+03
  3.746050E+02     6.201289E+03
  3.798215E+02     6.161014E+03
  3.851107E+02     6.121302E+03
  3.904735E+02     6.082154E+03
  3.959110E+02     6.043572E+03
  4.014242E+02     6.005556E+03
  4.070142E+02     5.968102E+03
  4.126821E+02     5.931207E+03
  4.184289E+02     5.894864E+03
  4.242556E+02     5.859064E+03
  4.301636E+02     5.823795E+03
  4.361538E+02     5.789043E+03
  4.422274E+02     5.754803E+03
  4.483856E+02     5.721076E+03
  4.546295E+02     5.687863E+03
  4.609604E+02     5.655163E+03
  4.673795E+02     5.622975E+03
  4.738880E+02     5.591293E+03
  4.804870E+02     5.560110E+03
  4.871780E+02     5.529419E+03
  4.939622E+02     5.499209E+03
  5.008408E+02     5.469465E+03
  5.078152E+02     5.440182E+03
  5.148867E+02     5.411361E+03
  5.220568E+02     5.383001E+03
  5.293266E+02     5.355102E+03
  5.366977E+02     5.327662E+03
  5.441714E+02     5.300676E+03
  5.517492E+02     5.274138E+03
  5.594326E+02     5.248039E+03
  5.672229E+02     5.222371E+03
  5.751217E+02     5.197120E+03
  5.831305E+02     5.172279E+03
  5.912508E+02     5.147849E+03
  5.994843E+02     5.123831E+03
  6.078323E+02     5.100222E+03
  6.162966E+02     5.077022E+03
  6.248788E+02     5.054226E+03
  6.335805E+02     5.031829E+03
  6.424034E+02     5.009823E+03
  6.513491E+02     4.988201E+03
  6.604194E+02     4.966951E+03
  6.696160E+02     4.946064E+03
  6.789407E+02     4.925541E+03
  6.883952E+02     4.905380E+03
  6.979814E+02     4.885578E+03
  7.077011E+02     4.866133E+03
  7.175561E+02     4.847038E+03
  7.275484E+02     4.828287E+03
  7.376798E+02     4.809872E+03
  7.479523E+02     4.791783E+03
  7.583678E+02     4.774008E+03
  7.689284E+02     4.756539E+03
  7.796360E+02     4.739380E+03
  7.904928E+02     4.722538E+03
  8.015007E+02     4.706018E+03
  8.126619E+02     4.689826E+03
  8.239786E+02     4.673966E+03
  8.354528E+02     4.658442E+03
  8.470868E+02     4.643257E+03
  8.588829E+02     4.628414E+03
  8.708431E+02     4.613916E+03
  8.829700E+02     4.599756E+03
  8.952657E+02     4.585905E+03
  9.077327E+02     4.572328E+03
  9.203732E+02     4.558984E+03
  9.331898E+02     4.545829E+03
  9.461848E+02     4.532814E+03
  9.593608E+02     4.519885E+03
  9.727203E+02     4.506983E+03
  9.862658E+02     4.494045E+03
  1.000000E+03     4.481000E+03
