FILE CREATED BY  : PROGRAM DPASS - VERSION 2.00
DATABASE VERSION : 21.06
DATE AND TIME    : 10/08/2022 00:01:43
PROJECTILE       : Ho
TARGET           : Gd
TARGET AT. MASS  : 1.572500E+02
TARGET DENSITY   : 7.895000E+00 g/cm^3
TABULATED OUTPUT : STOPPING FORCE VERSUS ENERGY
DATA TYPE        : SPLINE INTERPOLATED
ABSCISSA UNITS   : MeV/u
ORDINATE UNITS   : eV/nm


      E/n             S(E/n)

  1.000000E-03     8.127214E+02
  1.013925E-03     8.182615E+02
  1.028045E-03     8.238750E+02
  1.042361E-03     8.295585E+02
  1.056876E-03     8.353088E+02
  1.071593E-03     8.411219E+02
  1.086516E-03     8.469936E+02
  1.101646E-03     8.529196E+02
  1.116987E-03     8.588946E+02
  1.132541E-03     8.649133E+02
  1.148312E-03     8.709698E+02
  1.164303E-03     8.770588E+02
  1.180517E-03     8.831797E+02
  1.196956E-03     8.893339E+02
  1.213624E-03     8.955229E+02
  1.230524E-03     9.017484E+02
  1.247660E-03     9.080122E+02
  1.265034E-03     9.143162E+02
  1.282650E-03     9.206627E+02
  1.300511E-03     9.270541E+02
  1.318621E-03     9.334928E+02
  1.336984E-03     9.399815E+02
  1.355602E-03     9.465208E+02
  1.374479E-03     9.531105E+02
  1.393619E-03     9.597503E+02
  1.413026E-03     9.664399E+02
  1.432703E-03     9.731791E+02
  1.452654E-03     9.799675E+02
  1.472883E-03     9.868049E+02
  1.493393E-03     9.936907E+02
  1.514189E-03     1.000625E+03
  1.535275E-03     1.007607E+03
  1.556654E-03     1.014636E+03
  1.578331E-03     1.021715E+03
  1.600310E-03     1.028842E+03
  1.622595E-03     1.036019E+03
  1.645191E-03     1.043246E+03
  1.668101E-03     1.050523E+03
  1.691330E-03     1.057853E+03
  1.714882E-03     1.065235E+03
  1.738762E-03     1.072671E+03
  1.762975E-03     1.080161E+03
  1.787526E-03     1.087706E+03
  1.812418E-03     1.095306E+03
  1.837656E-03     1.102962E+03
  1.863246E-03     1.110673E+03
  1.889193E-03     1.118440E+03
  1.915501E-03     1.126262E+03
  1.942175E-03     1.134141E+03
  1.969220E-03     1.142076E+03
  1.996642E-03     1.150068E+03
  2.024447E-03     1.158118E+03
  2.052638E-03     1.166224E+03
  2.081222E-03     1.174389E+03
  2.110203E-03     1.182611E+03
  2.139589E-03     1.190892E+03
  2.169384E-03     1.199233E+03
  2.199593E-03     1.207633E+03
  2.230223E-03     1.216093E+03
  2.261280E-03     1.224614E+03
  2.292769E-03     1.233197E+03
  2.324697E-03     1.241842E+03
  2.357069E-03     1.250550E+03
  2.389893E-03     1.259321E+03
  2.423173E-03     1.268156E+03
  2.456916E-03     1.277055E+03
  2.491130E-03     1.286017E+03
  2.525820E-03     1.295045E+03
  2.560993E-03     1.304138E+03
  2.596656E-03     1.313296E+03
  2.632815E-03     1.322521E+03
  2.669478E-03     1.331812E+03
  2.706652E-03     1.341172E+03
  2.744343E-03     1.350598E+03
  2.782559E-03     1.360094E+03
  2.821308E-03     1.369658E+03
  2.860596E-03     1.379291E+03
  2.900430E-03     1.388994E+03
  2.940820E-03     1.398767E+03
  2.981772E-03     1.408612E+03
  3.023295E-03     1.418528E+03
  3.065395E-03     1.428518E+03
  3.108082E-03     1.438580E+03
  3.151363E-03     1.448717E+03
  3.195248E-03     1.458927E+03
  3.239743E-03     1.469212E+03
  3.284857E-03     1.479572E+03
  3.330600E-03     1.490008E+03
  3.376980E-03     1.500520E+03
  3.424006E-03     1.511108E+03
  3.471687E-03     1.521773E+03
  3.520031E-03     1.532516E+03
  3.569049E-03     1.543338E+03
  3.618750E-03     1.554239E+03
  3.669142E-03     1.565220E+03
  3.720237E-03     1.576281E+03
  3.772042E-03     1.587423E+03
  3.824570E-03     1.598646E+03
  3.877828E-03     1.609951E+03
  3.931829E-03     1.621340E+03
  3.986581E-03     1.632812E+03
  4.042096E-03     1.644370E+03
  4.098384E-03     1.656013E+03
  4.155455E-03     1.667743E+03
  4.213322E-03     1.679559E+03
  4.271994E-03     1.691463E+03
  4.331483E-03     1.703455E+03
  4.391801E-03     1.715535E+03
  4.452959E-03     1.727704E+03
  4.514968E-03     1.739964E+03
  4.577841E-03     1.752314E+03
  4.641589E-03     1.764755E+03
  4.706225E-03     1.777289E+03
  4.771761E-03     1.789916E+03
  4.838210E-03     1.802636E+03
  4.905584E-03     1.815451E+03
  4.973896E-03     1.828361E+03
  5.043159E-03     1.841366E+03
  5.113388E-03     1.854468E+03
  5.184594E-03     1.867667E+03
  5.256791E-03     1.880964E+03
  5.329994E-03     1.894361E+03
  5.404216E-03     1.907858E+03
  5.479472E-03     1.921456E+03
  5.555776E-03     1.935156E+03
  5.633143E-03     1.948959E+03
  5.711586E-03     1.962864E+03
  5.791123E-03     1.976873E+03
  5.871766E-03     1.990986E+03
  5.953533E-03     2.005205E+03
  6.036439E-03     2.019530E+03
  6.120498E-03     2.033963E+03
  6.205729E-03     2.048504E+03
  6.292146E-03     2.063154E+03
  6.379767E-03     2.077914E+03
  6.468608E-03     2.092785E+03
  6.558686E-03     2.107767E+03
  6.650018E-03     2.122861E+03
  6.742622E-03     2.138069E+03
  6.836516E-03     2.153392E+03
  6.931717E-03     2.168829E+03
  7.028244E-03     2.184384E+03
  7.126115E-03     2.200056E+03
  7.225349E-03     2.215848E+03
  7.325965E-03     2.231759E+03
  7.427982E-03     2.247791E+03
  7.531420E-03     2.263943E+03
  7.636298E-03     2.280218E+03
  7.742637E-03     2.296616E+03
  7.850456E-03     2.313137E+03
  7.959777E-03     2.329784E+03
  8.070620E-03     2.346557E+03
  8.183007E-03     2.363457E+03
  8.296959E-03     2.380487E+03
  8.412497E-03     2.397645E+03
  8.529644E-03     2.414934E+03
  8.648423E-03     2.432353E+03
  8.768856E-03     2.449905E+03
  8.890966E-03     2.467590E+03
  9.014776E-03     2.485409E+03
  9.140311E-03     2.503364E+03
  9.267593E-03     2.521456E+03
  9.396648E-03     2.539686E+03
  9.527500E-03     2.558055E+03
  9.660175E-03     2.576565E+03
  9.794697E-03     2.595216E+03
  9.931092E-03     2.614009E+03
  1.006939E-02     2.632945E+03
  1.020961E-02     2.652026E+03
  1.035178E-02     2.671251E+03
  1.049593E-02     2.690624E+03
  1.064209E-02     2.710145E+03
  1.079029E-02     2.729815E+03
  1.094055E-02     2.749636E+03
  1.109290E-02     2.769609E+03
  1.124737E-02     2.789734E+03
  1.140400E-02     2.810013E+03
  1.156280E-02     2.830447E+03
  1.172382E-02     2.851037E+03
  1.188708E-02     2.871784E+03
  1.205261E-02     2.892690E+03
  1.222045E-02     2.913755E+03
  1.239062E-02     2.934983E+03
  1.256317E-02     2.956373E+03
  1.273811E-02     2.977928E+03
  1.291550E-02     2.999648E+03
  1.309535E-02     3.021533E+03
  1.327771E-02     3.043586E+03
  1.346261E-02     3.065807E+03
  1.365008E-02     3.088197E+03
  1.384016E-02     3.110758E+03
  1.403289E-02     3.133491E+03
  1.422830E-02     3.156399E+03
  1.442644E-02     3.179482E+03
  1.462733E-02     3.202741E+03
  1.483103E-02     3.226179E+03
  1.503755E-02     3.249795E+03
  1.524696E-02     3.273591E+03
  1.545928E-02     3.297569E+03
  1.567455E-02     3.321730E+03
  1.589283E-02     3.346075E+03
  1.611414E-02     3.370608E+03
  1.633854E-02     3.395329E+03
  1.656606E-02     3.420240E+03
  1.679675E-02     3.445343E+03
  1.703065E-02     3.470637E+03
  1.726781E-02     3.496125E+03
  1.750827E-02     3.521807E+03
  1.775208E-02     3.547685E+03
  1.799929E-02     3.573759E+03
  1.824993E-02     3.600031E+03
  1.850407E-02     3.626503E+03
  1.876175E-02     3.653175E+03
  1.902301E-02     3.680050E+03
  1.928792E-02     3.707129E+03
  1.955651E-02     3.734413E+03
  1.982884E-02     3.761902E+03
  2.010496E-02     3.789599E+03
  2.038493E-02     3.817504E+03
  2.066880E-02     3.845620E+03
  2.095662E-02     3.873947E+03
  2.124845E-02     3.902488E+03
  2.154435E-02     3.931244E+03
  2.184436E-02     3.960217E+03
  2.214855E-02     3.989409E+03
  2.245698E-02     4.018820E+03
  2.276970E-02     4.048453E+03
  2.308678E-02     4.078307E+03
  2.340827E-02     4.108384E+03
  2.373424E-02     4.138686E+03
  2.406475E-02     4.169214E+03
  2.439986E-02     4.199970E+03
  2.473964E-02     4.230956E+03
  2.508415E-02     4.262174E+03
  2.543346E-02     4.293625E+03
  2.578763E-02     4.325310E+03
  2.614673E-02     4.357230E+03
  2.651084E-02     4.389385E+03
  2.688001E-02     4.421779E+03
  2.725433E-02     4.454411E+03
  2.763385E-02     4.487283E+03
  2.801867E-02     4.520397E+03
  2.840884E-02     4.553756E+03
  2.880444E-02     4.587360E+03
  2.920556E-02     4.621210E+03
  2.961225E-02     4.655309E+03
  3.002462E-02     4.689657E+03
  3.044272E-02     4.724255E+03
  3.086665E-02     4.759105E+03
  3.129648E-02     4.794208E+03
  3.173230E-02     4.829566E+03
  3.217418E-02     4.865180E+03
  3.262222E-02     4.901053E+03
  3.307650E-02     4.937186E+03
  3.353710E-02     4.973581E+03
  3.400412E-02     5.010239E+03
  3.447764E-02     5.047162E+03
  3.495776E-02     5.084349E+03
  3.544456E-02     5.121803E+03
  3.593814E-02     5.159524E+03
  3.643859E-02     5.197515E+03
  3.694601E-02     5.235778E+03
  3.746050E-02     5.274313E+03
  3.798215E-02     5.313124E+03
  3.851107E-02     5.352212E+03
  3.904735E-02     5.391577E+03
  3.959110E-02     5.431221E+03
  4.014242E-02     5.471145E+03
  4.070142E-02     5.511351E+03
  4.126821E-02     5.551839E+03
  4.184289E-02     5.592611E+03
  4.242556E-02     5.633671E+03
  4.301636E-02     5.675018E+03
  4.361538E-02     5.716656E+03
  4.422274E-02     5.758587E+03
  4.483856E-02     5.800810E+03
  4.546295E-02     5.843328E+03
  4.609604E-02     5.886142E+03
  4.673795E-02     5.929252E+03
  4.738880E-02     5.972661E+03
  4.804870E-02     6.016370E+03
  4.871780E-02     6.060381E+03
  4.939622E-02     6.104696E+03
  5.008408E-02     6.149318E+03
  5.078152E-02     6.194248E+03
  5.148867E-02     6.239488E+03
  5.220568E-02     6.285038E+03
  5.293266E-02     6.330900E+03
  5.366977E-02     6.377074E+03
  5.441714E-02     6.423563E+03
  5.517492E-02     6.470367E+03
  5.594326E-02     6.517490E+03
  5.672229E-02     6.564933E+03
  5.751217E-02     6.612698E+03
  5.831305E-02     6.660788E+03
  5.912508E-02     6.709204E+03
  5.994843E-02     6.757948E+03
  6.078323E-02     6.807022E+03
  6.162966E-02     6.856426E+03
  6.248788E-02     6.906165E+03
  6.335805E-02     6.956240E+03
  6.424034E-02     7.006654E+03
  6.513491E-02     7.057411E+03
  6.604194E-02     7.108514E+03
  6.696160E-02     7.159966E+03
  6.789407E-02     7.211768E+03
  6.883952E-02     7.263922E+03
  6.979814E-02     7.316429E+03
  7.077011E-02     7.369290E+03
  7.175561E-02     7.422509E+03
  7.275484E-02     7.476087E+03
  7.376798E-02     7.530026E+03
  7.479523E-02     7.584330E+03
  7.583678E-02     7.639002E+03
  7.689284E-02     7.694043E+03
  7.796360E-02     7.749456E+03
  7.904928E-02     7.805239E+03
  8.015007E-02     7.861393E+03
  8.126619E-02     7.917919E+03
  8.239786E-02     7.974817E+03
  8.354528E-02     8.032088E+03
  8.470868E-02     8.089733E+03
  8.588829E-02     8.147754E+03
  8.708431E-02     8.206151E+03
  8.829700E-02     8.264926E+03
  8.952657E-02     8.324079E+03
  9.077327E-02     8.383609E+03
  9.203732E-02     8.443518E+03
  9.331898E-02     8.503804E+03
  9.461848E-02     8.564469E+03
  9.593608E-02     8.625513E+03
  9.727203E-02     8.686936E+03
  9.862658E-02     8.748740E+03
  1.000000E-01     8.810926E+03
  1.013925E-01     8.873495E+03
  1.028045E-01     8.936447E+03
  1.042361E-01     8.999783E+03
  1.056876E-01     9.063503E+03
  1.071593E-01     9.127607E+03
  1.086516E-01     9.192097E+03
  1.101646E-01     9.256974E+03
  1.116987E-01     9.322238E+03
  1.132541E-01     9.387892E+03
  1.148312E-01     9.453938E+03
  1.164303E-01     9.520378E+03
  1.180517E-01     9.587215E+03
  1.196956E-01     9.654447E+03
  1.213624E-01     9.722078E+03
  1.230524E-01     9.790109E+03
  1.247660E-01     9.858542E+03
  1.265034E-01     9.927380E+03
  1.282650E-01     9.996626E+03
  1.300511E-01     1.006628E+04
  1.318621E-01     1.013636E+04
  1.336984E-01     1.020685E+04
  1.355602E-01     1.027776E+04
  1.374479E-01     1.034910E+04
  1.393619E-01     1.042087E+04
  1.413026E-01     1.049307E+04
  1.432703E-01     1.056571E+04
  1.452654E-01     1.063878E+04
  1.472883E-01     1.071230E+04
  1.493393E-01     1.078627E+04
  1.514189E-01     1.086070E+04
  1.535275E-01     1.093558E+04
  1.556654E-01     1.101094E+04
  1.578331E-01     1.108677E+04
  1.600310E-01     1.116307E+04
  1.622595E-01     1.123986E+04
  1.645191E-01     1.131713E+04
  1.668101E-01     1.139489E+04
  1.691330E-01     1.147315E+04
  1.714882E-01     1.155192E+04
  1.738762E-01     1.163121E+04
  1.762975E-01     1.171101E+04
  1.787526E-01     1.179135E+04
  1.812418E-01     1.187223E+04
  1.837656E-01     1.195364E+04
  1.863246E-01     1.203561E+04
  1.889193E-01     1.211812E+04
  1.915501E-01     1.220120E+04
  1.942175E-01     1.228486E+04
  1.969220E-01     1.236909E+04
  1.996642E-01     1.245391E+04
  2.024447E-01     1.253933E+04
  2.052638E-01     1.262536E+04
  2.081222E-01     1.271200E+04
  2.110203E-01     1.279928E+04
  2.139589E-01     1.288718E+04
  2.169384E-01     1.297573E+04
  2.199593E-01     1.306493E+04
  2.230223E-01     1.315479E+04
  2.261280E-01     1.324532E+04
  2.292769E-01     1.333654E+04
  2.324697E-01     1.342846E+04
  2.357069E-01     1.352110E+04
  2.389893E-01     1.361444E+04
  2.423173E-01     1.370850E+04
  2.456916E-01     1.380328E+04
  2.491130E-01     1.389877E+04
  2.525820E-01     1.399499E+04
  2.560993E-01     1.409194E+04
  2.596656E-01     1.418961E+04
  2.632815E-01     1.428802E+04
  2.669478E-01     1.438717E+04
  2.706652E-01     1.448705E+04
  2.744343E-01     1.458768E+04
  2.782559E-01     1.468905E+04
  2.821308E-01     1.479115E+04
  2.860596E-01     1.489400E+04
  2.900430E-01     1.499758E+04
  2.940820E-01     1.510191E+04
  2.981772E-01     1.520697E+04
  3.023295E-01     1.531277E+04
  3.065395E-01     1.541930E+04
  3.108082E-01     1.552658E+04
  3.151363E-01     1.563459E+04
  3.195248E-01     1.574334E+04
  3.239743E-01     1.585282E+04
  3.284857E-01     1.596304E+04
  3.330600E-01     1.607399E+04
  3.376980E-01     1.618567E+04
  3.424006E-01     1.629808E+04
  3.471687E-01     1.641123E+04
  3.520031E-01     1.652510E+04
  3.569049E-01     1.663970E+04
  3.618750E-01     1.675503E+04
  3.669142E-01     1.687109E+04
  3.720237E-01     1.698787E+04
  3.772042E-01     1.710538E+04
  3.824570E-01     1.722361E+04
  3.877828E-01     1.734256E+04
  3.931829E-01     1.746223E+04
  3.986581E-01     1.758262E+04
  4.042096E-01     1.770374E+04
  4.098384E-01     1.782557E+04
  4.155455E-01     1.794812E+04
  4.213322E-01     1.807138E+04
  4.271994E-01     1.819535E+04
  4.331483E-01     1.832002E+04
  4.391801E-01     1.844537E+04
  4.452959E-01     1.857142E+04
  4.514968E-01     1.869815E+04
  4.577841E-01     1.882556E+04
  4.641589E-01     1.895364E+04
  4.706225E-01     1.908239E+04
  4.771761E-01     1.921179E+04
  4.838210E-01     1.934184E+04
  4.905584E-01     1.947251E+04
  4.973896E-01     1.960379E+04
  5.043159E-01     1.973568E+04
  5.113388E-01     1.986815E+04
  5.184594E-01     2.000119E+04
  5.256791E-01     2.013479E+04
  5.329994E-01     2.026892E+04
  5.404216E-01     2.040358E+04
  5.479472E-01     2.053873E+04
  5.555776E-01     2.067436E+04
  5.633143E-01     2.081044E+04
  5.711586E-01     2.094694E+04
  5.791123E-01     2.108384E+04
  5.871766E-01     2.122111E+04
  5.953533E-01     2.135872E+04
  6.036439E-01     2.149664E+04
  6.120498E-01     2.163484E+04
  6.205729E-01     2.177329E+04
  6.292146E-01     2.191196E+04
  6.379767E-01     2.205085E+04
  6.468608E-01     2.218992E+04
  6.558686E-01     2.232917E+04
  6.650018E-01     2.246858E+04
  6.742622E-01     2.260813E+04
  6.836516E-01     2.274781E+04
  6.931717E-01     2.288760E+04
  7.028244E-01     2.302748E+04
  7.126115E-01     2.316745E+04
  7.225349E-01     2.330750E+04
  7.325965E-01     2.344761E+04
  7.427982E-01     2.358780E+04
  7.531420E-01     2.372806E+04
  7.636298E-01     2.386838E+04
  7.742637E-01     2.400878E+04
  7.850456E-01     2.414927E+04
  7.959777E-01     2.428984E+04
  8.070620E-01     2.443052E+04
  8.183007E-01     2.457131E+04
  8.296959E-01     2.471222E+04
  8.412497E-01     2.485322E+04
  8.529644E-01     2.499429E+04
  8.648423E-01     2.513542E+04
  8.768856E-01     2.527659E+04
  8.890966E-01     2.541779E+04
  9.014776E-01     2.555899E+04
  9.140311E-01     2.570019E+04
  9.267593E-01     2.584137E+04
  9.396648E-01     2.598251E+04
  9.527500E-01     2.612360E+04
  9.660175E-01     2.626462E+04
  9.794697E-01     2.640553E+04
  9.931092E-01     2.654631E+04
  1.006939E+00     2.668694E+04
  1.020961E+00     2.682738E+04
  1.035178E+00     2.696763E+04
  1.049593E+00     2.710765E+04
  1.064209E+00     2.724743E+04
  1.079029E+00     2.738693E+04
  1.094055E+00     2.752615E+04
  1.109290E+00     2.766504E+04
  1.124737E+00     2.780359E+04
  1.140400E+00     2.794178E+04
  1.156280E+00     2.807958E+04
  1.172382E+00     2.821696E+04
  1.188708E+00     2.835391E+04
  1.205261E+00     2.849041E+04
  1.222045E+00     2.862644E+04
  1.239062E+00     2.876198E+04
  1.256317E+00     2.889702E+04
  1.273811E+00     2.903152E+04
  1.291550E+00     2.916545E+04
  1.309535E+00     2.929879E+04
  1.327771E+00     2.943151E+04
  1.346261E+00     2.956357E+04
  1.365008E+00     2.969497E+04
  1.384016E+00     2.982566E+04
  1.403289E+00     2.995563E+04
  1.422830E+00     3.008487E+04
  1.442644E+00     3.021334E+04
  1.462733E+00     3.034101E+04
  1.483103E+00     3.046787E+04
  1.503755E+00     3.059389E+04
  1.524696E+00     3.071903E+04
  1.545928E+00     3.084328E+04
  1.567455E+00     3.096661E+04
  1.589283E+00     3.108902E+04
  1.611414E+00     3.121048E+04
  1.633854E+00     3.133097E+04
  1.656606E+00     3.145049E+04
  1.679675E+00     3.156901E+04
  1.703065E+00     3.168649E+04
  1.726781E+00     3.180291E+04
  1.750827E+00     3.191825E+04
  1.775208E+00     3.203248E+04
  1.799929E+00     3.214559E+04
  1.824993E+00     3.225756E+04
  1.850407E+00     3.236837E+04
  1.876175E+00     3.247801E+04
  1.902301E+00     3.258648E+04
  1.928792E+00     3.269373E+04
  1.955651E+00     3.279976E+04
  1.982884E+00     3.290451E+04
  2.010496E+00     3.300798E+04
  2.038493E+00     3.311014E+04
  2.066880E+00     3.321098E+04
  2.095662E+00     3.331046E+04
  2.124845E+00     3.340859E+04
  2.154435E+00     3.350535E+04
  2.184436E+00     3.360073E+04
  2.214855E+00     3.369471E+04
  2.245698E+00     3.378726E+04
  2.276970E+00     3.387835E+04
  2.308678E+00     3.396797E+04
  2.340827E+00     3.405609E+04
  2.373424E+00     3.414269E+04
  2.406475E+00     3.422778E+04
  2.439986E+00     3.431133E+04
  2.473964E+00     3.439335E+04
  2.508415E+00     3.447382E+04
  2.543346E+00     3.455273E+04
  2.578763E+00     3.463005E+04
  2.614673E+00     3.470576E+04
  2.651084E+00     3.477984E+04
  2.688001E+00     3.485227E+04
  2.725433E+00     3.492304E+04
  2.763385E+00     3.499214E+04
  2.801867E+00     3.505957E+04
  2.840884E+00     3.512532E+04
  2.880444E+00     3.518939E+04
  2.920556E+00     3.525177E+04
  2.961225E+00     3.531246E+04
  3.002462E+00     3.537144E+04
  3.044272E+00     3.542870E+04
  3.086665E+00     3.548424E+04
  3.129648E+00     3.553806E+04
  3.173230E+00     3.559018E+04
  3.217418E+00     3.564061E+04
  3.262222E+00     3.568935E+04
  3.307650E+00     3.573644E+04
  3.353710E+00     3.578187E+04
  3.400412E+00     3.582563E+04
  3.447764E+00     3.586771E+04
  3.495776E+00     3.590809E+04
  3.544456E+00     3.594678E+04
  3.593814E+00     3.598377E+04
  3.643859E+00     3.601906E+04
  3.694601E+00     3.605267E+04
  3.746050E+00     3.608460E+04
  3.798215E+00     3.611488E+04
  3.851107E+00     3.614350E+04
  3.904735E+00     3.617047E+04
  3.959110E+00     3.619579E+04
  4.014242E+00     3.621945E+04
  4.070142E+00     3.624146E+04
  4.126821E+00     3.626184E+04
  4.184289E+00     3.628061E+04
  4.242556E+00     3.629779E+04
  4.301636E+00     3.631340E+04
  4.361538E+00     3.632749E+04
  4.422274E+00     3.634005E+04
  4.483856E+00     3.635110E+04
  4.546295E+00     3.636063E+04
  4.609604E+00     3.636865E+04
  4.673795E+00     3.637515E+04
  4.738880E+00     3.638015E+04
  4.804870E+00     3.638367E+04
  4.871780E+00     3.638572E+04
  4.939622E+00     3.638632E+04
  5.008408E+00     3.638551E+04
  5.078152E+00     3.638330E+04
  5.148867E+00     3.637969E+04
  5.220568E+00     3.637468E+04
  5.293266E+00     3.636828E+04
  5.366977E+00     3.636049E+04
  5.441714E+00     3.635132E+04
  5.517492E+00     3.634079E+04
  5.594326E+00     3.632892E+04
  5.672229E+00     3.631573E+04
  5.751217E+00     3.630124E+04
  5.831305E+00     3.628549E+04
  5.912508E+00     3.626845E+04
  5.994843E+00     3.625015E+04
  6.078323E+00     3.623056E+04
  6.162966E+00     3.620971E+04
  6.248788E+00     3.618760E+04
  6.335805E+00     3.616423E+04
  6.424034E+00     3.613962E+04
  6.513491E+00     3.611380E+04
  6.604194E+00     3.608677E+04
  6.696160E+00     3.605856E+04
  6.789407E+00     3.602916E+04
  6.883952E+00     3.599857E+04
  6.979814E+00     3.596679E+04
  7.077011E+00     3.593382E+04
  7.175561E+00     3.589967E+04
  7.275484E+00     3.586435E+04
  7.376798E+00     3.582786E+04
  7.479523E+00     3.579021E+04
  7.583678E+00     3.575143E+04
  7.689284E+00     3.571152E+04
  7.796360E+00     3.567048E+04
  7.904928E+00     3.562830E+04
  8.015007E+00     3.558500E+04
  8.126619E+00     3.554057E+04
  8.239786E+00     3.549501E+04
  8.354528E+00     3.544834E+04
  8.470868E+00     3.540054E+04
  8.588829E+00     3.535165E+04
  8.708431E+00     3.530166E+04
  8.829700E+00     3.525060E+04
  8.952657E+00     3.519845E+04
  9.077327E+00     3.514521E+04
  9.203732E+00     3.509089E+04
  9.331898E+00     3.503548E+04
  9.461848E+00     3.497899E+04
  9.593608E+00     3.492141E+04
  9.727203E+00     3.486275E+04
  9.862658E+00     3.480302E+04
  1.000000E+01     3.474222E+04
  1.013925E+01     3.468037E+04
  1.028045E+01     3.461746E+04
  1.042361E+01     3.455349E+04
  1.056876E+01     3.448847E+04
  1.071593E+01     3.442238E+04
  1.086516E+01     3.435525E+04
  1.101646E+01     3.428706E+04
  1.116987E+01     3.421783E+04
  1.132541E+01     3.414757E+04
  1.148312E+01     3.407628E+04
  1.164303E+01     3.400397E+04
  1.180517E+01     3.393064E+04
  1.196956E+01     3.385629E+04
  1.213624E+01     3.378091E+04
  1.230524E+01     3.370451E+04
  1.247660E+01     3.362707E+04
  1.265034E+01     3.354860E+04
  1.282650E+01     3.346909E+04
  1.300511E+01     3.338856E+04
  1.318621E+01     3.330699E+04
  1.336984E+01     3.322439E+04
  1.355602E+01     3.314077E+04
  1.374479E+01     3.305613E+04
  1.393619E+01     3.297048E+04
  1.413026E+01     3.288383E+04
  1.432703E+01     3.279619E+04
  1.452654E+01     3.270757E+04
  1.472883E+01     3.261799E+04
  1.493393E+01     3.252746E+04
  1.514189E+01     3.243599E+04
  1.535275E+01     3.234361E+04
  1.556654E+01     3.225033E+04
  1.578331E+01     3.215613E+04
  1.600310E+01     3.206102E+04
  1.622595E+01     3.196498E+04
  1.645191E+01     3.186803E+04
  1.668101E+01     3.177016E+04
  1.691330E+01     3.167135E+04
  1.714882E+01     3.157162E+04
  1.738762E+01     3.147096E+04
  1.762975E+01     3.136937E+04
  1.787526E+01     3.126684E+04
  1.812418E+01     3.116339E+04
  1.837656E+01     3.105903E+04
  1.863246E+01     3.095376E+04
  1.889193E+01     3.084759E+04
  1.915501E+01     3.074053E+04
  1.942175E+01     3.063260E+04
  1.969220E+01     3.052380E+04
  1.996642E+01     3.041415E+04
  2.024447E+01     3.030366E+04
  2.052638E+01     3.019235E+04
  2.081222E+01     3.008021E+04
  2.110203E+01     2.996727E+04
  2.139589E+01     2.985351E+04
  2.169384E+01     2.973895E+04
  2.199593E+01     2.962359E+04
  2.230223E+01     2.950745E+04
  2.261280E+01     2.939052E+04
  2.292769E+01     2.927283E+04
  2.324697E+01     2.915437E+04
  2.357069E+01     2.903516E+04
  2.389893E+01     2.891521E+04
  2.423173E+01     2.879452E+04
  2.456916E+01     2.867310E+04
  2.491130E+01     2.855096E+04
  2.525820E+01     2.842812E+04
  2.560993E+01     2.830459E+04
  2.596656E+01     2.818036E+04
  2.632815E+01     2.805547E+04
  2.669478E+01     2.792991E+04
  2.706652E+01     2.780371E+04
  2.744343E+01     2.767686E+04
  2.782559E+01     2.754939E+04
  2.821308E+01     2.742130E+04
  2.860596E+01     2.729261E+04
  2.900430E+01     2.716333E+04
  2.940820E+01     2.703347E+04
  2.981772E+01     2.690304E+04
  3.023295E+01     2.677206E+04
  3.065395E+01     2.664055E+04
  3.108082E+01     2.650850E+04
  3.151363E+01     2.637594E+04
  3.195248E+01     2.624288E+04
  3.239743E+01     2.610933E+04
  3.284857E+01     2.597531E+04
  3.330600E+01     2.584081E+04
  3.376980E+01     2.570587E+04
  3.424006E+01     2.557048E+04
  3.471687E+01     2.543466E+04
  3.520031E+01     2.529842E+04
  3.569049E+01     2.516177E+04
  3.618750E+01     2.502473E+04
  3.669142E+01     2.488732E+04
  3.720237E+01     2.474955E+04
  3.772042E+01     2.461143E+04
  3.824570E+01     2.447299E+04
  3.877828E+01     2.433425E+04
  3.931829E+01     2.419521E+04
  3.986581E+01     2.405589E+04
  4.042096E+01     2.391632E+04
  4.098384E+01     2.377650E+04
  4.155455E+01     2.363645E+04
  4.213322E+01     2.349619E+04
  4.271994E+01     2.335573E+04
  4.331483E+01     2.321508E+04
  4.391801E+01     2.307427E+04
  4.452959E+01     2.293330E+04
  4.514968E+01     2.279220E+04
  4.577841E+01     2.265095E+04
  4.641589E+01     2.250959E+04
  4.706225E+01     2.236813E+04
  4.771761E+01     2.222657E+04
  4.838210E+01     2.208494E+04
  4.905584E+01     2.194326E+04
  4.973896E+01     2.180155E+04
  5.043159E+01     2.165984E+04
  5.113388E+01     2.151813E+04
  5.184594E+01     2.137644E+04
  5.256791E+01     2.123480E+04
  5.329994E+01     2.109322E+04
  5.404216E+01     2.095170E+04
  5.479472E+01     2.081028E+04
  5.555776E+01     2.066897E+04
  5.633143E+01     2.052779E+04
  5.711586E+01     2.038676E+04
  5.791123E+01     2.024588E+04
  5.871766E+01     2.010518E+04
  5.953533E+01     1.996467E+04
  6.036439E+01     1.982436E+04
  6.120498E+01     1.968426E+04
  6.205729E+01     1.954438E+04
  6.292146E+01     1.940473E+04
  6.379767E+01     1.926535E+04
  6.468608E+01     1.912625E+04
  6.558686E+01     1.898744E+04
  6.650018E+01     1.884896E+04
  6.742622E+01     1.871081E+04
  6.836516E+01     1.857301E+04
  6.931717E+01     1.843558E+04
  7.028244E+01     1.829853E+04
  7.126115E+01     1.816186E+04
  7.225349E+01     1.802560E+04
  7.325965E+01     1.788977E+04
  7.427982E+01     1.775437E+04
  7.531420E+01     1.761944E+04
  7.636298E+01     1.748497E+04
  7.742637E+01     1.735099E+04
  7.850456E+01     1.721751E+04
  7.959777E+01     1.708452E+04
  8.070620E+01     1.695204E+04
  8.183007E+01     1.682007E+04
  8.296959E+01     1.668861E+04
  8.412497E+01     1.655771E+04
  8.529644E+01     1.642736E+04
  8.648423E+01     1.629760E+04
  8.768856E+01     1.616843E+04
  8.890966E+01     1.603989E+04
  9.014776E+01     1.591196E+04
  9.140311E+01     1.578468E+04
  9.267593E+01     1.565804E+04
  9.396648E+01     1.553205E+04
  9.527500E+01     1.540672E+04
  9.660175E+01     1.528207E+04
  9.794697E+01     1.515812E+04
  9.931092E+01     1.503487E+04
  1.006939E+02     1.491234E+04
  1.020961E+02     1.479054E+04
  1.035178E+02     1.466948E+04
  1.049593E+02     1.454915E+04
  1.064209E+02     1.442955E+04
  1.079029E+02     1.431068E+04
  1.094055E+02     1.419254E+04
  1.109290E+02     1.407516E+04
  1.124737E+02     1.395854E+04
  1.140400E+02     1.384270E+04
  1.156280E+02     1.372766E+04
  1.172382E+02     1.361341E+04
  1.188708E+02     1.349996E+04
  1.205261E+02     1.338732E+04
  1.222045E+02     1.327549E+04
  1.239062E+02     1.316446E+04
  1.256317E+02     1.305423E+04
  1.273811E+02     1.294481E+04
  1.291550E+02     1.283623E+04
  1.309535E+02     1.272849E+04
  1.327771E+02     1.262161E+04
  1.346261E+02     1.251559E+04
  1.365008E+02     1.241043E+04
  1.384016E+02     1.230614E+04
  1.403289E+02     1.220271E+04
  1.422830E+02     1.210014E+04
  1.442644E+02     1.199843E+04
  1.462733E+02     1.189758E+04
  1.483103E+02     1.179761E+04
  1.503755E+02     1.169852E+04
  1.524696E+02     1.160033E+04
  1.545928E+02     1.150303E+04
  1.567455E+02     1.140662E+04
  1.589283E+02     1.131110E+04
  1.611414E+02     1.121646E+04
  1.633854E+02     1.112270E+04
  1.656606E+02     1.102979E+04
  1.679675E+02     1.093775E+04
  1.703065E+02     1.084659E+04
  1.726781E+02     1.075631E+04
  1.750827E+02     1.066693E+04
  1.775208E+02     1.057845E+04
  1.799929E+02     1.049085E+04
  1.824993E+02     1.040415E+04
  1.850407E+02     1.031833E+04
  1.876175E+02     1.023337E+04
  1.902301E+02     1.014927E+04
  1.928792E+02     1.006603E+04
  1.955651E+02     9.983661E+03
  1.982884E+02     9.902172E+03
  2.010496E+02     9.821564E+03
  2.038493E+02     9.741836E+03
  2.066880E+02     9.662986E+03
  2.095662E+02     9.585007E+03
  2.124845E+02     9.507888E+03
  2.154435E+02     9.431614E+03
  2.184436E+02     9.356173E+03
  2.214855E+02     9.281567E+03
  2.245698E+02     9.207803E+03
  2.276970E+02     9.134884E+03
  2.308678E+02     9.062812E+03
  2.340827E+02     8.991585E+03
  2.373424E+02     8.921197E+03
  2.406475E+02     8.851640E+03
  2.439986E+02     8.782902E+03
  2.473964E+02     8.714966E+03
  2.508415E+02     8.647815E+03
  2.543346E+02     8.581452E+03
  2.578763E+02     8.515882E+03
  2.614673E+02     8.451109E+03
  2.651084E+02     8.387136E+03
  2.688001E+02     8.323961E+03
  2.725433E+02     8.261580E+03
  2.763385E+02     8.199986E+03
  2.801867E+02     8.139169E+03
  2.840884E+02     8.079113E+03
  2.880444E+02     8.019804E+03
  2.920556E+02     7.961241E+03
  2.961225E+02     7.903428E+03
  3.002462E+02     7.846367E+03
  3.044272E+02     7.790057E+03
  3.086665E+02     7.734496E+03
  3.129648E+02     7.679677E+03
  3.173230E+02     7.625591E+03
  3.217418E+02     7.572226E+03
  3.262222E+02     7.519567E+03
  3.307650E+02     7.467595E+03
  3.353710E+02     7.416308E+03
  3.400412E+02     7.365708E+03
  3.447764E+02     7.315799E+03
  3.495776E+02     7.266578E+03
  3.544456E+02     7.218045E+03
  3.593814E+02     7.170193E+03
  3.643859E+02     7.123015E+03
  3.694601E+02     7.076499E+03
  3.746050E+02     7.030633E+03
  3.798215E+02     6.985399E+03
  3.851107E+02     6.940793E+03
  3.904735E+02     6.896817E+03
  3.959110E+02     6.853474E+03
  4.014242E+02     6.810764E+03
  4.070142E+02     6.768683E+03
  4.126821E+02     6.727227E+03
  4.184289E+02     6.686390E+03
  4.242556E+02     6.646160E+03
  4.301636E+02     6.606526E+03
  4.361538E+02     6.567472E+03
  4.422274E+02     6.528993E+03
  4.483856E+02     6.491089E+03
  4.546295E+02     6.453762E+03
  4.609604E+02     6.417011E+03
  4.673795E+02     6.380832E+03
  4.738880E+02     6.345221E+03
  4.804870E+02     6.310169E+03
  4.871780E+02     6.275668E+03
  4.939622E+02     6.241704E+03
  5.008408E+02     6.208262E+03
  5.078152E+02     6.175335E+03
  5.148867E+02     6.142924E+03
  5.220568E+02     6.111029E+03
  5.293266E+02     6.079650E+03
  5.366977E+02     6.048784E+03
  5.441714E+02     6.018426E+03
  5.517492E+02     5.988569E+03
  5.594326E+02     5.959205E+03
  5.672229E+02     5.930323E+03
  5.751217E+02     5.901908E+03
  5.831305E+02     5.873953E+03
  5.912508E+02     5.846459E+03
  5.994843E+02     5.819426E+03
  6.078323E+02     5.792852E+03
  6.162966E+02     5.766737E+03
  6.248788E+02     5.741075E+03
  6.335805E+02     5.715861E+03
  6.424034E+02     5.691086E+03
  6.513491E+02     5.666742E+03
  6.604194E+02     5.642815E+03
  6.696160E+02     5.619297E+03
  6.789407E+02     5.596187E+03
  6.883952E+02     5.573484E+03
  6.979814E+02     5.551184E+03
  7.077011E+02     5.529283E+03
  7.175561E+02     5.507776E+03
  7.275484E+02     5.486655E+03
  7.376798E+02     5.465911E+03
  7.479523E+02     5.445531E+03
  7.583678E+02     5.425503E+03
  7.689284E+02     5.405817E+03
  7.796360E+02     5.386478E+03
  7.904928E+02     5.367494E+03
  8.015007E+02     5.348870E+03
  8.126619E+02     5.330613E+03
  8.239786E+02     5.312728E+03
  8.354528E+02     5.295220E+03
  8.470868E+02     5.278091E+03
  8.588829E+02     5.261347E+03
  8.708431E+02     5.244988E+03
  8.829700E+02     5.229008E+03
  8.952657E+02     5.213375E+03
  9.077327E+02     5.198048E+03
  9.203732E+02     5.182983E+03
  9.331898E+02     5.168128E+03
  9.461848E+02     5.153430E+03
  9.593608E+02     5.138827E+03
  9.727203E+02     5.124254E+03
  9.862658E+02     5.109640E+03
  1.000000E+03     5.094904E+03
