FILE CREATED BY  : PROGRAM DPASS - VERSION 2.00
DATABASE VERSION : 21.06
DATE AND TIME    : 10/08/2022 00:02:55
PROJECTILE       : Er
TARGET           : H 
TARGET AT. MASS  : 1.007900E+00
TARGET DENSITY   : 8.990000E-05 g/cm^3
TABULATED OUTPUT : STOPPING FORCE VERSUS ENERGY
DATA TYPE        : SPLINE INTERPOLATED
ABSCISSA UNITS   : MeV/u
ORDINATE UNITS   : eV/nm


      E/n             S(E/n)

  1.000000E-03     7.523569E-02
  1.013925E-03     7.575794E-02
  1.028045E-03     7.628711E-02
  1.042361E-03     7.682292E-02
  1.056876E-03     7.736507E-02
  1.071593E-03     7.791321E-02
  1.086516E-03     7.846699E-02
  1.101646E-03     7.902598E-02
  1.116987E-03     7.958974E-02
  1.132541E-03     8.015779E-02
  1.148312E-03     8.072960E-02
  1.164303E-03     8.130470E-02
  1.180517E-03     8.188303E-02
  1.196956E-03     8.246473E-02
  1.213624E-03     8.304994E-02
  1.230524E-03     8.363879E-02
  1.247660E-03     8.423147E-02
  1.265034E-03     8.482816E-02
  1.282650E-03     8.542904E-02
  1.300511E-03     8.603434E-02
  1.318621E-03     8.664429E-02
  1.336984E-03     8.725912E-02
  1.355602E-03     8.787890E-02
  1.374479E-03     8.850362E-02
  1.393619E-03     8.913329E-02
  1.413026E-03     8.976789E-02
  1.432703E-03     9.040742E-02
  1.452654E-03     9.105187E-02
  1.472883E-03     9.170122E-02
  1.493393E-03     9.235548E-02
  1.514189E-03     9.301463E-02
  1.535275E-03     9.367865E-02
  1.556654E-03     9.434758E-02
  1.578331E-03     9.502145E-02
  1.600310E-03     9.570031E-02
  1.622595E-03     9.638421E-02
  1.645191E-03     9.707319E-02
  1.668101E-03     9.776733E-02
  1.691330E-03     9.846667E-02
  1.714882E-03     9.917129E-02
  1.738762E-03     9.988126E-02
  1.762975E-03     1.005967E-01
  1.787526E-03     1.013176E-01
  1.812418E-03     1.020440E-01
  1.837656E-03     1.027759E-01
  1.863246E-03     1.035135E-01
  1.889193E-03     1.042567E-01
  1.915501E-03     1.050056E-01
  1.942175E-03     1.057602E-01
  1.969220E-03     1.065207E-01
  1.996642E-03     1.072870E-01
  2.024447E-03     1.080592E-01
  2.052638E-03     1.088374E-01
  2.081222E-03     1.096217E-01
  2.110203E-03     1.104119E-01
  2.139589E-03     1.112082E-01
  2.169384E-03     1.120107E-01
  2.199593E-03     1.128193E-01
  2.230223E-03     1.136341E-01
  2.261280E-03     1.144551E-01
  2.292769E-03     1.152824E-01
  2.324697E-03     1.161161E-01
  2.357069E-03     1.169562E-01
  2.389893E-03     1.178027E-01
  2.423173E-03     1.186558E-01
  2.456916E-03     1.195154E-01
  2.491130E-03     1.203817E-01
  2.525820E-03     1.212546E-01
  2.560993E-03     1.221344E-01
  2.596656E-03     1.230210E-01
  2.632815E-03     1.239146E-01
  2.669478E-03     1.248152E-01
  2.706652E-03     1.257229E-01
  2.744343E-03     1.266378E-01
  2.782559E-03     1.275599E-01
  2.821308E-03     1.284893E-01
  2.860596E-03     1.294259E-01
  2.900430E-03     1.303699E-01
  2.940820E-03     1.313212E-01
  2.981772E-03     1.322800E-01
  3.023295E-03     1.332464E-01
  3.065395E-03     1.342202E-01
  3.108082E-03     1.352018E-01
  3.151363E-03     1.361910E-01
  3.195248E-03     1.371880E-01
  3.239743E-03     1.381927E-01
  3.284857E-03     1.392054E-01
  3.330600E-03     1.402259E-01
  3.376980E-03     1.412545E-01
  3.424006E-03     1.422911E-01
  3.471687E-03     1.433360E-01
  3.520031E-03     1.443890E-01
  3.569049E-03     1.454505E-01
  3.618750E-03     1.465203E-01
  3.669142E-03     1.475985E-01
  3.720237E-03     1.486853E-01
  3.772042E-03     1.497806E-01
  3.824570E-03     1.508845E-01
  3.877828E-03     1.519971E-01
  3.931829E-03     1.531184E-01
  3.986581E-03     1.542486E-01
  4.042096E-03     1.553876E-01
  4.098384E-03     1.565357E-01
  4.155455E-03     1.576928E-01
  4.213322E-03     1.588590E-01
  4.271994E-03     1.600343E-01
  4.331483E-03     1.612188E-01
  4.391801E-03     1.624126E-01
  4.452959E-03     1.636158E-01
  4.514968E-03     1.648284E-01
  4.577841E-03     1.660504E-01
  4.641589E-03     1.672821E-01
  4.706225E-03     1.685234E-01
  4.771761E-03     1.697745E-01
  4.838210E-03     1.710353E-01
  4.905584E-03     1.723060E-01
  4.973896E-03     1.735865E-01
  5.043159E-03     1.748770E-01
  5.113388E-03     1.761774E-01
  5.184594E-03     1.774879E-01
  5.256791E-03     1.788086E-01
  5.329994E-03     1.801394E-01
  5.404216E-03     1.814806E-01
  5.479472E-03     1.828320E-01
  5.555776E-03     1.841939E-01
  5.633143E-03     1.855661E-01
  5.711586E-03     1.869489E-01
  5.791123E-03     1.883422E-01
  5.871766E-03     1.897460E-01
  5.953533E-03     1.911606E-01
  6.036439E-03     1.925859E-01
  6.120498E-03     1.940219E-01
  6.205729E-03     1.954689E-01
  6.292146E-03     1.969268E-01
  6.379767E-03     1.983957E-01
  6.468608E-03     1.998756E-01
  6.558686E-03     2.013666E-01
  6.650018E-03     2.028686E-01
  6.742622E-03     2.043818E-01
  6.836516E-03     2.059062E-01
  6.931717E-03     2.074419E-01
  7.028244E-03     2.089889E-01
  7.126115E-03     2.105473E-01
  7.225349E-03     2.121171E-01
  7.325965E-03     2.136984E-01
  7.427982E-03     2.152912E-01
  7.531420E-03     2.168955E-01
  7.636298E-03     2.185113E-01
  7.742637E-03     2.201388E-01
  7.850456E-03     2.217779E-01
  7.959777E-03     2.234287E-01
  8.070620E-03     2.250913E-01
  8.183007E-03     2.267657E-01
  8.296959E-03     2.284519E-01
  8.412497E-03     2.301501E-01
  8.529644E-03     2.318601E-01
  8.648423E-03     2.335820E-01
  8.768856E-03     2.353159E-01
  8.890966E-03     2.370618E-01
  9.014776E-03     2.388198E-01
  9.140311E-03     2.405898E-01
  9.267593E-03     2.423720E-01
  9.396648E-03     2.441664E-01
  9.527500E-03     2.459731E-01
  9.660175E-03     2.477920E-01
  9.794697E-03     2.496233E-01
  9.931092E-03     2.514668E-01
  1.006939E-02     2.533227E-01
  1.020961E-02     2.551910E-01
  1.035178E-02     2.570717E-01
  1.049593E-02     2.589649E-01
  1.064209E-02     2.608707E-01
  1.079029E-02     2.627891E-01
  1.094055E-02     2.647201E-01
  1.109290E-02     2.666638E-01
  1.124737E-02     2.686203E-01
  1.140400E-02     2.705896E-01
  1.156280E-02     2.725717E-01
  1.172382E-02     2.745667E-01
  1.188708E-02     2.765746E-01
  1.205261E-02     2.785956E-01
  1.222045E-02     2.806297E-01
  1.239062E-02     2.826770E-01
  1.256317E-02     2.847377E-01
  1.273811E-02     2.868117E-01
  1.291550E-02     2.888992E-01
  1.309535E-02     2.910001E-01
  1.327771E-02     2.931147E-01
  1.346261E-02     2.952428E-01
  1.365008E-02     2.973848E-01
  1.384016E-02     2.995405E-01
  1.403289E-02     3.017103E-01
  1.422830E-02     3.038943E-01
  1.442644E-02     3.060924E-01
  1.462733E-02     3.083050E-01
  1.483103E-02     3.105320E-01
  1.503755E-02     3.127736E-01
  1.524696E-02     3.150299E-01
  1.545928E-02     3.173010E-01
  1.567455E-02     3.195870E-01
  1.589283E-02     3.218883E-01
  1.611414E-02     3.242049E-01
  1.633854E-02     3.265371E-01
  1.656606E-02     3.288850E-01
  1.679675E-02     3.312489E-01
  1.703065E-02     3.336288E-01
  1.726781E-02     3.360250E-01
  1.750827E-02     3.384375E-01
  1.775208E-02     3.408667E-01
  1.799929E-02     3.433126E-01
  1.824993E-02     3.457756E-01
  1.850407E-02     3.482558E-01
  1.876175E-02     3.507537E-01
  1.902301E-02     3.532695E-01
  1.928792E-02     3.558033E-01
  1.955651E-02     3.583553E-01
  1.982884E-02     3.609258E-01
  2.010496E-02     3.635150E-01
  2.038493E-02     3.661231E-01
  2.066880E-02     3.687504E-01
  2.095662E-02     3.713971E-01
  2.124845E-02     3.740637E-01
  2.154435E-02     3.767504E-01
  2.184436E-02     3.794576E-01
  2.214855E-02     3.821856E-01
  2.245698E-02     3.849345E-01
  2.276970E-02     3.877045E-01
  2.308678E-02     3.904960E-01
  2.340827E-02     3.933093E-01
  2.373424E-02     3.961445E-01
  2.406475E-02     3.990021E-01
  2.439986E-02     4.018824E-01
  2.473964E-02     4.047858E-01
  2.508415E-02     4.077126E-01
  2.543346E-02     4.106632E-01
  2.578763E-02     4.136377E-01
  2.614673E-02     4.166364E-01
  2.651084E-02     4.196596E-01
  2.688001E-02     4.227076E-01
  2.725433E-02     4.257806E-01
  2.763385E-02     4.288790E-01
  2.801867E-02     4.320031E-01
  2.840884E-02     4.351533E-01
  2.880444E-02     4.383301E-01
  2.920556E-02     4.415336E-01
  2.961225E-02     4.447641E-01
  3.002462E-02     4.480218E-01
  3.044272E-02     4.513070E-01
  3.086665E-02     4.546198E-01
  3.129648E-02     4.579607E-01
  3.173230E-02     4.613299E-01
  3.217418E-02     4.647277E-01
  3.262222E-02     4.681545E-01
  3.307650E-02     4.716105E-01
  3.353710E-02     4.750961E-01
  3.400412E-02     4.786114E-01
  3.447764E-02     4.821567E-01
  3.495776E-02     4.857321E-01
  3.544456E-02     4.893378E-01
  3.593814E-02     4.929741E-01
  3.643859E-02     4.966412E-01
  3.694601E-02     5.003394E-01
  3.746050E-02     5.040689E-01
  3.798215E-02     5.078301E-01
  3.851107E-02     5.116230E-01
  3.904735E-02     5.154480E-01
  3.959110E-02     5.193050E-01
  4.014242E-02     5.231944E-01
  4.070142E-02     5.271161E-01
  4.126821E-02     5.310704E-01
  4.184289E-02     5.350575E-01
  4.242556E-02     5.390775E-01
  4.301636E-02     5.431306E-01
  4.361538E-02     5.472170E-01
  4.422274E-02     5.513369E-01
  4.483856E-02     5.554903E-01
  4.546295E-02     5.596774E-01
  4.609604E-02     5.638981E-01
  4.673795E-02     5.681527E-01
  4.738880E-02     5.724412E-01
  4.804870E-02     5.767637E-01
  4.871780E-02     5.811203E-01
  4.939622E-02     5.855111E-01
  5.008408E-02     5.899363E-01
  5.078152E-02     5.943958E-01
  5.148867E-02     5.988898E-01
  5.220568E-02     6.034183E-01
  5.293266E-02     6.079812E-01
  5.366977E-02     6.125786E-01
  5.441714E-02     6.172106E-01
  5.517492E-02     6.218771E-01
  5.594326E-02     6.265781E-01
  5.672229E-02     6.313138E-01
  5.751217E-02     6.360841E-01
  5.831305E-02     6.408891E-01
  5.912508E-02     6.457287E-01
  5.994843E-02     6.506028E-01
  6.078323E-02     6.555114E-01
  6.162966E-02     6.604545E-01
  6.248788E-02     6.654319E-01
  6.335805E-02     6.704437E-01
  6.424034E-02     6.754898E-01
  6.513491E-02     6.805702E-01
  6.604194E-02     6.856847E-01
  6.696160E-02     6.908334E-01
  6.789407E-02     6.960161E-01
  6.883952E-02     7.012327E-01
  6.979814E-02     7.064830E-01
  7.077011E-02     7.117669E-01
  7.175561E-02     7.170842E-01
  7.275484E-02     7.224347E-01
  7.376798E-02     7.278184E-01
  7.479523E-02     7.332351E-01
  7.583678E-02     7.386847E-01
  7.689284E-02     7.441670E-01
  7.796360E-02     7.496818E-01
  7.904928E-02     7.552287E-01
  8.015007E-02     7.608077E-01
  8.126619E-02     7.664183E-01
  8.239786E-02     7.720604E-01
  8.354528E-02     7.777336E-01
  8.470868E-02     7.834378E-01
  8.588829E-02     7.891727E-01
  8.708431E-02     7.949381E-01
  8.829700E-02     8.007336E-01
  8.952657E-02     8.065589E-01
  9.077327E-02     8.124136E-01
  9.203732E-02     8.182971E-01
  9.331898E-02     8.242091E-01
  9.461848E-02     8.301491E-01
  9.593608E-02     8.361167E-01
  9.727203E-02     8.421113E-01
  9.862658E-02     8.481326E-01
  1.000000E-01     8.541801E-01
  1.013925E-01     8.602533E-01
  1.028045E-01     8.663517E-01
  1.042361E-01     8.724746E-01
  1.056876E-01     8.786215E-01
  1.071593E-01     8.847917E-01
  1.086516E-01     8.909846E-01
  1.101646E-01     8.971995E-01
  1.116987E-01     9.034360E-01
  1.132541E-01     9.096932E-01
  1.148312E-01     9.159708E-01
  1.164303E-01     9.222679E-01
  1.180517E-01     9.285839E-01
  1.196956E-01     9.349181E-01
  1.213624E-01     9.412697E-01
  1.230524E-01     9.476381E-01
  1.247660E-01     9.540223E-01
  1.265034E-01     9.604219E-01
  1.282650E-01     9.668359E-01
  1.300511E-01     9.732637E-01
  1.318621E-01     9.797047E-01
  1.336984E-01     9.861582E-01
  1.355602E-01     9.926234E-01
  1.374479E-01     9.991000E-01
  1.393619E-01     1.005587E+00
  1.413026E-01     1.012085E+00
  1.432703E-01     1.018592E+00
  1.452654E-01     1.025108E+00
  1.472883E-01     1.031633E+00
  1.493393E-01     1.038167E+00
  1.514189E-01     1.044709E+00
  1.535275E-01     1.051260E+00
  1.556654E-01     1.057818E+00
  1.578331E-01     1.064384E+00
  1.600310E-01     1.070959E+00
  1.622595E-01     1.077542E+00
  1.645191E-01     1.084135E+00
  1.668101E-01     1.090737E+00
  1.691330E-01     1.097350E+00
  1.714882E-01     1.103973E+00
  1.738762E-01     1.110609E+00
  1.762975E-01     1.117258E+00
  1.787526E-01     1.123921E+00
  1.812418E-01     1.130600E+00
  1.837656E-01     1.137297E+00
  1.863246E-01     1.144012E+00
  1.889193E-01     1.150748E+00
  1.915501E-01     1.157507E+00
  1.942175E-01     1.164291E+00
  1.969220E-01     1.171102E+00
  1.996642E-01     1.177945E+00
  2.024447E-01     1.184821E+00
  2.052638E-01     1.191733E+00
  2.081222E-01     1.198684E+00
  2.110203E-01     1.205676E+00
  2.139589E-01     1.212710E+00
  2.169384E-01     1.219790E+00
  2.199593E-01     1.226919E+00
  2.230223E-01     1.234100E+00
  2.261280E-01     1.241336E+00
  2.292769E-01     1.248631E+00
  2.324697E-01     1.255989E+00
  2.357069E-01     1.263413E+00
  2.389893E-01     1.270905E+00
  2.423173E-01     1.278466E+00
  2.456916E-01     1.286099E+00
  2.491130E-01     1.293805E+00
  2.525820E-01     1.301586E+00
  2.560993E-01     1.309445E+00
  2.596656E-01     1.317384E+00
  2.632815E-01     1.325406E+00
  2.669478E-01     1.333513E+00
  2.706652E-01     1.341707E+00
  2.744343E-01     1.349988E+00
  2.782559E-01     1.358357E+00
  2.821308E-01     1.366814E+00
  2.860596E-01     1.375359E+00
  2.900430E-01     1.383993E+00
  2.940820E-01     1.392715E+00
  2.981772E-01     1.401525E+00
  3.023295E-01     1.410423E+00
  3.065395E-01     1.419410E+00
  3.108082E-01     1.428485E+00
  3.151363E-01     1.437647E+00
  3.195248E-01     1.446895E+00
  3.239743E-01     1.456226E+00
  3.284857E-01     1.465640E+00
  3.330600E-01     1.475135E+00
  3.376980E-01     1.484709E+00
  3.424006E-01     1.494359E+00
  3.471687E-01     1.504084E+00
  3.520031E-01     1.513881E+00
  3.569049E-01     1.523747E+00
  3.618750E-01     1.533680E+00
  3.669142E-01     1.543678E+00
  3.720237E-01     1.553740E+00
  3.772042E-01     1.563861E+00
  3.824570E-01     1.574041E+00
  3.877828E-01     1.584275E+00
  3.931829E-01     1.594560E+00
  3.986581E-01     1.604894E+00
  4.042096E-01     1.615273E+00
  4.098384E-01     1.625693E+00
  4.155455E-01     1.636152E+00
  4.213322E-01     1.646647E+00
  4.271994E-01     1.657174E+00
  4.331483E-01     1.667731E+00
  4.391801E-01     1.678315E+00
  4.452959E-01     1.688922E+00
  4.514968E-01     1.699548E+00
  4.577841E-01     1.710190E+00
  4.641589E-01     1.720844E+00
  4.706225E-01     1.731506E+00
  4.771761E-01     1.742172E+00
  4.838210E-01     1.752839E+00
  4.905584E-01     1.763504E+00
  4.973896E-01     1.774162E+00
  5.043159E-01     1.784811E+00
  5.113388E-01     1.795446E+00
  5.184594E-01     1.806063E+00
  5.256791E-01     1.816658E+00
  5.329994E-01     1.827227E+00
  5.404216E-01     1.837765E+00
  5.479472E-01     1.848270E+00
  5.555776E-01     1.858736E+00
  5.633143E-01     1.869162E+00
  5.711586E-01     1.879544E+00
  5.791123E-01     1.889878E+00
  5.871766E-01     1.900160E+00
  5.953533E-01     1.910388E+00
  6.036439E-01     1.920557E+00
  6.120498E-01     1.930664E+00
  6.205729E-01     1.940706E+00
  6.292146E-01     1.950680E+00
  6.379767E-01     1.960582E+00
  6.468608E-01     1.970411E+00
  6.558686E-01     1.980163E+00
  6.650018E-01     1.989836E+00
  6.742622E-01     1.999429E+00
  6.836516E-01     2.008938E+00
  6.931717E-01     2.018362E+00
  7.028244E-01     2.027700E+00
  7.126115E-01     2.036948E+00
  7.225349E-01     2.046106E+00
  7.325965E-01     2.055171E+00
  7.427982E-01     2.064141E+00
  7.531420E-01     2.073014E+00
  7.636298E-01     2.081789E+00
  7.742637E-01     2.090464E+00
  7.850456E-01     2.099039E+00
  7.959777E-01     2.107511E+00
  8.070620E-01     2.115882E+00
  8.183007E-01     2.124149E+00
  8.296959E-01     2.132313E+00
  8.412497E-01     2.140371E+00
  8.529644E-01     2.148322E+00
  8.648423E-01     2.156164E+00
  8.768856E-01     2.163897E+00
  8.890966E-01     2.171520E+00
  9.014776E-01     2.179032E+00
  9.140311E-01     2.186433E+00
  9.267593E-01     2.193724E+00
  9.396648E-01     2.200905E+00
  9.527500E-01     2.207975E+00
  9.660175E-01     2.214933E+00
  9.794697E-01     2.221778E+00
  9.931092E-01     2.228509E+00
  1.006939E+00     2.235125E+00
  1.020961E+00     2.241626E+00
  1.035178E+00     2.248011E+00
  1.049593E+00     2.254281E+00
  1.064209E+00     2.260436E+00
  1.079029E+00     2.266478E+00
  1.094055E+00     2.272406E+00
  1.109290E+00     2.278220E+00
  1.124737E+00     2.283918E+00
  1.140400E+00     2.289500E+00
  1.156280E+00     2.294965E+00
  1.172382E+00     2.300313E+00
  1.188708E+00     2.305544E+00
  1.205261E+00     2.310659E+00
  1.222045E+00     2.315659E+00
  1.239062E+00     2.320545E+00
  1.256317E+00     2.325318E+00
  1.273811E+00     2.329977E+00
  1.291550E+00     2.334520E+00
  1.309535E+00     2.338948E+00
  1.327771E+00     2.343260E+00
  1.346261E+00     2.347457E+00
  1.365008E+00     2.351537E+00
  1.384016E+00     2.355503E+00
  1.403289E+00     2.359354E+00
  1.422830E+00     2.363093E+00
  1.442644E+00     2.366721E+00
  1.462733E+00     2.370236E+00
  1.483103E+00     2.373638E+00
  1.503755E+00     2.376926E+00
  1.524696E+00     2.380101E+00
  1.545928E+00     2.383163E+00
  1.567455E+00     2.386111E+00
  1.589283E+00     2.388947E+00
  1.611414E+00     2.391672E+00
  1.633854E+00     2.394287E+00
  1.656606E+00     2.396794E+00
  1.679675E+00     2.399191E+00
  1.703065E+00     2.401479E+00
  1.726781E+00     2.403656E+00
  1.750827E+00     2.405723E+00
  1.775208E+00     2.407679E+00
  1.799929E+00     2.409526E+00
  1.824993E+00     2.411263E+00
  1.850407E+00     2.412891E+00
  1.876175E+00     2.414413E+00
  1.902301E+00     2.415829E+00
  1.928792E+00     2.417138E+00
  1.955651E+00     2.418341E+00
  1.982884E+00     2.419437E+00
  2.010496E+00     2.420427E+00
  2.038493E+00     2.421311E+00
  2.066880E+00     2.422089E+00
  2.095662E+00     2.422762E+00
  2.124845E+00     2.423332E+00
  2.154435E+00     2.423800E+00
  2.184436E+00     2.424167E+00
  2.214855E+00     2.424434E+00
  2.245698E+00     2.424600E+00
  2.276970E+00     2.424665E+00
  2.308678E+00     2.424628E+00
  2.340827E+00     2.424489E+00
  2.373424E+00     2.424248E+00
  2.406475E+00     2.423907E+00
  2.439986E+00     2.423465E+00
  2.473964E+00     2.422924E+00
  2.508415E+00     2.422285E+00
  2.543346E+00     2.421548E+00
  2.578763E+00     2.420713E+00
  2.614673E+00     2.419779E+00
  2.651084E+00     2.418746E+00
  2.688001E+00     2.417615E+00
  2.725433E+00     2.416386E+00
  2.763385E+00     2.415061E+00
  2.801867E+00     2.413639E+00
  2.840884E+00     2.412123E+00
  2.880444E+00     2.410514E+00
  2.920556E+00     2.408811E+00
  2.961225E+00     2.407016E+00
  3.002462E+00     2.405126E+00
  3.044272E+00     2.403144E+00
  3.086665E+00     2.401068E+00
  3.129648E+00     2.398899E+00
  3.173230E+00     2.396639E+00
  3.217418E+00     2.394287E+00
  3.262222E+00     2.391846E+00
  3.307650E+00     2.389315E+00
  3.353710E+00     2.386696E+00
  3.400412E+00     2.383988E+00
  3.447764E+00     2.381192E+00
  3.495776E+00     2.378307E+00
  3.544456E+00     2.375334E+00
  3.593814E+00     2.372272E+00
  3.643859E+00     2.369124E+00
  3.694601E+00     2.365889E+00
  3.746050E+00     2.362569E+00
  3.798215E+00     2.359165E+00
  3.851107E+00     2.355677E+00
  3.904735E+00     2.352105E+00
  3.959110E+00     2.348450E+00
  4.014242E+00     2.344711E+00
  4.070142E+00     2.340888E+00
  4.126821E+00     2.336982E+00
  4.184289E+00     2.332994E+00
  4.242556E+00     2.328924E+00
  4.301636E+00     2.324774E+00
  4.361538E+00     2.320543E+00
  4.422274E+00     2.316234E+00
  4.483856E+00     2.311845E+00
  4.546295E+00     2.307377E+00
  4.609604E+00     2.302831E+00
  4.673795E+00     2.298206E+00
  4.738880E+00     2.293503E+00
  4.804870E+00     2.288724E+00
  4.871780E+00     2.283868E+00
  4.939622E+00     2.278936E+00
  5.008408E+00     2.273931E+00
  5.078152E+00     2.268851E+00
  5.148867E+00     2.263698E+00
  5.220568E+00     2.258473E+00
  5.293266E+00     2.253174E+00
  5.366977E+00     2.247802E+00
  5.441714E+00     2.242358E+00
  5.517492E+00     2.236843E+00
  5.594326E+00     2.231258E+00
  5.672229E+00     2.225602E+00
  5.751217E+00     2.219877E+00
  5.831305E+00     2.214084E+00
  5.912508E+00     2.208223E+00
  5.994843E+00     2.202295E+00
  6.078323E+00     2.196299E+00
  6.162966E+00     2.190236E+00
  6.248788E+00     2.184107E+00
  6.335805E+00     2.177913E+00
  6.424034E+00     2.171654E+00
  6.513491E+00     2.165331E+00
  6.604194E+00     2.158945E+00
  6.696160E+00     2.152497E+00
  6.789407E+00     2.145987E+00
  6.883952E+00     2.139416E+00
  6.979814E+00     2.132784E+00
  7.077011E+00     2.126091E+00
  7.175561E+00     2.119339E+00
  7.275484E+00     2.112527E+00
  7.376798E+00     2.105656E+00
  7.479523E+00     2.098728E+00
  7.583678E+00     2.091743E+00
  7.689284E+00     2.084701E+00
  7.796360E+00     2.077604E+00
  7.904928E+00     2.070451E+00
  8.015007E+00     2.063244E+00
  8.126619E+00     2.055984E+00
  8.239786E+00     2.048669E+00
  8.354528E+00     2.041303E+00
  8.470868E+00     2.033884E+00
  8.588829E+00     2.026415E+00
  8.708431E+00     2.018896E+00
  8.829700E+00     2.011328E+00
  8.952657E+00     2.003711E+00
  9.077327E+00     1.996046E+00
  9.203732E+00     1.988334E+00
  9.331898E+00     1.980575E+00
  9.461848E+00     1.972771E+00
  9.593608E+00     1.964921E+00
  9.727203E+00     1.957026E+00
  9.862658E+00     1.949087E+00
  1.000000E+01     1.941106E+00
  1.013925E+01     1.933081E+00
  1.028045E+01     1.925016E+00
  1.042361E+01     1.916909E+00
  1.056876E+01     1.908762E+00
  1.071593E+01     1.900576E+00
  1.086516E+01     1.892351E+00
  1.101646E+01     1.884089E+00
  1.116987E+01     1.875789E+00
  1.132541E+01     1.867453E+00
  1.148312E+01     1.859081E+00
  1.164303E+01     1.850674E+00
  1.180517E+01     1.842234E+00
  1.196956E+01     1.833761E+00
  1.213624E+01     1.825255E+00
  1.230524E+01     1.816718E+00
  1.247660E+01     1.808151E+00
  1.265034E+01     1.799554E+00
  1.282650E+01     1.790927E+00
  1.300511E+01     1.782273E+00
  1.318621E+01     1.773591E+00
  1.336984E+01     1.764883E+00
  1.355602E+01     1.756149E+00
  1.374479E+01     1.747390E+00
  1.393619E+01     1.738607E+00
  1.413026E+01     1.729801E+00
  1.432703E+01     1.720972E+00
  1.452654E+01     1.712121E+00
  1.472883E+01     1.703249E+00
  1.493393E+01     1.694357E+00
  1.514189E+01     1.685445E+00
  1.535275E+01     1.676514E+00
  1.556654E+01     1.667565E+00
  1.578331E+01     1.658599E+00
  1.600310E+01     1.649616E+00
  1.622595E+01     1.640618E+00
  1.645191E+01     1.631605E+00
  1.668101E+01     1.622578E+00
  1.691330E+01     1.613539E+00
  1.714882E+01     1.604488E+00
  1.738762E+01     1.595426E+00
  1.762975E+01     1.586353E+00
  1.787526E+01     1.577270E+00
  1.812418E+01     1.568178E+00
  1.837656E+01     1.559079E+00
  1.863246E+01     1.549972E+00
  1.889193E+01     1.540860E+00
  1.915501E+01     1.531743E+00
  1.942175E+01     1.522621E+00
  1.969220E+01     1.513495E+00
  1.996642E+01     1.504366E+00
  2.024447E+01     1.495234E+00
  2.052638E+01     1.486100E+00
  2.081222E+01     1.476966E+00
  2.110203E+01     1.467831E+00
  2.139589E+01     1.458698E+00
  2.169384E+01     1.449567E+00
  2.199593E+01     1.440440E+00
  2.230223E+01     1.431316E+00
  2.261280E+01     1.422197E+00
  2.292769E+01     1.413083E+00
  2.324697E+01     1.403975E+00
  2.357069E+01     1.394874E+00
  2.389893E+01     1.385780E+00
  2.423173E+01     1.376695E+00
  2.456916E+01     1.367620E+00
  2.491130E+01     1.358555E+00
  2.525820E+01     1.349501E+00
  2.560993E+01     1.340459E+00
  2.596656E+01     1.331429E+00
  2.632815E+01     1.322412E+00
  2.669478E+01     1.313408E+00
  2.706652E+01     1.304417E+00
  2.744343E+01     1.295441E+00
  2.782559E+01     1.286480E+00
  2.821308E+01     1.277536E+00
  2.860596E+01     1.268611E+00
  2.900430E+01     1.259703E+00
  2.940820E+01     1.250815E+00
  2.981772E+01     1.241947E+00
  3.023295E+01     1.233100E+00
  3.065395E+01     1.224273E+00
  3.108082E+01     1.215468E+00
  3.151363E+01     1.206684E+00
  3.195248E+01     1.197925E+00
  3.239743E+01     1.189189E+00
  3.284857E+01     1.180479E+00
  3.330600E+01     1.171794E+00
  3.376980E+01     1.163136E+00
  3.424006E+01     1.154504E+00
  3.471687E+01     1.145899E+00
  3.520031E+01     1.137320E+00
  3.569049E+01     1.128769E+00
  3.618750E+01     1.120245E+00
  3.669142E+01     1.111751E+00
  3.720237E+01     1.103287E+00
  3.772042E+01     1.094854E+00
  3.824570E+01     1.086452E+00
  3.877828E+01     1.078083E+00
  3.931829E+01     1.069746E+00
  3.986581E+01     1.061443E+00
  4.042096E+01     1.053172E+00
  4.098384E+01     1.044935E+00
  4.155455E+01     1.036732E+00
  4.213322E+01     1.028564E+00
  4.271994E+01     1.020431E+00
  4.331483E+01     1.012336E+00
  4.391801E+01     1.004278E+00
  4.452959E+01     9.962571E-01
  4.514968E+01     9.882742E-01
  4.577841E+01     9.803291E-01
  4.641589E+01     9.724215E-01
  4.706225E+01     9.645513E-01
  4.771761E+01     9.567193E-01
  4.838210E+01     9.489265E-01
  4.905584E+01     9.411738E-01
  4.973896E+01     9.334619E-01
  5.043159E+01     9.257914E-01
  5.113388E+01     9.181626E-01
  5.184594E+01     9.105758E-01
  5.256791E+01     9.030310E-01
  5.329994E+01     8.955279E-01
  5.404216E+01     8.880665E-01
  5.479472E+01     8.806473E-01
  5.555776E+01     8.732712E-01
  5.633143E+01     8.659390E-01
  5.711586E+01     8.586513E-01
  5.791123E+01     8.514085E-01
  5.871766E+01     8.442110E-01
  5.953533E+01     8.370586E-01
  6.036439E+01     8.299514E-01
  6.120498E+01     8.228890E-01
  6.205729E+01     8.158707E-01
  6.292146E+01     8.088972E-01
  6.379767E+01     8.019693E-01
  6.468608E+01     7.950876E-01
  6.558686E+01     7.882527E-01
  6.650018E+01     7.814649E-01
  6.742622E+01     7.747243E-01
  6.836516E+01     7.680310E-01
  6.931717E+01     7.613847E-01
  7.028244E+01     7.547849E-01
  7.126115E+01     7.482309E-01
  7.225349E+01     7.417231E-01
  7.325965E+01     7.352623E-01
  7.427982E+01     7.288490E-01
  7.531420E+01     7.224838E-01
  7.636298E+01     7.161669E-01
  7.742637E+01     7.098985E-01
  7.850456E+01     7.036785E-01
  7.959777E+01     6.975066E-01
  8.070620E+01     6.913823E-01
  8.183007E+01     6.853048E-01
  8.296959E+01     6.792743E-01
  8.412497E+01     6.732914E-01
  8.529644E+01     6.673568E-01
  8.648423E+01     6.614707E-01
  8.768856E+01     6.556335E-01
  8.890966E+01     6.498451E-01
  9.014776E+01     6.441055E-01
  9.140311E+01     6.384141E-01
  9.267593E+01     6.327705E-01
  9.396648E+01     6.271738E-01
  9.527500E+01     6.216238E-01
  9.660175E+01     6.161213E-01
  9.794697E+01     6.106666E-01
  9.931092E+01     6.052600E-01
  1.006939E+02     5.999017E-01
  1.020961E+02     5.945916E-01
  1.035178E+02     5.893296E-01
  1.049593E+02     5.841150E-01
  1.064209E+02     5.789474E-01
  1.079029E+02     5.738256E-01
  1.094055E+02     5.687495E-01
  1.109290E+02     5.637196E-01
  1.124737E+02     5.587362E-01
  1.140400E+02     5.537996E-01
  1.156280E+02     5.489100E-01
  1.172382E+02     5.440673E-01
  1.188708E+02     5.392711E-01
  1.205261E+02     5.345211E-01
  1.222045E+02     5.298165E-01
  1.239062E+02     5.251565E-01
  1.256317E+02     5.205405E-01
  1.273811E+02     5.159691E-01
  1.291550E+02     5.114426E-01
  1.309535E+02     5.069612E-01
  1.327771E+02     5.025250E-01
  1.346261E+02     4.981339E-01
  1.365008E+02     4.937876E-01
  1.384016E+02     4.894857E-01
  1.403289E+02     4.852274E-01
  1.422830E+02     4.810118E-01
  1.442644E+02     4.768385E-01
  1.462733E+02     4.727077E-01
  1.483103E+02     4.686197E-01
  1.503755E+02     4.645746E-01
  1.524696E+02     4.605725E-01
  1.545928E+02     4.566132E-01
  1.567455E+02     4.526963E-01
  1.589283E+02     4.488214E-01
  1.611414E+02     4.449878E-01
  1.633854E+02     4.411944E-01
  1.656606E+02     4.374407E-01
  1.679675E+02     4.337268E-01
  1.703065E+02     4.300530E-01
  1.726781E+02     4.264194E-01
  1.750827E+02     4.228261E-01
  1.775208E+02     4.192729E-01
  1.799929E+02     4.157595E-01
  1.824993E+02     4.122854E-01
  1.850407E+02     4.088499E-01
  1.876175E+02     4.054522E-01
  1.902301E+02     4.020916E-01
  1.928792E+02     3.987682E-01
  1.955651E+02     3.954822E-01
  1.982884E+02     3.922337E-01
  2.010496E+02     3.890228E-01
  2.038493E+02     3.858492E-01
  2.066880E+02     3.827127E-01
  2.095662E+02     3.796128E-01
  2.124845E+02     3.765489E-01
  2.154435E+02     3.735201E-01
  2.184436E+02     3.705257E-01
  2.214855E+02     3.675658E-01
  2.245698E+02     3.646405E-01
  2.276970E+02     3.617499E-01
  2.308678E+02     3.588940E-01
  2.340827E+02     3.560727E-01
  2.373424E+02     3.532856E-01
  2.406475E+02     3.505323E-01
  2.439986E+02     3.478123E-01
  2.473964E+02     3.451247E-01
  2.508415E+02     3.424687E-01
  2.543346E+02     3.398444E-01
  2.578763E+02     3.372520E-01
  2.614673E+02     3.346914E-01
  2.651084E+02     3.321627E-01
  2.688001E+02     3.296657E-01
  2.725433E+02     3.272002E-01
  2.763385E+02     3.247657E-01
  2.801867E+02     3.223617E-01
  2.840884E+02     3.199875E-01
  2.880444E+02     3.176423E-01
  2.920556E+02     3.153260E-01
  2.961225E+02     3.130389E-01
  3.002462E+02     3.107808E-01
  3.044272E+02     3.085519E-01
  3.086665E+02     3.063520E-01
  3.129648E+02     3.041808E-01
  3.173230E+02     3.020379E-01
  3.217418E+02     2.999229E-01
  3.262222E+02     2.978351E-01
  3.307650E+02     2.957738E-01
  3.353710E+02     2.937388E-01
  3.400412E+02     2.917303E-01
  3.447764E+02     2.897483E-01
  3.495776E+02     2.877927E-01
  3.544456E+02     2.858636E-01
  3.593814E+02     2.839605E-01
  3.643859E+02     2.820833E-01
  3.694601E+02     2.802313E-01
  3.746050E+02     2.784042E-01
  3.798215E+02     2.766012E-01
  3.851107E+02     2.748220E-01
  3.904735E+02     2.730669E-01
  3.959110E+02     2.713358E-01
  4.014242E+02     2.696288E-01
  4.070142E+02     2.679457E-01
  4.126821E+02     2.662863E-01
  4.184289E+02     2.646504E-01
  4.242556E+02     2.630375E-01
  4.301636E+02     2.614471E-01
  4.361538E+02     2.598786E-01
  4.422274E+02     2.583318E-01
  4.483856E+02     2.568067E-01
  4.546295E+02     2.553035E-01
  4.609604E+02     2.538221E-01
  4.673795E+02     2.523623E-01
  4.738880E+02     2.509240E-01
  4.804870E+02     2.495070E-01
  4.871780E+02     2.481109E-01
  4.939622E+02     2.467353E-01
  5.008408E+02     2.453795E-01
  5.078152E+02     2.440433E-01
  5.148867E+02     2.427268E-01
  5.220568E+02     2.414300E-01
  5.293266E+02     2.401529E-01
  5.366977E+02     2.388955E-01
  5.441714E+02     2.376575E-01
  5.517492E+02     2.364388E-01
  5.594326E+02     2.352390E-01
  5.672229E+02     2.340577E-01
  5.751217E+02     2.328945E-01
  5.831305E+02     2.317490E-01
  5.912508E+02     2.306212E-01
  5.994843E+02     2.295113E-01
  6.078323E+02     2.284191E-01
  6.162966E+02     2.273446E-01
  6.248788E+02     2.262876E-01
  6.335805E+02     2.252478E-01
  6.424034E+02     2.242251E-01
  6.513491E+02     2.232189E-01
  6.604194E+02     2.222288E-01
  6.696160E+02     2.212545E-01
  6.789407E+02     2.202961E-01
  6.883952E+02     2.193535E-01
  6.979814E+02     2.184267E-01
  7.077011E+02     2.175158E-01
  7.175561E+02     2.166206E-01
  7.275484E+02     2.157409E-01
  7.376798E+02     2.148764E-01
  7.479523E+02     2.140269E-01
  7.583678E+02     2.131921E-01
  7.689284E+02     2.123715E-01
  7.796360E+02     2.115656E-01
  7.904928E+02     2.107746E-01
  8.015007E+02     2.099987E-01
  8.126619E+02     2.092381E-01
  8.239786E+02     2.084932E-01
  8.354528E+02     2.077641E-01
  8.470868E+02     2.070509E-01
  8.588829E+02     2.063537E-01
  8.708431E+02     2.056727E-01
  8.829700E+02     2.050076E-01
  8.952657E+02     2.043570E-01
  9.077327E+02     2.037192E-01
  9.203732E+02     2.030924E-01
  9.331898E+02     2.024744E-01
  9.461848E+02     2.018630E-01
  9.593608E+02     2.012556E-01
  9.727203E+02     2.006495E-01
  9.862658E+02     2.000417E-01
  1.000000E+03     1.994289E-01
