FILE CREATED BY  : PROGRAM DPASS - VERSION 2.00
DATABASE VERSION : 21.06
DATE AND TIME    : 10/08/2022 00:05:13
PROJECTILE       : Er
TARGET           : Ba
TARGET AT. MASS  : 1.373300E+02
TARGET DENSITY   : 3.590000E+00 g/cm^3
TABULATED OUTPUT : STOPPING FORCE VERSUS ENERGY
DATA TYPE        : SPLINE INTERPOLATED
ABSCISSA UNITS   : MeV/u
ORDINATE UNITS   : eV/nm


      E/n             S(E/n)

  1.000000E-03     3.612741E+02
  1.013925E-03     3.637594E+02
  1.028045E-03     3.662776E+02
  1.042361E-03     3.688274E+02
  1.056876E-03     3.714073E+02
  1.071593E-03     3.740157E+02
  1.086516E-03     3.766507E+02
  1.101646E-03     3.793105E+02
  1.116987E-03     3.819928E+02
  1.132541E-03     3.846953E+02
  1.148312E-03     3.874154E+02
  1.164303E-03     3.901509E+02
  1.180517E-03     3.929016E+02
  1.196956E-03     3.956679E+02
  1.213624E-03     3.984506E+02
  1.230524E-03     4.012503E+02
  1.247660E-03     4.040678E+02
  1.265034E-03     4.069039E+02
  1.282650E-03     4.097594E+02
  1.300511E-03     4.126355E+02
  1.318621E-03     4.155332E+02
  1.336984E-03     4.184535E+02
  1.355602E-03     4.213968E+02
  1.374479E-03     4.243630E+02
  1.393619E-03     4.273523E+02
  1.413026E-03     4.303645E+02
  1.432703E-03     4.333997E+02
  1.452654E-03     4.364578E+02
  1.472883E-03     4.395390E+02
  1.493393E-03     4.426431E+02
  1.514189E-03     4.457703E+02
  1.535275E-03     4.489204E+02
  1.556654E-03     4.520936E+02
  1.578331E-03     4.552900E+02
  1.600310E-03     4.585098E+02
  1.622595E-03     4.617532E+02
  1.645191E-03     4.650204E+02
  1.668101E-03     4.683115E+02
  1.691330E-03     4.716268E+02
  1.714882E-03     4.749665E+02
  1.738762E-03     4.783309E+02
  1.762975E-03     4.817204E+02
  1.787526E-03     4.851350E+02
  1.812418E-03     4.885751E+02
  1.837656E-03     4.920407E+02
  1.863246E-03     4.955320E+02
  1.889193E-03     4.990492E+02
  1.915501E-03     5.025926E+02
  1.942175E-03     5.061624E+02
  1.969220E-03     5.097589E+02
  1.996642E-03     5.133824E+02
  2.024447E-03     5.170331E+02
  2.052638E-03     5.207113E+02
  2.081222E-03     5.244171E+02
  2.110203E-03     5.281508E+02
  2.139589E-03     5.319125E+02
  2.169384E-03     5.357023E+02
  2.199593E-03     5.395205E+02
  2.230223E-03     5.433674E+02
  2.261280E-03     5.472431E+02
  2.292769E-03     5.511479E+02
  2.324697E-03     5.550822E+02
  2.357069E-03     5.590461E+02
  2.389893E-03     5.630398E+02
  2.423173E-03     5.670637E+02
  2.456916E-03     5.711178E+02
  2.491130E-03     5.752024E+02
  2.525820E-03     5.793178E+02
  2.560993E-03     5.834642E+02
  2.596656E-03     5.876420E+02
  2.632815E-03     5.918515E+02
  2.669478E-03     5.960931E+02
  2.706652E-03     6.003670E+02
  2.744343E-03     6.046735E+02
  2.782559E-03     6.090128E+02
  2.821308E-03     6.133851E+02
  2.860596E-03     6.177906E+02
  2.900430E-03     6.222297E+02
  2.940820E-03     6.267027E+02
  2.981772E-03     6.312098E+02
  3.023295E-03     6.357514E+02
  3.065395E-03     6.403279E+02
  3.108082E-03     6.449396E+02
  3.151363E-03     6.495868E+02
  3.195248E-03     6.542696E+02
  3.239743E-03     6.589884E+02
  3.284857E-03     6.637433E+02
  3.330600E-03     6.685347E+02
  3.376980E-03     6.733628E+02
  3.424006E-03     6.782281E+02
  3.471687E-03     6.831309E+02
  3.520031E-03     6.880715E+02
  3.569049E-03     6.930503E+02
  3.618750E-03     6.980677E+02
  3.669142E-03     7.031238E+02
  3.720237E-03     7.082189E+02
  3.772042E-03     7.133534E+02
  3.824570E-03     7.185276E+02
  3.877828E-03     7.237419E+02
  3.931829E-03     7.289966E+02
  3.986581E-03     7.342921E+02
  4.042096E-03     7.396290E+02
  4.098384E-03     7.450077E+02
  4.155455E-03     7.504283E+02
  4.213322E-03     7.558913E+02
  4.271994E-03     7.613969E+02
  4.331483E-03     7.669454E+02
  4.391801E-03     7.725372E+02
  4.452959E-03     7.781725E+02
  4.514968E-03     7.838519E+02
  4.577841E-03     7.895757E+02
  4.641589E-03     7.953445E+02
  4.706225E-03     8.011585E+02
  4.771761E-03     8.070183E+02
  4.838210E-03     8.129241E+02
  4.905584E-03     8.188763E+02
  4.973896E-03     8.248752E+02
  5.043159E-03     8.309213E+02
  5.113388E-03     8.370149E+02
  5.184594E-03     8.431567E+02
  5.256791E-03     8.493471E+02
  5.329994E-03     8.555866E+02
  5.404216E-03     8.618758E+02
  5.479472E-03     8.682150E+02
  5.555776E-03     8.746047E+02
  5.633143E-03     8.810451E+02
  5.711586E-03     8.875365E+02
  5.791123E-03     8.940795E+02
  5.871766E-03     9.006744E+02
  5.953533E-03     9.073216E+02
  6.036439E-03     9.140217E+02
  6.120498E-03     9.207752E+02
  6.205729E-03     9.275827E+02
  6.292146E-03     9.344444E+02
  6.379767E-03     9.413608E+02
  6.468608E-03     9.483323E+02
  6.558686E-03     9.553592E+02
  6.650018E-03     9.624420E+02
  6.742622E-03     9.695812E+02
  6.836516E-03     9.767771E+02
  6.931717E-03     9.840304E+02
  7.028244E-03     9.913417E+02
  7.126115E-03     9.987115E+02
  7.225349E-03     1.006140E+03
  7.325965E-03     1.013628E+03
  7.427982E-03     1.021176E+03
  7.531420E-03     1.028785E+03
  7.636298E-03     1.036454E+03
  7.742637E-03     1.044184E+03
  7.850456E-03     1.051976E+03
  7.959777E-03     1.059831E+03
  8.070620E-03     1.067749E+03
  8.183007E-03     1.075731E+03
  8.296959E-03     1.083777E+03
  8.412497E-03     1.091889E+03
  8.529644E-03     1.100065E+03
  8.648423E-03     1.108307E+03
  8.768856E-03     1.116615E+03
  8.890966E-03     1.124989E+03
  9.014776E-03     1.133431E+03
  9.140311E-03     1.141940E+03
  9.267593E-03     1.150518E+03
  9.396648E-03     1.159165E+03
  9.527500E-03     1.167881E+03
  9.660175E-03     1.176667E+03
  9.794697E-03     1.185524E+03
  9.931092E-03     1.194451E+03
  1.006939E-02     1.203450E+03
  1.020961E-02     1.212521E+03
  1.035178E-02     1.221665E+03
  1.049593E-02     1.230882E+03
  1.064209E-02     1.240174E+03
  1.079029E-02     1.249540E+03
  1.094055E-02     1.258981E+03
  1.109290E-02     1.268499E+03
  1.124737E-02     1.278092E+03
  1.140400E-02     1.287763E+03
  1.156280E-02     1.297511E+03
  1.172382E-02     1.307337E+03
  1.188708E-02     1.317241E+03
  1.205261E-02     1.327224E+03
  1.222045E-02     1.337287E+03
  1.239062E-02     1.347430E+03
  1.256317E-02     1.357654E+03
  1.273811E-02     1.367960E+03
  1.291550E-02     1.378347E+03
  1.309535E-02     1.388818E+03
  1.327771E-02     1.399371E+03
  1.346261E-02     1.410008E+03
  1.365008E-02     1.420729E+03
  1.384016E-02     1.431535E+03
  1.403289E-02     1.442427E+03
  1.422830E-02     1.453406E+03
  1.442644E-02     1.464472E+03
  1.462733E-02     1.475626E+03
  1.483103E-02     1.486867E+03
  1.503755E-02     1.498198E+03
  1.524696E-02     1.509617E+03
  1.545928E-02     1.521127E+03
  1.567455E-02     1.532727E+03
  1.589283E-02     1.544417E+03
  1.611414E-02     1.556200E+03
  1.633854E-02     1.568075E+03
  1.656606E-02     1.580043E+03
  1.679675E-02     1.592105E+03
  1.703065E-02     1.604262E+03
  1.726781E-02     1.616512E+03
  1.750827E-02     1.628858E+03
  1.775208E-02     1.641300E+03
  1.799929E-02     1.653837E+03
  1.824993E-02     1.666472E+03
  1.850407E-02     1.679205E+03
  1.876175E-02     1.692035E+03
  1.902301E-02     1.704965E+03
  1.928792E-02     1.717995E+03
  1.955651E-02     1.731125E+03
  1.982884E-02     1.744355E+03
  2.010496E-02     1.757686E+03
  2.038493E-02     1.771119E+03
  2.066880E-02     1.784655E+03
  2.095662E-02     1.798293E+03
  2.124845E-02     1.812035E+03
  2.154435E-02     1.825881E+03
  2.184436E-02     1.839833E+03
  2.214855E-02     1.853891E+03
  2.245698E-02     1.868054E+03
  2.276970E-02     1.882324E+03
  2.308678E-02     1.896702E+03
  2.340827E-02     1.911187E+03
  2.373424E-02     1.925780E+03
  2.406475E-02     1.940483E+03
  2.439986E-02     1.955295E+03
  2.473964E-02     1.970218E+03
  2.508415E-02     1.985252E+03
  2.543346E-02     2.000398E+03
  2.578763E-02     2.015656E+03
  2.614673E-02     2.031027E+03
  2.651084E-02     2.046512E+03
  2.688001E-02     2.062111E+03
  2.725433E-02     2.077824E+03
  2.763385E-02     2.093653E+03
  2.801867E-02     2.109598E+03
  2.840884E-02     2.125660E+03
  2.880444E-02     2.141841E+03
  2.920556E-02     2.158140E+03
  2.961225E-02     2.174558E+03
  3.002462E-02     2.191096E+03
  3.044272E-02     2.207755E+03
  3.086665E-02     2.224534E+03
  3.129648E-02     2.241435E+03
  3.173230E-02     2.258459E+03
  3.217418E-02     2.275607E+03
  3.262222E-02     2.292879E+03
  3.307650E-02     2.310276E+03
  3.353710E-02     2.327800E+03
  3.400412E-02     2.345451E+03
  3.447764E-02     2.363229E+03
  3.495776E-02     2.381135E+03
  3.544456E-02     2.399169E+03
  3.593814E-02     2.417332E+03
  3.643859E-02     2.435626E+03
  3.694601E-02     2.454051E+03
  3.746050E-02     2.472607E+03
  3.798215E-02     2.491297E+03
  3.851107E-02     2.510120E+03
  3.904735E-02     2.529077E+03
  3.959110E-02     2.548170E+03
  4.014242E-02     2.567398E+03
  4.070142E-02     2.586762E+03
  4.126821E-02     2.606263E+03
  4.184289E-02     2.625902E+03
  4.242556E-02     2.645680E+03
  4.301636E-02     2.665598E+03
  4.361538E-02     2.685658E+03
  4.422274E-02     2.705859E+03
  4.483856E-02     2.726203E+03
  4.546295E-02     2.746691E+03
  4.609604E-02     2.767322E+03
  4.673795E-02     2.788098E+03
  4.738880E-02     2.809019E+03
  4.804870E-02     2.830087E+03
  4.871780E-02     2.851302E+03
  4.939622E-02     2.872666E+03
  5.008408E-02     2.894179E+03
  5.078152E-02     2.915844E+03
  5.148867E-02     2.937659E+03
  5.220568E-02     2.959627E+03
  5.293266E-02     2.981747E+03
  5.366977E-02     3.004020E+03
  5.441714E-02     3.026448E+03
  5.517492E-02     3.049030E+03
  5.594326E-02     3.071768E+03
  5.672229E-02     3.094664E+03
  5.751217E-02     3.117718E+03
  5.831305E-02     3.140932E+03
  5.912508E-02     3.164306E+03
  5.994843E-02     3.187840E+03
  6.078323E-02     3.211534E+03
  6.162966E-02     3.235389E+03
  6.248788E-02     3.259406E+03
  6.335805E-02     3.283586E+03
  6.424034E-02     3.307928E+03
  6.513491E-02     3.332435E+03
  6.604194E-02     3.357106E+03
  6.696160E-02     3.381943E+03
  6.789407E-02     3.406947E+03
  6.883952E-02     3.432119E+03
  6.979814E-02     3.457459E+03
  7.077011E-02     3.482970E+03
  7.175561E-02     3.508652E+03
  7.275484E-02     3.534507E+03
  7.376798E-02     3.560538E+03
  7.479523E-02     3.586745E+03
  7.583678E-02     3.613131E+03
  7.689284E-02     3.639698E+03
  7.796360E-02     3.666447E+03
  7.904928E-02     3.693377E+03
  8.015007E-02     3.720489E+03
  8.126619E-02     3.747783E+03
  8.239786E-02     3.775261E+03
  8.354528E-02     3.802922E+03
  8.470868E-02     3.830768E+03
  8.588829E-02     3.858799E+03
  8.708431E-02     3.887016E+03
  8.829700E-02     3.915421E+03
  8.952657E-02     3.944012E+03
  9.077327E-02     3.972790E+03
  9.203732E-02     4.001753E+03
  9.331898E-02     4.030901E+03
  9.461848E-02     4.060234E+03
  9.593608E-02     4.089750E+03
  9.727203E-02     4.119450E+03
  9.862658E-02     4.149332E+03
  1.000000E-01     4.179397E+03
  1.013925E-01     4.209644E+03
  1.028045E-01     4.240073E+03
  1.042361E-01     4.270682E+03
  1.056876E-01     4.301471E+03
  1.071593E-01     4.332438E+03
  1.086516E-01     4.363584E+03
  1.101646E-01     4.394907E+03
  1.116987E-01     4.426408E+03
  1.132541E-01     4.458085E+03
  1.148312E-01     4.489938E+03
  1.164303E-01     4.521967E+03
  1.180517E-01     4.554172E+03
  1.196956E-01     4.586552E+03
  1.213624E-01     4.619107E+03
  1.230524E-01     4.651837E+03
  1.247660E-01     4.684742E+03
  1.265034E-01     4.717822E+03
  1.282650E-01     4.751078E+03
  1.300511E-01     4.784510E+03
  1.318621E-01     4.818119E+03
  1.336984E-01     4.851906E+03
  1.355602E-01     4.885873E+03
  1.374479E-01     4.920019E+03
  1.393619E-01     4.954346E+03
  1.413026E-01     4.988856E+03
  1.432703E-01     5.023550E+03
  1.452654E-01     5.058429E+03
  1.472883E-01     5.093497E+03
  1.493393E-01     5.128756E+03
  1.514189E-01     5.164209E+03
  1.535275E-01     5.199860E+03
  1.556654E-01     5.235710E+03
  1.578331E-01     5.271762E+03
  1.600310E-01     5.308018E+03
  1.622595E-01     5.344480E+03
  1.645191E-01     5.381152E+03
  1.668101E-01     5.418036E+03
  1.691330E-01     5.455136E+03
  1.714882E-01     5.492457E+03
  1.738762E-01     5.530003E+03
  1.762975E-01     5.567780E+03
  1.787526E-01     5.605791E+03
  1.812418E-01     5.644042E+03
  1.837656E-01     5.682538E+03
  1.863246E-01     5.721285E+03
  1.889193E-01     5.760289E+03
  1.915501E-01     5.799556E+03
  1.942175E-01     5.839095E+03
  1.969220E-01     5.878914E+03
  1.996642E-01     5.919021E+03
  2.024447E-01     5.959427E+03
  2.052638E-01     6.000138E+03
  2.081222E-01     6.041157E+03
  2.110203E-01     6.082488E+03
  2.139589E-01     6.124135E+03
  2.169384E-01     6.166102E+03
  2.199593E-01     6.208394E+03
  2.230223E-01     6.251015E+03
  2.261280E-01     6.293971E+03
  2.292769E-01     6.337268E+03
  2.324697E-01     6.380911E+03
  2.357069E-01     6.424906E+03
  2.389893E-01     6.469254E+03
  2.423173E-01     6.513957E+03
  2.456916E-01     6.559016E+03
  2.491130E-01     6.604435E+03
  2.525820E-01     6.650215E+03
  2.560993E-01     6.696358E+03
  2.596656E-01     6.742867E+03
  2.632815E-01     6.789746E+03
  2.669478E-01     6.836996E+03
  2.706652E-01     6.884620E+03
  2.744343E-01     6.932620E+03
  2.782559E-01     6.980997E+03
  2.821308E-01     7.029753E+03
  2.860596E-01     7.078889E+03
  2.900430E-01     7.128408E+03
  2.940820E-01     7.178310E+03
  2.981772E-01     7.228599E+03
  3.023295E-01     7.279276E+03
  3.065395E-01     7.330344E+03
  3.108082E-01     7.381805E+03
  3.151363E-01     7.433658E+03
  3.195248E-01     7.485904E+03
  3.239743E-01     7.538543E+03
  3.284857E-01     7.591575E+03
  3.330600E-01     7.644999E+03
  3.376980E-01     7.698815E+03
  3.424006E-01     7.753025E+03
  3.471687E-01     7.807627E+03
  3.520031E-01     7.862622E+03
  3.569049E-01     7.918010E+03
  3.618750E-01     7.973789E+03
  3.669142E-01     8.029958E+03
  3.720237E-01     8.086517E+03
  3.772042E-01     8.143463E+03
  3.824570E-01     8.200795E+03
  3.877828E-01     8.258512E+03
  3.931829E-01     8.316612E+03
  3.986581E-01     8.375095E+03
  4.042096E-01     8.433958E+03
  4.098384E-01     8.493199E+03
  4.155455E-01     8.552816E+03
  4.213322E-01     8.612806E+03
  4.271994E-01     8.673164E+03
  4.331483E-01     8.733887E+03
  4.391801E-01     8.794971E+03
  4.452959E-01     8.856412E+03
  4.514968E-01     8.918207E+03
  4.577841E-01     8.980352E+03
  4.641589E-01     9.042841E+03
  4.706225E-01     9.105670E+03
  4.771761E-01     9.168829E+03
  4.838210E-01     9.232305E+03
  4.905584E-01     9.296085E+03
  4.973896E-01     9.360156E+03
  5.043159E-01     9.424503E+03
  5.113388E-01     9.489113E+03
  5.184594E-01     9.553967E+03
  5.256791E-01     9.619051E+03
  5.329994E-01     9.684346E+03
  5.404216E-01     9.749836E+03
  5.479472E-01     9.815511E+03
  5.555776E-01     9.881368E+03
  5.633143E-01     9.947400E+03
  5.711586E-01     1.001360E+04
  5.791123E-01     1.007997E+04
  5.871766E-01     1.014650E+04
  5.953533E-01     1.021319E+04
  6.036439E-01     1.028003E+04
  6.120498E-01     1.034702E+04
  6.205729E-01     1.041417E+04
  6.292146E-01     1.048145E+04
  6.379767E-01     1.054889E+04
  6.468608E-01     1.061646E+04
  6.558686E-01     1.068417E+04
  6.650018E-01     1.075202E+04
  6.742622E-01     1.082002E+04
  6.836516E-01     1.088815E+04
  6.931717E-01     1.095643E+04
  7.028244E-01     1.102485E+04
  7.126115E-01     1.109342E+04
  7.225349E-01     1.116213E+04
  7.325965E-01     1.123098E+04
  7.427982E-01     1.129995E+04
  7.531420E-01     1.136903E+04
  7.636298E-01     1.143822E+04
  7.742637E-01     1.150749E+04
  7.850456E-01     1.157685E+04
  7.959777E-01     1.164627E+04
  8.070620E-01     1.171576E+04
  8.183007E-01     1.178529E+04
  8.296959E-01     1.185486E+04
  8.412497E-01     1.192446E+04
  8.529644E-01     1.199408E+04
  8.648423E-01     1.206370E+04
  8.768856E-01     1.213331E+04
  8.890966E-01     1.220291E+04
  9.014776E-01     1.227248E+04
  9.140311E-01     1.234201E+04
  9.267593E-01     1.241149E+04
  9.396648E-01     1.248092E+04
  9.527500E-01     1.255027E+04
  9.660175E-01     1.261954E+04
  9.794697E-01     1.268872E+04
  9.931092E-01     1.275779E+04
  1.006939E+00     1.282674E+04
  1.020961E+00     1.289555E+04
  1.035178E+00     1.296422E+04
  1.049593E+00     1.303273E+04
  1.064209E+00     1.310107E+04
  1.079029E+00     1.316924E+04
  1.094055E+00     1.323722E+04
  1.109290E+00     1.330499E+04
  1.124737E+00     1.337254E+04
  1.140400E+00     1.343985E+04
  1.156280E+00     1.350691E+04
  1.172382E+00     1.357371E+04
  1.188708E+00     1.364023E+04
  1.205261E+00     1.370646E+04
  1.222045E+00     1.377238E+04
  1.239062E+00     1.383799E+04
  1.256317E+00     1.390328E+04
  1.273811E+00     1.396821E+04
  1.291550E+00     1.403279E+04
  1.309535E+00     1.409699E+04
  1.327771E+00     1.416081E+04
  1.346261E+00     1.422422E+04
  1.365008E+00     1.428721E+04
  1.384016E+00     1.434978E+04
  1.403289E+00     1.441190E+04
  1.422830E+00     1.447358E+04
  1.442644E+00     1.453479E+04
  1.462733E+00     1.459553E+04
  1.483103E+00     1.465578E+04
  1.503755E+00     1.471552E+04
  1.524696E+00     1.477474E+04
  1.545928E+00     1.483342E+04
  1.567455E+00     1.489156E+04
  1.589283E+00     1.494914E+04
  1.611414E+00     1.500616E+04
  1.633854E+00     1.506260E+04
  1.656606E+00     1.511846E+04
  1.679675E+00     1.517372E+04
  1.703065E+00     1.522837E+04
  1.726781E+00     1.528240E+04
  1.750827E+00     1.533579E+04
  1.775208E+00     1.538854E+04
  1.799929E+00     1.544063E+04
  1.824993E+00     1.549206E+04
  1.850407E+00     1.554282E+04
  1.876175E+00     1.559291E+04
  1.902301E+00     1.564233E+04
  1.928792E+00     1.569105E+04
  1.955651E+00     1.573908E+04
  1.982884E+00     1.578640E+04
  2.010496E+00     1.583301E+04
  2.038493E+00     1.587889E+04
  2.066880E+00     1.592404E+04
  2.095662E+00     1.596846E+04
  2.124845E+00     1.601215E+04
  2.154435E+00     1.605510E+04
  2.184436E+00     1.609733E+04
  2.214855E+00     1.613882E+04
  2.245698E+00     1.617956E+04
  2.276970E+00     1.621954E+04
  2.308678E+00     1.625876E+04
  2.340827E+00     1.629722E+04
  2.373424E+00     1.633491E+04
  2.406475E+00     1.637183E+04
  2.439986E+00     1.640798E+04
  2.473964E+00     1.644338E+04
  2.508415E+00     1.647801E+04
  2.543346E+00     1.651189E+04
  2.578763E+00     1.654500E+04
  2.614673E+00     1.657734E+04
  2.651084E+00     1.660890E+04
  2.688001E+00     1.663970E+04
  2.725433E+00     1.666972E+04
  2.763385E+00     1.669897E+04
  2.801867E+00     1.672746E+04
  2.840884E+00     1.675520E+04
  2.880444E+00     1.678220E+04
  2.920556E+00     1.680846E+04
  2.961225E+00     1.683397E+04
  3.002462E+00     1.685873E+04
  3.044272E+00     1.688275E+04
  3.086665E+00     1.690602E+04
  3.129648E+00     1.692855E+04
  3.173230E+00     1.695034E+04
  3.217418E+00     1.697141E+04
  3.262222E+00     1.699175E+04
  3.307650E+00     1.701140E+04
  3.353710E+00     1.703035E+04
  3.400412E+00     1.704859E+04
  3.447764E+00     1.706613E+04
  3.495776E+00     1.708296E+04
  3.544456E+00     1.709910E+04
  3.593814E+00     1.711453E+04
  3.643859E+00     1.712928E+04
  3.694601E+00     1.714334E+04
  3.746050E+00     1.715673E+04
  3.798215E+00     1.716947E+04
  3.851107E+00     1.718155E+04
  3.904735E+00     1.719298E+04
  3.959110E+00     1.720375E+04
  4.014242E+00     1.721387E+04
  4.070142E+00     1.722333E+04
  4.126821E+00     1.723215E+04
  4.184289E+00     1.724032E+04
  4.242556E+00     1.724786E+04
  4.301636E+00     1.725478E+04
  4.361538E+00     1.726108E+04
  4.422274E+00     1.726678E+04
  4.483856E+00     1.727188E+04
  4.546295E+00     1.727636E+04
  4.609604E+00     1.728023E+04
  4.673795E+00     1.728350E+04
  4.738880E+00     1.728616E+04
  4.804870E+00     1.728822E+04
  4.871780E+00     1.728969E+04
  4.939622E+00     1.729057E+04
  5.008408E+00     1.729088E+04
  5.078152E+00     1.729062E+04
  5.148867E+00     1.728979E+04
  5.220568E+00     1.728838E+04
  5.293266E+00     1.728640E+04
  5.366977E+00     1.728384E+04
  5.441714E+00     1.728071E+04
  5.517492E+00     1.727702E+04
  5.594326E+00     1.727276E+04
  5.672229E+00     1.726794E+04
  5.751217E+00     1.726257E+04
  5.831305E+00     1.725665E+04
  5.912508E+00     1.725019E+04
  5.994843E+00     1.724318E+04
  6.078323E+00     1.723561E+04
  6.162966E+00     1.722750E+04
  6.248788E+00     1.721883E+04
  6.335805E+00     1.720961E+04
  6.424034E+00     1.719984E+04
  6.513491E+00     1.718953E+04
  6.604194E+00     1.717869E+04
  6.696160E+00     1.716731E+04
  6.789407E+00     1.715540E+04
  6.883952E+00     1.714294E+04
  6.979814E+00     1.712995E+04
  7.077011E+00     1.711642E+04
  7.175561E+00     1.710235E+04
  7.275484E+00     1.708774E+04
  7.376798E+00     1.707260E+04
  7.479523E+00     1.705692E+04
  7.583678E+00     1.704072E+04
  7.689284E+00     1.702399E+04
  7.796360E+00     1.700673E+04
  7.904928E+00     1.698895E+04
  8.015007E+00     1.697064E+04
  8.126619E+00     1.695180E+04
  8.239786E+00     1.693243E+04
  8.354528E+00     1.691253E+04
  8.470868E+00     1.689210E+04
  8.588829E+00     1.687115E+04
  8.708431E+00     1.684969E+04
  8.829700E+00     1.682770E+04
  8.952657E+00     1.680520E+04
  9.077327E+00     1.678218E+04
  9.203732E+00     1.675864E+04
  9.331898E+00     1.673457E+04
  9.461848E+00     1.670998E+04
  9.593608E+00     1.668487E+04
  9.727203E+00     1.665924E+04
  9.862658E+00     1.663309E+04
  1.000000E+01     1.660642E+04
  1.013925E+01     1.657924E+04
  1.028045E+01     1.655155E+04
  1.042361E+01     1.652334E+04
  1.056876E+01     1.649461E+04
  1.071593E+01     1.646537E+04
  1.086516E+01     1.643561E+04
  1.101646E+01     1.640534E+04
  1.116987E+01     1.637456E+04
  1.132541E+01     1.634327E+04
  1.148312E+01     1.631147E+04
  1.164303E+01     1.627918E+04
  1.180517E+01     1.624638E+04
  1.196956E+01     1.621308E+04
  1.213624E+01     1.617928E+04
  1.230524E+01     1.614498E+04
  1.247660E+01     1.611017E+04
  1.265034E+01     1.607486E+04
  1.282650E+01     1.603905E+04
  1.300511E+01     1.600275E+04
  1.318621E+01     1.596595E+04
  1.336984E+01     1.592865E+04
  1.355602E+01     1.589087E+04
  1.374479E+01     1.585259E+04
  1.393619E+01     1.581382E+04
  1.413026E+01     1.577456E+04
  1.432703E+01     1.573482E+04
  1.452654E+01     1.569458E+04
  1.472883E+01     1.565386E+04
  1.493393E+01     1.561266E+04
  1.514189E+01     1.557098E+04
  1.535275E+01     1.552883E+04
  1.556654E+01     1.548620E+04
  1.578331E+01     1.544310E+04
  1.600310E+01     1.539953E+04
  1.622595E+01     1.535549E+04
  1.645191E+01     1.531097E+04
  1.668101E+01     1.526600E+04
  1.691330E+01     1.522055E+04
  1.714882E+01     1.517464E+04
  1.738762E+01     1.512828E+04
  1.762975E+01     1.508145E+04
  1.787526E+01     1.503418E+04
  1.812418E+01     1.498645E+04
  1.837656E+01     1.493827E+04
  1.863246E+01     1.488964E+04
  1.889193E+01     1.484056E+04
  1.915501E+01     1.479104E+04
  1.942175E+01     1.474108E+04
  1.969220E+01     1.469068E+04
  1.996642E+01     1.463984E+04
  2.024447E+01     1.458857E+04
  2.052638E+01     1.453688E+04
  2.081222E+01     1.448476E+04
  2.110203E+01     1.443221E+04
  2.139589E+01     1.437925E+04
  2.169384E+01     1.432587E+04
  2.199593E+01     1.427208E+04
  2.230223E+01     1.421789E+04
  2.261280E+01     1.416329E+04
  2.292769E+01     1.410830E+04
  2.324697E+01     1.405291E+04
  2.357069E+01     1.399714E+04
  2.389893E+01     1.394099E+04
  2.423173E+01     1.388445E+04
  2.456916E+01     1.382754E+04
  2.491130E+01     1.377025E+04
  2.525820E+01     1.371258E+04
  2.560993E+01     1.365455E+04
  2.596656E+01     1.359615E+04
  2.632815E+01     1.353739E+04
  2.669478E+01     1.347827E+04
  2.706652E+01     1.341880E+04
  2.744343E+01     1.335898E+04
  2.782559E+01     1.329883E+04
  2.821308E+01     1.323833E+04
  2.860596E+01     1.317751E+04
  2.900430E+01     1.311638E+04
  2.940820E+01     1.305493E+04
  2.981772E+01     1.299318E+04
  3.023295E+01     1.293114E+04
  3.065395E+01     1.286882E+04
  3.108082E+01     1.280622E+04
  3.151363E+01     1.274334E+04
  3.195248E+01     1.268021E+04
  3.239743E+01     1.261681E+04
  3.284857E+01     1.255315E+04
  3.330600E+01     1.248923E+04
  3.376980E+01     1.242507E+04
  3.424006E+01     1.236066E+04
  3.471687E+01     1.229601E+04
  3.520031E+01     1.223111E+04
  3.569049E+01     1.216599E+04
  3.618750E+01     1.210063E+04
  3.669142E+01     1.203506E+04
  3.720237E+01     1.196927E+04
  3.772042E+01     1.190329E+04
  3.824570E+01     1.183711E+04
  3.877828E+01     1.177075E+04
  3.931829E+01     1.170422E+04
  3.986581E+01     1.163752E+04
  4.042096E+01     1.157066E+04
  4.098384E+01     1.150366E+04
  4.155455E+01     1.143652E+04
  4.213322E+01     1.136924E+04
  4.271994E+01     1.130185E+04
  4.331483E+01     1.123433E+04
  4.391801E+01     1.116671E+04
  4.452959E+01     1.109898E+04
  4.514968E+01     1.103116E+04
  4.577841E+01     1.096325E+04
  4.641589E+01     1.089525E+04
  4.706225E+01     1.082717E+04
  4.771761E+01     1.075903E+04
  4.838210E+01     1.069082E+04
  4.905584E+01     1.062257E+04
  4.973896E+01     1.055427E+04
  5.043159E+01     1.048595E+04
  5.113388E+01     1.041761E+04
  5.184594E+01     1.034926E+04
  5.256791E+01     1.028090E+04
  5.329994E+01     1.021256E+04
  5.404216E+01     1.014423E+04
  5.479472E+01     1.007592E+04
  5.555776E+01     1.000765E+04
  5.633143E+01     9.939428E+03
  5.711586E+01     9.871252E+03
  5.791123E+01     9.803134E+03
  5.871766E+01     9.735081E+03
  5.953533E+01     9.667100E+03
  6.036439E+01     9.599197E+03
  6.120498E+01     9.531375E+03
  6.205729E+01     9.463639E+03
  6.292146E+01     9.395999E+03
  6.379767E+01     9.328464E+03
  6.468608E+01     9.261046E+03
  6.558686E+01     9.193753E+03
  6.650018E+01     9.126595E+03
  6.742622E+01     9.059580E+03
  6.836516E+01     8.992716E+03
  6.931717E+01     8.926011E+03
  7.028244E+01     8.859470E+03
  7.126115E+01     8.793099E+03
  7.225349E+01     8.726907E+03
  7.325965E+01     8.660903E+03
  7.427982E+01     8.595097E+03
  7.531420E+01     8.529498E+03
  7.636298E+01     8.464112E+03
  7.742637E+01     8.398947E+03
  7.850456E+01     8.334009E+03
  7.959777E+01     8.269303E+03
  8.070620E+01     8.204831E+03
  8.183007E+01     8.140598E+03
  8.296959E+01     8.076609E+03
  8.412497E+01     8.012876E+03
  8.529644E+01     7.949406E+03
  8.648423E+01     7.886210E+03
  8.768856E+01     7.823295E+03
  8.890966E+01     7.760667E+03
  9.014776E+01     7.698332E+03
  9.140311E+01     7.636294E+03
  9.267593E+01     7.574557E+03
  9.396648E+01     7.513122E+03
  9.527500E+01     7.451997E+03
  9.660175E+01     7.391190E+03
  9.794697E+01     7.330714E+03
  9.931092E+01     7.270575E+03
  1.006939E+02     7.210783E+03
  1.020961E+02     7.151345E+03
  1.035178E+02     7.092267E+03
  1.049593E+02     7.033553E+03
  1.064209E+02     6.975207E+03
  1.079029E+02     6.917230E+03
  1.094055E+02     6.859627E+03
  1.109290E+02     6.802404E+03
  1.124737E+02     6.745566E+03
  1.140400E+02     6.689119E+03
  1.156280E+02     6.633063E+03
  1.172382E+02     6.577402E+03
  1.188708E+02     6.522133E+03
  1.205261E+02     6.467256E+03
  1.222045E+02     6.412765E+03
  1.239062E+02     6.358655E+03
  1.256317E+02     6.304925E+03
  1.273811E+02     6.251582E+03
  1.291550E+02     6.198636E+03
  1.309535E+02     6.146091E+03
  1.327771E+02     6.093956E+03
  1.346261E+02     6.042233E+03
  1.365008E+02     5.990927E+03
  1.384016E+02     5.940039E+03
  1.403289E+02     5.889568E+03
  1.422830E+02     5.839514E+03
  1.442644E+02     5.789877E+03
  1.462733E+02     5.740662E+03
  1.483103E+02     5.691875E+03
  1.503755E+02     5.643520E+03
  1.524696E+02     5.595599E+03
  1.545928E+02     5.548115E+03
  1.567455E+02     5.501065E+03
  1.589283E+02     5.454448E+03
  1.611414E+02     5.408260E+03
  1.633854E+02     5.362495E+03
  1.656606E+02     5.317148E+03
  1.679675E+02     5.272225E+03
  1.703065E+02     5.227730E+03
  1.726781E+02     5.183667E+03
  1.750827E+02     5.140039E+03
  1.775208E+02     5.096846E+03
  1.799929E+02     5.054089E+03
  1.824993E+02     5.011765E+03
  1.850407E+02     4.969870E+03
  1.876175E+02     4.928397E+03
  1.902301E+02     4.887342E+03
  1.928792E+02     4.846708E+03
  1.955651E+02     4.806500E+03
  1.982884E+02     4.766720E+03
  2.010496E+02     4.727370E+03
  2.038493E+02     4.688450E+03
  2.066880E+02     4.649959E+03
  2.095662E+02     4.611892E+03
  2.124845E+02     4.574246E+03
  2.154435E+02     4.537013E+03
  2.184436E+02     4.500187E+03
  2.214855E+02     4.463769E+03
  2.245698E+02     4.427764E+03
  2.276970E+02     4.392173E+03
  2.308678E+02     4.356997E+03
  2.340827E+02     4.322237E+03
  2.373424E+02     4.287890E+03
  2.406475E+02     4.253952E+03
  2.439986E+02     4.220418E+03
  2.473964E+02     4.187281E+03
  2.508415E+02     4.154534E+03
  2.543346E+02     4.122176E+03
  2.578763E+02     4.090211E+03
  2.614673E+02     4.058640E+03
  2.651084E+02     4.027463E+03
  2.688001E+02     3.996678E+03
  2.725433E+02     3.966284E+03
  2.763385E+02     3.936276E+03
  2.801867E+02     3.906648E+03
  2.840884E+02     3.877392E+03
  2.880444E+02     3.848500E+03
  2.920556E+02     3.819970E+03
  2.961225E+02     3.791806E+03
  3.002462E+02     3.764009E+03
  3.044272E+02     3.736577E+03
  3.086665E+02     3.709512E+03
  3.129648E+02     3.682808E+03
  3.173230E+02     3.656464E+03
  3.217418E+02     3.630472E+03
  3.262222E+02     3.604826E+03
  3.307650E+02     3.579518E+03
  3.353710E+02     3.554545E+03
  3.400412E+02     3.529911E+03
  3.447764E+02     3.505615E+03
  3.495776E+02     3.481657E+03
  3.544456E+02     3.458037E+03
  3.593814E+02     3.434753E+03
  3.643859E+02     3.411799E+03
  3.694601E+02     3.389171E+03
  3.746050E+02     3.366862E+03
  3.798215E+02     3.344864E+03
  3.851107E+02     3.323175E+03
  3.904735E+02     3.301796E+03
  3.959110E+02     3.280726E+03
  4.014242E+02     3.259967E+03
  4.070142E+02     3.239516E+03
  4.126821E+02     3.219369E+03
  4.184289E+02     3.199524E+03
  4.242556E+02     3.179975E+03
  4.301636E+02     3.160715E+03
  4.361538E+02     3.141737E+03
  4.422274E+02     3.123035E+03
  4.483856E+02     3.104613E+03
  4.546295E+02     3.086471E+03
  4.609604E+02     3.068607E+03
  4.673795E+02     3.051022E+03
  4.738880E+02     3.033713E+03
  4.804870E+02     3.016677E+03
  4.871780E+02     2.999910E+03
  4.939622E+02     2.983405E+03
  5.008408E+02     2.967156E+03
  5.078152E+02     2.951160E+03
  5.148867E+02     2.935417E+03
  5.220568E+02     2.919927E+03
  5.293266E+02     2.904689E+03
  5.366977E+02     2.889703E+03
  5.441714E+02     2.874965E+03
  5.517492E+02     2.860473E+03
  5.594326E+02     2.846221E+03
  5.672229E+02     2.832205E+03
  5.751217E+02     2.818417E+03
  5.831305E+02     2.804854E+03
  5.912508E+02     2.791515E+03
  5.994843E+02     2.778400E+03
  6.078323E+02     2.765510E+03
  6.162966E+02     2.752843E+03
  6.248788E+02     2.740397E+03
  6.335805E+02     2.728169E+03
  6.424034E+02     2.716155E+03
  6.513491E+02     2.704350E+03
  6.604194E+02     2.692748E+03
  6.696160E+02     2.681345E+03
  6.789407E+02     2.670140E+03
  6.883952E+02     2.659133E+03
  6.979814E+02     2.648323E+03
  7.077011E+02     2.637706E+03
  7.175561E+02     2.627282E+03
  7.275484E+02     2.617045E+03
  7.376798E+02     2.606992E+03
  7.479523E+02     2.597117E+03
  7.583678E+02     2.587413E+03
  7.689284E+02     2.577877E+03
  7.796360E+02     2.568510E+03
  7.904928E+02     2.559317E+03
  8.015007E+02     2.550300E+03
  8.126619E+02     2.541461E+03
  8.239786E+02     2.532805E+03
  8.354528E+02     2.524332E+03
  8.470868E+02     2.516045E+03
  8.588829E+02     2.507945E+03
  8.708431E+02     2.500033E+03
  8.829700E+02     2.492306E+03
  8.952657E+02     2.484748E+03
  9.077327E+02     2.477340E+03
  9.203732E+02     2.470059E+03
  9.331898E+02     2.462882E+03
  9.461848E+02     2.455781E+03
  9.593608E+02     2.448728E+03
  9.727203E+02     2.441689E+03
  9.862658E+02     2.434631E+03
  1.000000E+03     2.427515E+03
