FILE CREATED BY  : PROGRAM DPASS - VERSION 2.00
DATABASE VERSION : 21.06
DATE AND TIME    : 10/08/2022 00:06:43
PROJECTILE       : Er
TARGET           : U 
TARGET AT. MASS  : 2.380290E+02
TARGET DENSITY   : 1.895000E+01 g/cm^3
TABULATED OUTPUT : STOPPING FORCE VERSUS ENERGY
DATA TYPE        : SPLINE INTERPOLATED
ABSCISSA UNITS   : MeV/u
ORDINATE UNITS   : eV/nm


      E/n             S(E/n)

  1.000000E-03     1.466629E+03
  1.013925E-03     1.476589E+03
  1.028045E-03     1.486681E+03
  1.042361E-03     1.496899E+03
  1.056876E-03     1.507236E+03
  1.071593E-03     1.517687E+03
  1.086516E-03     1.528242E+03
  1.101646E-03     1.538895E+03
  1.116987E-03     1.549636E+03
  1.132541E-03     1.560455E+03
  1.148312E-03     1.571342E+03
  1.164303E-03     1.582286E+03
  1.180517E-03     1.593288E+03
  1.196956E-03     1.604348E+03
  1.213624E-03     1.615471E+03
  1.230524E-03     1.626658E+03
  1.247660E-03     1.637914E+03
  1.265034E-03     1.649240E+03
  1.282650E-03     1.660642E+03
  1.300511E-03     1.672123E+03
  1.318621E-03     1.683687E+03
  1.336984E-03     1.695340E+03
  1.355602E-03     1.707082E+03
  1.374479E-03     1.718913E+03
  1.393619E-03     1.730833E+03
  1.413026E-03     1.742842E+03
  1.432703E-03     1.754939E+03
  1.452654E-03     1.767125E+03
  1.472883E-03     1.779399E+03
  1.493393E-03     1.791761E+03
  1.514189E-03     1.804210E+03
  1.535275E-03     1.816746E+03
  1.556654E-03     1.829370E+03
  1.578331E-03     1.842082E+03
  1.600310E-03     1.854881E+03
  1.622595E-03     1.867769E+03
  1.645191E-03     1.880745E+03
  1.668101E-03     1.893810E+03
  1.691330E-03     1.906965E+03
  1.714882E-03     1.920211E+03
  1.738762E-03     1.933547E+03
  1.762975E-03     1.946974E+03
  1.787526E-03     1.960495E+03
  1.812418E-03     1.974109E+03
  1.837656E-03     1.987818E+03
  1.863246E-03     2.001624E+03
  1.889193E-03     2.015528E+03
  1.915501E-03     2.029532E+03
  1.942175E-03     2.043638E+03
  1.969220E-03     2.057849E+03
  1.996642E-03     2.072165E+03
  2.024447E-03     2.086591E+03
  2.052638E-03     2.101127E+03
  2.081222E-03     2.115772E+03
  2.110203E-03     2.130526E+03
  2.139589E-03     2.145390E+03
  2.169384E-03     2.160362E+03
  2.199593E-03     2.175441E+03
  2.230223E-03     2.190628E+03
  2.261280E-03     2.205922E+03
  2.292769E-03     2.221323E+03
  2.324697E-03     2.236829E+03
  2.357069E-03     2.252441E+03
  2.389893E-03     2.268159E+03
  2.423173E-03     2.283986E+03
  2.456916E-03     2.299922E+03
  2.491130E-03     2.315968E+03
  2.525820E-03     2.332126E+03
  2.560993E-03     2.348397E+03
  2.596656E-03     2.364784E+03
  2.632815E-03     2.381287E+03
  2.669478E-03     2.397911E+03
  2.706652E-03     2.414655E+03
  2.744343E-03     2.431520E+03
  2.782559E-03     2.448508E+03
  2.821308E-03     2.465617E+03
  2.860596E-03     2.482850E+03
  2.900430E-03     2.500207E+03
  2.940820E-03     2.517689E+03
  2.981772E-03     2.535296E+03
  3.023295E-03     2.553030E+03
  3.065395E-03     2.570891E+03
  3.108082E-03     2.588881E+03
  3.151363E-03     2.607001E+03
  3.195248E-03     2.625250E+03
  3.239743E-03     2.643630E+03
  3.284857E-03     2.662142E+03
  3.330600E-03     2.680787E+03
  3.376980E-03     2.699566E+03
  3.424006E-03     2.718480E+03
  3.471687E-03     2.737530E+03
  3.520031E-03     2.756718E+03
  3.569049E-03     2.776046E+03
  3.618750E-03     2.795514E+03
  3.669142E-03     2.815123E+03
  3.720237E-03     2.834874E+03
  3.772042E-03     2.854767E+03
  3.824570E-03     2.874803E+03
  3.877828E-03     2.894985E+03
  3.931829E-03     2.915312E+03
  3.986581E-03     2.935787E+03
  4.042096E-03     2.956410E+03
  4.098384E-03     2.977183E+03
  4.155455E-03     2.998108E+03
  4.213322E-03     3.019184E+03
  4.271994E-03     3.040413E+03
  4.331483E-03     3.061796E+03
  4.391801E-03     3.083334E+03
  4.452959E-03     3.105028E+03
  4.514968E-03     3.126880E+03
  4.577841E-03     3.148891E+03
  4.641589E-03     3.171062E+03
  4.706225E-03     3.193396E+03
  4.771761E-03     3.215894E+03
  4.838210E-03     3.238556E+03
  4.905584E-03     3.261383E+03
  4.973896E-03     3.284377E+03
  5.043159E-03     3.307538E+03
  5.113388E-03     3.330868E+03
  5.184594E-03     3.354368E+03
  5.256791E-03     3.378041E+03
  5.329994E-03     3.401887E+03
  5.404216E-03     3.425909E+03
  5.479472E-03     3.450107E+03
  5.555776E-03     3.474483E+03
  5.633143E-03     3.499037E+03
  5.711586E-03     3.523772E+03
  5.791123E-03     3.548688E+03
  5.871766E-03     3.573788E+03
  5.953533E-03     3.599071E+03
  6.036439E-03     3.624542E+03
  6.120498E-03     3.650201E+03
  6.205729E-03     3.676050E+03
  6.292146E-03     3.702091E+03
  6.379767E-03     3.728325E+03
  6.468608E-03     3.754753E+03
  6.558686E-03     3.781376E+03
  6.650018E-03     3.808196E+03
  6.742622E-03     3.835214E+03
  6.836516E-03     3.862431E+03
  6.931717E-03     3.889850E+03
  7.028244E-03     3.917472E+03
  7.126115E-03     3.945299E+03
  7.225349E-03     3.973333E+03
  7.325965E-03     4.001576E+03
  7.427982E-03     4.030028E+03
  7.531420E-03     4.058691E+03
  7.636298E-03     4.087566E+03
  7.742637E-03     4.116656E+03
  7.850456E-03     4.145962E+03
  7.959777E-03     4.175487E+03
  8.070620E-03     4.205232E+03
  8.183007E-03     4.235201E+03
  8.296959E-03     4.265394E+03
  8.412497E-03     4.295814E+03
  8.529644E-03     4.326462E+03
  8.648423E-03     4.357339E+03
  8.768856E-03     4.388447E+03
  8.890966E-03     4.419788E+03
  9.014776E-03     4.451364E+03
  9.140311E-03     4.483176E+03
  9.267593E-03     4.515229E+03
  9.396648E-03     4.547523E+03
  9.527500E-03     4.580061E+03
  9.660175E-03     4.612845E+03
  9.794697E-03     4.645876E+03
  9.931092E-03     4.679155E+03
  1.006939E-02     4.712685E+03
  1.020961E-02     4.746467E+03
  1.035178E-02     4.780504E+03
  1.049593E-02     4.814798E+03
  1.064209E-02     4.849351E+03
  1.079029E-02     4.884166E+03
  1.094055E-02     4.919246E+03
  1.109290E-02     4.954592E+03
  1.124737E-02     4.990205E+03
  1.140400E-02     5.026089E+03
  1.156280E-02     5.062244E+03
  1.172382E-02     5.098673E+03
  1.188708E-02     5.135378E+03
  1.205261E-02     5.172363E+03
  1.222045E-02     5.209629E+03
  1.239062E-02     5.247180E+03
  1.256317E-02     5.285019E+03
  1.273811E-02     5.323147E+03
  1.291550E-02     5.361566E+03
  1.309535E-02     5.400278E+03
  1.327771E-02     5.439285E+03
  1.346261E-02     5.478589E+03
  1.365008E-02     5.518193E+03
  1.384016E-02     5.558098E+03
  1.403289E-02     5.598309E+03
  1.422830E-02     5.638827E+03
  1.442644E-02     5.679656E+03
  1.462733E-02     5.720799E+03
  1.483103E-02     5.762255E+03
  1.503755E-02     5.804029E+03
  1.524696E-02     5.846121E+03
  1.545928E-02     5.888536E+03
  1.567455E-02     5.931275E+03
  1.589283E-02     5.974341E+03
  1.611414E-02     6.017737E+03
  1.633854E-02     6.061468E+03
  1.656606E-02     6.105535E+03
  1.679675E-02     6.149942E+03
  1.703065E-02     6.194691E+03
  1.726781E-02     6.239783E+03
  1.750827E-02     6.285221E+03
  1.775208E-02     6.331007E+03
  1.799929E-02     6.377145E+03
  1.824993E-02     6.423638E+03
  1.850407E-02     6.470489E+03
  1.876175E-02     6.517701E+03
  1.902301E-02     6.565278E+03
  1.928792E-02     6.613222E+03
  1.955651E-02     6.661535E+03
  1.982884E-02     6.710220E+03
  2.010496E-02     6.759280E+03
  2.038493E-02     6.808716E+03
  2.066880E-02     6.858533E+03
  2.095662E-02     6.908732E+03
  2.124845E-02     6.959319E+03
  2.154435E-02     7.010295E+03
  2.184436E-02     7.061666E+03
  2.214855E-02     7.113433E+03
  2.245698E-02     7.165599E+03
  2.276970E-02     7.218167E+03
  2.308678E-02     7.271138E+03
  2.340827E-02     7.324516E+03
  2.373424E-02     7.378303E+03
  2.406475E-02     7.432504E+03
  2.439986E-02     7.487121E+03
  2.473964E-02     7.542159E+03
  2.508415E-02     7.597622E+03
  2.543346E-02     7.653512E+03
  2.578763E-02     7.709831E+03
  2.614673E-02     7.766583E+03
  2.651084E-02     7.823770E+03
  2.688001E-02     7.881396E+03
  2.725433E-02     7.939463E+03
  2.763385E-02     7.997976E+03
  2.801867E-02     8.056937E+03
  2.840884E-02     8.116353E+03
  2.880444E-02     8.176226E+03
  2.920556E-02     8.236560E+03
  2.961225E-02     8.297356E+03
  3.002462E-02     8.358618E+03
  3.044272E-02     8.420348E+03
  3.086665E-02     8.482548E+03
  3.129648E-02     8.545222E+03
  3.173230E-02     8.608372E+03
  3.217418E-02     8.672003E+03
  3.262222E-02     8.736117E+03
  3.307650E-02     8.800720E+03
  3.353710E-02     8.865814E+03
  3.400412E-02     8.931402E+03
  3.447764E-02     8.997486E+03
  3.495776E-02     9.064070E+03
  3.544456E-02     9.131157E+03
  3.593814E-02     9.198751E+03
  3.643859E-02     9.266854E+03
  3.694601E-02     9.335473E+03
  3.746050E-02     9.404611E+03
  3.798215E-02     9.474274E+03
  3.851107E-02     9.544464E+03
  3.904735E-02     9.615184E+03
  3.959110E-02     9.686437E+03
  4.014242E-02     9.758225E+03
  4.070142E-02     9.830552E+03
  4.126821E-02     9.903421E+03
  4.184289E-02     9.976835E+03
  4.242556E-02     1.005080E+04
  4.301636E-02     1.012532E+04
  4.361538E-02     1.020039E+04
  4.422274E-02     1.027603E+04
  4.483856E-02     1.035223E+04
  4.546295E-02     1.042900E+04
  4.609604E-02     1.050633E+04
  4.673795E-02     1.058424E+04
  4.738880E-02     1.066273E+04
  4.804870E-02     1.074179E+04
  4.871780E-02     1.082144E+04
  4.939622E-02     1.090167E+04
  5.008408E-02     1.098250E+04
  5.078152E-02     1.106393E+04
  5.148867E-02     1.114595E+04
  5.220568E-02     1.122858E+04
  5.293266E-02     1.131180E+04
  5.366977E-02     1.139564E+04
  5.441714E-02     1.148008E+04
  5.517492E-02     1.156514E+04
  5.594326E-02     1.165081E+04
  5.672229E-02     1.173710E+04
  5.751217E-02     1.182402E+04
  5.831305E-02     1.191157E+04
  5.912508E-02     1.199975E+04
  5.994843E-02     1.208856E+04
  6.078323E-02     1.217802E+04
  6.162966E-02     1.226812E+04
  6.248788E-02     1.235887E+04
  6.335805E-02     1.245027E+04
  6.424034E-02     1.254232E+04
  6.513491E-02     1.263505E+04
  6.604194E-02     1.272844E+04
  6.696160E-02     1.282251E+04
  6.789407E-02     1.291726E+04
  6.883952E-02     1.301269E+04
  6.979814E-02     1.310880E+04
  7.077011E-02     1.320559E+04
  7.175561E-02     1.330308E+04
  7.275484E-02     1.340125E+04
  7.376798E-02     1.350013E+04
  7.479523E-02     1.359970E+04
  7.583678E-02     1.369997E+04
  7.689284E-02     1.380095E+04
  7.796360E-02     1.390264E+04
  7.904928E-02     1.400504E+04
  8.015007E-02     1.410815E+04
  8.126619E-02     1.421197E+04
  8.239786E-02     1.431651E+04
  8.354528E-02     1.442176E+04
  8.470868E-02     1.452773E+04
  8.588829E-02     1.463443E+04
  8.708431E-02     1.474184E+04
  8.829700E-02     1.484999E+04
  8.952657E-02     1.495886E+04
  9.077327E-02     1.506847E+04
  9.203732E-02     1.517880E+04
  9.331898E-02     1.528987E+04
  9.461848E-02     1.540166E+04
  9.593608E-02     1.551420E+04
  9.727203E-02     1.562747E+04
  9.862658E-02     1.574149E+04
  1.000000E-01     1.585624E+04
  1.013925E-01     1.597175E+04
  1.028045E-01     1.608801E+04
  1.042361E-01     1.620501E+04
  1.056876E-01     1.632277E+04
  1.071593E-01     1.644128E+04
  1.086516E-01     1.656054E+04
  1.101646E-01     1.668057E+04
  1.116987E-01     1.680135E+04
  1.132541E-01     1.692289E+04
  1.148312E-01     1.704521E+04
  1.164303E-01     1.716830E+04
  1.180517E-01     1.729216E+04
  1.196956E-01     1.741680E+04
  1.213624E-01     1.754223E+04
  1.230524E-01     1.766844E+04
  1.247660E-01     1.779543E+04
  1.265034E-01     1.792322E+04
  1.282650E-01     1.805182E+04
  1.300511E-01     1.818121E+04
  1.318621E-01     1.831143E+04
  1.336984E-01     1.844246E+04
  1.355602E-01     1.857432E+04
  1.374479E-01     1.870702E+04
  1.393619E-01     1.884055E+04
  1.413026E-01     1.897492E+04
  1.432703E-01     1.911014E+04
  1.452654E-01     1.924621E+04
  1.472883E-01     1.938314E+04
  1.493393E-01     1.952094E+04
  1.514189E-01     1.965963E+04
  1.535275E-01     1.979920E+04
  1.556654E-01     1.993968E+04
  1.578331E-01     2.008106E+04
  1.600310E-01     2.022335E+04
  1.622595E-01     2.036656E+04
  1.645191E-01     2.051070E+04
  1.668101E-01     2.065578E+04
  1.691330E-01     2.080180E+04
  1.714882E-01     2.094879E+04
  1.738762E-01     2.109675E+04
  1.762975E-01     2.124571E+04
  1.787526E-01     2.139566E+04
  1.812418E-01     2.154663E+04
  1.837656E-01     2.169861E+04
  1.863246E-01     2.185161E+04
  1.889193E-01     2.200566E+04
  1.915501E-01     2.216075E+04
  1.942175E-01     2.231691E+04
  1.969220E-01     2.247415E+04
  1.996642E-01     2.263248E+04
  2.024447E-01     2.279192E+04
  2.052638E-01     2.295249E+04
  2.081222E-01     2.311419E+04
  2.110203E-01     2.327703E+04
  2.139589E-01     2.344104E+04
  2.169384E-01     2.360621E+04
  2.199593E-01     2.377256E+04
  2.230223E-01     2.394011E+04
  2.261280E-01     2.410887E+04
  2.292769E-01     2.427886E+04
  2.324697E-01     2.445010E+04
  2.357069E-01     2.462260E+04
  2.389893E-01     2.479638E+04
  2.423173E-01     2.497145E+04
  2.456916E-01     2.514782E+04
  2.491130E-01     2.532550E+04
  2.525820E-01     2.550451E+04
  2.560993E-01     2.568487E+04
  2.596656E-01     2.586659E+04
  2.632815E-01     2.604968E+04
  2.669478E-01     2.623419E+04
  2.706652E-01     2.642010E+04
  2.744343E-01     2.660745E+04
  2.782559E-01     2.679622E+04
  2.821308E-01     2.698643E+04
  2.860596E-01     2.717808E+04
  2.900430E-01     2.737119E+04
  2.940820E-01     2.756575E+04
  2.981772E-01     2.776179E+04
  3.023295E-01     2.795930E+04
  3.065395E-01     2.815831E+04
  3.108082E-01     2.835881E+04
  3.151363E-01     2.856082E+04
  3.195248E-01     2.876434E+04
  3.239743E-01     2.896937E+04
  3.284857E-01     2.917592E+04
  3.330600E-01     2.938399E+04
  3.376980E-01     2.959360E+04
  3.424006E-01     2.980475E+04
  3.471687E-01     3.001744E+04
  3.520031E-01     3.023170E+04
  3.569049E-01     3.044751E+04
  3.618750E-01     3.066490E+04
  3.669142E-01     3.088385E+04
  3.720237E-01     3.110437E+04
  3.772042E-01     3.132645E+04
  3.824570E-01     3.155011E+04
  3.877828E-01     3.177534E+04
  3.931829E-01     3.200214E+04
  3.986581E-01     3.223052E+04
  4.042096E-01     3.246048E+04
  4.098384E-01     3.269202E+04
  4.155455E-01     3.292514E+04
  4.213322E-01     3.315982E+04
  4.271994E-01     3.339605E+04
  4.331483E-01     3.363383E+04
  4.391801E-01     3.387314E+04
  4.452959E-01     3.411398E+04
  4.514968E-01     3.435632E+04
  4.577841E-01     3.460017E+04
  4.641589E-01     3.484550E+04
  4.706225E-01     3.509231E+04
  4.771761E-01     3.534056E+04
  4.838210E-01     3.559022E+04
  4.905584E-01     3.584126E+04
  4.973896E-01     3.609363E+04
  5.043159E-01     3.634730E+04
  5.113388E-01     3.660223E+04
  5.184594E-01     3.685837E+04
  5.256791E-01     3.711567E+04
  5.329994E-01     3.737410E+04
  5.404216E-01     3.763360E+04
  5.479472E-01     3.789412E+04
  5.555776E-01     3.815564E+04
  5.633143E-01     3.841812E+04
  5.711586E-01     3.868150E+04
  5.791123E-01     3.894576E+04
  5.871766E-01     3.921086E+04
  5.953533E-01     3.947674E+04
  6.036439E-01     3.974336E+04
  6.120498E-01     4.001069E+04
  6.205729E-01     4.027867E+04
  6.292146E-01     4.054726E+04
  6.379767E-01     4.081642E+04
  6.468608E-01     4.108612E+04
  6.558686E-01     4.135631E+04
  6.650018E-01     4.162695E+04
  6.742622E-01     4.189801E+04
  6.836516E-01     4.216944E+04
  6.931717E-01     4.244121E+04
  7.028244E-01     4.271328E+04
  7.126115E-01     4.298560E+04
  7.225349E-01     4.325815E+04
  7.325965E-01     4.353088E+04
  7.427982E-01     4.380377E+04
  7.531420E-01     4.407678E+04
  7.636298E-01     4.434988E+04
  7.742637E-01     4.462304E+04
  7.850456E-01     4.489624E+04
  7.959777E-01     4.516945E+04
  8.070620E-01     4.544264E+04
  8.183007E-01     4.571580E+04
  8.296959E-01     4.598890E+04
  8.412497E-01     4.626192E+04
  8.529644E-01     4.653484E+04
  8.648423E-01     4.680764E+04
  8.768856E-01     4.708029E+04
  8.890966E-01     4.735280E+04
  9.014776E-01     4.762514E+04
  9.140311E-01     4.789732E+04
  9.267593E-01     4.816933E+04
  9.396648E-01     4.844118E+04
  9.527500E-01     4.871284E+04
  9.660175E-01     4.898427E+04
  9.794697E-01     4.925541E+04
  9.931092E-01     4.952621E+04
  1.006939E+00     4.979662E+04
  1.020961E+00     5.006660E+04
  1.035178E+00     5.033610E+04
  1.049593E+00     5.060507E+04
  1.064209E+00     5.087348E+04
  1.079029E+00     5.114127E+04
  1.094055E+00     5.140842E+04
  1.109290E+00     5.167494E+04
  1.124737E+00     5.194082E+04
  1.140400E+00     5.220606E+04
  1.156280E+00     5.247069E+04
  1.172382E+00     5.273471E+04
  1.188708E+00     5.299816E+04
  1.205261E+00     5.326108E+04
  1.222045E+00     5.352350E+04
  1.239062E+00     5.378549E+04
  1.256317E+00     5.404705E+04
  1.273811E+00     5.430817E+04
  1.291550E+00     5.456881E+04
  1.309535E+00     5.482894E+04
  1.327771E+00     5.508853E+04
  1.346261E+00     5.534757E+04
  1.365008E+00     5.560602E+04
  1.384016E+00     5.586389E+04
  1.403289E+00     5.612114E+04
  1.422830E+00     5.637779E+04
  1.442644E+00     5.663379E+04
  1.462733E+00     5.688909E+04
  1.483103E+00     5.714363E+04
  1.503755E+00     5.739732E+04
  1.524696E+00     5.765010E+04
  1.545928E+00     5.790191E+04
  1.567455E+00     5.815268E+04
  1.589283E+00     5.840233E+04
  1.611414E+00     5.865080E+04
  1.633854E+00     5.889804E+04
  1.656606E+00     5.914396E+04
  1.679675E+00     5.938850E+04
  1.703065E+00     5.963160E+04
  1.726781E+00     5.987318E+04
  1.750827E+00     6.011318E+04
  1.775208E+00     6.035153E+04
  1.799929E+00     6.058817E+04
  1.824993E+00     6.082303E+04
  1.850407E+00     6.105607E+04
  1.876175E+00     6.128723E+04
  1.902301E+00     6.151644E+04
  1.928792E+00     6.174365E+04
  1.955651E+00     6.196878E+04
  1.982884E+00     6.219179E+04
  2.010496E+00     6.241261E+04
  2.038493E+00     6.263119E+04
  2.066880E+00     6.284747E+04
  2.095662E+00     6.306141E+04
  2.124845E+00     6.327297E+04
  2.154435E+00     6.348210E+04
  2.184436E+00     6.368879E+04
  2.214855E+00     6.389296E+04
  2.245698E+00     6.409459E+04
  2.276970E+00     6.429362E+04
  2.308678E+00     6.449002E+04
  2.340827E+00     6.468375E+04
  2.373424E+00     6.487480E+04
  2.406475E+00     6.506314E+04
  2.439986E+00     6.524876E+04
  2.473964E+00     6.543165E+04
  2.508415E+00     6.561183E+04
  2.543346E+00     6.578926E+04
  2.578763E+00     6.596389E+04
  2.614673E+00     6.613571E+04
  2.651084E+00     6.630470E+04
  2.688001E+00     6.647082E+04
  2.725433E+00     6.663408E+04
  2.763385E+00     6.679447E+04
  2.801867E+00     6.695201E+04
  2.840884E+00     6.710671E+04
  2.880444E+00     6.725859E+04
  2.920556E+00     6.740764E+04
  2.961225E+00     6.755383E+04
  3.002462E+00     6.769713E+04
  3.044272E+00     6.783753E+04
  3.086665E+00     6.797501E+04
  3.129648E+00     6.810958E+04
  3.173230E+00     6.824123E+04
  3.217418E+00     6.836999E+04
  3.262222E+00     6.849588E+04
  3.307650E+00     6.861892E+04
  3.353710E+00     6.873912E+04
  3.400412E+00     6.885644E+04
  3.447764E+00     6.897087E+04
  3.495776E+00     6.908237E+04
  3.544456E+00     6.919095E+04
  3.593814E+00     6.929660E+04
  3.643859E+00     6.939933E+04
  3.694601E+00     6.949915E+04
  3.746050E+00     6.959609E+04
  3.798215E+00     6.969017E+04
  3.851107E+00     6.978139E+04
  3.904735E+00     6.986973E+04
  3.959110E+00     6.995517E+04
  4.014242E+00     7.003768E+04
  4.070142E+00     7.011727E+04
  4.126821E+00     7.019392E+04
  4.184289E+00     7.026765E+04
  4.242556E+00     7.033846E+04
  4.301636E+00     7.040638E+04
  4.361538E+00     7.047144E+04
  4.422274E+00     7.053364E+04
  4.483856E+00     7.059295E+04
  4.546295E+00     7.064937E+04
  4.609604E+00     7.070287E+04
  4.673795E+00     7.075346E+04
  4.738880E+00     7.080112E+04
  4.804870E+00     7.084587E+04
  4.871780E+00     7.088772E+04
  4.939622E+00     7.092669E+04
  5.008408E+00     7.096282E+04
  5.078152E+00     7.099612E+04
  5.148867E+00     7.102657E+04
  5.220568E+00     7.105414E+04
  5.293266E+00     7.107884E+04
  5.366977E+00     7.110065E+04
  5.441714E+00     7.111959E+04
  5.517492E+00     7.113565E+04
  5.594326E+00     7.114885E+04
  5.672229E+00     7.115922E+04
  5.751217E+00     7.116680E+04
  5.831305E+00     7.117158E+04
  5.912508E+00     7.117357E+04
  5.994843E+00     7.117275E+04
  6.078323E+00     7.116911E+04
  6.162966E+00     7.116264E+04
  6.248788E+00     7.115336E+04
  6.335805E+00     7.114127E+04
  6.424034E+00     7.112638E+04
  6.513491E+00     7.110873E+04
  6.604194E+00     7.108835E+04
  6.696160E+00     7.106525E+04
  6.789407E+00     7.103942E+04
  6.883952E+00     7.101086E+04
  6.979814E+00     7.097957E+04
  7.077011E+00     7.094553E+04
  7.175561E+00     7.090877E+04
  7.275484E+00     7.086929E+04
  7.376798E+00     7.082712E+04
  7.479523E+00     7.078227E+04
  7.583678E+00     7.073479E+04
  7.689284E+00     7.068469E+04
  7.796360E+00     7.063198E+04
  7.904928E+00     7.057665E+04
  8.015007E+00     7.051870E+04
  8.126619E+00     7.045813E+04
  8.239786E+00     7.039495E+04
  8.354528E+00     7.032918E+04
  8.470868E+00     7.026084E+04
  8.588829E+00     7.018996E+04
  8.708431E+00     7.011656E+04
  8.829700E+00     7.004068E+04
  8.952657E+00     6.996232E+04
  9.077327E+00     6.988148E+04
  9.203732E+00     6.979815E+04
  9.331898E+00     6.971234E+04
  9.461848E+00     6.962406E+04
  9.593608E+00     6.953332E+04
  9.727203E+00     6.944014E+04
  9.862658E+00     6.934454E+04
  1.000000E+01     6.924656E+04
  1.013925E+01     6.914621E+04
  1.028045E+01     6.904352E+04
  1.042361E+01     6.893846E+04
  1.056876E+01     6.883105E+04
  1.071593E+01     6.872130E+04
  1.086516E+01     6.860920E+04
  1.101646E+01     6.849479E+04
  1.116987E+01     6.837806E+04
  1.132541E+01     6.825906E+04
  1.148312E+01     6.813780E+04
  1.164303E+01     6.801431E+04
  1.180517E+01     6.788860E+04
  1.196956E+01     6.776068E+04
  1.213624E+01     6.763054E+04
  1.230524E+01     6.749819E+04
  1.247660E+01     6.736363E+04
  1.265034E+01     6.722689E+04
  1.282650E+01     6.708798E+04
  1.300511E+01     6.694691E+04
  1.318621E+01     6.680372E+04
  1.336984E+01     6.665842E+04
  1.355602E+01     6.651103E+04
  1.374479E+01     6.636154E+04
  1.393619E+01     6.620997E+04
  1.413026E+01     6.605633E+04
  1.432703E+01     6.590061E+04
  1.452654E+01     6.574283E+04
  1.472883E+01     6.558302E+04
  1.493393E+01     6.542118E+04
  1.514189E+01     6.525734E+04
  1.535275E+01     6.509153E+04
  1.556654E+01     6.492375E+04
  1.578331E+01     6.475400E+04
  1.600310E+01     6.458229E+04
  1.622595E+01     6.440863E+04
  1.645191E+01     6.423301E+04
  1.668101E+01     6.405545E+04
  1.691330E+01     6.387596E+04
  1.714882E+01     6.369454E+04
  1.738762E+01     6.351122E+04
  1.762975E+01     6.332601E+04
  1.787526E+01     6.313891E+04
  1.812418E+01     6.294995E+04
  1.837656E+01     6.275913E+04
  1.863246E+01     6.256646E+04
  1.889193E+01     6.237195E+04
  1.915501E+01     6.217562E+04
  1.942175E+01     6.197748E+04
  1.969220E+01     6.177755E+04
  1.996642E+01     6.157587E+04
  2.024447E+01     6.137244E+04
  2.052638E+01     6.116728E+04
  2.081222E+01     6.096041E+04
  2.110203E+01     6.075184E+04
  2.139589E+01     6.054158E+04
  2.169384E+01     6.032965E+04
  2.199593E+01     6.011606E+04
  2.230223E+01     5.990083E+04
  2.261280E+01     5.968398E+04
  2.292769E+01     5.946552E+04
  2.324697E+01     5.924549E+04
  2.357069E+01     5.902390E+04
  2.389893E+01     5.880076E+04
  2.423173E+01     5.857608E+04
  2.456916E+01     5.834987E+04
  2.491130E+01     5.812214E+04
  2.525820E+01     5.789291E+04
  2.560993E+01     5.766219E+04
  2.596656E+01     5.743000E+04
  2.632815E+01     5.719634E+04
  2.669478E+01     5.696123E+04
  2.706652E+01     5.672470E+04
  2.744343E+01     5.648675E+04
  2.782559E+01     5.624742E+04
  2.821308E+01     5.600673E+04
  2.860596E+01     5.576470E+04
  2.900430E+01     5.552136E+04
  2.940820E+01     5.527674E+04
  2.981772E+01     5.503086E+04
  3.023295E+01     5.478376E+04
  3.065395E+01     5.453546E+04
  3.108082E+01     5.428599E+04
  3.151363E+01     5.403538E+04
  3.195248E+01     5.378363E+04
  3.239743E+01     5.353078E+04
  3.284857E+01     5.327683E+04
  3.330600E+01     5.302182E+04
  3.376980E+01     5.276575E+04
  3.424006E+01     5.250864E+04
  3.471687E+01     5.225053E+04
  3.520031E+01     5.199141E+04
  3.569049E+01     5.173132E+04
  3.618750E+01     5.147028E+04
  3.669142E+01     5.120832E+04
  3.720237E+01     5.094549E+04
  3.772042E+01     5.068180E+04
  3.824570E+01     5.041730E+04
  3.877828E+01     5.015202E+04
  3.931829E+01     4.988598E+04
  3.986581E+01     4.961923E+04
  4.042096E+01     4.935180E+04
  4.098384E+01     4.908372E+04
  4.155455E+01     4.881502E+04
  4.213322E+01     4.854572E+04
  4.271994E+01     4.827587E+04
  4.331483E+01     4.800549E+04
  4.391801E+01     4.773460E+04
  4.452959E+01     4.746322E+04
  4.514968E+01     4.719140E+04
  4.577841E+01     4.691914E+04
  4.641589E+01     4.664647E+04
  4.706225E+01     4.637341E+04
  4.771761E+01     4.610000E+04
  4.838210E+01     4.582629E+04
  4.905584E+01     4.555229E+04
  4.973896E+01     4.527806E+04
  5.043159E+01     4.500363E+04
  5.113388E+01     4.472904E+04
  5.184594E+01     4.445432E+04
  5.256791E+01     4.417950E+04
  5.329994E+01     4.390463E+04
  5.404216E+01     4.362972E+04
  5.479472E+01     4.335481E+04
  5.555776E+01     4.307995E+04
  5.633143E+01     4.280516E+04
  5.711586E+01     4.253047E+04
  5.791123E+01     4.225592E+04
  5.871766E+01     4.198154E+04
  5.953533E+01     4.170735E+04
  6.036439E+01     4.143337E+04
  6.120498E+01     4.115962E+04
  6.205729E+01     4.088613E+04
  6.292146E+01     4.061292E+04
  6.379767E+01     4.034004E+04
  6.468608E+01     4.006754E+04
  6.558686E+01     3.979544E+04
  6.650018E+01     3.952379E+04
  6.742622E+01     3.925262E+04
  6.836516E+01     3.898197E+04
  6.931717E+01     3.871186E+04
  7.028244E+01     3.844231E+04
  7.126115E+01     3.817336E+04
  7.225349E+01     3.790504E+04
  7.325965E+01     3.763737E+04
  7.427982E+01     3.737039E+04
  7.531420E+01     3.710414E+04
  7.636298E+01     3.683863E+04
  7.742637E+01     3.657390E+04
  7.850456E+01     3.630995E+04
  7.959777E+01     3.604681E+04
  8.070620E+01     3.578447E+04
  8.183007E+01     3.552296E+04
  8.296959E+01     3.526229E+04
  8.412497E+01     3.500251E+04
  8.529644E+01     3.474366E+04
  8.648423E+01     3.448579E+04
  8.768856E+01     3.422893E+04
  8.890966E+01     3.397311E+04
  9.014776E+01     3.371838E+04
  9.140311E+01     3.346474E+04
  9.267593E+01     3.321224E+04
  9.396648E+01     3.296088E+04
  9.527500E+01     3.271070E+04
  9.660175E+01     3.246172E+04
  9.794697E+01     3.221397E+04
  9.931092E+01     3.196748E+04
  1.006939E+02     3.172228E+04
  1.020961E+02     3.147837E+04
  1.035178E+02     3.123577E+04
  1.049593E+02     3.099447E+04
  1.064209E+02     3.075449E+04
  1.079029E+02     3.051580E+04
  1.094055E+02     3.027842E+04
  1.109290E+02     3.004238E+04
  1.124737E+02     2.980773E+04
  1.140400E+02     2.957449E+04
  1.156280E+02     2.934269E+04
  1.172382E+02     2.911235E+04
  1.188708E+02     2.888349E+04
  1.205261E+02     2.865612E+04
  1.222045E+02     2.843024E+04
  1.239062E+02     2.820586E+04
  1.256317E+02     2.798299E+04
  1.273811E+02     2.776165E+04
  1.291550E+02     2.754187E+04
  1.309535E+02     2.732368E+04
  1.327771E+02     2.710710E+04
  1.346261E+02     2.689213E+04
  1.365008E+02     2.667879E+04
  1.384016E+02     2.646707E+04
  1.403289E+02     2.625697E+04
  1.422830E+02     2.604847E+04
  1.442644E+02     2.584157E+04
  1.462733E+02     2.563630E+04
  1.483103E+02     2.543267E+04
  1.503755E+02     2.523072E+04
  1.524696E+02     2.503044E+04
  1.545928E+02     2.483185E+04
  1.567455E+02     2.463495E+04
  1.589283E+02     2.443973E+04
  1.611414E+02     2.424619E+04
  1.633854E+02     2.405429E+04
  1.656606E+02     2.386403E+04
  1.679675E+02     2.367543E+04
  1.703065E+02     2.348851E+04
  1.726781E+02     2.330329E+04
  1.750827E+02     2.311978E+04
  1.775208E+02     2.293799E+04
  1.799929E+02     2.275791E+04
  1.824993E+02     2.257955E+04
  1.850407E+02     2.240288E+04
  1.876175E+02     2.222788E+04
  1.902301E+02     2.205454E+04
  1.928792E+02     2.188288E+04
  1.955651E+02     2.171291E+04
  1.982884E+02     2.154464E+04
  2.010496E+02     2.137809E+04
  2.038493E+02     2.121325E+04
  2.066880E+02     2.105012E+04
  2.095662E+02     2.088869E+04
  2.124845E+02     2.072895E+04
  2.154435E+02     2.057086E+04
  2.184436E+02     2.041441E+04
  2.214855E+02     2.025960E+04
  2.245698E+02     2.010645E+04
  2.276970E+02     1.995497E+04
  2.308678E+02     1.980516E+04
  2.340827E+02     1.965704E+04
  2.373424E+02     1.951058E+04
  2.406475E+02     1.936579E+04
  2.439986E+02     1.922264E+04
  2.473964E+02     1.908111E+04
  2.508415E+02     1.894116E+04
  2.543346E+02     1.880280E+04
  2.578763E+02     1.866605E+04
  2.614673E+02     1.853091E+04
  2.651084E+02     1.839739E+04
  2.688001E+02     1.826547E+04
  2.725433E+02     1.813515E+04
  2.763385E+02     1.800642E+04
  2.801867E+02     1.787925E+04
  2.840884E+02     1.775361E+04
  2.880444E+02     1.762948E+04
  2.920556E+02     1.750683E+04
  2.961225E+02     1.738570E+04
  3.002462E+02     1.726608E+04
  3.044272E+02     1.714797E+04
  3.086665E+02     1.703137E+04
  3.129648E+02     1.691627E+04
  3.173230E+02     1.680266E+04
  3.217418E+02     1.669050E+04
  3.262222E+02     1.657978E+04
  3.307650E+02     1.647046E+04
  3.353710E+02     1.636253E+04
  3.400412E+02     1.625600E+04
  3.447764E+02     1.615088E+04
  3.495776E+02     1.604718E+04
  3.544456E+02     1.594487E+04
  3.593814E+02     1.584396E+04
  3.643859E+02     1.574444E+04
  3.694601E+02     1.564627E+04
  3.746050E+02     1.554944E+04
  3.798215E+02     1.545392E+04
  3.851107E+02     1.535969E+04
  3.904735E+02     1.526676E+04
  3.959110E+02     1.517513E+04
  4.014242E+02     1.508481E+04
  4.070142E+02     1.499579E+04
  4.126821E+02     1.490806E+04
  4.184289E+02     1.482160E+04
  4.242556E+02     1.473640E+04
  4.301636E+02     1.465243E+04
  4.361538E+02     1.456966E+04
  4.422274E+02     1.448807E+04
  4.483856E+02     1.440767E+04
  4.546295E+02     1.432846E+04
  4.609604E+02     1.425045E+04
  4.673795E+02     1.417362E+04
  4.738880E+02     1.409797E+04
  4.804870E+02     1.402348E+04
  4.871780E+02     1.395015E+04
  4.939622E+02     1.387793E+04
  5.008408E+02     1.380680E+04
  5.078152E+02     1.373676E+04
  5.148867E+02     1.366779E+04
  5.220568E+02     1.359991E+04
  5.293266E+02     1.353310E+04
  5.366977E+02     1.346737E+04
  5.441714E+02     1.340271E+04
  5.517492E+02     1.333910E+04
  5.594326E+02     1.327652E+04
  5.672229E+02     1.321495E+04
  5.751217E+02     1.315437E+04
  5.831305E+02     1.309475E+04
  5.912508E+02     1.303609E+04
  5.994843E+02     1.297841E+04
  6.078323E+02     1.292169E+04
  6.162966E+02     1.286593E+04
  6.248788E+02     1.281112E+04
  6.335805E+02     1.275726E+04
  6.424034E+02     1.270431E+04
  6.513491E+02     1.265227E+04
  6.604194E+02     1.260111E+04
  6.696160E+02     1.255081E+04
  6.789407E+02     1.250136E+04
  6.883952E+02     1.245277E+04
  6.979814E+02     1.240502E+04
  7.077011E+02     1.235812E+04
  7.175561E+02     1.231204E+04
  7.275484E+02     1.226677E+04
  7.376798E+02     1.222229E+04
  7.479523E+02     1.217857E+04
  7.583678E+02     1.213559E+04
  7.689284E+02     1.209333E+04
  7.796360E+02     1.205180E+04
  7.904928E+02     1.201102E+04
  8.015007E+02     1.197099E+04
  8.126619E+02     1.193174E+04
  8.239786E+02     1.189327E+04
  8.354528E+02     1.185559E+04
  8.470868E+02     1.181872E+04
  8.588829E+02     1.178266E+04
  8.708431E+02     1.174742E+04
  8.829700E+02     1.171298E+04
  8.952657E+02     1.167927E+04
  9.077327E+02     1.164622E+04
  9.203732E+02     1.161371E+04
  9.331898E+02     1.158166E+04
  9.461848E+02     1.154993E+04
  9.593608E+02     1.151840E+04
  9.727203E+02     1.148692E+04
  9.862658E+02     1.145536E+04
  1.000000E+03     1.142353E+04
