FILE CREATED BY  : PROGRAM DPASS - VERSION 2.00
DATABASE VERSION : 21.06
DATE AND TIME    : 10/08/2022 00:08:20
PROJECTILE       : Tm
TARGET           : Y 
TARGET AT. MASS  : 8.890590E+01
TARGET DENSITY   : 4.470000E+00 g/cm^3
TABULATED OUTPUT : STOPPING FORCE VERSUS ENERGY
DATA TYPE        : SPLINE INTERPOLATED
ABSCISSA UNITS   : MeV/u
ORDINATE UNITS   : eV/nm


      E/n             S(E/n)

  1.000000E-03     5.818945E+02
  1.013925E-03     5.858706E+02
  1.028045E-03     5.898994E+02
  1.042361E-03     5.939785E+02
  1.056876E-03     5.981056E+02
  1.071593E-03     6.022778E+02
  1.086516E-03     6.064924E+02
  1.101646E-03     6.107460E+02
  1.116987E-03     6.150351E+02
  1.132541E-03     6.193558E+02
  1.148312E-03     6.237040E+02
  1.164303E-03     6.280758E+02
  1.180517E-03     6.324710E+02
  1.196956E-03     6.368903E+02
  1.213624E-03     6.413350E+02
  1.230524E-03     6.458061E+02
  1.247660E-03     6.503049E+02
  1.265034E-03     6.548328E+02
  1.282650E-03     6.593913E+02
  1.300511E-03     6.639822E+02
  1.318621E-03     6.686071E+02
  1.336984E-03     6.732679E+02
  1.355602E-03     6.779651E+02
  1.374479E-03     6.826986E+02
  1.393619E-03     6.874682E+02
  1.413026E-03     6.922739E+02
  1.432703E-03     6.971156E+02
  1.452654E-03     7.019931E+02
  1.472883E-03     7.069062E+02
  1.493393E-03     7.118549E+02
  1.514189E-03     7.168390E+02
  1.535275E-03     7.218583E+02
  1.556654E-03     7.269130E+02
  1.578331E-03     7.320034E+02
  1.600310E-03     7.371297E+02
  1.622595E-03     7.422923E+02
  1.645191E-03     7.474916E+02
  1.668101E-03     7.527281E+02
  1.691330E-03     7.580021E+02
  1.714882E-03     7.633142E+02
  1.738762E-03     7.686650E+02
  1.762975E-03     7.740550E+02
  1.787526E-03     7.794846E+02
  1.812418E-03     7.849539E+02
  1.837656E-03     7.904632E+02
  1.863246E-03     7.960126E+02
  1.889193E-03     8.016024E+02
  1.915501E-03     8.072329E+02
  1.942175E-03     8.129042E+02
  1.969220E-03     8.186168E+02
  1.996642E-03     8.243708E+02
  2.024447E-03     8.301668E+02
  2.052638E-03     8.360050E+02
  2.081222E-03     8.418856E+02
  2.110203E-03     8.478090E+02
  2.139589E-03     8.537754E+02
  2.169384E-03     8.597851E+02
  2.199593E-03     8.658385E+02
  2.230223E-03     8.719360E+02
  2.261280E-03     8.780781E+02
  2.292769E-03     8.842652E+02
  2.324697E-03     8.904978E+02
  2.357069E-03     8.967763E+02
  2.389893E-03     9.031010E+02
  2.423173E-03     9.094722E+02
  2.456916E-03     9.158902E+02
  2.491130E-03     9.223552E+02
  2.525820E-03     9.288677E+02
  2.560993E-03     9.354281E+02
  2.596656E-03     9.420367E+02
  2.632815E-03     9.486941E+02
  2.669478E-03     9.554008E+02
  2.706652E-03     9.621573E+02
  2.744343E-03     9.689637E+02
  2.782559E-03     9.758205E+02
  2.821308E-03     9.827279E+02
  2.860596E-03     9.896863E+02
  2.900430E-03     9.966962E+02
  2.940820E-03     1.003758E+03
  2.981772E-03     1.010872E+03
  3.023295E-03     1.018039E+03
  3.065395E-03     1.025259E+03
  3.108082E-03     1.032533E+03
  3.151363E-03     1.039862E+03
  3.195248E-03     1.047245E+03
  3.239743E-03     1.054683E+03
  3.284857E-03     1.062176E+03
  3.330600E-03     1.069724E+03
  3.376980E-03     1.077329E+03
  3.424006E-03     1.084990E+03
  3.471687E-03     1.092708E+03
  3.520031E-03     1.100484E+03
  3.569049E-03     1.108317E+03
  3.618750E-03     1.116209E+03
  3.669142E-03     1.124160E+03
  3.720237E-03     1.132171E+03
  3.772042E-03     1.140241E+03
  3.824570E-03     1.148372E+03
  3.877828E-03     1.156564E+03
  3.931829E-03     1.164818E+03
  3.986581E-03     1.173135E+03
  4.042096E-03     1.181515E+03
  4.098384E-03     1.189959E+03
  4.155455E-03     1.198468E+03
  4.213322E-03     1.207042E+03
  4.271994E-03     1.215681E+03
  4.331483E-03     1.224385E+03
  4.391801E-03     1.233156E+03
  4.452959E-03     1.241993E+03
  4.514968E-03     1.250897E+03
  4.577841E-03     1.259869E+03
  4.641589E-03     1.268908E+03
  4.706225E-03     1.278016E+03
  4.771761E-03     1.287194E+03
  4.838210E-03     1.296441E+03
  4.905584E-03     1.305758E+03
  4.973896E-03     1.315146E+03
  5.043159E-03     1.324605E+03
  5.113388E-03     1.334136E+03
  5.184594E-03     1.343740E+03
  5.256791E-03     1.353417E+03
  5.329994E-03     1.363169E+03
  5.404216E-03     1.372995E+03
  5.479472E-03     1.382898E+03
  5.555776E-03     1.392877E+03
  5.633143E-03     1.402933E+03
  5.711586E-03     1.413066E+03
  5.791123E-03     1.423276E+03
  5.871766E-03     1.433566E+03
  5.953533E-03     1.443935E+03
  6.036439E-03     1.454383E+03
  6.120498E-03     1.464913E+03
  6.205729E-03     1.475524E+03
  6.292146E-03     1.486217E+03
  6.379767E-03     1.496994E+03
  6.468608E-03     1.507854E+03
  6.558686E-03     1.518798E+03
  6.650018E-03     1.529826E+03
  6.742622E-03     1.540941E+03
  6.836516E-03     1.552141E+03
  6.931717E-03     1.563429E+03
  7.028244E-03     1.574805E+03
  7.126115E-03     1.586270E+03
  7.225349E-03     1.597825E+03
  7.325965E-03     1.609470E+03
  7.427982E-03     1.621207E+03
  7.531420E-03     1.633035E+03
  7.636298E-03     1.644955E+03
  7.742637E-03     1.656969E+03
  7.850456E-03     1.669076E+03
  7.959777E-03     1.681279E+03
  8.070620E-03     1.693577E+03
  8.183007E-03     1.705972E+03
  8.296959E-03     1.718465E+03
  8.412497E-03     1.731056E+03
  8.529644E-03     1.743746E+03
  8.648423E-03     1.756536E+03
  8.768856E-03     1.769426E+03
  8.890966E-03     1.782417E+03
  9.014776E-03     1.795511E+03
  9.140311E-03     1.808708E+03
  9.267593E-03     1.822009E+03
  9.396648E-03     1.835416E+03
  9.527500E-03     1.848929E+03
  9.660175E-03     1.862549E+03
  9.794697E-03     1.876277E+03
  9.931092E-03     1.890113E+03
  1.006939E-02     1.904059E+03
  1.020961E-02     1.918115E+03
  1.035178E-02     1.932283E+03
  1.049593E-02     1.946563E+03
  1.064209E-02     1.960956E+03
  1.079029E-02     1.975464E+03
  1.094055E-02     1.990087E+03
  1.109290E-02     2.004827E+03
  1.124737E-02     2.019684E+03
  1.140400E-02     2.034659E+03
  1.156280E-02     2.049752E+03
  1.172382E-02     2.064966E+03
  1.188708E-02     2.080300E+03
  1.205261E-02     2.095756E+03
  1.222045E-02     2.111335E+03
  1.239062E-02     2.127038E+03
  1.256317E-02     2.142867E+03
  1.273811E-02     2.158821E+03
  1.291550E-02     2.174902E+03
  1.309535E-02     2.191112E+03
  1.327771E-02     2.207449E+03
  1.346261E-02     2.223917E+03
  1.365008E-02     2.240515E+03
  1.384016E-02     2.257245E+03
  1.403289E-02     2.274109E+03
  1.422830E-02     2.291106E+03
  1.442644E-02     2.308240E+03
  1.462733E-02     2.325510E+03
  1.483103E-02     2.342917E+03
  1.503755E-02     2.360462E+03
  1.524696E-02     2.378147E+03
  1.545928E-02     2.395971E+03
  1.567455E-02     2.413937E+03
  1.589283E-02     2.432045E+03
  1.611414E-02     2.450297E+03
  1.633854E-02     2.468694E+03
  1.656606E-02     2.487237E+03
  1.679675E-02     2.505927E+03
  1.703065E-02     2.524765E+03
  1.726781E-02     2.543752E+03
  1.750827E-02     2.562889E+03
  1.775208E-02     2.582177E+03
  1.799929E-02     2.601617E+03
  1.824993E-02     2.621210E+03
  1.850407E-02     2.640958E+03
  1.876175E-02     2.660862E+03
  1.902301E-02     2.680922E+03
  1.928792E-02     2.701141E+03
  1.955651E-02     2.721519E+03
  1.982884E-02     2.742057E+03
  2.010496E-02     2.762756E+03
  2.038493E-02     2.783617E+03
  2.066880E-02     2.804640E+03
  2.095662E-02     2.825828E+03
  2.124845E-02     2.847181E+03
  2.154435E-02     2.868702E+03
  2.184436E-02     2.890390E+03
  2.214855E-02     2.912248E+03
  2.245698E-02     2.934276E+03
  2.276970E-02     2.956475E+03
  2.308678E-02     2.978845E+03
  2.340827E-02     3.001388E+03
  2.373424E-02     3.024106E+03
  2.406475E-02     3.046998E+03
  2.439986E-02     3.070067E+03
  2.473964E-02     3.093314E+03
  2.508415E-02     3.116740E+03
  2.543346E-02     3.140346E+03
  2.578763E-02     3.164135E+03
  2.614673E-02     3.188106E+03
  2.651084E-02     3.212261E+03
  2.688001E-02     3.236603E+03
  2.725433E-02     3.261132E+03
  2.763385E-02     3.285850E+03
  2.801867E-02     3.310760E+03
  2.840884E-02     3.335863E+03
  2.880444E-02     3.361161E+03
  2.920556E-02     3.386655E+03
  2.961225E-02     3.412346E+03
  3.002462E-02     3.438233E+03
  3.044272E-02     3.464318E+03
  3.086665E-02     3.490599E+03
  3.129648E-02     3.517078E+03
  3.173230E-02     3.543755E+03
  3.217418E-02     3.570630E+03
  3.262222E-02     3.597704E+03
  3.307650E-02     3.624977E+03
  3.353710E-02     3.652450E+03
  3.400412E-02     3.680123E+03
  3.447764E-02     3.707998E+03
  3.495776E-02     3.736075E+03
  3.544456E-02     3.764356E+03
  3.593814E-02     3.792841E+03
  3.643859E-02     3.821532E+03
  3.694601E-02     3.850430E+03
  3.746050E-02     3.879537E+03
  3.798215E-02     3.908854E+03
  3.851107E-02     3.938383E+03
  3.904735E-02     3.968123E+03
  3.959110E-02     3.998076E+03
  4.014242E-02     4.028243E+03
  4.070142E-02     4.058624E+03
  4.126821E-02     4.089221E+03
  4.184289E-02     4.120034E+03
  4.242556E-02     4.151065E+03
  4.301636E-02     4.182314E+03
  4.361538E-02     4.213785E+03
  4.422274E-02     4.245477E+03
  4.483856E-02     4.277391E+03
  4.546295E-02     4.309529E+03
  4.609604E-02     4.341892E+03
  4.673795E-02     4.374479E+03
  4.738880E-02     4.407294E+03
  4.804870E-02     4.440336E+03
  4.871780E-02     4.473608E+03
  4.939622E-02     4.507112E+03
  5.008408E-02     4.540848E+03
  5.078152E-02     4.574819E+03
  5.148867E-02     4.609025E+03
  5.220568E-02     4.643467E+03
  5.293266E-02     4.678145E+03
  5.366977E-02     4.713060E+03
  5.441714E-02     4.748213E+03
  5.517492E-02     4.783604E+03
  5.594326E-02     4.819236E+03
  5.672229E-02     4.855109E+03
  5.751217E-02     4.891225E+03
  5.831305E-02     4.927585E+03
  5.912508E-02     4.964190E+03
  5.994843E-02     5.001041E+03
  6.078323E-02     5.038139E+03
  6.162966E-02     5.075486E+03
  6.248788E-02     5.113082E+03
  6.335805E-02     5.150930E+03
  6.424034E-02     5.189032E+03
  6.513491E-02     5.227389E+03
  6.604194E-02     5.266003E+03
  6.696160E-02     5.304878E+03
  6.789407E-02     5.344014E+03
  6.883952E-02     5.383412E+03
  6.979814E-02     5.423074E+03
  7.077011E-02     5.463001E+03
  7.175561E-02     5.503196E+03
  7.275484E-02     5.543660E+03
  7.376798E-02     5.584395E+03
  7.479523E-02     5.625405E+03
  7.583678E-02     5.666692E+03
  7.689284E-02     5.708258E+03
  7.796360E-02     5.750104E+03
  7.904928E-02     5.792229E+03
  8.015007E-02     5.834634E+03
  8.126619E-02     5.877318E+03
  8.239786E-02     5.920283E+03
  8.354528E-02     5.963527E+03
  8.470868E-02     6.007053E+03
  8.588829E-02     6.050859E+03
  8.708431E-02     6.094948E+03
  8.829700E-02     6.139320E+03
  8.952657E-02     6.183973E+03
  9.077327E-02     6.228908E+03
  9.203732E-02     6.274124E+03
  9.331898E-02     6.319621E+03
  9.461848E-02     6.365398E+03
  9.593608E-02     6.411455E+03
  9.727203E-02     6.457792E+03
  9.862658E-02     6.504408E+03
  1.000000E-01     6.551305E+03
  1.013925E-01     6.598482E+03
  1.028045E-01     6.645938E+03
  1.042361E-01     6.693673E+03
  1.056876E-01     6.741687E+03
  1.071593E-01     6.789978E+03
  1.086516E-01     6.838546E+03
  1.101646E-01     6.887392E+03
  1.116987E-01     6.936514E+03
  1.132541E-01     6.985914E+03
  1.148312E-01     7.035591E+03
  1.164303E-01     7.085547E+03
  1.180517E-01     7.135781E+03
  1.196956E-01     7.186295E+03
  1.213624E-01     7.237089E+03
  1.230524E-01     7.288166E+03
  1.247660E-01     7.339526E+03
  1.265034E-01     7.391172E+03
  1.282650E-01     7.443106E+03
  1.300511E-01     7.495331E+03
  1.318621E-01     7.547851E+03
  1.336984E-01     7.600669E+03
  1.355602E-01     7.653786E+03
  1.374479E-01     7.707205E+03
  1.393619E-01     7.760927E+03
  1.413026E-01     7.814953E+03
  1.432703E-01     7.869287E+03
  1.452654E-01     7.923930E+03
  1.472883E-01     7.978885E+03
  1.493393E-01     8.034157E+03
  1.514189E-01     8.089750E+03
  1.535275E-01     8.145668E+03
  1.556654E-01     8.201915E+03
  1.578331E-01     8.258493E+03
  1.600310E-01     8.315407E+03
  1.622595E-01     8.372660E+03
  1.645191E-01     8.430257E+03
  1.668101E-01     8.488202E+03
  1.691330E-01     8.546502E+03
  1.714882E-01     8.605163E+03
  1.738762E-01     8.664192E+03
  1.762975E-01     8.723597E+03
  1.787526E-01     8.783384E+03
  1.812418E-01     8.843556E+03
  1.837656E-01     8.904120E+03
  1.863246E-01     8.965081E+03
  1.889193E-01     9.026444E+03
  1.915501E-01     9.088216E+03
  1.942175E-01     9.150405E+03
  1.969220E-01     9.213020E+03
  1.996642E-01     9.276069E+03
  2.024447E-01     9.339562E+03
  2.052638E-01     9.403508E+03
  2.081222E-01     9.467914E+03
  2.110203E-01     9.532789E+03
  2.139589E-01     9.598143E+03
  2.169384E-01     9.663984E+03
  2.199593E-01     9.730325E+03
  2.230223E-01     9.797176E+03
  2.261280E-01     9.864551E+03
  2.292769E-01     9.932463E+03
  2.324697E-01     1.000093E+04
  2.357069E-01     1.006996E+04
  2.389893E-01     1.013955E+04
  2.423173E-01     1.020972E+04
  2.456916E-01     1.028047E+04
  2.491130E-01     1.035180E+04
  2.525820E-01     1.042373E+04
  2.560993E-01     1.049625E+04
  2.596656E-01     1.056938E+04
  2.632815E-01     1.064312E+04
  2.669478E-01     1.071748E+04
  2.706652E-01     1.079247E+04
  2.744343E-01     1.086809E+04
  2.782559E-01     1.094433E+04
  2.821308E-01     1.102120E+04
  2.860596E-01     1.109870E+04
  2.900430E-01     1.117681E+04
  2.940820E-01     1.125555E+04
  2.981772E-01     1.133491E+04
  3.023295E-01     1.141489E+04
  3.065395E-01     1.149548E+04
  3.108082E-01     1.157669E+04
  3.151363E-01     1.165851E+04
  3.195248E-01     1.174094E+04
  3.239743E-01     1.182398E+04
  3.284857E-01     1.190763E+04
  3.330600E-01     1.199188E+04
  3.376980E-01     1.207673E+04
  3.424006E-01     1.216218E+04
  3.471687E-01     1.224823E+04
  3.520031E-01     1.233486E+04
  3.569049E-01     1.242209E+04
  3.618750E-01     1.250992E+04
  3.669142E-01     1.259835E+04
  3.720237E-01     1.268741E+04
  3.772042E-01     1.277709E+04
  3.824570E-01     1.286741E+04
  3.877828E-01     1.295838E+04
  3.931829E-01     1.305002E+04
  3.986581E-01     1.314234E+04
  4.042096E-01     1.323536E+04
  4.098384E-01     1.332910E+04
  4.155455E-01     1.342355E+04
  4.213322E-01     1.351871E+04
  4.271994E-01     1.361458E+04
  4.331483E-01     1.371116E+04
  4.391801E-01     1.380845E+04
  4.452959E-01     1.390645E+04
  4.514968E-01     1.400516E+04
  4.577841E-01     1.410457E+04
  4.641589E-01     1.420469E+04
  4.706225E-01     1.430550E+04
  4.771761E-01     1.440700E+04
  4.838210E-01     1.450916E+04
  4.905584E-01     1.461198E+04
  4.973896E-01     1.471541E+04
  5.043159E-01     1.481945E+04
  5.113388E-01     1.492407E+04
  5.184594E-01     1.502924E+04
  5.256791E-01     1.513493E+04
  5.329994E-01     1.524112E+04
  5.404216E-01     1.534777E+04
  5.479472E-01     1.545486E+04
  5.555776E-01     1.556237E+04
  5.633143E-01     1.567028E+04
  5.711586E-01     1.577855E+04
  5.791123E-01     1.588716E+04
  5.871766E-01     1.599609E+04
  5.953533E-01     1.610530E+04
  6.036439E-01     1.621477E+04
  6.120498E-01     1.632445E+04
  6.205729E-01     1.643433E+04
  6.292146E-01     1.654438E+04
  6.379767E-01     1.665456E+04
  6.468608E-01     1.676485E+04
  6.558686E-01     1.687523E+04
  6.650018E-01     1.698567E+04
  6.742622E-01     1.709614E+04
  6.836516E-01     1.720662E+04
  6.931717E-01     1.731707E+04
  7.028244E-01     1.742746E+04
  7.126115E-01     1.753777E+04
  7.225349E-01     1.764797E+04
  7.325965E-01     1.775803E+04
  7.427982E-01     1.786793E+04
  7.531420E-01     1.797764E+04
  7.636298E-01     1.808715E+04
  7.742637E-01     1.819642E+04
  7.850456E-01     1.830543E+04
  7.959777E-01     1.841416E+04
  8.070620E-01     1.852259E+04
  8.183007E-01     1.863068E+04
  8.296959E-01     1.873842E+04
  8.412497E-01     1.884580E+04
  8.529644E-01     1.895278E+04
  8.648423E-01     1.905935E+04
  8.768856E-01     1.916549E+04
  8.890966E-01     1.927119E+04
  9.014776E-01     1.937643E+04
  9.140311E-01     1.948119E+04
  9.267593E-01     1.958547E+04
  9.396648E-01     1.968926E+04
  9.527500E-01     1.979253E+04
  9.660175E-01     1.989528E+04
  9.794697E-01     1.999748E+04
  9.931092E-01     2.009913E+04
  1.006939E+00     2.020022E+04
  1.020961E+00     2.030073E+04
  1.035178E+00     2.040066E+04
  1.049593E+00     2.049999E+04
  1.064209E+00     2.059874E+04
  1.079029E+00     2.069689E+04
  1.094055E+00     2.079445E+04
  1.109290E+00     2.089140E+04
  1.124737E+00     2.098772E+04
  1.140400E+00     2.108341E+04
  1.156280E+00     2.117846E+04
  1.172382E+00     2.127287E+04
  1.188708E+00     2.136662E+04
  1.205261E+00     2.145973E+04
  1.222045E+00     2.155220E+04
  1.239062E+00     2.164402E+04
  1.256317E+00     2.173521E+04
  1.273811E+00     2.182574E+04
  1.291550E+00     2.191561E+04
  1.309535E+00     2.200481E+04
  1.327771E+00     2.209333E+04
  1.346261E+00     2.218117E+04
  1.365008E+00     2.226832E+04
  1.384016E+00     2.235479E+04
  1.403289E+00     2.244059E+04
  1.422830E+00     2.252571E+04
  1.442644E+00     2.261016E+04
  1.462733E+00     2.269393E+04
  1.483103E+00     2.277700E+04
  1.503755E+00     2.285938E+04
  1.524696E+00     2.294104E+04
  1.545928E+00     2.302199E+04
  1.567455E+00     2.310222E+04
  1.589283E+00     2.318174E+04
  1.611414E+00     2.326054E+04
  1.633854E+00     2.333862E+04
  1.656606E+00     2.341600E+04
  1.679675E+00     2.349266E+04
  1.703065E+00     2.356859E+04
  1.726781E+00     2.364377E+04
  1.750827E+00     2.371819E+04
  1.775208E+00     2.379185E+04
  1.799929E+00     2.386473E+04
  1.824993E+00     2.393684E+04
  1.850407E+00     2.400817E+04
  1.876175E+00     2.407872E+04
  1.902301E+00     2.414850E+04
  1.928792E+00     2.421749E+04
  1.955651E+00     2.428567E+04
  1.982884E+00     2.435304E+04
  2.010496E+00     2.441959E+04
  2.038493E+00     2.448530E+04
  2.066880E+00     2.455017E+04
  2.095662E+00     2.461420E+04
  2.124845E+00     2.467738E+04
  2.154435E+00     2.473972E+04
  2.184436E+00     2.480121E+04
  2.214855E+00     2.486186E+04
  2.245698E+00     2.492163E+04
  2.276970E+00     2.498051E+04
  2.308678E+00     2.503850E+04
  2.340827E+00     2.509558E+04
  2.373424E+00     2.515175E+04
  2.406475E+00     2.520699E+04
  2.439986E+00     2.526132E+04
  2.473964E+00     2.531471E+04
  2.508415E+00     2.536719E+04
  2.543346E+00     2.541872E+04
  2.578763E+00     2.546931E+04
  2.614673E+00     2.551894E+04
  2.651084E+00     2.556760E+04
  2.688001E+00     2.561529E+04
  2.725433E+00     2.566200E+04
  2.763385E+00     2.570773E+04
  2.801867E+00     2.575248E+04
  2.840884E+00     2.579625E+04
  2.880444E+00     2.583906E+04
  2.920556E+00     2.588089E+04
  2.961225E+00     2.592172E+04
  3.002462E+00     2.596156E+04
  3.044272E+00     2.600037E+04
  3.086665E+00     2.603817E+04
  3.129648E+00     2.607494E+04
  3.173230E+00     2.611067E+04
  3.217418E+00     2.614537E+04
  3.262222E+00     2.617904E+04
  3.307650E+00     2.621169E+04
  3.353710E+00     2.624330E+04
  3.400412E+00     2.627386E+04
  3.447764E+00     2.630338E+04
  3.495776E+00     2.633185E+04
  3.544456E+00     2.635927E+04
  3.593814E+00     2.638564E+04
  3.643859E+00     2.641096E+04
  3.694601E+00     2.643524E+04
  3.746050E+00     2.645849E+04
  3.798215E+00     2.648073E+04
  3.851107E+00     2.650195E+04
  3.904735E+00     2.652216E+04
  3.959110E+00     2.654134E+04
  4.014242E+00     2.655949E+04
  4.070142E+00     2.657662E+04
  4.126821E+00     2.659272E+04
  4.184289E+00     2.660781E+04
  4.242556E+00     2.662189E+04
  4.301636E+00     2.663498E+04
  4.361538E+00     2.664708E+04
  4.422274E+00     2.665821E+04
  4.483856E+00     2.666835E+04
  4.546295E+00     2.667752E+04
  4.609604E+00     2.668569E+04
  4.673795E+00     2.669288E+04
  4.738880E+00     2.669909E+04
  4.804870E+00     2.670433E+04
  4.871780E+00     2.670859E+04
  4.939622E+00     2.671190E+04
  5.008408E+00     2.671427E+04
  5.078152E+00     2.671571E+04
  5.148867E+00     2.671621E+04
  5.220568E+00     2.671576E+04
  5.293266E+00     2.671438E+04
  5.366977E+00     2.671206E+04
  5.441714E+00     2.670880E+04
  5.517492E+00     2.670461E+04
  5.594326E+00     2.669950E+04
  5.672229E+00     2.669348E+04
  5.751217E+00     2.668657E+04
  5.831305E+00     2.667877E+04
  5.912508E+00     2.667007E+04
  5.994843E+00     2.666048E+04
  6.078323E+00     2.665000E+04
  6.162966E+00     2.663862E+04
  6.248788E+00     2.662635E+04
  6.335805E+00     2.661319E+04
  6.424034E+00     2.659915E+04
  6.513491E+00     2.658424E+04
  6.604194E+00     2.656846E+04
  6.696160E+00     2.655182E+04
  6.789407E+00     2.653433E+04
  6.883952E+00     2.651598E+04
  6.979814E+00     2.649677E+04
  7.077011E+00     2.647669E+04
  7.175561E+00     2.645576E+04
  7.275484E+00     2.643397E+04
  7.376798E+00     2.641133E+04
  7.479523E+00     2.638785E+04
  7.583678E+00     2.636354E+04
  7.689284E+00     2.633841E+04
  7.796360E+00     2.631245E+04
  7.904928E+00     2.628565E+04
  8.015007E+00     2.625803E+04
  8.126619E+00     2.622956E+04
  8.239786E+00     2.620027E+04
  8.354528E+00     2.617013E+04
  8.470868E+00     2.613917E+04
  8.588829E+00     2.610737E+04
  8.708431E+00     2.607476E+04
  8.829700E+00     2.604132E+04
  8.952657E+00     2.600707E+04
  9.077327E+00     2.597199E+04
  9.203732E+00     2.593609E+04
  9.331898E+00     2.589936E+04
  9.461848E+00     2.586181E+04
  9.593608E+00     2.582342E+04
  9.727203E+00     2.578422E+04
  9.862658E+00     2.574420E+04
  1.000000E+01     2.570336E+04
  1.013925E+01     2.566171E+04
  1.028045E+01     2.561926E+04
  1.042361E+01     2.557599E+04
  1.056876E+01     2.553191E+04
  1.071593E+01     2.548701E+04
  1.086516E+01     2.544129E+04
  1.101646E+01     2.539477E+04
  1.116987E+01     2.534743E+04
  1.132541E+01     2.529928E+04
  1.148312E+01     2.525033E+04
  1.164303E+01     2.520058E+04
  1.180517E+01     2.515003E+04
  1.196956E+01     2.509868E+04
  1.213624E+01     2.504652E+04
  1.230524E+01     2.499356E+04
  1.247660E+01     2.493978E+04
  1.265034E+01     2.488520E+04
  1.282650E+01     2.482981E+04
  1.300511E+01     2.477361E+04
  1.318621E+01     2.471661E+04
  1.336984E+01     2.465880E+04
  1.355602E+01     2.460019E+04
  1.374479E+01     2.454078E+04
  1.393619E+01     2.448057E+04
  1.413026E+01     2.441955E+04
  1.432703E+01     2.435774E+04
  1.452654E+01     2.429513E+04
  1.472883E+01     2.423172E+04
  1.493393E+01     2.416753E+04
  1.514189E+01     2.410255E+04
  1.535275E+01     2.403680E+04
  1.556654E+01     2.397027E+04
  1.578331E+01     2.390297E+04
  1.600310E+01     2.383489E+04
  1.622595E+01     2.376604E+04
  1.645191E+01     2.369641E+04
  1.668101E+01     2.362601E+04
  1.691330E+01     2.355484E+04
  1.714882E+01     2.348291E+04
  1.738762E+01     2.341021E+04
  1.762975E+01     2.333675E+04
  1.787526E+01     2.326253E+04
  1.812418E+01     2.318756E+04
  1.837656E+01     2.311184E+04
  1.863246E+01     2.303538E+04
  1.889193E+01     2.295816E+04
  1.915501E+01     2.288021E+04
  1.942175E+01     2.280152E+04
  1.969220E+01     2.272210E+04
  1.996642E+01     2.264196E+04
  2.024447E+01     2.256110E+04
  2.052638E+01     2.247953E+04
  2.081222E+01     2.239726E+04
  2.110203E+01     2.231429E+04
  2.139589E+01     2.223062E+04
  2.169384E+01     2.214626E+04
  2.199593E+01     2.206122E+04
  2.230223E+01     2.197551E+04
  2.261280E+01     2.188912E+04
  2.292769E+01     2.180208E+04
  2.324697E+01     2.171438E+04
  2.357069E+01     2.162605E+04
  2.389893E+01     2.153707E+04
  2.423173E+01     2.144746E+04
  2.456916E+01     2.135723E+04
  2.491130E+01     2.126638E+04
  2.525820E+01     2.117491E+04
  2.560993E+01     2.108283E+04
  2.596656E+01     2.099016E+04
  2.632815E+01     2.089690E+04
  2.669478E+01     2.080305E+04
  2.706652E+01     2.070863E+04
  2.744343E+01     2.061364E+04
  2.782559E+01     2.051809E+04
  2.821308E+01     2.042200E+04
  2.860596E+01     2.032537E+04
  2.900430E+01     2.022821E+04
  2.940820E+01     2.013054E+04
  2.981772E+01     2.003236E+04
  3.023295E+01     1.993369E+04
  3.065395E+01     1.983453E+04
  3.108082E+01     1.973491E+04
  3.151363E+01     1.963483E+04
  3.195248E+01     1.953430E+04
  3.239743E+01     1.943333E+04
  3.284857E+01     1.933193E+04
  3.330600E+01     1.923011E+04
  3.376980E+01     1.912789E+04
  3.424006E+01     1.902527E+04
  3.471687E+01     1.892227E+04
  3.520031E+01     1.881889E+04
  3.569049E+01     1.871516E+04
  3.618750E+01     1.861108E+04
  3.669142E+01     1.850666E+04
  3.720237E+01     1.840191E+04
  3.772042E+01     1.829686E+04
  3.824570E+01     1.819152E+04
  3.877828E+01     1.808588E+04
  3.931829E+01     1.797998E+04
  3.986581E+01     1.787382E+04
  4.042096E+01     1.776742E+04
  4.098384E+01     1.766079E+04
  4.155455E+01     1.755394E+04
  4.213322E+01     1.744688E+04
  4.271994E+01     1.733964E+04
  4.331483E+01     1.723221E+04
  4.391801E+01     1.712462E+04
  4.452959E+01     1.701688E+04
  4.514968E+01     1.690899E+04
  4.577841E+01     1.680098E+04
  4.641589E+01     1.669285E+04
  4.706225E+01     1.658461E+04
  4.771761E+01     1.647628E+04
  4.838210E+01     1.636787E+04
  4.905584E+01     1.625940E+04
  4.973896E+01     1.615088E+04
  5.043159E+01     1.604234E+04
  5.113388E+01     1.593378E+04
  5.184594E+01     1.582522E+04
  5.256791E+01     1.571667E+04
  5.329994E+01     1.560814E+04
  5.404216E+01     1.549965E+04
  5.479472E+01     1.539121E+04
  5.555776E+01     1.528284E+04
  5.633143E+01     1.517456E+04
  5.711586E+01     1.506637E+04
  5.791123E+01     1.495830E+04
  5.871766E+01     1.485035E+04
  5.953533E+01     1.474254E+04
  6.036439E+01     1.463488E+04
  6.120498E+01     1.452738E+04
  6.205729E+01     1.442005E+04
  6.292146E+01     1.431290E+04
  6.379767E+01     1.420596E+04
  6.468608E+01     1.409923E+04
  6.558686E+01     1.399274E+04
  6.650018E+01     1.388649E+04
  6.742622E+01     1.378050E+04
  6.836516E+01     1.367479E+04
  6.931717E+01     1.356936E+04
  7.028244E+01     1.346422E+04
  7.126115E+01     1.335938E+04
  7.225349E+01     1.325486E+04
  7.325965E+01     1.315066E+04
  7.427982E+01     1.304681E+04
  7.531420E+01     1.294332E+04
  7.636298E+01     1.284020E+04
  7.742637E+01     1.273745E+04
  7.850456E+01     1.263510E+04
  7.959777E+01     1.253314E+04
  8.070620E+01     1.243158E+04
  8.183007E+01     1.233042E+04
  8.296959E+01     1.222967E+04
  8.412497E+01     1.212936E+04
  8.529644E+01     1.202950E+04
  8.648423E+01     1.193010E+04
  8.768856E+01     1.183117E+04
  8.890966E+01     1.173274E+04
  9.014776E+01     1.163480E+04
  9.140311E+01     1.153737E+04
  9.267593E+01     1.144045E+04
  9.396648E+01     1.134405E+04
  9.527500E+01     1.124817E+04
  9.660175E+01     1.115284E+04
  9.794697E+01     1.105806E+04
  9.931092E+01     1.096384E+04
  1.006939E+02     1.087019E+04
  1.020961E+02     1.077711E+04
  1.035178E+02     1.068462E+04
  1.049593E+02     1.059271E+04
  1.064209E+02     1.050138E+04
  1.079029E+02     1.041062E+04
  1.094055E+02     1.032045E+04
  1.109290E+02     1.023086E+04
  1.124737E+02     1.014189E+04
  1.140400E+02     1.005353E+04
  1.156280E+02     9.965806E+03
  1.172382E+02     9.878712E+03
  1.188708E+02     9.792258E+03
  1.205261E+02     9.706446E+03
  1.222045E+02     9.621277E+03
  1.239062E+02     9.536748E+03
  1.256317E+02     9.452861E+03
  1.273811E+02     9.369628E+03
  1.291550E+02     9.287060E+03
  1.309535E+02     9.205165E+03
  1.327771E+02     9.123950E+03
  1.346261E+02     9.043420E+03
  1.365008E+02     8.963576E+03
  1.384016E+02     8.884419E+03
  1.403289E+02     8.805943E+03
  1.422830E+02     8.728143E+03
  1.442644E+02     8.651017E+03
  1.462733E+02     8.574573E+03
  1.483103E+02     8.498820E+03
  1.503755E+02     8.423764E+03
  1.524696E+02     8.349409E+03
  1.545928E+02     8.275758E+03
  1.567455E+02     8.202809E+03
  1.589283E+02     8.130559E+03
  1.611414E+02     8.059001E+03
  1.633854E+02     7.988126E+03
  1.656606E+02     7.917926E+03
  1.679675E+02     7.848409E+03
  1.703065E+02     7.779582E+03
  1.726781E+02     7.711453E+03
  1.750827E+02     7.644022E+03
  1.775208E+02     7.577293E+03
  1.799929E+02     7.511264E+03
  1.824993E+02     7.445929E+03
  1.850407E+02     7.381284E+03
  1.876175E+02     7.317316E+03
  1.902301E+02     7.254017E+03
  1.928792E+02     7.191393E+03
  1.955651E+02     7.129448E+03
  1.982884E+02     7.068187E+03
  2.010496E+02     7.007611E+03
  2.038493E+02     6.947718E+03
  2.066880E+02     6.888507E+03
  2.095662E+02     6.829969E+03
  2.124845E+02     6.772097E+03
  2.154435E+02     6.714877E+03
  2.184436E+02     6.658298E+03
  2.214855E+02     6.602363E+03
  2.245698E+02     6.547076E+03
  2.276970E+02     6.492440E+03
  2.308678E+02     6.438457E+03
  2.340827E+02     6.385126E+03
  2.373424E+02     6.332442E+03
  2.406475E+02     6.280400E+03
  2.439986E+02     6.228990E+03
  2.473964E+02     6.178200E+03
  2.508415E+02     6.128018E+03
  2.543346E+02     6.078445E+03
  2.578763E+02     6.029486E+03
  2.614673E+02     5.981143E+03
  2.651084E+02     5.933418E+03
  2.688001E+02     5.886309E+03
  2.725433E+02     5.839812E+03
  2.763385E+02     5.793923E+03
  2.801867E+02     5.748633E+03
  2.840884E+02     5.703930E+03
  2.880444E+02     5.659802E+03
  2.920556E+02     5.616249E+03
  2.961225E+02     5.573272E+03
  3.002462E+02     5.530874E+03
  3.044272E+02     5.489052E+03
  3.086665E+02     5.447806E+03
  3.129648E+02     5.407129E+03
  3.173230E+02     5.367014E+03
  3.217418E+02     5.327452E+03
  3.262222E+02     5.288430E+03
  3.307650E+02     5.249933E+03
  3.353710E+02     5.211959E+03
  3.400412E+02     5.174509E+03
  3.447764E+02     5.137585E+03
  3.495776E+02     5.101185E+03
  3.544456E+02     5.065307E+03
  3.593814E+02     5.029946E+03
  3.643859E+02     4.995095E+03
  3.694601E+02     4.960746E+03
  3.746050E+02     4.926885E+03
  3.798215E+02     4.893500E+03
  3.851107E+02     4.860587E+03
  3.904735E+02     4.828148E+03
  3.959110E+02     4.796184E+03
  4.014242E+02     4.764695E+03
  4.070142E+02     4.733679E+03
  4.126821E+02     4.703132E+03
  4.184289E+02     4.673049E+03
  4.242556E+02     4.643421E+03
  4.301636E+02     4.614240E+03
  4.361538E+02     4.585494E+03
  4.422274E+02     4.557178E+03
  4.483856E+02     4.529294E+03
  4.546295E+02     4.501842E+03
  4.609604E+02     4.474820E+03
  4.673795E+02     4.448228E+03
  4.738880E+02     4.422060E+03
  4.804870E+02     4.396311E+03
  4.871780E+02     4.370975E+03
  4.939622E+02     4.346040E+03
  5.008408E+02     4.321496E+03
  5.078152E+02     4.297337E+03
  5.148867E+02     4.273564E+03
  5.220568E+02     4.250176E+03
  5.293266E+02     4.227174E+03
  5.366977E+02     4.204555E+03
  5.441714E+02     4.182314E+03
  5.517492E+02     4.160448E+03
  5.594326E+02     4.138948E+03
  5.672229E+02     4.117807E+03
  5.751217E+02     4.097014E+03
  5.831305E+02     4.076562E+03
  5.912508E+02     4.056453E+03
  5.994843E+02     4.036685E+03
  6.078323E+02     4.017260E+03
  6.162966E+02     3.998173E+03
  6.248788E+02     3.979423E+03
  6.335805E+02     3.961004E+03
  6.424034E+02     3.942911E+03
  6.513491E+02     3.925136E+03
  6.604194E+02     3.907670E+03
  6.696160E+02     3.890506E+03
  6.789407E+02     3.873643E+03
  6.883952E+02     3.857081E+03
  6.979814E+02     3.840818E+03
  7.077011E+02     3.824850E+03
  7.175561E+02     3.809174E+03
  7.275484E+02     3.793785E+03
  7.376798E+02     3.778674E+03
  7.479523E+02     3.763836E+03
  7.583678E+02     3.749258E+03
  7.689284E+02     3.734936E+03
  7.796360E+02     3.720872E+03
  7.904928E+02     3.707073E+03
  8.015007E+02     3.693541E+03
  8.126619E+02     3.680281E+03
  8.239786E+02     3.667297E+03
  8.354528E+02     3.654592E+03
  8.470868E+02     3.642168E+03
  8.588829E+02     3.630028E+03
  8.708431E+02     3.618172E+03
  8.829700E+02     3.606595E+03
  8.952657E+02     3.595275E+03
  9.077327E+02     3.584180E+03
  9.203732E+02     3.573279E+03
  9.331898E+02     3.562534E+03
  9.461848E+02     3.551905E+03
  9.593608E+02     3.541348E+03
  9.727203E+02     3.530815E+03
  9.862658E+02     3.520254E+03
  1.000000E+03     3.509606E+03
