FILE CREATED BY  : PROGRAM DPASS - VERSION 2.00
DATABASE VERSION : 21.06
DATE AND TIME    : 09/08/2022 20:07:25
PROJECTILE       : C 
TARGET           : Ru
TARGET AT. MASS  : 1.010700E+02
TARGET DENSITY   : 1.237000E+01 g/cm^3
TABULATED OUTPUT : STOPPING FORCE VERSUS ENERGY
DATA TYPE        : SPLINE INTERPOLATED
ABSCISSA UNITS   : MeV/u
ORDINATE UNITS   : eV/nm


      E/n             S(E/n)

  1.000000E-03     3.259511E+02
  1.013925E-03     3.281423E+02
  1.028045E-03     3.303626E+02
  1.042361E-03     3.326104E+02
  1.056876E-03     3.348845E+02
  1.071593E-03     3.371832E+02
  1.086516E-03     3.395049E+02
  1.101646E-03     3.418476E+02
  1.116987E-03     3.442093E+02
  1.132541E-03     3.465878E+02
  1.148312E-03     3.489807E+02
  1.164303E-03     3.513857E+02
  1.180517E-03     3.538027E+02
  1.196956E-03     3.562320E+02
  1.213624E-03     3.586745E+02
  1.230524E-03     3.611305E+02
  1.247660E-03     3.636010E+02
  1.265034E-03     3.660865E+02
  1.282650E-03     3.685881E+02
  1.300511E-03     3.711065E+02
  1.318621E-03     3.736428E+02
  1.336984E-03     3.761981E+02
  1.355602E-03     3.787724E+02
  1.374479E-03     3.813659E+02
  1.393619E-03     3.839784E+02
  1.413026E-03     3.866099E+02
  1.432703E-03     3.892602E+02
  1.452654E-03     3.919293E+02
  1.472883E-03     3.946171E+02
  1.493393E-03     3.973235E+02
  1.514189E-03     4.000484E+02
  1.535275E-03     4.027917E+02
  1.556654E-03     4.055535E+02
  1.578331E-03     4.083339E+02
  1.600310E-03     4.111331E+02
  1.622595E-03     4.139511E+02
  1.645191E-03     4.167883E+02
  1.668101E-03     4.196447E+02
  1.691330E-03     4.225206E+02
  1.714882E-03     4.254163E+02
  1.738762E-03     4.283320E+02
  1.762975E-03     4.312680E+02
  1.787526E-03     4.342245E+02
  1.812418E-03     4.372016E+02
  1.837656E-03     4.401993E+02
  1.863246E-03     4.432177E+02
  1.889193E-03     4.462570E+02
  1.915501E-03     4.493173E+02
  1.942175E-03     4.523987E+02
  1.969220E-03     4.555013E+02
  1.996642E-03     4.586253E+02
  2.024447E-03     4.617710E+02
  2.052638E-03     4.649384E+02
  2.081222E-03     4.681277E+02
  2.110203E-03     4.713389E+02
  2.139589E-03     4.745722E+02
  2.169384E-03     4.778278E+02
  2.199593E-03     4.811057E+02
  2.230223E-03     4.844063E+02
  2.261280E-03     4.877296E+02
  2.292769E-03     4.910758E+02
  2.324697E-03     4.944453E+02
  2.357069E-03     4.978382E+02
  2.389893E-03     5.012547E+02
  2.423173E-03     5.046947E+02
  2.456916E-03     5.081585E+02
  2.491130E-03     5.116461E+02
  2.525820E-03     5.151578E+02
  2.560993E-03     5.186938E+02
  2.596656E-03     5.222541E+02
  2.632815E-03     5.258390E+02
  2.669478E-03     5.294488E+02
  2.706652E-03     5.330837E+02
  2.744343E-03     5.367438E+02
  2.782559E-03     5.404291E+02
  2.821308E-03     5.441398E+02
  2.860596E-03     5.478761E+02
  2.900430E-03     5.516382E+02
  2.940820E-03     5.554261E+02
  2.981772E-03     5.592401E+02
  3.023295E-03     5.630805E+02
  3.065395E-03     5.669475E+02
  3.108082E-03     5.708413E+02
  3.151363E-03     5.747621E+02
  3.195248E-03     5.787099E+02
  3.239743E-03     5.826849E+02
  3.284857E-03     5.866874E+02
  3.330600E-03     5.907174E+02
  3.376980E-03     5.947751E+02
  3.424006E-03     5.988609E+02
  3.471687E-03     6.029749E+02
  3.520031E-03     6.071174E+02
  3.569049E-03     6.112888E+02
  3.618750E-03     6.154890E+02
  3.669142E-03     6.197183E+02
  3.720237E-03     6.239768E+02
  3.772042E-03     6.282646E+02
  3.824570E-03     6.325819E+02
  3.877828E-03     6.369289E+02
  3.931829E-03     6.413058E+02
  3.986581E-03     6.457128E+02
  4.042096E-03     6.501503E+02
  4.098384E-03     6.546185E+02
  4.155455E-03     6.591174E+02
  4.213322E-03     6.636474E+02
  4.271994E-03     6.682084E+02
  4.331483E-03     6.728007E+02
  4.391801E-03     6.774244E+02
  4.452959E-03     6.820798E+02
  4.514968E-03     6.867671E+02
  4.577841E-03     6.914866E+02
  4.641589E-03     6.962385E+02
  4.706225E-03     7.010231E+02
  4.771761E-03     7.058407E+02
  4.838210E-03     7.106912E+02
  4.905584E-03     7.155750E+02
  4.973896E-03     7.204921E+02
  5.043159E-03     7.254427E+02
  5.113388E-03     7.304270E+02
  5.184594E-03     7.354454E+02
  5.256791E-03     7.404981E+02
  5.329994E-03     7.455853E+02
  5.404216E-03     7.507074E+02
  5.479472E-03     7.558646E+02
  5.555776E-03     7.610569E+02
  5.633143E-03     7.662846E+02
  5.711586E-03     7.715478E+02
  5.791123E-03     7.768467E+02
  5.871766E-03     7.821815E+02
  5.953533E-03     7.875525E+02
  6.036439E-03     7.929599E+02
  6.120498E-03     7.984041E+02
  6.205729E-03     8.038854E+02
  6.292146E-03     8.094040E+02
  6.379767E-03     8.149600E+02
  6.468608E-03     8.205535E+02
  6.558686E-03     8.261847E+02
  6.650018E-03     8.318538E+02
  6.742622E-03     8.375609E+02
  6.836516E-03     8.433064E+02
  6.931717E-03     8.490905E+02
  7.028244E-03     8.549134E+02
  7.126115E-03     8.607756E+02
  7.225349E-03     8.666772E+02
  7.325965E-03     8.726182E+02
  7.427982E-03     8.785990E+02
  7.531420E-03     8.846195E+02
  7.636298E-03     8.906800E+02
  7.742637E-03     8.967807E+02
  7.850456E-03     9.029218E+02
  7.959777E-03     9.091035E+02
  8.070620E-03     9.153263E+02
  8.183007E-03     9.215904E+02
  8.296959E-03     9.278960E+02
  8.412497E-03     9.342433E+02
  8.529644E-03     9.406323E+02
  8.648423E-03     9.470633E+02
  8.768856E-03     9.535364E+02
  8.890966E-03     9.600517E+02
  9.014776E-03     9.666096E+02
  9.140311E-03     9.732104E+02
  9.267593E-03     9.798543E+02
  9.396648E-03     9.865418E+02
  9.527500E-03     9.932729E+02
  9.660175E-03     1.000048E+03
  9.794697E-03     1.006867E+03
  9.931092E-03     1.013729E+03
  1.006939E-02     1.020636E+03
  1.020961E-02     1.027588E+03
  1.035178E-02     1.034583E+03
  1.049593E-02     1.041624E+03
  1.064209E-02     1.048709E+03
  1.079029E-02     1.055840E+03
  1.094055E-02     1.063016E+03
  1.109290E-02     1.070238E+03
  1.124737E-02     1.077505E+03
  1.140400E-02     1.084818E+03
  1.156280E-02     1.092177E+03
  1.172382E-02     1.099582E+03
  1.188708E-02     1.107033E+03
  1.205261E-02     1.114531E+03
  1.222045E-02     1.122076E+03
  1.239062E-02     1.129667E+03
  1.256317E-02     1.137306E+03
  1.273811E-02     1.144992E+03
  1.291550E-02     1.152726E+03
  1.309535E-02     1.160507E+03
  1.327771E-02     1.168335E+03
  1.346261E-02     1.176211E+03
  1.365008E-02     1.184135E+03
  1.384016E-02     1.192106E+03
  1.403289E-02     1.200126E+03
  1.422830E-02     1.208195E+03
  1.442644E-02     1.216312E+03
  1.462733E-02     1.224477E+03
  1.483103E-02     1.232692E+03
  1.503755E-02     1.240954E+03
  1.524696E-02     1.249266E+03
  1.545928E-02     1.257626E+03
  1.567455E-02     1.266035E+03
  1.589283E-02     1.274493E+03
  1.611414E-02     1.283001E+03
  1.633854E-02     1.291557E+03
  1.656606E-02     1.300164E+03
  1.679675E-02     1.308820E+03
  1.703065E-02     1.317525E+03
  1.726781E-02     1.326280E+03
  1.750827E-02     1.335084E+03
  1.775208E-02     1.343937E+03
  1.799929E-02     1.352840E+03
  1.824993E-02     1.361793E+03
  1.850407E-02     1.370795E+03
  1.876175E-02     1.379847E+03
  1.902301E-02     1.388948E+03
  1.928792E-02     1.398100E+03
  1.955651E-02     1.407301E+03
  1.982884E-02     1.416551E+03
  2.010496E-02     1.425851E+03
  2.038493E-02     1.435201E+03
  2.066880E-02     1.444599E+03
  2.095662E-02     1.454047E+03
  2.124845E-02     1.463545E+03
  2.154435E-02     1.473091E+03
  2.184436E-02     1.482688E+03
  2.214855E-02     1.492333E+03
  2.245698E-02     1.502028E+03
  2.276970E-02     1.511772E+03
  2.308678E-02     1.521564E+03
  2.340827E-02     1.531404E+03
  2.373424E-02     1.541293E+03
  2.406475E-02     1.551230E+03
  2.439986E-02     1.561215E+03
  2.473964E-02     1.571248E+03
  2.508415E-02     1.581329E+03
  2.543346E-02     1.591458E+03
  2.578763E-02     1.601634E+03
  2.614673E-02     1.611857E+03
  2.651084E-02     1.622127E+03
  2.688001E-02     1.632443E+03
  2.725433E-02     1.642806E+03
  2.763385E-02     1.653214E+03
  2.801867E-02     1.663669E+03
  2.840884E-02     1.674170E+03
  2.880444E-02     1.684717E+03
  2.920556E-02     1.695309E+03
  2.961225E-02     1.705946E+03
  3.002462E-02     1.716628E+03
  3.044272E-02     1.727354E+03
  3.086665E-02     1.738123E+03
  3.129648E-02     1.748936E+03
  3.173230E-02     1.759791E+03
  3.217418E-02     1.770689E+03
  3.262222E-02     1.781629E+03
  3.307650E-02     1.792611E+03
  3.353710E-02     1.803635E+03
  3.400412E-02     1.814699E+03
  3.447764E-02     1.825804E+03
  3.495776E-02     1.836949E+03
  3.544456E-02     1.848132E+03
  3.593814E-02     1.859354E+03
  3.643859E-02     1.870615E+03
  3.694601E-02     1.881913E+03
  3.746050E-02     1.893249E+03
  3.798215E-02     1.904622E+03
  3.851107E-02     1.916032E+03
  3.904735E-02     1.927478E+03
  3.959110E-02     1.938959E+03
  4.014242E-02     1.950475E+03
  4.070142E-02     1.962024E+03
  4.126821E-02     1.973606E+03
  4.184289E-02     1.985221E+03
  4.242556E-02     1.996868E+03
  4.301636E-02     2.008547E+03
  4.361538E-02     2.020257E+03
  4.422274E-02     2.031997E+03
  4.483856E-02     2.043767E+03
  4.546295E-02     2.055565E+03
  4.609604E-02     2.067392E+03
  4.673795E-02     2.079245E+03
  4.738880E-02     2.091124E+03
  4.804870E-02     2.103029E+03
  4.871780E-02     2.114958E+03
  4.939622E-02     2.126911E+03
  5.008408E-02     2.138888E+03
  5.078152E-02     2.150887E+03
  5.148867E-02     2.162908E+03
  5.220568E-02     2.174948E+03
  5.293266E-02     2.187007E+03
  5.366977E-02     2.199084E+03
  5.441714E-02     2.211176E+03
  5.517492E-02     2.223283E+03
  5.594326E-02     2.235403E+03
  5.672229E-02     2.247536E+03
  5.751217E-02     2.259681E+03
  5.831305E-02     2.271835E+03
  5.912508E-02     2.283999E+03
  5.994843E-02     2.296171E+03
  6.078323E-02     2.308350E+03
  6.162966E-02     2.320535E+03
  6.248788E-02     2.332726E+03
  6.335805E-02     2.344921E+03
  6.424034E-02     2.357121E+03
  6.513491E-02     2.369324E+03
  6.604194E-02     2.381530E+03
  6.696160E-02     2.393740E+03
  6.789407E-02     2.405951E+03
  6.883952E-02     2.418164E+03
  6.979814E-02     2.430375E+03
  7.077011E-02     2.442586E+03
  7.175561E-02     2.454795E+03
  7.275484E-02     2.467001E+03
  7.376798E-02     2.479205E+03
  7.479523E-02     2.491405E+03
  7.583678E-02     2.503601E+03
  7.689284E-02     2.515794E+03
  7.796360E-02     2.527982E+03
  7.904928E-02     2.540163E+03
  8.015007E-02     2.552337E+03
  8.126619E-02     2.564503E+03
  8.239786E-02     2.576659E+03
  8.354528E-02     2.588805E+03
  8.470868E-02     2.600940E+03
  8.588829E-02     2.613064E+03
  8.708431E-02     2.625177E+03
  8.829700E-02     2.637277E+03
  8.952657E-02     2.649364E+03
  9.077327E-02     2.661436E+03
  9.203732E-02     2.673492E+03
  9.331898E-02     2.685530E+03
  9.461848E-02     2.697549E+03
  9.593608E-02     2.709547E+03
  9.727203E-02     2.721525E+03
  9.862658E-02     2.733481E+03
  1.000000E-01     2.745414E+03
  1.013925E-01     2.757323E+03
  1.028045E-01     2.769208E+03
  1.042361E-01     2.781066E+03
  1.056876E-01     2.792895E+03
  1.071593E-01     2.804694E+03
  1.086516E-01     2.816460E+03
  1.101646E-01     2.828193E+03
  1.116987E-01     2.839891E+03
  1.132541E-01     2.851553E+03
  1.148312E-01     2.863178E+03
  1.164303E-01     2.874764E+03
  1.180517E-01     2.886310E+03
  1.196956E-01     2.897814E+03
  1.213624E-01     2.909273E+03
  1.230524E-01     2.920684E+03
  1.247660E-01     2.932047E+03
  1.265034E-01     2.943359E+03
  1.282650E-01     2.954619E+03
  1.300511E-01     2.965825E+03
  1.318621E-01     2.976975E+03
  1.336984E-01     2.988068E+03
  1.355602E-01     2.999102E+03
  1.374479E-01     3.010074E+03
  1.393619E-01     3.020981E+03
  1.413026E-01     3.031822E+03
  1.432703E-01     3.042594E+03
  1.452654E-01     3.053294E+03
  1.472883E-01     3.063921E+03
  1.493393E-01     3.074473E+03
  1.514189E-01     3.084947E+03
  1.535275E-01     3.095343E+03
  1.556654E-01     3.105658E+03
  1.578331E-01     3.115889E+03
  1.600310E-01     3.126033E+03
  1.622595E-01     3.136088E+03
  1.645191E-01     3.146051E+03
  1.668101E-01     3.155920E+03
  1.691330E-01     3.165692E+03
  1.714882E-01     3.175366E+03
  1.738762E-01     3.184940E+03
  1.762975E-01     3.194412E+03
  1.787526E-01     3.203779E+03
  1.812418E-01     3.213039E+03
  1.837656E-01     3.222190E+03
  1.863246E-01     3.231227E+03
  1.889193E-01     3.240149E+03
  1.915501E-01     3.248953E+03
  1.942175E-01     3.257638E+03
  1.969220E-01     3.266201E+03
  1.996642E-01     3.274640E+03
  2.024447E-01     3.282954E+03
  2.052638E-01     3.291142E+03
  2.081222E-01     3.299199E+03
  2.110203E-01     3.307123E+03
  2.139589E-01     3.314912E+03
  2.169384E-01     3.322564E+03
  2.199593E-01     3.330075E+03
  2.230223E-01     3.337445E+03
  2.261280E-01     3.344672E+03
  2.292769E-01     3.351754E+03
  2.324697E-01     3.358690E+03
  2.357069E-01     3.365478E+03
  2.389893E-01     3.372117E+03
  2.423173E-01     3.378603E+03
  2.456916E-01     3.384934E+03
  2.491130E-01     3.391108E+03
  2.525820E-01     3.397123E+03
  2.560993E-01     3.402979E+03
  2.596656E-01     3.408673E+03
  2.632815E-01     3.414206E+03
  2.669478E-01     3.419576E+03
  2.706652E-01     3.424782E+03
  2.744343E-01     3.429824E+03
  2.782559E-01     3.434697E+03
  2.821308E-01     3.439402E+03
  2.860596E-01     3.443935E+03
  2.900430E-01     3.448297E+03
  2.940820E-01     3.452486E+03
  2.981772E-01     3.456502E+03
  3.023295E-01     3.460345E+03
  3.065395E-01     3.464015E+03
  3.108082E-01     3.467513E+03
  3.151363E-01     3.470836E+03
  3.195248E-01     3.473984E+03
  3.239743E-01     3.476956E+03
  3.284857E-01     3.479750E+03
  3.330600E-01     3.482367E+03
  3.376980E-01     3.484806E+03
  3.424006E-01     3.487068E+03
  3.471687E-01     3.489154E+03
  3.520031E-01     3.491066E+03
  3.569049E-01     3.492804E+03
  3.618750E-01     3.494368E+03
  3.669142E-01     3.495757E+03
  3.720237E-01     3.496971E+03
  3.772042E-01     3.498011E+03
  3.824570E-01     3.498877E+03
  3.877828E-01     3.499571E+03
  3.931829E-01     3.500093E+03
  3.986581E-01     3.500446E+03
  4.042096E-01     3.500633E+03
  4.098384E-01     3.500655E+03
  4.155455E-01     3.500514E+03
  4.213322E-01     3.500209E+03
  4.271994E-01     3.499741E+03
  4.331483E-01     3.499110E+03
  4.391801E-01     3.498318E+03
  4.452959E-01     3.497366E+03
  4.514968E-01     3.496257E+03
  4.577841E-01     3.494993E+03
  4.641589E-01     3.493577E+03
  4.706225E-01     3.492012E+03
  4.771761E-01     3.490299E+03
  4.838210E-01     3.488438E+03
  4.905584E-01     3.486427E+03
  4.973896E-01     3.484267E+03
  5.043159E-01     3.481960E+03
  5.113388E-01     3.479505E+03
  5.184594E-01     3.476905E+03
  5.256791E-01     3.474160E+03
  5.329994E-01     3.471272E+03
  5.404216E-01     3.468245E+03
  5.479472E-01     3.465076E+03
  5.555776E-01     3.461765E+03
  5.633143E-01     3.458311E+03
  5.711586E-01     3.454713E+03
  5.791123E-01     3.450970E+03
  5.871766E-01     3.447081E+03
  5.953533E-01     3.443046E+03
  6.036439E-01     3.438865E+03
  6.120498E-01     3.434538E+03
  6.205729E-01     3.430064E+03
  6.292146E-01     3.425444E+03
  6.379767E-01     3.420676E+03
  6.468608E-01     3.415758E+03
  6.558686E-01     3.410690E+03
  6.650018E-01     3.405470E+03
  6.742622E-01     3.400098E+03
  6.836516E-01     3.394573E+03
  6.931717E-01     3.388895E+03
  7.028244E-01     3.383064E+03
  7.126115E-01     3.377080E+03
  7.225349E-01     3.370942E+03
  7.325965E-01     3.364651E+03
  7.427982E-01     3.358205E+03
  7.531420E-01     3.351606E+03
  7.636298E-01     3.344854E+03
  7.742637E-01     3.337950E+03
  7.850456E-01     3.330893E+03
  7.959777E-01     3.323686E+03
  8.070620E-01     3.316330E+03
  8.183007E-01     3.308827E+03
  8.296959E-01     3.301178E+03
  8.412497E-01     3.293384E+03
  8.529644E-01     3.285444E+03
  8.648423E-01     3.277360E+03
  8.768856E-01     3.269133E+03
  8.890966E-01     3.260764E+03
  9.014776E-01     3.252255E+03
  9.140311E-01     3.243608E+03
  9.267593E-01     3.234826E+03
  9.396648E-01     3.225911E+03
  9.527500E-01     3.216865E+03
  9.660175E-01     3.207688E+03
  9.794697E-01     3.198381E+03
  9.931092E-01     3.188946E+03
  1.006939E+00     3.179384E+03
  1.020961E+00     3.169695E+03
  1.035178E+00     3.159883E+03
  1.049593E+00     3.149949E+03
  1.064209E+00     3.139895E+03
  1.079029E+00     3.129724E+03
  1.094055E+00     3.119438E+03
  1.109290E+00     3.109038E+03
  1.124737E+00     3.098524E+03
  1.140400E+00     3.087899E+03
  1.156280E+00     3.077164E+03
  1.172382E+00     3.066319E+03
  1.188708E+00     3.055368E+03
  1.205261E+00     3.044313E+03
  1.222045E+00     3.033154E+03
  1.239062E+00     3.021896E+03
  1.256317E+00     3.010540E+03
  1.273811E+00     2.999087E+03
  1.291550E+00     2.987538E+03
  1.309535E+00     2.975896E+03
  1.327771E+00     2.964160E+03
  1.346261E+00     2.952332E+03
  1.365008E+00     2.940415E+03
  1.384016E+00     2.928411E+03
  1.403289E+00     2.916320E+03
  1.422830E+00     2.904146E+03
  1.442644E+00     2.891889E+03
  1.462733E+00     2.879553E+03
  1.483103E+00     2.867137E+03
  1.503755E+00     2.854642E+03
  1.524696E+00     2.842072E+03
  1.545928E+00     2.829426E+03
  1.567455E+00     2.816706E+03
  1.589283E+00     2.803914E+03
  1.611414E+00     2.791052E+03
  1.633854E+00     2.778122E+03
  1.656606E+00     2.765125E+03
  1.679675E+00     2.752062E+03
  1.703065E+00     2.738936E+03
  1.726781E+00     2.725747E+03
  1.750827E+00     2.712497E+03
  1.775208E+00     2.699188E+03
  1.799929E+00     2.685821E+03
  1.824993E+00     2.672398E+03
  1.850407E+00     2.658920E+03
  1.876175E+00     2.645390E+03
  1.902301E+00     2.631808E+03
  1.928792E+00     2.618178E+03
  1.955651E+00     2.604499E+03
  1.982884E+00     2.590773E+03
  2.010496E+00     2.577002E+03
  2.038493E+00     2.563187E+03
  2.066880E+00     2.549330E+03
  2.095662E+00     2.535433E+03
  2.124845E+00     2.521495E+03
  2.154435E+00     2.507520E+03
  2.184436E+00     2.493508E+03
  2.214855E+00     2.479461E+03
  2.245698E+00     2.465381E+03
  2.276970E+00     2.451268E+03
  2.308678E+00     2.437126E+03
  2.340827E+00     2.422955E+03
  2.373424E+00     2.408757E+03
  2.406475E+00     2.394533E+03
  2.439986E+00     2.380285E+03
  2.473964E+00     2.366014E+03
  2.508415E+00     2.351721E+03
  2.543346E+00     2.337408E+03
  2.578763E+00     2.323078E+03
  2.614673E+00     2.308731E+03
  2.651084E+00     2.294369E+03
  2.688001E+00     2.279994E+03
  2.725433E+00     2.265608E+03
  2.763385E+00     2.251212E+03
  2.801867E+00     2.236806E+03
  2.840884E+00     2.222394E+03
  2.880444E+00     2.207975E+03
  2.920556E+00     2.193551E+03
  2.961225E+00     2.179125E+03
  3.002462E+00     2.164698E+03
  3.044272E+00     2.150272E+03
  3.086665E+00     2.135847E+03
  3.129648E+00     2.121427E+03
  3.173230E+00     2.107011E+03
  3.217418E+00     2.092602E+03
  3.262222E+00     2.078200E+03
  3.307650E+00     2.063806E+03
  3.353710E+00     2.049422E+03
  3.400412E+00     2.035049E+03
  3.447764E+00     2.020691E+03
  3.495776E+00     2.006348E+03
  3.544456E+00     1.992022E+03
  3.593814E+00     1.977714E+03
  3.643859E+00     1.963427E+03
  3.694601E+00     1.949161E+03
  3.746050E+00     1.934917E+03
  3.798215E+00     1.920697E+03
  3.851107E+00     1.906501E+03
  3.904735E+00     1.892331E+03
  3.959110E+00     1.878190E+03
  4.014242E+00     1.864079E+03
  4.070142E+00     1.849999E+03
  4.126821E+00     1.835952E+03
  4.184289E+00     1.821939E+03
  4.242556E+00     1.807960E+03
  4.301636E+00     1.794017E+03
  4.361538E+00     1.780110E+03
  4.422274E+00     1.766240E+03
  4.483856E+00     1.752408E+03
  4.546295E+00     1.738617E+03
  4.609604E+00     1.724869E+03
  4.673795E+00     1.711164E+03
  4.738880E+00     1.697504E+03
  4.804870E+00     1.683890E+03
  4.871780E+00     1.670323E+03
  4.939622E+00     1.656804E+03
  5.008408E+00     1.643331E+03
  5.078152E+00     1.629907E+03
  5.148867E+00     1.616534E+03
  5.220568E+00     1.603212E+03
  5.293266E+00     1.589945E+03
  5.366977E+00     1.576732E+03
  5.441714E+00     1.563575E+03
  5.517492E+00     1.550475E+03
  5.594326E+00     1.537433E+03
  5.672229E+00     1.524448E+03
  5.751217E+00     1.511522E+03
  5.831305E+00     1.498654E+03
  5.912508E+00     1.485846E+03
  5.994843E+00     1.473100E+03
  6.078323E+00     1.460417E+03
  6.162966E+00     1.447798E+03
  6.248788E+00     1.435245E+03
  6.335805E+00     1.422756E+03
  6.424034E+00     1.410333E+03
  6.513491E+00     1.397976E+03
  6.604194E+00     1.385685E+03
  6.696160E+00     1.373458E+03
  6.789407E+00     1.361298E+03
  6.883952E+00     1.349207E+03
  6.979814E+00     1.337185E+03
  7.077011E+00     1.325233E+03
  7.175561E+00     1.313353E+03
  7.275484E+00     1.301544E+03
  7.376798E+00     1.289807E+03
  7.479523E+00     1.278141E+03
  7.583678E+00     1.266546E+03
  7.689284E+00     1.255021E+03
  7.796360E+00     1.243568E+03
  7.904928E+00     1.232189E+03
  8.015007E+00     1.220883E+03
  8.126619E+00     1.209652E+03
  8.239786E+00     1.198497E+03
  8.354528E+00     1.187418E+03
  8.470868E+00     1.176414E+03
  8.588829E+00     1.165485E+03
  8.708431E+00     1.154631E+03
  8.829700E+00     1.143850E+03
  8.952657E+00     1.133145E+03
  9.077327E+00     1.122514E+03
  9.203732E+00     1.111961E+03
  9.331898E+00     1.101484E+03
  9.461848E+00     1.091086E+03
  9.593608E+00     1.080764E+03
  9.727203E+00     1.070520E+03
  9.862658E+00     1.060352E+03
  1.000000E+01     1.050259E+03
  1.013925E+01     1.040241E+03
  1.028045E+01     1.030297E+03
  1.042361E+01     1.020430E+03
  1.056876E+01     1.010639E+03
  1.071593E+01     1.000925E+03
  1.086516E+01     9.912895E+02
  1.101646E+01     9.817312E+02
  1.116987E+01     9.722501E+02
  1.132541E+01     9.628453E+02
  1.148312E+01     9.535159E+02
  1.164303E+01     9.442606E+02
  1.180517E+01     9.350798E+02
  1.196956E+01     9.259743E+02
  1.213624E+01     9.169448E+02
  1.230524E+01     9.079915E+02
  1.247660E+01     8.991144E+02
  1.265034E+01     8.903132E+02
  1.282650E+01     8.815873E+02
  1.300511E+01     8.729357E+02
  1.318621E+01     8.643568E+02
  1.336984E+01     8.558493E+02
  1.355602E+01     8.474133E+02
  1.374479E+01     8.390494E+02
  1.393619E+01     8.307584E+02
  1.413026E+01     8.225405E+02
  1.432703E+01     8.143957E+02
  1.452654E+01     8.063237E+02
  1.472883E+01     7.983241E+02
  1.493393E+01     7.903959E+02
  1.514189E+01     7.825378E+02
  1.535275E+01     7.747482E+02
  1.556654E+01     7.670273E+02
  1.578331E+01     7.593754E+02
  1.600310E+01     7.517932E+02
  1.622595E+01     7.442806E+02
  1.645191E+01     7.368378E+02
  1.668101E+01     7.294642E+02
  1.691330E+01     7.221593E+02
  1.714882E+01     7.149219E+02
  1.738762E+01     7.077507E+02
  1.762975E+01     7.006442E+02
  1.787526E+01     6.936019E+02
  1.812418E+01     6.866245E+02
  1.837656E+01     6.797122E+02
  1.863246E+01     6.728653E+02
  1.889193E+01     6.660837E+02
  1.915501E+01     6.593670E+02
  1.942175E+01     6.527145E+02
  1.969220E+01     6.461254E+02
  1.996642E+01     6.395983E+02
  2.024447E+01     6.331316E+02
  2.052638E+01     6.267250E+02
  2.081222E+01     6.203788E+02
  2.110203E+01     6.140934E+02
  2.139589E+01     6.078689E+02
  2.169384E+01     6.017052E+02
  2.199593E+01     5.956019E+02
  2.230223E+01     5.895585E+02
  2.261280E+01     5.835741E+02
  2.292769E+01     5.776474E+02
  2.324697E+01     5.717770E+02
  2.357069E+01     5.659622E+02
  2.389893E+01     5.602034E+02
  2.423173E+01     5.545009E+02
  2.456916E+01     5.488547E+02
  2.491130E+01     5.432648E+02
  2.525820E+01     5.377307E+02
  2.560993E+01     5.322520E+02
  2.596656E+01     5.268277E+02
  2.632815E+01     5.214567E+02
  2.669478E+01     5.161376E+02
  2.706652E+01     5.108695E+02
  2.744343E+01     5.056529E+02
  2.782559E+01     5.004880E+02
  2.821308E+01     4.953750E+02
  2.860596E+01     4.903136E+02
  2.900430E+01     4.853038E+02
  2.940820E+01     4.803448E+02
  2.981772E+01     4.754361E+02
  3.023295E+01     4.705765E+02
  3.065395E+01     4.657649E+02
  3.108082E+01     4.610004E+02
  3.151363E+01     4.562832E+02
  3.195248E+01     4.516135E+02
  3.239743E+01     4.469916E+02
  3.284857E+01     4.424172E+02
  3.330600E+01     4.378901E+02
  3.376980E+01     4.334098E+02
  3.424006E+01     4.289756E+02
  3.471687E+01     4.245866E+02
  3.520031E+01     4.202416E+02
  3.569049E+01     4.159396E+02
  3.618750E+01     4.116809E+02
  3.669142E+01     4.074656E+02
  3.720237E+01     4.032940E+02
  3.772042E+01     3.991658E+02
  3.824570E+01     3.950810E+02
  3.877828E+01     3.910390E+02
  3.931829E+01     3.870392E+02
  3.986581E+01     3.830808E+02
  4.042096E+01     3.791628E+02
  4.098384E+01     3.752843E+02
  4.155455E+01     3.714453E+02
  4.213322E+01     3.676460E+02
  4.271994E+01     3.638867E+02
  4.331483E+01     3.601671E+02
  4.391801E+01     3.564871E+02
  4.452959E+01     3.528463E+02
  4.514968E+01     3.492441E+02
  4.577841E+01     3.456798E+02
  4.641589E+01     3.421524E+02
  4.706225E+01     3.386610E+02
  4.771761E+01     3.352057E+02
  4.838210E+01     3.317867E+02
  4.905584E+01     3.284040E+02
  4.973896E+01     3.250575E+02
  5.043159E+01     3.217472E+02
  5.113388E+01     3.184727E+02
  5.184594E+01     3.152335E+02
  5.256791E+01     3.120288E+02
  5.329994E+01     3.088580E+02
  5.404216E+01     3.057200E+02
  5.479472E+01     3.026148E+02
  5.555776E+01     2.995427E+02
  5.633143E+01     2.965037E+02
  5.711586E+01     2.934978E+02
  5.791123E+01     2.905248E+02
  5.871766E+01     2.875844E+02
  5.953533E+01     2.846761E+02
  6.036439E+01     2.817994E+02
  6.120498E+01     2.789535E+02
  6.205729E+01     2.761375E+02
  6.292146E+01     2.733514E+02
  6.379767E+01     2.705952E+02
  6.468608E+01     2.678692E+02
  6.558686E+01     2.651733E+02
  6.650018E+01     2.625073E+02
  6.742622E+01     2.598709E+02
  6.836516E+01     2.572638E+02
  6.931717E+01     2.546855E+02
  7.028244E+01     2.521353E+02
  7.126115E+01     2.496123E+02
  7.225349E+01     2.471164E+02
  7.325965E+01     2.446479E+02
  7.427982E+01     2.422066E+02
  7.531420E+01     2.397928E+02
  7.636298E+01     2.374060E+02
  7.742637E+01     2.350463E+02
  7.850456E+01     2.327132E+02
  7.959777E+01     2.304061E+02
  8.070620E+01     2.281246E+02
  8.183007E+01     2.258678E+02
  8.296959E+01     2.236356E+02
  8.412497E+01     2.214281E+02
  8.529644E+01     2.192453E+02
  8.648423E+01     2.170873E+02
  8.768856E+01     2.149540E+02
  8.890966E+01     2.128451E+02
  9.014776E+01     2.107603E+02
  9.140311E+01     2.086992E+02
  9.267593E+01     2.066613E+02
  9.396648E+01     2.046459E+02
  9.527500E+01     2.026527E+02
  9.660175E+01     2.006820E+02
  9.794697E+01     1.987336E+02
  9.931092E+01     1.968077E+02
  1.006939E+02     1.949041E+02
  1.020961E+02     1.930226E+02
  1.035178E+02     1.911631E+02
  1.049593E+02     1.893250E+02
  1.064209E+02     1.875079E+02
  1.079029E+02     1.857112E+02
  1.094055E+02     1.839346E+02
  1.109290E+02     1.821782E+02
  1.124737E+02     1.804420E+02
  1.140400E+02     1.787262E+02
  1.156280E+02     1.770305E+02
  1.172382E+02     1.753548E+02
  1.188708E+02     1.736990E+02
  1.205261E+02     1.720626E+02
  1.222045E+02     1.704451E+02
  1.239062E+02     1.688462E+02
  1.256317E+02     1.672655E+02
  1.273811E+02     1.657029E+02
  1.291550E+02     1.641587E+02
  1.309535E+02     1.626328E+02
  1.327771E+02     1.611251E+02
  1.346261E+02     1.596356E+02
  1.365008E+02     1.581639E+02
  1.384016E+02     1.567097E+02
  1.403289E+02     1.552728E+02
  1.422830E+02     1.538526E+02
  1.442644E+02     1.524488E+02
  1.462733E+02     1.510615E+02
  1.483103E+02     1.496907E+02
  1.503755E+02     1.483364E+02
  1.524696E+02     1.469985E+02
  1.545928E+02     1.456770E+02
  1.567455E+02     1.443716E+02
  1.589283E+02     1.430821E+02
  1.611414E+02     1.418082E+02
  1.633854E+02     1.405494E+02
  1.656606E+02     1.393053E+02
  1.679675E+02     1.380762E+02
  1.703065E+02     1.368619E+02
  1.726781E+02     1.356625E+02
  1.750827E+02     1.344779E+02
  1.775208E+02     1.333081E+02
  1.799929E+02     1.321528E+02
  1.824993E+02     1.310119E+02
  1.850407E+02     1.298850E+02
  1.876175E+02     1.287718E+02
  1.902301E+02     1.276719E+02
  1.928792E+02     1.265853E+02
  1.955651E+02     1.255122E+02
  1.982884E+02     1.244525E+02
  2.010496E+02     1.234061E+02
  2.038493E+02     1.223731E+02
  2.066880E+02     1.213532E+02
  2.095662E+02     1.203462E+02
  2.124845E+02     1.193520E+02
  2.154435E+02     1.183701E+02
  2.184436E+02     1.174002E+02
  2.214855E+02     1.164424E+02
  2.245698E+02     1.154967E+02
  2.276970E+02     1.145631E+02
  2.308678E+02     1.136415E+02
  2.340827E+02     1.127319E+02
  2.373424E+02     1.118342E+02
  2.406475E+02     1.109481E+02
  2.439986E+02     1.100735E+02
  2.473964E+02     1.092100E+02
  2.508415E+02     1.083573E+02
  2.543346E+02     1.075155E+02
  2.578763E+02     1.066845E+02
  2.614673E+02     1.058643E+02
  2.651084E+02     1.050551E+02
  2.688001E+02     1.042566E+02
  2.725433E+02     1.034688E+02
  2.763385E+02     1.026915E+02
  2.801867E+02     1.019246E+02
  2.840884E+02     1.011677E+02
  2.880444E+02     1.004207E+02
  2.920556E+02     9.968347E+01
  2.961225E+02     9.895605E+01
  3.002462E+02     9.823847E+01
  3.044272E+02     9.753068E+01
  3.086665E+02     9.683264E+01
  3.129648E+02     9.614425E+01
  3.173230E+02     9.546536E+01
  3.217418E+02     9.479580E+01
  3.262222E+02     9.413534E+01
  3.307650E+02     9.348372E+01
  3.353710E+02     9.284088E+01
  3.400412E+02     9.220685E+01
  3.447764E+02     9.158165E+01
  3.495776E+02     9.096527E+01
  3.544456E+02     9.035765E+01
  3.593814E+02     8.975873E+01
  3.643859E+02     8.916837E+01
  3.694601E+02     8.858643E+01
  3.746050E+02     8.801271E+01
  3.798215E+02     8.744699E+01
  3.851107E+02     8.688919E+01
  3.904735E+02     8.633935E+01
  3.959110E+02     8.579747E+01
  4.014242E+02     8.526355E+01
  4.070142E+02     8.473753E+01
  4.126821E+02     8.421937E+01
  4.184289E+02     8.370894E+01
  4.242556E+02     8.320612E+01
  4.301636E+02     8.271074E+01
  4.361538E+02     8.222258E+01
  4.422274E+02     8.174156E+01
  4.483856E+02     8.126772E+01
  4.546295E+02     8.080105E+01
  4.609604E+02     8.034155E+01
  4.673795E+02     7.988919E+01
  4.738880E+02     7.944389E+01
  4.804870E+02     7.900558E+01
  4.871780E+02     7.857412E+01
  4.939622E+02     7.814937E+01
  5.008408E+02     7.773115E+01
  5.078152E+02     7.731934E+01
  5.148867E+02     7.691398E+01
  5.220568E+02     7.651508E+01
  5.293266E+02     7.612261E+01
  5.366977E+02     7.573656E+01
  5.441714E+02     7.535686E+01
  5.517492E+02     7.498344E+01
  5.594326E+02     7.461618E+01
  5.672229E+02     7.425495E+01
  5.751217E+02     7.389958E+01
  5.831305E+02     7.354997E+01
  5.912508E+02     7.320614E+01
  5.994843E+02     7.286810E+01
  6.078323E+02     7.253583E+01
  6.162966E+02     7.220931E+01
  6.248788E+02     7.188849E+01
  6.335805E+02     7.157330E+01
  6.424034E+02     7.126366E+01
  6.513491E+02     7.095943E+01
  6.604194E+02     7.066049E+01
  6.696160E+02     7.036671E+01
  6.789407E+02     7.007808E+01
  6.883952E+02     6.979460E+01
  6.979814E+02     6.951622E+01
  7.077011E+02     6.924290E+01
  7.175561E+02     6.897455E+01
  7.275484E+02     6.871110E+01
  7.376798E+02     6.845241E+01
  7.479523E+02     6.819835E+01
  7.583678E+02     6.794875E+01
  7.689284E+02     6.770350E+01
  7.796360E+02     6.746265E+01
  7.904928E+02     6.722629E+01
  8.015007E+02     6.699450E+01
  8.126619E+02     6.676735E+01
  8.239786E+02     6.654489E+01
  8.354528E+02     6.632718E+01
  8.470868E+02     6.611427E+01
  8.588829E+02     6.590617E+01
  8.708431E+02     6.570293E+01
  8.829700E+02     6.550444E+01
  8.952657E+02     6.531031E+01
  9.077327E+02     6.512003E+01
  9.203732E+02     6.493303E+01
  9.331898E+02     6.474869E+01
  9.461848E+02     6.456631E+01
  9.593608E+02     6.438516E+01
  9.727203E+02     6.420440E+01
  9.862658E+02     6.402313E+01
  1.000000E+03     6.384038E+01
