FILE CREATED BY  : PROGRAM DPASS - VERSION 2.00
DATABASE VERSION : 21.06
DATE AND TIME    : 10/08/2022 00:15:46
PROJECTILE       : Lu
TARGET           : Se
TARGET AT. MASS  : 7.896000E+01
TARGET DENSITY   : 4.790000E+00 g/cm^3
TABULATED OUTPUT : STOPPING FORCE VERSUS ENERGY
DATA TYPE        : SPLINE INTERPOLATED
ABSCISSA UNITS   : MeV/u
ORDINATE UNITS   : eV/nm


      E/n             S(E/n)

  1.000000E-03     6.489952E+02
  1.013925E-03     6.534256E+02
  1.028045E-03     6.579146E+02
  1.042361E-03     6.624597E+02
  1.056876E-03     6.670580E+02
  1.071593E-03     6.717065E+02
  1.086516E-03     6.764020E+02
  1.101646E-03     6.811406E+02
  1.116987E-03     6.859184E+02
  1.132541E-03     6.907311E+02
  1.148312E-03     6.955739E+02
  1.164303E-03     7.004424E+02
  1.180517E-03     7.053364E+02
  1.196956E-03     7.102569E+02
  1.213624E-03     7.152053E+02
  1.230524E-03     7.201830E+02
  1.247660E-03     7.251913E+02
  1.265034E-03     7.302321E+02
  1.282650E-03     7.353071E+02
  1.300511E-03     7.404183E+02
  1.318621E-03     7.455678E+02
  1.336984E-03     7.507579E+02
  1.355602E-03     7.559889E+02
  1.374479E-03     7.612608E+02
  1.393619E-03     7.665733E+02
  1.413026E-03     7.719263E+02
  1.432703E-03     7.773194E+02
  1.452654E-03     7.827525E+02
  1.472883E-03     7.882252E+02
  1.493393E-03     7.937373E+02
  1.514189E-03     7.992884E+02
  1.535275E-03     8.048782E+02
  1.556654E-03     8.105069E+02
  1.578331E-03     8.161748E+02
  1.600310E-03     8.218822E+02
  1.622595E-03     8.276295E+02
  1.645191E-03     8.334174E+02
  1.668101E-03     8.392461E+02
  1.691330E-03     8.451163E+02
  1.714882E-03     8.510287E+02
  1.738762E-03     8.569838E+02
  1.762975E-03     8.629825E+02
  1.787526E-03     8.690250E+02
  1.812418E-03     8.751116E+02
  1.837656E-03     8.812426E+02
  1.863246E-03     8.874181E+02
  1.889193E-03     8.936385E+02
  1.915501E-03     8.999039E+02
  1.942175E-03     9.062148E+02
  1.969220E-03     9.125716E+02
  1.996642E-03     9.189745E+02
  2.024447E-03     9.254240E+02
  2.052638E-03     9.319204E+02
  2.081222E-03     9.384641E+02
  2.110203E-03     9.450552E+02
  2.139589E-03     9.516941E+02
  2.169384E-03     9.583811E+02
  2.199593E-03     9.651167E+02
  2.230223E-03     9.719011E+02
  2.261280E-03     9.787348E+02
  2.292769E-03     9.856185E+02
  2.324697E-03     9.925524E+02
  2.357069E-03     9.995372E+02
  2.389893E-03     1.006573E+03
  2.423173E-03     1.013660E+03
  2.456916E-03     1.020799E+03
  2.491130E-03     1.027991E+03
  2.525820E-03     1.035234E+03
  2.560993E-03     1.042531E+03
  2.596656E-03     1.049881E+03
  2.632815E-03     1.057286E+03
  2.669478E-03     1.064745E+03
  2.706652E-03     1.072259E+03
  2.744343E-03     1.079828E+03
  2.782559E-03     1.087454E+03
  2.821308E-03     1.095135E+03
  2.860596E-03     1.102874E+03
  2.900430E-03     1.110669E+03
  2.940820E-03     1.118521E+03
  2.981772E-03     1.126432E+03
  3.023295E-03     1.134401E+03
  3.065395E-03     1.142429E+03
  3.108082E-03     1.150517E+03
  3.151363E-03     1.158666E+03
  3.195248E-03     1.166874E+03
  3.239743E-03     1.175144E+03
  3.284857E-03     1.183475E+03
  3.330600E-03     1.191869E+03
  3.376980E-03     1.200325E+03
  3.424006E-03     1.208844E+03
  3.471687E-03     1.217427E+03
  3.520031E-03     1.226075E+03
  3.569049E-03     1.234789E+03
  3.618750E-03     1.243568E+03
  3.669142E-03     1.252413E+03
  3.720237E-03     1.261325E+03
  3.772042E-03     1.270304E+03
  3.824570E-03     1.279350E+03
  3.877828E-03     1.288463E+03
  3.931829E-03     1.297645E+03
  3.986581E-03     1.306895E+03
  4.042096E-03     1.316214E+03
  4.098384E-03     1.325604E+03
  4.155455E-03     1.335063E+03
  4.213322E-03     1.344594E+03
  4.271994E-03     1.354196E+03
  4.331483E-03     1.363870E+03
  4.391801E-03     1.373617E+03
  4.452959E-03     1.383438E+03
  4.514968E-03     1.393334E+03
  4.577841E-03     1.403305E+03
  4.641589E-03     1.413352E+03
  4.706225E-03     1.423477E+03
  4.771761E-03     1.433681E+03
  4.838210E-03     1.443962E+03
  4.905584E-03     1.454323E+03
  4.973896E-03     1.464763E+03
  5.043159E-03     1.475284E+03
  5.113388E-03     1.485885E+03
  5.184594E-03     1.496567E+03
  5.256791E-03     1.507332E+03
  5.329994E-03     1.518179E+03
  5.404216E-03     1.529110E+03
  5.479472E-03     1.540126E+03
  5.555776E-03     1.551226E+03
  5.633143E-03     1.562412E+03
  5.711586E-03     1.573684E+03
  5.791123E-03     1.585043E+03
  5.871766E-03     1.596490E+03
  5.953533E-03     1.608026E+03
  6.036439E-03     1.619651E+03
  6.120498E-03     1.631367E+03
  6.205729E-03     1.643174E+03
  6.292146E-03     1.655074E+03
  6.379767E-03     1.667067E+03
  6.468608E-03     1.679154E+03
  6.558686E-03     1.691335E+03
  6.650018E-03     1.703612E+03
  6.742622E-03     1.715984E+03
  6.836516E-03     1.728453E+03
  6.931717E-03     1.741021E+03
  7.028244E-03     1.753687E+03
  7.126115E-03     1.766453E+03
  7.225349E-03     1.779320E+03
  7.325965E-03     1.792289E+03
  7.427982E-03     1.805360E+03
  7.531420E-03     1.818534E+03
  7.636298E-03     1.831812E+03
  7.742637E-03     1.845195E+03
  7.850456E-03     1.858684E+03
  7.959777E-03     1.872280E+03
  8.070620E-03     1.885985E+03
  8.183007E-03     1.899799E+03
  8.296959E-03     1.913724E+03
  8.412497E-03     1.927760E+03
  8.529644E-03     1.941908E+03
  8.648423E-03     1.956169E+03
  8.768856E-03     1.970544E+03
  8.890966E-03     1.985035E+03
  9.014776E-03     1.999641E+03
  9.140311E-03     2.014365E+03
  9.267593E-03     2.029208E+03
  9.396648E-03     2.044170E+03
  9.527500E-03     2.059254E+03
  9.660175E-03     2.074460E+03
  9.794697E-03     2.089788E+03
  9.931092E-03     2.105241E+03
  1.006939E-02     2.120818E+03
  1.020961E-02     2.136522E+03
  1.035178E-02     2.152352E+03
  1.049593E-02     2.168312E+03
  1.064209E-02     2.184401E+03
  1.079029E-02     2.200621E+03
  1.094055E-02     2.216975E+03
  1.109290E-02     2.233461E+03
  1.124737E-02     2.250083E+03
  1.140400E-02     2.266839E+03
  1.156280E-02     2.283733E+03
  1.172382E-02     2.300764E+03
  1.188708E-02     2.317934E+03
  1.205261E-02     2.335245E+03
  1.222045E-02     2.352697E+03
  1.239062E-02     2.370293E+03
  1.256317E-02     2.388033E+03
  1.273811E-02     2.405919E+03
  1.291550E-02     2.423952E+03
  1.309535E-02     2.442133E+03
  1.327771E-02     2.460464E+03
  1.346261E-02     2.478946E+03
  1.365008E-02     2.497580E+03
  1.384016E-02     2.516369E+03
  1.403289E-02     2.535313E+03
  1.422830E-02     2.554416E+03
  1.442644E-02     2.573677E+03
  1.462733E-02     2.593099E+03
  1.483103E-02     2.612683E+03
  1.503755E-02     2.632429E+03
  1.524696E-02     2.652340E+03
  1.545928E-02     2.672415E+03
  1.567455E-02     2.692657E+03
  1.589283E-02     2.713067E+03
  1.611414E-02     2.733647E+03
  1.633854E-02     2.754398E+03
  1.656606E-02     2.775321E+03
  1.679675E-02     2.796419E+03
  1.703065E-02     2.817692E+03
  1.726781E-02     2.839141E+03
  1.750827E-02     2.860769E+03
  1.775208E-02     2.882576E+03
  1.799929E-02     2.904564E+03
  1.824993E-02     2.926736E+03
  1.850407E-02     2.949091E+03
  1.876175E-02     2.971634E+03
  1.902301E-02     2.994365E+03
  1.928792E-02     3.017286E+03
  1.955651E-02     3.040398E+03
  1.982884E-02     3.063703E+03
  2.010496E-02     3.087202E+03
  2.038493E-02     3.110897E+03
  2.066880E-02     3.134788E+03
  2.095662E-02     3.158879E+03
  2.124845E-02     3.183170E+03
  2.154435E-02     3.207665E+03
  2.184436E-02     3.232364E+03
  2.214855E-02     3.257269E+03
  2.245698E-02     3.282382E+03
  2.276970E-02     3.307703E+03
  2.308678E-02     3.333235E+03
  2.340827E-02     3.358979E+03
  2.373424E-02     3.384936E+03
  2.406475E-02     3.411109E+03
  2.439986E-02     3.437498E+03
  2.473964E-02     3.464107E+03
  2.508415E-02     3.490937E+03
  2.543346E-02     3.517990E+03
  2.578763E-02     3.545267E+03
  2.614673E-02     3.572769E+03
  2.651084E-02     3.600498E+03
  2.688001E-02     3.628455E+03
  2.725433E-02     3.656643E+03
  2.763385E-02     3.685063E+03
  2.801867E-02     3.713717E+03
  2.840884E-02     3.742607E+03
  2.880444E-02     3.771735E+03
  2.920556E-02     3.801103E+03
  2.961225E-02     3.830711E+03
  3.002462E-02     3.860562E+03
  3.044272E-02     3.890656E+03
  3.086665E-02     3.920995E+03
  3.129648E-02     3.951581E+03
  3.173230E-02     3.982415E+03
  3.217418E-02     4.013498E+03
  3.262222E-02     4.044834E+03
  3.307650E-02     4.076423E+03
  3.353710E-02     4.108267E+03
  3.400412E-02     4.140367E+03
  3.447764E-02     4.172724E+03
  3.495776E-02     4.205341E+03
  3.544456E-02     4.238217E+03
  3.593814E-02     4.271354E+03
  3.643859E-02     4.304755E+03
  3.694601E-02     4.338420E+03
  3.746050E-02     4.372352E+03
  3.798215E-02     4.406551E+03
  3.851107E-02     4.441021E+03
  3.904735E-02     4.475761E+03
  3.959110E-02     4.510773E+03
  4.014242E-02     4.546059E+03
  4.070142E-02     4.581619E+03
  4.126821E-02     4.617455E+03
  4.184289E-02     4.653570E+03
  4.242556E-02     4.689963E+03
  4.301636E-02     4.726638E+03
  4.361538E-02     4.763596E+03
  4.422274E-02     4.800839E+03
  4.483856E-02     4.838366E+03
  4.546295E-02     4.876180E+03
  4.609604E-02     4.914279E+03
  4.673795E-02     4.952665E+03
  4.738880E-02     4.991339E+03
  4.804870E-02     5.030300E+03
  4.871780E-02     5.069551E+03
  4.939622E-02     5.109092E+03
  5.008408E-02     5.148924E+03
  5.078152E-02     5.189047E+03
  5.148867E-02     5.229463E+03
  5.220568E-02     5.270172E+03
  5.293266E-02     5.311176E+03
  5.366977E-02     5.352476E+03
  5.441714E-02     5.394072E+03
  5.517492E-02     5.435967E+03
  5.594326E-02     5.478161E+03
  5.672229E-02     5.520656E+03
  5.751217E-02     5.563454E+03
  5.831305E-02     5.606558E+03
  5.912508E-02     5.649967E+03
  5.994843E-02     5.693683E+03
  6.078323E-02     5.737707E+03
  6.162966E-02     5.782041E+03
  6.248788E-02     5.826687E+03
  6.335805E-02     5.871646E+03
  6.424034E-02     5.916921E+03
  6.513491E-02     5.962513E+03
  6.604194E-02     6.008426E+03
  6.696160E-02     6.054661E+03
  6.789407E-02     6.101218E+03
  6.883952E-02     6.148097E+03
  6.979814E-02     6.195297E+03
  7.077011E-02     6.242819E+03
  7.175561E-02     6.290661E+03
  7.275484E-02     6.338825E+03
  7.376798E-02     6.387311E+03
  7.479523E-02     6.436117E+03
  7.583678E-02     6.485246E+03
  7.689284E-02     6.534695E+03
  7.796360E-02     6.584465E+03
  7.904928E-02     6.634554E+03
  8.015007E-02     6.684960E+03
  8.126619E-02     6.735681E+03
  8.239786E-02     6.786716E+03
  8.354528E-02     6.838063E+03
  8.470868E-02     6.889722E+03
  8.588829E-02     6.941690E+03
  8.708431E-02     6.993966E+03
  8.829700E-02     7.046548E+03
  8.952657E-02     7.099436E+03
  9.077327E-02     7.152625E+03
  9.203732E-02     7.206115E+03
  9.331898E-02     7.259903E+03
  9.461848E-02     7.313987E+03
  9.593608E-02     7.368366E+03
  9.727203E-02     7.423037E+03
  9.862658E-02     7.477998E+03
  1.000000E-01     7.533249E+03
  1.013925E-01     7.588786E+03
  1.028045E-01     7.644610E+03
  1.042361E-01     7.700717E+03
  1.056876E-01     7.757106E+03
  1.071593E-01     7.813775E+03
  1.086516E-01     7.870723E+03
  1.101646E-01     7.927950E+03
  1.116987E-01     7.985453E+03
  1.132541E-01     8.043233E+03
  1.148312E-01     8.101289E+03
  1.164303E-01     8.159620E+03
  1.180517E-01     8.218227E+03
  1.196956E-01     8.277107E+03
  1.213624E-01     8.336260E+03
  1.230524E-01     8.395685E+03
  1.247660E-01     8.455382E+03
  1.265034E-01     8.515351E+03
  1.282650E-01     8.575592E+03
  1.300511E-01     8.636107E+03
  1.318621E-01     8.696898E+03
  1.336984E-01     8.757964E+03
  1.355602E-01     8.819308E+03
  1.374479E-01     8.880930E+03
  1.393619E-01     8.942828E+03
  1.413026E-01     9.005005E+03
  1.432703E-01     9.067461E+03
  1.452654E-01     9.130200E+03
  1.472883E-01     9.193222E+03
  1.493393E-01     9.256531E+03
  1.514189E-01     9.320130E+03
  1.535275E-01     9.384025E+03
  1.556654E-01     9.448217E+03
  1.578331E-01     9.512708E+03
  1.600310E-01     9.577499E+03
  1.622595E-01     9.642593E+03
  1.645191E-01     9.707993E+03
  1.668101E-01     9.773703E+03
  1.691330E-01     9.839727E+03
  1.714882E-01     9.906070E+03
  1.738762E-01     9.972739E+03
  1.762975E-01     1.003974E+04
  1.787526E-01     1.010708E+04
  1.812418E-01     1.017476E+04
  1.837656E-01     1.024278E+04
  1.863246E-01     1.031115E+04
  1.889193E-01     1.037988E+04
  1.915501E-01     1.044898E+04
  1.942175E-01     1.051844E+04
  1.969220E-01     1.058828E+04
  1.996642E-01     1.065851E+04
  2.024447E-01     1.072914E+04
  2.052638E-01     1.080017E+04
  2.081222E-01     1.087162E+04
  2.110203E-01     1.094349E+04
  2.139589E-01     1.101579E+04
  2.169384E-01     1.108853E+04
  2.199593E-01     1.116171E+04
  2.230223E-01     1.123535E+04
  2.261280E-01     1.130946E+04
  2.292769E-01     1.138406E+04
  2.324697E-01     1.145915E+04
  2.357069E-01     1.153475E+04
  2.389893E-01     1.161087E+04
  2.423173E-01     1.168751E+04
  2.456916E-01     1.176470E+04
  2.491130E-01     1.184242E+04
  2.525820E-01     1.192071E+04
  2.560993E-01     1.199957E+04
  2.596656E-01     1.207901E+04
  2.632815E-01     1.215906E+04
  2.669478E-01     1.223971E+04
  2.706652E-01     1.232101E+04
  2.744343E-01     1.240294E+04
  2.782559E-01     1.248554E+04
  2.821308E-01     1.256881E+04
  2.860596E-01     1.265278E+04
  2.900430E-01     1.273746E+04
  2.940820E-01     1.282288E+04
  2.981772E-01     1.290905E+04
  3.023295E-01     1.299599E+04
  3.065395E-01     1.308374E+04
  3.108082E-01     1.317232E+04
  3.151363E-01     1.326172E+04
  3.195248E-01     1.335197E+04
  3.239743E-01     1.344308E+04
  3.284857E-01     1.353505E+04
  3.330600E-01     1.362789E+04
  3.376980E-01     1.372163E+04
  3.424006E-01     1.381626E+04
  3.471687E-01     1.391180E+04
  3.520031E-01     1.400827E+04
  3.569049E-01     1.410568E+04
  3.618750E-01     1.420401E+04
  3.669142E-01     1.430327E+04
  3.720237E-01     1.440344E+04
  3.772042E-01     1.450452E+04
  3.824570E-01     1.460649E+04
  3.877828E-01     1.470934E+04
  3.931829E-01     1.481306E+04
  3.986581E-01     1.491764E+04
  4.042096E-01     1.502306E+04
  4.098384E-01     1.512930E+04
  4.155455E-01     1.523634E+04
  4.213322E-01     1.534417E+04
  4.271994E-01     1.545277E+04
  4.331483E-01     1.556211E+04
  4.391801E-01     1.567217E+04
  4.452959E-01     1.578293E+04
  4.514968E-01     1.589435E+04
  4.577841E-01     1.600641E+04
  4.641589E-01     1.611908E+04
  4.706225E-01     1.623233E+04
  4.771761E-01     1.634613E+04
  4.838210E-01     1.646046E+04
  4.905584E-01     1.657531E+04
  4.973896E-01     1.669065E+04
  5.043159E-01     1.680645E+04
  5.113388E-01     1.692268E+04
  5.184594E-01     1.703934E+04
  5.256791E-01     1.715638E+04
  5.329994E-01     1.727377E+04
  5.404216E-01     1.739149E+04
  5.479472E-01     1.750952E+04
  5.555776E-01     1.762782E+04
  5.633143E-01     1.774639E+04
  5.711586E-01     1.786518E+04
  5.791123E-01     1.798419E+04
  5.871766E-01     1.810338E+04
  5.953533E-01     1.822273E+04
  6.036439E-01     1.834220E+04
  6.120498E-01     1.846179E+04
  6.205729E-01     1.858145E+04
  6.292146E-01     1.870116E+04
  6.379767E-01     1.882091E+04
  6.468608E-01     1.894068E+04
  6.558686E-01     1.906043E+04
  6.650018E-01     1.918016E+04
  6.742622E-01     1.929983E+04
  6.836516E-01     1.941944E+04
  6.931717E-01     1.953897E+04
  7.028244E-01     1.965838E+04
  7.126115E-01     1.977767E+04
  7.225349E-01     1.989682E+04
  7.325965E-01     2.001581E+04
  7.427982E-01     2.013463E+04
  7.531420E-01     2.025325E+04
  7.636298E-01     2.037168E+04
  7.742637E-01     2.048989E+04
  7.850456E-01     2.060788E+04
  7.959777E-01     2.072563E+04
  8.070620E-01     2.084315E+04
  8.183007E-01     2.096041E+04
  8.296959E-01     2.107742E+04
  8.412497E-01     2.119416E+04
  8.529644E-01     2.131061E+04
  8.648423E-01     2.142675E+04
  8.768856E-01     2.154259E+04
  8.890966E-01     2.165810E+04
  9.014776E-01     2.177328E+04
  9.140311E-01     2.188813E+04
  9.267593E-01     2.200264E+04
  9.396648E-01     2.211680E+04
  9.527500E-01     2.223062E+04
  9.660175E-01     2.234407E+04
  9.794697E-01     2.245715E+04
  9.931092E-01     2.256984E+04
  1.006939E+00     2.268213E+04
  1.020961E+00     2.279403E+04
  1.035178E+00     2.290552E+04
  1.049593E+00     2.301660E+04
  1.064209E+00     2.312728E+04
  1.079029E+00     2.323755E+04
  1.094055E+00     2.334741E+04
  1.109290E+00     2.345684E+04
  1.124737E+00     2.356584E+04
  1.140400E+00     2.367437E+04
  1.156280E+00     2.378244E+04
  1.172382E+00     2.389003E+04
  1.188708E+00     2.399713E+04
  1.205261E+00     2.410374E+04
  1.222045E+00     2.420984E+04
  1.239062E+00     2.431545E+04
  1.256317E+00     2.442054E+04
  1.273811E+00     2.452511E+04
  1.291550E+00     2.462913E+04
  1.309535E+00     2.473259E+04
  1.327771E+00     2.483547E+04
  1.346261E+00     2.493777E+04
  1.365008E+00     2.503947E+04
  1.384016E+00     2.514056E+04
  1.403289E+00     2.524104E+04
  1.422830E+00     2.534090E+04
  1.442644E+00     2.544014E+04
  1.462733E+00     2.553873E+04
  1.483103E+00     2.563665E+04
  1.503755E+00     2.573389E+04
  1.524696E+00     2.583042E+04
  1.545928E+00     2.592623E+04
  1.567455E+00     2.602131E+04
  1.589283E+00     2.611564E+04
  1.611414E+00     2.620922E+04
  1.633854E+00     2.630203E+04
  1.656606E+00     2.639406E+04
  1.679675E+00     2.648530E+04
  1.703065E+00     2.657571E+04
  1.726781E+00     2.666527E+04
  1.750827E+00     2.675397E+04
  1.775208E+00     2.684179E+04
  1.799929E+00     2.692870E+04
  1.824993E+00     2.701469E+04
  1.850407E+00     2.709974E+04
  1.876175E+00     2.718386E+04
  1.902301E+00     2.726701E+04
  1.928792E+00     2.734919E+04
  1.955651E+00     2.743037E+04
  1.982884E+00     2.751053E+04
  2.010496E+00     2.758965E+04
  2.038493E+00     2.766772E+04
  2.066880E+00     2.774472E+04
  2.095662E+00     2.782065E+04
  2.124845E+00     2.789550E+04
  2.154435E+00     2.796925E+04
  2.184436E+00     2.804191E+04
  2.214855E+00     2.811346E+04
  2.245698E+00     2.818387E+04
  2.276970E+00     2.825313E+04
  2.308678E+00     2.832122E+04
  2.340827E+00     2.838814E+04
  2.373424E+00     2.845386E+04
  2.406475E+00     2.851838E+04
  2.439986E+00     2.858169E+04
  2.473964E+00     2.864380E+04
  2.508415E+00     2.870470E+04
  2.543346E+00     2.876438E+04
  2.578763E+00     2.882283E+04
  2.614673E+00     2.888004E+04
  2.651084E+00     2.893601E+04
  2.688001E+00     2.899074E+04
  2.725433E+00     2.904422E+04
  2.763385E+00     2.909646E+04
  2.801867E+00     2.914746E+04
  2.840884E+00     2.919725E+04
  2.880444E+00     2.924584E+04
  2.920556E+00     2.929321E+04
  2.961225E+00     2.933935E+04
  3.002462E+00     2.938425E+04
  3.044272E+00     2.942790E+04
  3.086665E+00     2.947028E+04
  3.129648E+00     2.951139E+04
  3.173230E+00     2.955122E+04
  3.217418E+00     2.958977E+04
  3.262222E+00     2.962705E+04
  3.307650E+00     2.966306E+04
  3.353710E+00     2.969780E+04
  3.400412E+00     2.973126E+04
  3.447764E+00     2.976347E+04
  3.495776E+00     2.979441E+04
  3.544456E+00     2.982411E+04
  3.593814E+00     2.985258E+04
  3.643859E+00     2.987983E+04
  3.694601E+00     2.990590E+04
  3.746050E+00     2.993081E+04
  3.798215E+00     2.995459E+04
  3.851107E+00     2.997726E+04
  3.904735E+00     2.999881E+04
  3.959110E+00     3.001923E+04
  4.014242E+00     3.003851E+04
  4.070142E+00     3.005666E+04
  4.126821E+00     3.007368E+04
  4.184289E+00     3.008956E+04
  4.242556E+00     3.010433E+04
  4.301636E+00     3.011798E+04
  4.361538E+00     3.013053E+04
  4.422274E+00     3.014198E+04
  4.483856E+00     3.015234E+04
  4.546295E+00     3.016160E+04
  4.609604E+00     3.016977E+04
  4.673795E+00     3.017684E+04
  4.738880E+00     3.018283E+04
  4.804870E+00     3.018774E+04
  4.871780E+00     3.019159E+04
  4.939622E+00     3.019440E+04
  5.008408E+00     3.019619E+04
  5.078152E+00     3.019697E+04
  5.148867E+00     3.019672E+04
  5.220568E+00     3.019546E+04
  5.293266E+00     3.019318E+04
  5.366977E+00     3.018987E+04
  5.441714E+00     3.018555E+04
  5.517492E+00     3.018021E+04
  5.594326E+00     3.017387E+04
  5.672229E+00     3.016653E+04
  5.751217E+00     3.015821E+04
  5.831305E+00     3.014892E+04
  5.912508E+00     3.013866E+04
  5.994843E+00     3.012741E+04
  6.078323E+00     3.011519E+04
  6.162966E+00     3.010198E+04
  6.248788E+00     3.008781E+04
  6.335805E+00     3.007266E+04
  6.424034E+00     3.005655E+04
  6.513491E+00     3.003949E+04
  6.604194E+00     3.002150E+04
  6.696160E+00     3.000257E+04
  6.789407E+00     2.998271E+04
  6.883952E+00     2.996191E+04
  6.979814E+00     2.994018E+04
  7.077011E+00     2.991750E+04
  7.175561E+00     2.989389E+04
  7.275484E+00     2.986935E+04
  7.376798E+00     2.984387E+04
  7.479523E+00     2.981748E+04
  7.583678E+00     2.979017E+04
  7.689284E+00     2.976195E+04
  7.796360E+00     2.973283E+04
  7.904928E+00     2.970278E+04
  8.015007E+00     2.967181E+04
  8.126619E+00     2.963992E+04
  8.239786E+00     2.960709E+04
  8.354528E+00     2.957333E+04
  8.470868E+00     2.953865E+04
  8.588829E+00     2.950303E+04
  8.708431E+00     2.946649E+04
  8.829700E+00     2.942902E+04
  8.952657E+00     2.939063E+04
  9.077327E+00     2.935130E+04
  9.203732E+00     2.931103E+04
  9.331898E+00     2.926983E+04
  9.461848E+00     2.922769E+04
  9.593608E+00     2.918461E+04
  9.727203E+00     2.914060E+04
  9.862658E+00     2.909565E+04
  1.000000E+01     2.904977E+04
  1.013925E+01     2.900297E+04
  1.028045E+01     2.895524E+04
  1.042361E+01     2.890658E+04
  1.056876E+01     2.885699E+04
  1.071593E+01     2.880646E+04
  1.086516E+01     2.875500E+04
  1.101646E+01     2.870260E+04
  1.116987E+01     2.864928E+04
  1.132541E+01     2.859502E+04
  1.148312E+01     2.853984E+04
  1.164303E+01     2.848374E+04
  1.180517E+01     2.842672E+04
  1.196956E+01     2.836878E+04
  1.213624E+01     2.830991E+04
  1.230524E+01     2.825012E+04
  1.247660E+01     2.818941E+04
  1.265034E+01     2.812777E+04
  1.282650E+01     2.806521E+04
  1.300511E+01     2.800174E+04
  1.318621E+01     2.793736E+04
  1.336984E+01     2.787208E+04
  1.355602E+01     2.780589E+04
  1.374479E+01     2.773879E+04
  1.393619E+01     2.767079E+04
  1.413026E+01     2.760186E+04
  1.432703E+01     2.753203E+04
  1.452654E+01     2.746128E+04
  1.472883E+01     2.738962E+04
  1.493393E+01     2.731704E+04
  1.514189E+01     2.724356E+04
  1.535275E+01     2.716916E+04
  1.556654E+01     2.709386E+04
  1.578331E+01     2.701765E+04
  1.600310E+01     2.694054E+04
  1.622595E+01     2.686253E+04
  1.645191E+01     2.678363E+04
  1.668101E+01     2.670384E+04
  1.691330E+01     2.662316E+04
  1.714882E+01     2.654162E+04
  1.738762E+01     2.645921E+04
  1.762975E+01     2.637594E+04
  1.787526E+01     2.629182E+04
  1.812418E+01     2.620686E+04
  1.837656E+01     2.612105E+04
  1.863246E+01     2.603440E+04
  1.889193E+01     2.594690E+04
  1.915501E+01     2.585857E+04
  1.942175E+01     2.576941E+04
  1.969220E+01     2.567941E+04
  1.996642E+01     2.558860E+04
  2.024447E+01     2.549697E+04
  2.052638E+01     2.540454E+04
  2.081222E+01     2.531130E+04
  2.110203E+01     2.521726E+04
  2.139589E+01     2.512243E+04
  2.169384E+01     2.502682E+04
  2.199593E+01     2.493043E+04
  2.230223E+01     2.483328E+04
  2.261280E+01     2.473537E+04
  2.292769E+01     2.463672E+04
  2.324697E+01     2.453733E+04
  2.357069E+01     2.443722E+04
  2.389893E+01     2.433639E+04
  2.423173E+01     2.423486E+04
  2.456916E+01     2.413261E+04
  2.491130E+01     2.402967E+04
  2.525820E+01     2.392604E+04
  2.560993E+01     2.382174E+04
  2.596656E+01     2.371676E+04
  2.632815E+01     2.361112E+04
  2.669478E+01     2.350483E+04
  2.706652E+01     2.339791E+04
  2.744343E+01     2.329035E+04
  2.782559E+01     2.318217E+04
  2.821308E+01     2.307337E+04
  2.860596E+01     2.296398E+04
  2.900430E+01     2.285401E+04
  2.940820E+01     2.274345E+04
  2.981772E+01     2.263233E+04
  3.023295E+01     2.252066E+04
  3.065395E+01     2.240845E+04
  3.108082E+01     2.229571E+04
  3.151363E+01     2.218246E+04
  3.195248E+01     2.206870E+04
  3.239743E+01     2.195445E+04
  3.284857E+01     2.183972E+04
  3.330600E+01     2.172453E+04
  3.376980E+01     2.160887E+04
  3.424006E+01     2.149277E+04
  3.471687E+01     2.137624E+04
  3.520031E+01     2.125929E+04
  3.569049E+01     2.114193E+04
  3.618750E+01     2.102418E+04
  3.669142E+01     2.090606E+04
  3.720237E+01     2.078756E+04
  3.772042E+01     2.066872E+04
  3.824570E+01     2.054955E+04
  3.877828E+01     2.043005E+04
  3.931829E+01     2.031025E+04
  3.986581E+01     2.019016E+04
  4.042096E+01     2.006979E+04
  4.098384E+01     1.994916E+04
  4.155455E+01     1.982829E+04
  4.213322E+01     1.970719E+04
  4.271994E+01     1.958588E+04
  4.331483E+01     1.946438E+04
  4.391801E+01     1.934270E+04
  4.452959E+01     1.922087E+04
  4.514968E+01     1.909889E+04
  4.577841E+01     1.897678E+04
  4.641589E+01     1.885457E+04
  4.706225E+01     1.873226E+04
  4.771761E+01     1.860988E+04
  4.838210E+01     1.848743E+04
  4.905584E+01     1.836493E+04
  4.973896E+01     1.824239E+04
  5.043159E+01     1.811983E+04
  5.113388E+01     1.799726E+04
  5.184594E+01     1.787468E+04
  5.256791E+01     1.775211E+04
  5.329994E+01     1.762956E+04
  5.404216E+01     1.750703E+04
  5.479472E+01     1.738455E+04
  5.555776E+01     1.726213E+04
  5.633143E+01     1.713979E+04
  5.711586E+01     1.701755E+04
  5.791123E+01     1.689543E+04
  5.871766E+01     1.677346E+04
  5.953533E+01     1.665164E+04
  6.036439E+01     1.652999E+04
  6.120498E+01     1.640853E+04
  6.205729E+01     1.628728E+04
  6.292146E+01     1.616625E+04
  6.379767E+01     1.604546E+04
  6.468608E+01     1.592493E+04
  6.558686E+01     1.580467E+04
  6.650018E+01     1.568470E+04
  6.742622E+01     1.556504E+04
  6.836516E+01     1.544569E+04
  6.931717E+01     1.532666E+04
  7.028244E+01     1.520797E+04
  7.126115E+01     1.508962E+04
  7.225349E+01     1.497163E+04
  7.325965E+01     1.485400E+04
  7.427982E+01     1.473677E+04
  7.531420E+01     1.461995E+04
  7.636298E+01     1.450354E+04
  7.742637E+01     1.438756E+04
  7.850456E+01     1.427201E+04
  7.959777E+01     1.415692E+04
  8.070620E+01     1.404227E+04
  8.183007E+01     1.392808E+04
  8.296959E+01     1.381436E+04
  8.412497E+01     1.370112E+04
  8.529644E+01     1.358839E+04
  8.648423E+01     1.347618E+04
  8.768856E+01     1.336452E+04
  8.890966E+01     1.325340E+04
  9.014776E+01     1.314285E+04
  9.140311E+01     1.303287E+04
  9.267593E+01     1.292348E+04
  9.396648E+01     1.281468E+04
  9.527500E+01     1.270647E+04
  9.660175E+01     1.259888E+04
  9.794697E+01     1.249191E+04
  9.931092E+01     1.238558E+04
  1.006939E+02     1.227990E+04
  1.020961E+02     1.217487E+04
  1.035178E+02     1.207050E+04
  1.049593E+02     1.196679E+04
  1.064209E+02     1.186373E+04
  1.079029E+02     1.176133E+04
  1.094055E+02     1.165958E+04
  1.109290E+02     1.155849E+04
  1.124737E+02     1.145810E+04
  1.140400E+02     1.135840E+04
  1.156280E+02     1.125941E+04
  1.172382E+02     1.116113E+04
  1.188708E+02     1.106357E+04
  1.205261E+02     1.096674E+04
  1.222045E+02     1.087063E+04
  1.239062E+02     1.077524E+04
  1.256317E+02     1.068057E+04
  1.273811E+02     1.058663E+04
  1.291550E+02     1.049344E+04
  1.309535E+02     1.040101E+04
  1.327771E+02     1.030935E+04
  1.346261E+02     1.021845E+04
  1.365008E+02     1.012832E+04
  1.384016E+02     1.003897E+04
  1.403289E+02     9.950382E+03
  1.422830E+02     9.862554E+03
  1.442644E+02     9.775484E+03
  1.462733E+02     9.689182E+03
  1.483103E+02     9.603657E+03
  1.503755E+02     9.518917E+03
  1.524696E+02     9.434967E+03
  1.545928E+02     9.351811E+03
  1.567455E+02     9.269447E+03
  1.589283E+02     9.187872E+03
  1.611414E+02     9.107078E+03
  1.633854E+02     9.027057E+03
  1.656606E+02     8.947800E+03
  1.679675E+02     8.869315E+03
  1.703065E+02     8.791612E+03
  1.726781E+02     8.714695E+03
  1.750827E+02     8.638570E+03
  1.775208E+02     8.563236E+03
  1.799929E+02     8.488692E+03
  1.824993E+02     8.414933E+03
  1.850407E+02     8.341950E+03
  1.876175E+02     8.269732E+03
  1.902301E+02     8.198268E+03
  1.928792E+02     8.127564E+03
  1.955651E+02     8.057627E+03
  1.982884E+02     7.988461E+03
  2.010496E+02     7.920069E+03
  2.038493E+02     7.852451E+03
  2.066880E+02     7.785603E+03
  2.095662E+02     7.719519E+03
  2.124845E+02     7.654189E+03
  2.154435E+02     7.589600E+03
  2.184436E+02     7.525739E+03
  2.214855E+02     7.462610E+03
  2.245698E+02     7.400217E+03
  2.276970E+02     7.338563E+03
  2.308678E+02     7.277650E+03
  2.340827E+02     7.217473E+03
  2.373424E+02     7.158030E+03
  2.406475E+02     7.099311E+03
  2.439986E+02     7.041307E+03
  2.473964E+02     6.984001E+03
  2.508415E+02     6.927379E+03
  2.543346E+02     6.871442E+03
  2.578763E+02     6.816196E+03
  2.614673E+02     6.761643E+03
  2.651084E+02     6.707785E+03
  2.688001E+02     6.654619E+03
  2.725433E+02     6.602143E+03
  2.763385E+02     6.550349E+03
  2.801867E+02     6.499228E+03
  2.840884E+02     6.448767E+03
  2.880444E+02     6.398953E+03
  2.920556E+02     6.349783E+03
  2.961225E+02     6.301261E+03
  3.002462E+02     6.253388E+03
  3.044272E+02     6.206162E+03
  3.086665E+02     6.159580E+03
  3.129648E+02     6.113637E+03
  3.173230E+02     6.068323E+03
  3.217418E+02     6.023627E+03
  3.262222E+02     5.979534E+03
  3.307650E+02     5.936029E+03
  3.353710E+02     5.893107E+03
  3.400412E+02     5.850773E+03
  3.447764E+02     5.809027E+03
  3.495776E+02     5.767871E+03
  3.544456E+02     5.727302E+03
  3.593814E+02     5.687315E+03
  3.643859E+02     5.647905E+03
  3.694601E+02     5.609063E+03
  3.746050E+02     5.570777E+03
  3.798215E+02     5.533033E+03
  3.851107E+02     5.495827E+03
  3.904735E+02     5.459161E+03
  3.959110E+02     5.423036E+03
  4.014242E+02     5.387451E+03
  4.070142E+02     5.352403E+03
  4.126821E+02     5.317886E+03
  4.184289E+02     5.283894E+03
  4.242556E+02     5.250417E+03
  4.301636E+02     5.217444E+03
  4.361538E+02     5.184960E+03
  4.422274E+02     5.152958E+03
  4.483856E+02     5.121442E+03
  4.546295E+02     5.090411E+03
  4.609604E+02     5.059865E+03
  4.673795E+02     5.029801E+03
  4.738880E+02     5.000215E+03
  4.804870E+02     4.971100E+03
  4.871780E+02     4.942449E+03
  4.939622E+02     4.914251E+03
  5.008408E+02     4.886494E+03
  5.078152E+02     4.859170E+03
  5.148867E+02     4.832281E+03
  5.220568E+02     4.805828E+03
  5.293266E+02     4.779808E+03
  5.366977E+02     4.754220E+03
  5.441714E+02     4.729060E+03
  5.517492E+02     4.704321E+03
  5.594326E+02     4.679996E+03
  5.672229E+02     4.656075E+03
  5.751217E+02     4.632546E+03
  5.831305E+02     4.609403E+03
  5.912508E+02     4.586646E+03
  5.994843E+02     4.564275E+03
  6.078323E+02     4.542289E+03
  6.162966E+02     4.520686E+03
  6.248788E+02     4.499463E+03
  6.335805E+02     4.478615E+03
  6.424034E+02     4.458135E+03
  6.513491E+02     4.438014E+03
  6.604194E+02     4.418243E+03
  6.696160E+02     4.398814E+03
  6.789407E+02     4.379726E+03
  6.883952E+02     4.360978E+03
  6.979814E+02     4.342568E+03
  7.077011E+02     4.324492E+03
  7.175561E+02     4.306747E+03
  7.275484E+02     4.289326E+03
  7.376798E+02     4.272220E+03
  7.479523E+02     4.255422E+03
  7.583678E+02     4.238920E+03
  7.689284E+02     4.222706E+03
  7.796360E+02     4.206785E+03
  7.904928E+02     4.191163E+03
  8.015007E+02     4.175844E+03
  8.126619E+02     4.160833E+03
  8.239786E+02     4.146134E+03
  8.354528E+02     4.131751E+03
  8.470868E+02     4.117687E+03
  8.588829E+02     4.103944E+03
  8.708431E+02     4.090524E+03
  8.829700E+02     4.077421E+03
  8.952657E+02     4.064608E+03
  9.077327E+02     4.052052E+03
  9.203732E+02     4.039714E+03
  9.331898E+02     4.027554E+03
  9.461848E+02     4.015526E+03
  9.593608E+02     4.003580E+03
  9.727203E+02     3.991661E+03
  9.862658E+02     3.979710E+03
  1.000000E+03     3.967661E+03
