FILE CREATED BY  : PROGRAM DPASS - VERSION 2.00
DATABASE VERSION : 21.06
DATE AND TIME    : 10/08/2022 00:17:31
PROJECTILE       : Lu
TARGET           : Os
TARGET AT. MASS  : 1.902000E+02
TARGET DENSITY   : 2.260000E+01 g/cm^3
TABULATED OUTPUT : STOPPING FORCE VERSUS ENERGY
DATA TYPE        : SPLINE INTERPOLATED
ABSCISSA UNITS   : MeV/u
ORDINATE UNITS   : eV/nm


      E/n             S(E/n)

  1.000000E-03     2.061902E+03
  1.013925E-03     2.075883E+03
  1.028045E-03     2.090050E+03
  1.042361E-03     2.104393E+03
  1.056876E-03     2.118904E+03
  1.071593E-03     2.133574E+03
  1.086516E-03     2.148391E+03
  1.101646E-03     2.163344E+03
  1.116987E-03     2.178421E+03
  1.132541E-03     2.193607E+03
  1.148312E-03     2.208887E+03
  1.164303E-03     2.224248E+03
  1.180517E-03     2.239688E+03
  1.196956E-03     2.255211E+03
  1.213624E-03     2.270819E+03
  1.230524E-03     2.286517E+03
  1.247660E-03     2.302309E+03
  1.265034E-03     2.318200E+03
  1.282650E-03     2.334194E+03
  1.300511E-03     2.350298E+03
  1.318621E-03     2.366517E+03
  1.336984E-03     2.382857E+03
  1.355602E-03     2.399320E+03
  1.374479E-03     2.415907E+03
  1.393619E-03     2.432616E+03
  1.413026E-03     2.449448E+03
  1.432703E-03     2.466403E+03
  1.452654E-03     2.483481E+03
  1.472883E-03     2.500682E+03
  1.493393E-03     2.518005E+03
  1.514189E-03     2.535451E+03
  1.535275E-03     2.553020E+03
  1.556654E-03     2.570711E+03
  1.578331E-03     2.588526E+03
  1.600310E-03     2.606465E+03
  1.622595E-03     2.624529E+03
  1.645191E-03     2.642719E+03
  1.668101E-03     2.661035E+03
  1.691330E-03     2.679479E+03
  1.714882E-03     2.698051E+03
  1.738762E-03     2.716754E+03
  1.762975E-03     2.735587E+03
  1.787526E-03     2.754552E+03
  1.812418E-03     2.773651E+03
  1.837656E-03     2.792882E+03
  1.863246E-03     2.812248E+03
  1.889193E-03     2.831749E+03
  1.915501E-03     2.851386E+03
  1.942175E-03     2.871161E+03
  1.969220E-03     2.891074E+03
  1.996642E-03     2.911127E+03
  2.024447E-03     2.931322E+03
  2.052638E-03     2.951659E+03
  2.081222E-03     2.972140E+03
  2.110203E-03     2.992764E+03
  2.139589E-03     3.013534E+03
  2.169384E-03     3.034449E+03
  2.199593E-03     3.055512E+03
  2.230223E-03     3.076723E+03
  2.261280E-03     3.098083E+03
  2.292769E-03     3.119595E+03
  2.324697E-03     3.141259E+03
  2.357069E-03     3.163078E+03
  2.389893E-03     3.185051E+03
  2.423173E-03     3.207179E+03
  2.456916E-03     3.229463E+03
  2.491130E-03     3.251904E+03
  2.525820E-03     3.274503E+03
  2.560993E-03     3.297260E+03
  2.596656E-03     3.320177E+03
  2.632815E-03     3.343255E+03
  2.669478E-03     3.366496E+03
  2.706652E-03     3.389900E+03
  2.744343E-03     3.413469E+03
  2.782559E-03     3.437204E+03
  2.821308E-03     3.461106E+03
  2.860596E-03     3.485176E+03
  2.900430E-03     3.509415E+03
  2.940820E-03     3.533825E+03
  2.981772E-03     3.558408E+03
  3.023295E-03     3.583166E+03
  3.065395E-03     3.608100E+03
  3.108082E-03     3.633213E+03
  3.151363E-03     3.658505E+03
  3.195248E-03     3.683977E+03
  3.239743E-03     3.709629E+03
  3.284857E-03     3.735464E+03
  3.330600E-03     3.761481E+03
  3.376980E-03     3.787682E+03
  3.424006E-03     3.814069E+03
  3.471687E-03     3.840642E+03
  3.520031E-03     3.867404E+03
  3.569049E-03     3.894355E+03
  3.618750E-03     3.921498E+03
  3.669142E-03     3.948833E+03
  3.720237E-03     3.976361E+03
  3.772042E-03     4.004085E+03
  3.824570E-03     4.032004E+03
  3.877828E-03     4.060122E+03
  3.931829E-03     4.088440E+03
  3.986581E-03     4.116960E+03
  4.042096E-03     4.145684E+03
  4.098384E-03     4.174615E+03
  4.155455E-03     4.203754E+03
  4.213322E-03     4.233101E+03
  4.271994E-03     4.262658E+03
  4.331483E-03     4.292425E+03
  4.391801E-03     4.322405E+03
  4.452959E-03     4.352598E+03
  4.514968E-03     4.383006E+03
  4.577841E-03     4.413630E+03
  4.641589E-03     4.444474E+03
  4.706225E-03     4.475538E+03
  4.771761E-03     4.506824E+03
  4.838210E-03     4.538333E+03
  4.905584E-03     4.570066E+03
  4.973896E-03     4.602026E+03
  5.043159E-03     4.634214E+03
  5.113388E-03     4.666631E+03
  5.184594E-03     4.699280E+03
  5.256791E-03     4.732163E+03
  5.329994E-03     4.765282E+03
  5.404216E-03     4.798641E+03
  5.479472E-03     4.832240E+03
  5.555776E-03     4.866081E+03
  5.633143E-03     4.900165E+03
  5.711586E-03     4.934493E+03
  5.791123E-03     4.969068E+03
  5.871766E-03     5.003892E+03
  5.953533E-03     5.038965E+03
  6.036439E-03     5.074291E+03
  6.120498E-03     5.109872E+03
  6.205729E-03     5.145710E+03
  6.292146E-03     5.181807E+03
  6.379767E-03     5.218165E+03
  6.468608E-03     5.254785E+03
  6.558686E-03     5.291668E+03
  6.650018E-03     5.328817E+03
  6.742622E-03     5.366234E+03
  6.836516E-03     5.403920E+03
  6.931717E-03     5.441879E+03
  7.028244E-03     5.480112E+03
  7.126115E-03     5.518624E+03
  7.225349E-03     5.557415E+03
  7.325965E-03     5.596488E+03
  7.427982E-03     5.635843E+03
  7.531420E-03     5.675483E+03
  7.636298E-03     5.715410E+03
  7.742637E-03     5.755626E+03
  7.850456E-03     5.796133E+03
  7.959777E-03     5.836934E+03
  8.070620E-03     5.878032E+03
  8.183007E-03     5.919431E+03
  8.296959E-03     5.961131E+03
  8.412497E-03     6.003135E+03
  8.529644E-03     6.045445E+03
  8.648423E-03     6.088063E+03
  8.768856E-03     6.130990E+03
  8.890966E-03     6.174228E+03
  9.014776E-03     6.217782E+03
  9.140311E-03     6.261652E+03
  9.267593E-03     6.305843E+03
  9.396648E-03     6.350358E+03
  9.527500E-03     6.395199E+03
  9.660175E-03     6.440367E+03
  9.794697E-03     6.485866E+03
  9.931092E-03     6.531697E+03
  1.006939E-02     6.577863E+03
  1.020961E-02     6.624366E+03
  1.035178E-02     6.671209E+03
  1.049593E-02     6.718396E+03
  1.064209E-02     6.765930E+03
  1.079029E-02     6.813814E+03
  1.094055E-02     6.862053E+03
  1.109290E-02     6.910646E+03
  1.124737E-02     6.959598E+03
  1.140400E-02     7.008909E+03
  1.156280E-02     7.058583E+03
  1.172382E-02     7.108623E+03
  1.188708E-02     7.159030E+03
  1.205261E-02     7.209809E+03
  1.222045E-02     7.260962E+03
  1.239062E-02     7.312495E+03
  1.256317E-02     7.364409E+03
  1.273811E-02     7.416708E+03
  1.291550E-02     7.469392E+03
  1.309535E-02     7.522465E+03
  1.327771E-02     7.575929E+03
  1.346261E-02     7.629786E+03
  1.365008E-02     7.684040E+03
  1.384016E-02     7.738694E+03
  1.403289E-02     7.793751E+03
  1.422830E-02     7.849216E+03
  1.442644E-02     7.905091E+03
  1.462733E-02     7.961380E+03
  1.483103E-02     8.018084E+03
  1.503755E-02     8.075208E+03
  1.524696E-02     8.132753E+03
  1.545928E-02     8.190724E+03
  1.567455E-02     8.249124E+03
  1.589283E-02     8.307956E+03
  1.611414E-02     8.367227E+03
  1.633854E-02     8.426940E+03
  1.656606E-02     8.487100E+03
  1.679675E-02     8.547708E+03
  1.703065E-02     8.608769E+03
  1.726781E-02     8.670284E+03
  1.750827E-02     8.732256E+03
  1.775208E-02     8.794688E+03
  1.799929E-02     8.857584E+03
  1.824993E-02     8.920947E+03
  1.850407E-02     8.984782E+03
  1.876175E-02     9.049093E+03
  1.902301E-02     9.113884E+03
  1.928792E-02     9.179157E+03
  1.955651E-02     9.244917E+03
  1.982884E-02     9.311165E+03
  2.010496E-02     9.377904E+03
  2.038493E-02     9.445140E+03
  2.066880E-02     9.512874E+03
  2.095662E-02     9.581111E+03
  2.124845E-02     9.649857E+03
  2.154435E-02     9.719115E+03
  2.184436E-02     9.788891E+03
  2.214855E-02     9.859188E+03
  2.245698E-02     9.930009E+03
  2.276970E-02     1.000136E+04
  2.308678E-02     1.007323E+04
  2.340827E-02     1.014565E+04
  2.373424E-02     1.021860E+04
  2.406475E-02     1.029209E+04
  2.439986E-02     1.036613E+04
  2.473964E-02     1.044073E+04
  2.508415E-02     1.051588E+04
  2.543346E-02     1.059159E+04
  2.578763E-02     1.066787E+04
  2.614673E-02     1.074472E+04
  2.651084E-02     1.082214E+04
  2.688001E-02     1.090013E+04
  2.725433E-02     1.097870E+04
  2.763385E-02     1.105786E+04
  2.801867E-02     1.113761E+04
  2.840884E-02     1.121795E+04
  2.880444E-02     1.129889E+04
  2.920556E-02     1.138043E+04
  2.961225E-02     1.146258E+04
  3.002462E-02     1.154534E+04
  3.044272E-02     1.162871E+04
  3.086665E-02     1.171270E+04
  3.129648E-02     1.179732E+04
  3.173230E-02     1.188256E+04
  3.217418E-02     1.196843E+04
  3.262222E-02     1.205494E+04
  3.307650E-02     1.214209E+04
  3.353710E-02     1.222989E+04
  3.400412E-02     1.231835E+04
  3.447764E-02     1.240745E+04
  3.495776E-02     1.249722E+04
  3.544456E-02     1.258764E+04
  3.593814E-02     1.267873E+04
  3.643859E-02     1.277049E+04
  3.694601E-02     1.286293E+04
  3.746050E-02     1.295605E+04
  3.798215E-02     1.304986E+04
  3.851107E-02     1.314435E+04
  3.904735E-02     1.323955E+04
  3.959110E-02     1.333544E+04
  4.014242E-02     1.343204E+04
  4.070142E-02     1.352934E+04
  4.126821E-02     1.362735E+04
  4.184289E-02     1.372609E+04
  4.242556E-02     1.382554E+04
  4.301636E-02     1.392572E+04
  4.361538E-02     1.402664E+04
  4.422274E-02     1.412830E+04
  4.483856E-02     1.423071E+04
  4.546295E-02     1.433386E+04
  4.609604E-02     1.443776E+04
  4.673795E-02     1.454241E+04
  4.738880E-02     1.464783E+04
  4.804870E-02     1.475400E+04
  4.871780E-02     1.486094E+04
  4.939622E-02     1.496866E+04
  5.008408E-02     1.507715E+04
  5.078152E-02     1.518643E+04
  5.148867E-02     1.529650E+04
  5.220568E-02     1.540735E+04
  5.293266E-02     1.551901E+04
  5.366977E-02     1.563146E+04
  5.441714E-02     1.574472E+04
  5.517492E-02     1.585878E+04
  5.594326E-02     1.597367E+04
  5.672229E-02     1.608937E+04
  5.751217E-02     1.620591E+04
  5.831305E-02     1.632328E+04
  5.912508E-02     1.644150E+04
  5.994843E-02     1.656056E+04
  6.078323E-02     1.668047E+04
  6.162966E-02     1.680123E+04
  6.248788E-02     1.692286E+04
  6.335805E-02     1.704535E+04
  6.424034E-02     1.716872E+04
  6.513491E-02     1.729297E+04
  6.604194E-02     1.741811E+04
  6.696160E-02     1.754415E+04
  6.789407E-02     1.767110E+04
  6.883952E-02     1.779895E+04
  6.979814E-02     1.792771E+04
  7.077011E-02     1.805738E+04
  7.175561E-02     1.818797E+04
  7.275484E-02     1.831948E+04
  7.376798E-02     1.845191E+04
  7.479523E-02     1.858529E+04
  7.583678E-02     1.871960E+04
  7.689284E-02     1.885486E+04
  7.796360E-02     1.899106E+04
  7.904928E-02     1.912822E+04
  8.015007E-02     1.926633E+04
  8.126619E-02     1.940540E+04
  8.239786E-02     1.954543E+04
  8.354528E-02     1.968643E+04
  8.470868E-02     1.982839E+04
  8.588829E-02     1.997133E+04
  8.708431E-02     2.011525E+04
  8.829700E-02     2.026015E+04
  8.952657E-02     2.040604E+04
  9.077327E-02     2.055292E+04
  9.203732E-02     2.070080E+04
  9.331898E-02     2.084967E+04
  9.461848E-02     2.099954E+04
  9.593608E-02     2.115041E+04
  9.727203E-02     2.130229E+04
  9.862658E-02     2.145519E+04
  1.000000E-01     2.160910E+04
  1.013925E-01     2.176405E+04
  1.028045E-01     2.192002E+04
  1.042361E-01     2.207702E+04
  1.056876E-01     2.223506E+04
  1.071593E-01     2.239414E+04
  1.086516E-01     2.255426E+04
  1.101646E-01     2.271544E+04
  1.116987E-01     2.287767E+04
  1.132541E-01     2.304096E+04
  1.148312E-01     2.320533E+04
  1.164303E-01     2.337079E+04
  1.180517E-01     2.353733E+04
  1.196956E-01     2.370496E+04
  1.213624E-01     2.387368E+04
  1.230524E-01     2.404351E+04
  1.247660E-01     2.421445E+04
  1.265034E-01     2.438651E+04
  1.282650E-01     2.455969E+04
  1.300511E-01     2.473400E+04
  1.318621E-01     2.490947E+04
  1.336984E-01     2.508609E+04
  1.355602E-01     2.526388E+04
  1.374479E-01     2.544284E+04
  1.393619E-01     2.562298E+04
  1.413026E-01     2.580431E+04
  1.432703E-01     2.598684E+04
  1.452654E-01     2.617057E+04
  1.472883E-01     2.635553E+04
  1.493393E-01     2.654172E+04
  1.514189E-01     2.672916E+04
  1.535275E-01     2.691786E+04
  1.556654E-01     2.710783E+04
  1.578331E-01     2.729909E+04
  1.600310E-01     2.749164E+04
  1.622595E-01     2.768549E+04
  1.645191E-01     2.788066E+04
  1.668101E-01     2.807715E+04
  1.691330E-01     2.827498E+04
  1.714882E-01     2.847417E+04
  1.738762E-01     2.867473E+04
  1.762975E-01     2.887668E+04
  1.787526E-01     2.908004E+04
  1.812418E-01     2.928481E+04
  1.837656E-01     2.949101E+04
  1.863246E-01     2.969865E+04
  1.889193E-01     2.990775E+04
  1.915501E-01     3.011831E+04
  1.942175E-01     3.033036E+04
  1.969220E-01     3.054391E+04
  1.996642E-01     3.075899E+04
  2.024447E-01     3.097561E+04
  2.052638E-01     3.119379E+04
  2.081222E-01     3.141355E+04
  2.110203E-01     3.163489E+04
  2.139589E-01     3.185783E+04
  2.169384E-01     3.208238E+04
  2.199593E-01     3.230855E+04
  2.230223E-01     3.253637E+04
  2.261280E-01     3.276585E+04
  2.292769E-01     3.299701E+04
  2.324697E-01     3.322987E+04
  2.357069E-01     3.346446E+04
  2.389893E-01     3.370077E+04
  2.423173E-01     3.393883E+04
  2.456916E-01     3.417865E+04
  2.491130E-01     3.442024E+04
  2.525820E-01     3.466362E+04
  2.560993E-01     3.490881E+04
  2.596656E-01     3.515582E+04
  2.632815E-01     3.540468E+04
  2.669478E-01     3.565541E+04
  2.706652E-01     3.590803E+04
  2.744343E-01     3.616255E+04
  2.782559E-01     3.641898E+04
  2.821308E-01     3.667734E+04
  2.860596E-01     3.693763E+04
  2.900430E-01     3.719988E+04
  2.940820E-01     3.746410E+04
  2.981772E-01     3.773031E+04
  3.023295E-01     3.799853E+04
  3.065395E-01     3.826878E+04
  3.108082E-01     3.854108E+04
  3.151363E-01     3.881542E+04
  3.195248E-01     3.909181E+04
  3.239743E-01     3.937024E+04
  3.284857E-01     3.965072E+04
  3.330600E-01     3.993324E+04
  3.376980E-01     4.021780E+04
  3.424006E-01     4.050441E+04
  3.471687E-01     4.079306E+04
  3.520031E-01     4.108376E+04
  3.569049E-01     4.137650E+04
  3.618750E-01     4.167128E+04
  3.669142E-01     4.196809E+04
  3.720237E-01     4.226693E+04
  3.772042E-01     4.256779E+04
  3.824570E-01     4.287067E+04
  3.877828E-01     4.317556E+04
  3.931829E-01     4.348247E+04
  3.986581E-01     4.379137E+04
  4.042096E-01     4.410228E+04
  4.098384E-01     4.441518E+04
  4.155455E-01     4.473008E+04
  4.213322E-01     4.504695E+04
  4.271994E-01     4.536580E+04
  4.331483E-01     4.568661E+04
  4.391801E-01     4.600938E+04
  4.452959E-01     4.633411E+04
  4.514968E-01     4.666078E+04
  4.577841E-01     4.698939E+04
  4.641589E-01     4.731994E+04
  4.706225E-01     4.765242E+04
  4.771761E-01     4.798681E+04
  4.838210E-01     4.832308E+04
  4.905584E-01     4.866122E+04
  4.973896E-01     4.900118E+04
  5.043159E-01     4.934296E+04
  5.113388E-01     4.968652E+04
  5.184594E-01     5.003184E+04
  5.256791E-01     5.037888E+04
  5.329994E-01     5.072762E+04
  5.404216E-01     5.107804E+04
  5.479472E-01     5.143009E+04
  5.555776E-01     5.178374E+04
  5.633143E-01     5.213897E+04
  5.711586E-01     5.249574E+04
  5.791123E-01     5.285401E+04
  5.871766E-01     5.321375E+04
  5.953533E-01     5.357493E+04
  6.036439E-01     5.393750E+04
  6.120498E-01     5.430144E+04
  6.205729E-01     5.466671E+04
  6.292146E-01     5.503327E+04
  6.379767E-01     5.540109E+04
  6.468608E-01     5.577013E+04
  6.558686E-01     5.614037E+04
  6.650018E-01     5.651177E+04
  6.742622E-01     5.688430E+04
  6.836516E-01     5.725792E+04
  6.931717E-01     5.763260E+04
  7.028244E-01     5.800832E+04
  7.126115E-01     5.838505E+04
  7.225349E-01     5.876272E+04
  7.325965E-01     5.914127E+04
  7.427982E-01     5.952061E+04
  7.531420E-01     5.990066E+04
  7.636298E-01     6.028135E+04
  7.742637E-01     6.066257E+04
  7.850456E-01     6.104426E+04
  7.959777E-01     6.142632E+04
  8.070620E-01     6.180866E+04
  8.183007E-01     6.219119E+04
  8.296959E-01     6.257385E+04
  8.412497E-01     6.295660E+04
  8.529644E-01     6.333944E+04
  8.648423E-01     6.372233E+04
  8.768856E-01     6.410525E+04
  8.890966E-01     6.448820E+04
  9.014776E-01     6.487116E+04
  9.140311E-01     6.525414E+04
  9.267593E-01     6.563713E+04
  9.396648E-01     6.602015E+04
  9.527500E-01     6.640319E+04
  9.660175E-01     6.678621E+04
  9.794697E-01     6.716918E+04
  9.931092E-01     6.755208E+04
  1.006939E+00     6.793490E+04
  1.020961E+00     6.831760E+04
  1.035178E+00     6.870019E+04
  1.049593E+00     6.908267E+04
  1.064209E+00     6.946502E+04
  1.079029E+00     6.984726E+04
  1.094055E+00     7.022936E+04
  1.109290E+00     7.061125E+04
  1.124737E+00     7.099287E+04
  1.140400E+00     7.137414E+04
  1.156280E+00     7.175499E+04
  1.172382E+00     7.213536E+04
  1.188708E+00     7.251518E+04
  1.205261E+00     7.289439E+04
  1.222045E+00     7.327292E+04
  1.239062E+00     7.365071E+04
  1.256317E+00     7.402771E+04
  1.273811E+00     7.440384E+04
  1.291550E+00     7.477903E+04
  1.309535E+00     7.515321E+04
  1.327771E+00     7.552633E+04
  1.346261E+00     7.589832E+04
  1.365008E+00     7.626912E+04
  1.384016E+00     7.663868E+04
  1.403289E+00     7.700695E+04
  1.422830E+00     7.737389E+04
  1.442644E+00     7.773944E+04
  1.462733E+00     7.810353E+04
  1.483103E+00     7.846608E+04
  1.503755E+00     7.882703E+04
  1.524696E+00     7.918630E+04
  1.545928E+00     7.954384E+04
  1.567455E+00     7.989959E+04
  1.589283E+00     8.025350E+04
  1.611414E+00     8.060550E+04
  1.633854E+00     8.095557E+04
  1.656606E+00     8.130365E+04
  1.679675E+00     8.164968E+04
  1.703065E+00     8.199358E+04
  1.726781E+00     8.233530E+04
  1.750827E+00     8.267476E+04
  1.775208E+00     8.301192E+04
  1.799929E+00     8.334673E+04
  1.824993E+00     8.367914E+04
  1.850407E+00     8.400913E+04
  1.876175E+00     8.433666E+04
  1.902301E+00     8.466170E+04
  1.928792E+00     8.498419E+04
  1.955651E+00     8.530407E+04
  1.982884E+00     8.562129E+04
  2.010496E+00     8.593579E+04
  2.038493E+00     8.624752E+04
  2.066880E+00     8.655647E+04
  2.095662E+00     8.686259E+04
  2.124845E+00     8.716586E+04
  2.154435E+00     8.746628E+04
  2.184436E+00     8.776384E+04
  2.214855E+00     8.805848E+04
  2.245698E+00     8.835014E+04
  2.276970E+00     8.863875E+04
  2.308678E+00     8.892427E+04
  2.340827E+00     8.920666E+04
  2.373424E+00     8.948588E+04
  2.406475E+00     8.976190E+04
  2.439986E+00     9.003471E+04
  2.473964E+00     9.030430E+04
  2.508415E+00     9.057065E+04
  2.543346E+00     9.083372E+04
  2.578763E+00     9.109345E+04
  2.614673E+00     9.134976E+04
  2.651084E+00     9.160261E+04
  2.688001E+00     9.185196E+04
  2.725433E+00     9.209776E+04
  2.763385E+00     9.233998E+04
  2.801867E+00     9.257861E+04
  2.840884E+00     9.281363E+04
  2.880444E+00     9.304504E+04
  2.920556E+00     9.327279E+04
  2.961225E+00     9.349682E+04
  3.002462E+00     9.371705E+04
  3.044272E+00     9.393344E+04
  3.086665E+00     9.414594E+04
  3.129648E+00     9.435451E+04
  3.173230E+00     9.455913E+04
  3.217418E+00     9.475977E+04
  3.262222E+00     9.495642E+04
  3.307650E+00     9.514908E+04
  3.353710E+00     9.533771E+04
  3.400412E+00     9.552225E+04
  3.447764E+00     9.570264E+04
  3.495776E+00     9.587883E+04
  3.544456E+00     9.605079E+04
  3.593814E+00     9.621848E+04
  3.643859E+00     9.638188E+04
  3.694601E+00     9.654098E+04
  3.746050E+00     9.669579E+04
  3.798215E+00     9.684630E+04
  3.851107E+00     9.699251E+04
  3.904735E+00     9.713434E+04
  3.959110E+00     9.727177E+04
  4.014242E+00     9.740475E+04
  4.070142E+00     9.753327E+04
  4.126821E+00     9.765731E+04
  4.184289E+00     9.777685E+04
  4.242556E+00     9.789192E+04
  4.301636E+00     9.800252E+04
  4.361538E+00     9.810868E+04
  4.422274E+00     9.821041E+04
  4.483856E+00     9.830767E+04
  4.546295E+00     9.840042E+04
  4.609604E+00     9.848866E+04
  4.673795E+00     9.857238E+04
  4.738880E+00     9.865156E+04
  4.804870E+00     9.872624E+04
  4.871780E+00     9.879643E+04
  4.939622E+00     9.886217E+04
  5.008408E+00     9.892352E+04
  5.078152E+00     9.898049E+04
  5.148867E+00     9.903307E+04
  5.220568E+00     9.908123E+04
  5.293266E+00     9.912498E+04
  5.366977E+00     9.916431E+04
  5.441714E+00     9.919924E+04
  5.517492E+00     9.922980E+04
  5.594326E+00     9.925603E+04
  5.672229E+00     9.927797E+04
  5.751217E+00     9.929569E+04
  5.831305E+00     9.930923E+04
  5.912508E+00     9.931858E+04
  5.994843E+00     9.932374E+04
  6.078323E+00     9.932469E+04
  6.162966E+00     9.932146E+04
  6.248788E+00     9.931407E+04
  6.335805E+00     9.930255E+04
  6.424034E+00     9.928694E+04
  6.513491E+00     9.926730E+04
  6.604194E+00     9.924369E+04
  6.696160E+00     9.921617E+04
  6.789407E+00     9.918474E+04
  6.883952E+00     9.914937E+04
  6.979814E+00     9.911009E+04
  7.077011E+00     9.906690E+04
  7.175561E+00     9.901981E+04
  7.275484E+00     9.896886E+04
  7.376798E+00     9.891409E+04
  7.479523E+00     9.885554E+04
  7.583678E+00     9.879328E+04
  7.689284E+00     9.872735E+04
  7.796360E+00     9.865777E+04
  7.904928E+00     9.858452E+04
  8.015007E+00     9.850761E+04
  8.126619E+00     9.842705E+04
  8.239786E+00     9.834287E+04
  8.354528E+00     9.825510E+04
  8.470868E+00     9.816376E+04
  8.588829E+00     9.806892E+04
  8.708431E+00     9.797062E+04
  8.829700E+00     9.786892E+04
  8.952657E+00     9.776382E+04
  9.077327E+00     9.765531E+04
  9.203732E+00     9.754341E+04
  9.331898E+00     9.742812E+04
  9.461848E+00     9.730945E+04
  9.593608E+00     9.718743E+04
  9.727203E+00     9.706210E+04
  9.862658E+00     9.693347E+04
  1.000000E+01     9.680161E+04
  1.013925E+01     9.666655E+04
  1.028045E+01     9.652829E+04
  1.042361E+01     9.638684E+04
  1.056876E+01     9.624217E+04
  1.071593E+01     9.609431E+04
  1.086516E+01     9.594324E+04
  1.101646E+01     9.578899E+04
  1.116987E+01     9.563158E+04
  1.132541E+01     9.547101E+04
  1.148312E+01     9.530733E+04
  1.164303E+01     9.514055E+04
  1.180517E+01     9.497070E+04
  1.196956E+01     9.479776E+04
  1.213624E+01     9.462173E+04
  1.230524E+01     9.444263E+04
  1.247660E+01     9.426046E+04
  1.265034E+01     9.407523E+04
  1.282650E+01     9.388698E+04
  1.300511E+01     9.369571E+04
  1.318621E+01     9.350147E+04
  1.336984E+01     9.330429E+04
  1.355602E+01     9.310417E+04
  1.374479E+01     9.290111E+04
  1.393619E+01     9.269512E+04
  1.413026E+01     9.248620E+04
  1.432703E+01     9.227436E+04
  1.452654E+01     9.205962E+04
  1.472883E+01     9.184198E+04
  1.493393E+01     9.162147E+04
  1.514189E+01     9.139812E+04
  1.535275E+01     9.117195E+04
  1.556654E+01     9.094297E+04
  1.578331E+01     9.071118E+04
  1.600310E+01     9.047660E+04
  1.622595E+01     9.023921E+04
  1.645191E+01     8.999903E+04
  1.668101E+01     8.975607E+04
  1.691330E+01     8.951034E+04
  1.714882E+01     8.926187E+04
  1.738762E+01     8.901066E+04
  1.762975E+01     8.875675E+04
  1.787526E+01     8.850015E+04
  1.812418E+01     8.824086E+04
  1.837656E+01     8.797889E+04
  1.863246E+01     8.771426E+04
  1.889193E+01     8.744698E+04
  1.915501E+01     8.717706E+04
  1.942175E+01     8.690453E+04
  1.969220E+01     8.662941E+04
  1.996642E+01     8.635172E+04
  2.024447E+01     8.607149E+04
  2.052638E+01     8.578875E+04
  2.081222E+01     8.550349E+04
  2.110203E+01     8.521574E+04
  2.139589E+01     8.492551E+04
  2.169384E+01     8.463283E+04
  2.199593E+01     8.433770E+04
  2.230223E+01     8.404015E+04
  2.261280E+01     8.374020E+04
  2.292769E+01     8.343789E+04
  2.324697E+01     8.313324E+04
  2.357069E+01     8.282626E+04
  2.389893E+01     8.251700E+04
  2.423173E+01     8.220545E+04
  2.456916E+01     8.189164E+04
  2.491130E+01     8.157560E+04
  2.525820E+01     8.125735E+04
  2.560993E+01     8.093691E+04
  2.596656E+01     8.061431E+04
  2.632815E+01     8.028959E+04
  2.669478E+01     7.996277E+04
  2.706652E+01     7.963388E+04
  2.744343E+01     7.930295E+04
  2.782559E+01     7.897001E+04
  2.821308E+01     7.863510E+04
  2.860596E+01     7.829824E+04
  2.900430E+01     7.795946E+04
  2.940820E+01     7.761882E+04
  2.981772E+01     7.727633E+04
  3.023295E+01     7.693204E+04
  3.065395E+01     7.658599E+04
  3.108082E+01     7.623822E+04
  3.151363E+01     7.588876E+04
  3.195248E+01     7.553762E+04
  3.239743E+01     7.518484E+04
  3.284857E+01     7.483044E+04
  3.330600E+01     7.447445E+04
  3.376980E+01     7.411690E+04
  3.424006E+01     7.375781E+04
  3.471687E+01     7.339721E+04
  3.520031E+01     7.303511E+04
  3.569049E+01     7.267157E+04
  3.618750E+01     7.230661E+04
  3.669142E+01     7.194028E+04
  3.720237E+01     7.157265E+04
  3.772042E+01     7.120375E+04
  3.824570E+01     7.083363E+04
  3.877828E+01     7.046236E+04
  3.931829E+01     7.008997E+04
  3.986581E+01     6.971654E+04
  4.042096E+01     6.934210E+04
  4.098384E+01     6.896671E+04
  4.155455E+01     6.859042E+04
  4.213322E+01     6.821326E+04
  4.271994E+01     6.783527E+04
  4.331483E+01     6.745648E+04
  4.391801E+01     6.707694E+04
  4.452959E+01     6.669666E+04
  4.514968E+01     6.631569E+04
  4.577841E+01     6.593406E+04
  4.641589E+01     6.555178E+04
  4.706225E+01     6.516889E+04
  4.771761E+01     6.478544E+04
  4.838210E+01     6.440148E+04
  4.905584E+01     6.401708E+04
  4.973896E+01     6.363227E+04
  5.043159E+01     6.324711E+04
  5.113388E+01     6.286166E+04
  5.184594E+01     6.247597E+04
  5.256791E+01     6.209007E+04
  5.329994E+01     6.170403E+04
  5.404216E+01     6.131788E+04
  5.479472E+01     6.093167E+04
  5.555776E+01     6.054546E+04
  5.633143E+01     6.015929E+04
  5.711586E+01     5.977321E+04
  5.791123E+01     5.938726E+04
  5.871766E+01     5.900147E+04
  5.953533E+01     5.861590E+04
  6.036439E+01     5.823056E+04
  6.120498E+01     5.784548E+04
  6.205729E+01     5.746071E+04
  6.292146E+01     5.707627E+04
  6.379767E+01     5.669225E+04
  6.468608E+01     5.630870E+04
  6.558686E+01     5.592568E+04
  6.650018E+01     5.554325E+04
  6.742622E+01     5.516145E+04
  6.836516E+01     5.478034E+04
  6.931717E+01     5.439997E+04
  7.028244E+01     5.402039E+04
  7.126115E+01     5.364162E+04
  7.225349E+01     5.326371E+04
  7.325965E+01     5.288672E+04
  7.427982E+01     5.251069E+04
  7.531420E+01     5.213565E+04
  7.636298E+01     5.176163E+04
  7.742637E+01     5.138867E+04
  7.850456E+01     5.101679E+04
  7.959777E+01     5.064599E+04
  8.070620E+01     5.027629E+04
  8.183007E+01     4.990770E+04
  8.296959E+01     4.954024E+04
  8.412497E+01     4.917398E+04
  8.529644E+01     4.880899E+04
  8.648423E+01     4.844532E+04
  8.768856E+01     4.808303E+04
  8.890966E+01     4.772217E+04
  9.014776E+01     4.736278E+04
  9.140311E+01     4.700490E+04
  9.267593E+01     4.664858E+04
  9.396648E+01     4.629382E+04
  9.527500E+01     4.594069E+04
  9.660175E+01     4.558922E+04
  9.794697E+01     4.523945E+04
  9.931092E+01     4.489143E+04
  1.006939E+02     4.454518E+04
  1.020961E+02     4.420073E+04
  1.035178E+02     4.385810E+04
  1.049593E+02     4.351730E+04
  1.064209E+02     4.317831E+04
  1.079029E+02     4.284115E+04
  1.094055E+02     4.250581E+04
  1.109290E+02     4.217236E+04
  1.124737E+02     4.184083E+04
  1.140400E+02     4.151129E+04
  1.156280E+02     4.118375E+04
  1.172382E+02     4.085826E+04
  1.188708E+02     4.053483E+04
  1.205261E+02     4.021348E+04
  1.222045E+02     3.989421E+04
  1.239062E+02     3.957703E+04
  1.256317E+02     3.926194E+04
  1.273811E+02     3.894899E+04
  1.291550E+02     3.863823E+04
  1.309535E+02     3.832968E+04
  1.327771E+02     3.802336E+04
  1.346261E+02     3.771931E+04
  1.365008E+02     3.741753E+04
  1.384016E+02     3.711801E+04
  1.403289E+02     3.682077E+04
  1.422830E+02     3.652576E+04
  1.442644E+02     3.623300E+04
  1.462733E+02     3.594251E+04
  1.483103E+02     3.565434E+04
  1.503755E+02     3.536851E+04
  1.524696E+02     3.508504E+04
  1.545928E+02     3.480395E+04
  1.567455E+02     3.452524E+04
  1.589283E+02     3.424891E+04
  1.611414E+02     3.397494E+04
  1.633854E+02     3.370330E+04
  1.656606E+02     3.343398E+04
  1.679675E+02     3.316702E+04
  1.703065E+02     3.290243E+04
  1.726781E+02     3.264025E+04
  1.750827E+02     3.238049E+04
  1.775208E+02     3.212315E+04
  1.799929E+02     3.186825E+04
  1.824993E+02     3.161576E+04
  1.850407E+02     3.136567E+04
  1.876175E+02     3.111795E+04
  1.902301E+02     3.087256E+04
  1.928792E+02     3.062953E+04
  1.955651E+02     3.038890E+04
  1.982884E+02     3.015067E+04
  2.010496E+02     2.991486E+04
  2.038493E+02     2.968148E+04
  2.066880E+02     2.945052E+04
  2.095662E+02     2.922197E+04
  2.124845E+02     2.899581E+04
  2.154435E+02     2.877199E+04
  2.184436E+02     2.855048E+04
  2.214855E+02     2.833131E+04
  2.245698E+02     2.811449E+04
  2.276970E+02     2.790003E+04
  2.308678E+02     2.768795E+04
  2.340827E+02     2.747824E+04
  2.373424E+02     2.727089E+04
  2.406475E+02     2.706589E+04
  2.439986E+02     2.686320E+04
  2.473964E+02     2.666278E+04
  2.508415E+02     2.646460E+04
  2.543346E+02     2.626865E+04
  2.578763E+02     2.607497E+04
  2.614673E+02     2.588355E+04
  2.651084E+02     2.569440E+04
  2.688001E+02     2.550753E+04
  2.725433E+02     2.532291E+04
  2.763385E+02     2.514053E+04
  2.801867E+02     2.496036E+04
  2.840884E+02     2.478235E+04
  2.880444E+02     2.460646E+04
  2.920556E+02     2.443269E+04
  2.961225E+02     2.426106E+04
  3.002462E+02     2.409157E+04
  3.044272E+02     2.392423E+04
  3.086665E+02     2.375903E+04
  3.129648E+02     2.359596E+04
  3.173230E+02     2.343501E+04
  3.217418E+02     2.327612E+04
  3.262222E+02     2.311928E+04
  3.307650E+02     2.296443E+04
  3.353710E+02     2.281157E+04
  3.400412E+02     2.266070E+04
  3.447764E+02     2.251184E+04
  3.495776E+02     2.236499E+04
  3.544456E+02     2.222013E+04
  3.593814E+02     2.207726E+04
  3.643859E+02     2.193636E+04
  3.694601E+02     2.179739E+04
  3.746050E+02     2.166031E+04
  3.798215E+02     2.152508E+04
  3.851107E+02     2.139169E+04
  3.904735E+02     2.126014E+04
  3.959110E+02     2.113044E+04
  4.014242E+02     2.100259E+04
  4.070142E+02     2.087659E+04
  4.126821E+02     2.075241E+04
  4.184289E+02     2.063004E+04
  4.242556E+02     2.050945E+04
  4.301636E+02     2.039060E+04
  4.361538E+02     2.027345E+04
  4.422274E+02     2.015798E+04
  4.483856E+02     2.004419E+04
  4.546295E+02     1.993210E+04
  4.609604E+02     1.982170E+04
  4.673795E+02     1.971297E+04
  4.738880E+02     1.960592E+04
  4.804870E+02     1.950052E+04
  4.871780E+02     1.939674E+04
  4.939622E+02     1.929455E+04
  5.008408E+02     1.919390E+04
  5.078152E+02     1.909478E+04
  5.148867E+02     1.899719E+04
  5.220568E+02     1.890113E+04
  5.293266E+02     1.880660E+04
  5.366977E+02     1.871360E+04
  5.441714E+02     1.862210E+04
  5.517492E+02     1.853210E+04
  5.594326E+02     1.844355E+04
  5.672229E+02     1.835645E+04
  5.751217E+02     1.827073E+04
  5.831305E+02     1.818638E+04
  5.912508E+02     1.810341E+04
  5.994843E+02     1.802180E+04
  6.078323E+02     1.794157E+04
  6.162966E+02     1.786271E+04
  6.248788E+02     1.778520E+04
  6.335805E+02     1.770902E+04
  6.424034E+02     1.763416E+04
  6.513491E+02     1.756058E+04
  6.604194E+02     1.748825E+04
  6.696160E+02     1.741714E+04
  6.789407E+02     1.734726E+04
  6.883952E+02     1.727859E+04
  6.979814E+02     1.721112E+04
  7.077011E+02     1.714485E+04
  7.175561E+02     1.707976E+04
  7.275484E+02     1.701581E+04
  7.376798E+02     1.695299E+04
  7.479523E+02     1.689126E+04
  7.583678E+02     1.683057E+04
  7.689284E+02     1.677091E+04
  7.796360E+02     1.671228E+04
  7.904928E+02     1.665471E+04
  8.015007E+02     1.659821E+04
  8.126619E+02     1.654281E+04
  8.239786E+02     1.648852E+04
  8.354528E+02     1.643535E+04
  8.470868E+02     1.638333E+04
  8.588829E+02     1.633245E+04
  8.708431E+02     1.628273E+04
  8.829700E+02     1.623414E+04
  8.952657E+02     1.618660E+04
  9.077327E+02     1.613997E+04
  9.203732E+02     1.609413E+04
  9.331898E+02     1.604892E+04
  9.461848E+02     1.600417E+04
  9.593608E+02     1.595970E+04
  9.727203E+02     1.591532E+04
  9.862658E+02     1.587080E+04
  1.000000E+03     1.582592E+04
