FILE CREATED BY  : PROGRAM DPASS - VERSION 2.00
DATABASE VERSION : 21.06
DATE AND TIME    : 10/08/2022 00:18:48
PROJECTILE       : Hf
TARGET           : P 
TARGET AT. MASS  : 3.097376E+01
TARGET DENSITY   : 1.820000E+00 g/cm^3
TABULATED OUTPUT : STOPPING FORCE VERSUS ENERGY
DATA TYPE        : SPLINE INTERPOLATED
ABSCISSA UNITS   : MeV/u
ORDINATE UNITS   : eV/nm


      E/n             S(E/n)

  1.000000E-03     3.534373E+02
  1.013925E-03     3.558449E+02
  1.028045E-03     3.582844E+02
  1.042361E-03     3.607543E+02
  1.056876E-03     3.632532E+02
  1.071593E-03     3.657794E+02
  1.086516E-03     3.683311E+02
  1.101646E-03     3.709063E+02
  1.116987E-03     3.735028E+02
  1.132541E-03     3.761183E+02
  1.148312E-03     3.787502E+02
  1.164303E-03     3.813961E+02
  1.180517E-03     3.840559E+02
  1.196956E-03     3.867300E+02
  1.213624E-03     3.894192E+02
  1.230524E-03     3.921241E+02
  1.247660E-03     3.948454E+02
  1.265034E-03     3.975841E+02
  1.282650E-03     4.003410E+02
  1.300511E-03     4.031172E+02
  1.318621E-03     4.059136E+02
  1.336984E-03     4.087315E+02
  1.355602E-03     4.115710E+02
  1.374479E-03     4.144321E+02
  1.393619E-03     4.173149E+02
  1.413026E-03     4.202191E+02
  1.432703E-03     4.231448E+02
  1.452654E-03     4.260918E+02
  1.472883E-03     4.290601E+02
  1.493393E-03     4.320496E+02
  1.514189E-03     4.350602E+02
  1.535275E-03     4.380919E+02
  1.556654E-03     4.411446E+02
  1.578331E-03     4.442187E+02
  1.600310E-03     4.473141E+02
  1.622595E-03     4.504312E+02
  1.645191E-03     4.535701E+02
  1.668101E-03     4.567312E+02
  1.691330E-03     4.599146E+02
  1.714882E-03     4.631206E+02
  1.738762E-03     4.663497E+02
  1.762975E-03     4.696020E+02
  1.787526E-03     4.728778E+02
  1.812418E-03     4.761773E+02
  1.837656E-03     4.795004E+02
  1.863246E-03     4.828474E+02
  1.889193E-03     4.862183E+02
  1.915501E-03     4.896133E+02
  1.942175E-03     4.930325E+02
  1.969220E-03     4.964762E+02
  1.996642E-03     4.999444E+02
  2.024447E-03     5.034374E+02
  2.052638E-03     5.069555E+02
  2.081222E-03     5.104987E+02
  2.110203E-03     5.140671E+02
  2.139589E-03     5.176611E+02
  2.169384E-03     5.212808E+02
  2.199593E-03     5.249264E+02
  2.230223E-03     5.285982E+02
  2.261280E-03     5.322964E+02
  2.292769E-03     5.360214E+02
  2.324697E-03     5.397734E+02
  2.357069E-03     5.435528E+02
  2.389893E-03     5.473596E+02
  2.423173E-03     5.511940E+02
  2.456916E-03     5.550560E+02
  2.491130E-03     5.589459E+02
  2.525820E-03     5.628639E+02
  2.560993E-03     5.668100E+02
  2.596656E-03     5.707846E+02
  2.632815E-03     5.747878E+02
  2.669478E-03     5.788199E+02
  2.706652E-03     5.828811E+02
  2.744343E-03     5.869717E+02
  2.782559E-03     5.910918E+02
  2.821308E-03     5.952417E+02
  2.860596E-03     5.994217E+02
  2.900430E-03     6.036321E+02
  2.940820E-03     6.078731E+02
  2.981772E-03     6.121451E+02
  3.023295E-03     6.164486E+02
  3.065395E-03     6.207839E+02
  3.108082E-03     6.251514E+02
  3.151363E-03     6.295512E+02
  3.195248E-03     6.339835E+02
  3.239743E-03     6.384485E+02
  3.284857E-03     6.429463E+02
  3.330600E-03     6.474771E+02
  3.376980E-03     6.520412E+02
  3.424006E-03     6.566388E+02
  3.471687E-03     6.612701E+02
  3.520031E-03     6.659355E+02
  3.569049E-03     6.706352E+02
  3.618750E-03     6.753694E+02
  3.669142E-03     6.801385E+02
  3.720237E-03     6.849425E+02
  3.772042E-03     6.897819E+02
  3.824570E-03     6.946569E+02
  3.877828E-03     6.995678E+02
  3.931829E-03     7.045151E+02
  3.986581E-03     7.094990E+02
  4.042096E-03     7.145201E+02
  4.098384E-03     7.195787E+02
  4.155455E-03     7.246751E+02
  4.213322E-03     7.298094E+02
  4.271994E-03     7.349821E+02
  4.331483E-03     7.401933E+02
  4.391801E-03     7.454433E+02
  4.452959E-03     7.507325E+02
  4.514968E-03     7.560612E+02
  4.577841E-03     7.614298E+02
  4.641589E-03     7.668387E+02
  4.706225E-03     7.722883E+02
  4.771761E-03     7.777789E+02
  4.838210E-03     7.833109E+02
  4.905584E-03     7.888844E+02
  4.973896E-03     7.944999E+02
  5.043159E-03     8.001577E+02
  5.113388E-03     8.058581E+02
  5.184594E-03     8.116017E+02
  5.256791E-03     8.173888E+02
  5.329994E-03     8.232199E+02
  5.404216E-03     8.290956E+02
  5.479472E-03     8.350162E+02
  5.555776E-03     8.409819E+02
  5.633143E-03     8.469930E+02
  5.711586E-03     8.530500E+02
  5.791123E-03     8.591530E+02
  5.871766E-03     8.653026E+02
  5.953533E-03     8.714991E+02
  6.036439E-03     8.777429E+02
  6.120498E-03     8.840346E+02
  6.205729E-03     8.903747E+02
  6.292146E-03     8.967635E+02
  6.379767E-03     9.032014E+02
  6.468608E-03     9.096888E+02
  6.558686E-03     9.162262E+02
  6.650018E-03     9.228139E+02
  6.742622E-03     9.294525E+02
  6.836516E-03     9.361426E+02
  6.931717E-03     9.428846E+02
  7.028244E-03     9.496793E+02
  7.126115E-03     9.565272E+02
  7.225349E-03     9.634288E+02
  7.325965E-03     9.703846E+02
  7.427982E-03     9.773948E+02
  7.531420E-03     9.844598E+02
  7.636298E-03     9.915802E+02
  7.742637E-03     9.987562E+02
  7.850456E-03     1.005989E+03
  7.959777E-03     1.013278E+03
  8.070620E-03     1.020624E+03
  8.183007E-03     1.028029E+03
  8.296959E-03     1.035492E+03
  8.412497E-03     1.043014E+03
  8.529644E-03     1.050596E+03
  8.648423E-03     1.058237E+03
  8.768856E-03     1.065939E+03
  8.890966E-03     1.073702E+03
  9.014776E-03     1.081527E+03
  9.140311E-03     1.089415E+03
  9.267593E-03     1.097365E+03
  9.396648E-03     1.105380E+03
  9.527500E-03     1.113459E+03
  9.660175E-03     1.121603E+03
  9.794697E-03     1.129813E+03
  9.931092E-03     1.138089E+03
  1.006939E-02     1.146431E+03
  1.020961E-02     1.154841E+03
  1.035178E-02     1.163318E+03
  1.049593E-02     1.171864E+03
  1.064209E-02     1.180480E+03
  1.079029E-02     1.189166E+03
  1.094055E-02     1.197922E+03
  1.109290E-02     1.206750E+03
  1.124737E-02     1.215649E+03
  1.140400E-02     1.224621E+03
  1.156280E-02     1.233667E+03
  1.172382E-02     1.242786E+03
  1.188708E-02     1.251980E+03
  1.205261E-02     1.261249E+03
  1.222045E-02     1.270595E+03
  1.239062E-02     1.280017E+03
  1.256317E-02     1.289518E+03
  1.273811E-02     1.299098E+03
  1.291550E-02     1.308756E+03
  1.309535E-02     1.318495E+03
  1.327771E-02     1.328314E+03
  1.346261E-02     1.338215E+03
  1.365008E-02     1.348198E+03
  1.384016E-02     1.358263E+03
  1.403289E-02     1.368413E+03
  1.422830E-02     1.378648E+03
  1.442644E-02     1.388969E+03
  1.462733E-02     1.399376E+03
  1.483103E-02     1.409870E+03
  1.503755E-02     1.420453E+03
  1.524696E-02     1.431124E+03
  1.545928E-02     1.441886E+03
  1.567455E-02     1.452738E+03
  1.589283E-02     1.463681E+03
  1.611414E-02     1.474718E+03
  1.633854E-02     1.485848E+03
  1.656606E-02     1.497074E+03
  1.679675E-02     1.508395E+03
  1.703065E-02     1.519812E+03
  1.726781E-02     1.531327E+03
  1.750827E-02     1.542940E+03
  1.775208E-02     1.554652E+03
  1.799929E-02     1.566464E+03
  1.824993E-02     1.578376E+03
  1.850407E-02     1.590391E+03
  1.876175E-02     1.602509E+03
  1.902301E-02     1.614730E+03
  1.928792E-02     1.627057E+03
  1.955651E-02     1.639490E+03
  1.982884E-02     1.652030E+03
  2.010496E-02     1.664677E+03
  2.038493E-02     1.677433E+03
  2.066880E-02     1.690299E+03
  2.095662E-02     1.703277E+03
  2.124845E-02     1.716366E+03
  2.154435E-02     1.729570E+03
  2.184436E-02     1.742888E+03
  2.214855E-02     1.756322E+03
  2.245698E-02     1.769873E+03
  2.276970E-02     1.783541E+03
  2.308678E-02     1.797329E+03
  2.340827E-02     1.811236E+03
  2.373424E-02     1.825265E+03
  2.406475E-02     1.839415E+03
  2.439986E-02     1.853689E+03
  2.473964E-02     1.868088E+03
  2.508415E-02     1.882614E+03
  2.543346E-02     1.897266E+03
  2.578763E-02     1.912047E+03
  2.614673E-02     1.926957E+03
  2.651084E-02     1.941997E+03
  2.688001E-02     1.957169E+03
  2.725433E-02     1.972474E+03
  2.763385E-02     1.987913E+03
  2.801867E-02     2.003487E+03
  2.840884E-02     2.019198E+03
  2.880444E-02     2.035047E+03
  2.920556E-02     2.051035E+03
  2.961225E-02     2.067163E+03
  3.002462E-02     2.083434E+03
  3.044272E-02     2.099846E+03
  3.086665E-02     2.116403E+03
  3.129648E-02     2.133105E+03
  3.173230E-02     2.149953E+03
  3.217418E-02     2.166949E+03
  3.262222E-02     2.184094E+03
  3.307650E-02     2.201391E+03
  3.353710E-02     2.218839E+03
  3.400412E-02     2.236441E+03
  3.447764E-02     2.254197E+03
  3.495776E-02     2.272108E+03
  3.544456E-02     2.290176E+03
  3.593814E-02     2.308402E+03
  3.643859E-02     2.326787E+03
  3.694601E-02     2.345333E+03
  3.746050E-02     2.364041E+03
  3.798215E-02     2.382912E+03
  3.851107E-02     2.401949E+03
  3.904735E-02     2.421151E+03
  3.959110E-02     2.440521E+03
  4.014242E-02     2.460059E+03
  4.070142E-02     2.479766E+03
  4.126821E-02     2.499644E+03
  4.184289E-02     2.519694E+03
  4.242556E-02     2.539918E+03
  4.301636E-02     2.560316E+03
  4.361538E-02     2.580891E+03
  4.422274E-02     2.601643E+03
  4.483856E-02     2.622574E+03
  4.546295E-02     2.643684E+03
  4.609604E-02     2.664975E+03
  4.673795E-02     2.686448E+03
  4.738880E-02     2.708105E+03
  4.804870E-02     2.729945E+03
  4.871780E-02     2.751971E+03
  4.939622E-02     2.774184E+03
  5.008408E-02     2.796585E+03
  5.078152E-02     2.819175E+03
  5.148867E-02     2.841956E+03
  5.220568E-02     2.864929E+03
  5.293266E-02     2.888093E+03
  5.366977E-02     2.911450E+03
  5.441714E-02     2.935002E+03
  5.517492E-02     2.958748E+03
  5.594326E-02     2.982691E+03
  5.672229E-02     3.006831E+03
  5.751217E-02     3.031169E+03
  5.831305E-02     3.055707E+03
  5.912508E-02     3.080445E+03
  5.994843E-02     3.105383E+03
  6.078323E-02     3.130523E+03
  6.162966E-02     3.155864E+03
  6.248788E-02     3.181409E+03
  6.335805E-02     3.207157E+03
  6.424034E-02     3.233109E+03
  6.513491E-02     3.259266E+03
  6.604194E-02     3.285629E+03
  6.696160E-02     3.312198E+03
  6.789407E-02     3.338975E+03
  6.883952E-02     3.365958E+03
  6.979814E-02     3.393149E+03
  7.077011E-02     3.420547E+03
  7.175561E-02     3.448153E+03
  7.275484E-02     3.475967E+03
  7.376798E-02     3.503990E+03
  7.479523E-02     3.532221E+03
  7.583678E-02     3.560662E+03
  7.689284E-02     3.589311E+03
  7.796360E-02     3.618170E+03
  7.904928E-02     3.647238E+03
  8.015007E-02     3.676516E+03
  8.126619E-02     3.706002E+03
  8.239786E-02     3.735698E+03
  8.354528E-02     3.765603E+03
  8.470868E-02     3.795717E+03
  8.588829E-02     3.826041E+03
  8.708431E-02     3.856574E+03
  8.829700E-02     3.887317E+03
  8.952657E-02     3.918270E+03
  9.077327E-02     3.949434E+03
  9.203732E-02     3.980808E+03
  9.331898E-02     4.012393E+03
  9.461848E-02     4.044190E+03
  9.593608E-02     4.076200E+03
  9.727203E-02     4.108423E+03
  9.862658E-02     4.140860E+03
  1.000000E-01     4.173513E+03
  1.013925E-01     4.206381E+03
  1.028045E-01     4.239468E+03
  1.042361E-01     4.272772E+03
  1.056876E-01     4.306296E+03
  1.071593E-01     4.340041E+03
  1.086516E-01     4.374007E+03
  1.101646E-01     4.408198E+03
  1.116987E-01     4.442613E+03
  1.132541E-01     4.477257E+03
  1.148312E-01     4.512130E+03
  1.164303E-01     4.547236E+03
  1.180517E-01     4.582574E+03
  1.196956E-01     4.618145E+03
  1.213624E-01     4.653948E+03
  1.230524E-01     4.689983E+03
  1.247660E-01     4.726251E+03
  1.265034E-01     4.762751E+03
  1.282650E-01     4.799484E+03
  1.300511E-01     4.836450E+03
  1.318621E-01     4.873649E+03
  1.336984E-01     4.911083E+03
  1.355602E-01     4.948749E+03
  1.374479E-01     4.986645E+03
  1.393619E-01     5.024769E+03
  1.413026E-01     5.063118E+03
  1.432703E-01     5.101690E+03
  1.452654E-01     5.140482E+03
  1.472883E-01     5.179492E+03
  1.493393E-01     5.218717E+03
  1.514189E-01     5.258154E+03
  1.535275E-01     5.297800E+03
  1.556654E-01     5.337653E+03
  1.578331E-01     5.377709E+03
  1.600310E-01     5.417966E+03
  1.622595E-01     5.458421E+03
  1.645191E-01     5.499071E+03
  1.668101E-01     5.539913E+03
  1.691330E-01     5.580944E+03
  1.714882E-01     5.622162E+03
  1.738762E-01     5.663564E+03
  1.762975E-01     5.705147E+03
  1.787526E-01     5.746909E+03
  1.812418E-01     5.788848E+03
  1.837656E-01     5.830964E+03
  1.863246E-01     5.873255E+03
  1.889193E-01     5.915720E+03
  1.915501E-01     5.958360E+03
  1.942175E-01     6.001173E+03
  1.969220E-01     6.044160E+03
  1.996642E-01     6.087321E+03
  2.024447E-01     6.130658E+03
  2.052638E-01     6.174170E+03
  2.081222E-01     6.217860E+03
  2.110203E-01     6.261729E+03
  2.139589E-01     6.305780E+03
  2.169384E-01     6.350017E+03
  2.199593E-01     6.394442E+03
  2.230223E-01     6.439059E+03
  2.261280E-01     6.483875E+03
  2.292769E-01     6.528894E+03
  2.324697E-01     6.574122E+03
  2.357069E-01     6.619566E+03
  2.389893E-01     6.665230E+03
  2.423173E-01     6.711121E+03
  2.456916E-01     6.757243E+03
  2.491130E-01     6.803603E+03
  2.525820E-01     6.850211E+03
  2.560993E-01     6.897074E+03
  2.596656E-01     6.944202E+03
  2.632815E-01     6.991606E+03
  2.669478E-01     7.039297E+03
  2.706652E-01     7.087285E+03
  2.744343E-01     7.135574E+03
  2.782559E-01     7.184171E+03
  2.821308E-01     7.233081E+03
  2.860596E-01     7.282310E+03
  2.900430E-01     7.331865E+03
  2.940820E-01     7.381755E+03
  2.981772E-01     7.431987E+03
  3.023295E-01     7.482572E+03
  3.065395E-01     7.533519E+03
  3.108082E-01     7.584836E+03
  3.151363E-01     7.636524E+03
  3.195248E-01     7.688583E+03
  3.239743E-01     7.741015E+03
  3.284857E-01     7.793819E+03
  3.330600E-01     7.846997E+03
  3.376980E-01     7.900550E+03
  3.424006E-01     7.954479E+03
  3.471687E-01     8.008784E+03
  3.520031E-01     8.063468E+03
  3.569049E-01     8.118531E+03
  3.618750E-01     8.173967E+03
  3.669142E-01     8.229773E+03
  3.720237E-01     8.285942E+03
  3.772042E-01     8.342469E+03
  3.824570E-01     8.399347E+03
  3.877828E-01     8.456570E+03
  3.931829E-01     8.514132E+03
  3.986581E-01     8.572024E+03
  4.042096E-01     8.630239E+03
  4.098384E-01     8.688769E+03
  4.155455E-01     8.747605E+03
  4.213322E-01     8.806738E+03
  4.271994E-01     8.866158E+03
  4.331483E-01     8.925855E+03
  4.391801E-01     8.985818E+03
  4.452959E-01     9.046036E+03
  4.514968E-01     9.106498E+03
  4.577841E-01     9.167191E+03
  4.641589E-01     9.228102E+03
  4.706225E-01     9.289218E+03
  4.771761E-01     9.350528E+03
  4.838210E-01     9.412021E+03
  4.905584E-01     9.473685E+03
  4.973896E-01     9.535508E+03
  5.043159E-01     9.597478E+03
  5.113388E-01     9.659582E+03
  5.184594E-01     9.721807E+03
  5.256791E-01     9.784141E+03
  5.329994E-01     9.846568E+03
  5.404216E-01     9.909075E+03
  5.479472E-01     9.971652E+03
  5.555776E-01     1.003429E+04
  5.633143E-01     1.009696E+04
  5.711586E-01     1.015968E+04
  5.791123E-01     1.022242E+04
  5.871766E-01     1.028517E+04
  5.953533E-01     1.034792E+04
  6.036439E-01     1.041065E+04
  6.120498E-01     1.047337E+04
  6.205729E-01     1.053606E+04
  6.292146E-01     1.059870E+04
  6.379767E-01     1.066129E+04
  6.468608E-01     1.072381E+04
  6.558686E-01     1.078627E+04
  6.650018E-01     1.084865E+04
  6.742622E-01     1.091094E+04
  6.836516E-01     1.097314E+04
  6.931717E-01     1.103524E+04
  7.028244E-01     1.109723E+04
  7.126115E-01     1.115912E+04
  7.225349E-01     1.122088E+04
  7.325965E-01     1.128251E+04
  7.427982E-01     1.134402E+04
  7.531420E-01     1.140538E+04
  7.636298E-01     1.146660E+04
  7.742637E-01     1.152767E+04
  7.850456E-01     1.158858E+04
  7.959777E-01     1.164934E+04
  8.070620E-01     1.170994E+04
  8.183007E-01     1.177038E+04
  8.296959E-01     1.183066E+04
  8.412497E-01     1.189077E+04
  8.529644E-01     1.195070E+04
  8.648423E-01     1.201045E+04
  8.768856E-01     1.207001E+04
  8.890966E-01     1.212938E+04
  9.014776E-01     1.218856E+04
  9.140311E-01     1.224754E+04
  9.267593E-01     1.230632E+04
  9.396648E-01     1.236490E+04
  9.527500E-01     1.242329E+04
  9.660175E-01     1.248147E+04
  9.794697E-01     1.253943E+04
  9.931092E-01     1.259718E+04
  1.006939E+00     1.265470E+04
  1.020961E+00     1.271199E+04
  1.035178E+00     1.276904E+04
  1.049593E+00     1.282586E+04
  1.064209E+00     1.288244E+04
  1.079029E+00     1.293879E+04
  1.094055E+00     1.299489E+04
  1.109290E+00     1.305075E+04
  1.124737E+00     1.310634E+04
  1.140400E+00     1.316167E+04
  1.156280E+00     1.321672E+04
  1.172382E+00     1.327150E+04
  1.188708E+00     1.332598E+04
  1.205261E+00     1.338018E+04
  1.222045E+00     1.343408E+04
  1.239062E+00     1.348768E+04
  1.256317E+00     1.354098E+04
  1.273811E+00     1.359397E+04
  1.291550E+00     1.364663E+04
  1.309535E+00     1.369897E+04
  1.327771E+00     1.375096E+04
  1.346261E+00     1.380260E+04
  1.365008E+00     1.385389E+04
  1.384016E+00     1.390481E+04
  1.403289E+00     1.395537E+04
  1.422830E+00     1.400557E+04
  1.442644E+00     1.405538E+04
  1.462733E+00     1.410481E+04
  1.483103E+00     1.415384E+04
  1.503755E+00     1.420246E+04
  1.524696E+00     1.425067E+04
  1.545928E+00     1.429844E+04
  1.567455E+00     1.434579E+04
  1.589283E+00     1.439269E+04
  1.611414E+00     1.443914E+04
  1.633854E+00     1.448514E+04
  1.656606E+00     1.453068E+04
  1.679675E+00     1.457576E+04
  1.703065E+00     1.462035E+04
  1.726781E+00     1.466445E+04
  1.750827E+00     1.470805E+04
  1.775208E+00     1.475115E+04
  1.799929E+00     1.479373E+04
  1.824993E+00     1.483578E+04
  1.850407E+00     1.487731E+04
  1.876175E+00     1.491831E+04
  1.902301E+00     1.495878E+04
  1.928792E+00     1.499870E+04
  1.955651E+00     1.503807E+04
  1.982884E+00     1.507688E+04
  2.010496E+00     1.511512E+04
  2.038493E+00     1.515278E+04
  2.066880E+00     1.518985E+04
  2.095662E+00     1.522635E+04
  2.124845E+00     1.526225E+04
  2.154435E+00     1.529756E+04
  2.184436E+00     1.533229E+04
  2.214855E+00     1.536641E+04
  2.245698E+00     1.539993E+04
  2.276970E+00     1.543284E+04
  2.308678E+00     1.546513E+04
  2.340827E+00     1.549680E+04
  2.373424E+00     1.552784E+04
  2.406475E+00     1.555826E+04
  2.439986E+00     1.558805E+04
  2.473964E+00     1.561722E+04
  2.508415E+00     1.564576E+04
  2.543346E+00     1.567368E+04
  2.578763E+00     1.570097E+04
  2.614673E+00     1.572763E+04
  2.651084E+00     1.575364E+04
  2.688001E+00     1.577901E+04
  2.725433E+00     1.580374E+04
  2.763385E+00     1.582783E+04
  2.801867E+00     1.585127E+04
  2.840884E+00     1.587409E+04
  2.880444E+00     1.589628E+04
  2.920556E+00     1.591785E+04
  2.961225E+00     1.593877E+04
  3.002462E+00     1.595906E+04
  3.044272E+00     1.597871E+04
  3.086665E+00     1.599771E+04
  3.129648E+00     1.601607E+04
  3.173230E+00     1.603379E+04
  3.217418E+00     1.605086E+04
  3.262222E+00     1.606730E+04
  3.307650E+00     1.608312E+04
  3.353710E+00     1.609830E+04
  3.400412E+00     1.611286E+04
  3.447764E+00     1.612678E+04
  3.495776E+00     1.614006E+04
  3.544456E+00     1.615272E+04
  3.593814E+00     1.616474E+04
  3.643859E+00     1.617614E+04
  3.694601E+00     1.618692E+04
  3.746050E+00     1.619709E+04
  3.798215E+00     1.620665E+04
  3.851107E+00     1.621562E+04
  3.904735E+00     1.622399E+04
  3.959110E+00     1.623175E+04
  4.014242E+00     1.623891E+04
  4.070142E+00     1.624547E+04
  4.126821E+00     1.625142E+04
  4.184289E+00     1.625677E+04
  4.242556E+00     1.626153E+04
  4.301636E+00     1.626570E+04
  4.361538E+00     1.626929E+04
  4.422274E+00     1.627231E+04
  4.483856E+00     1.627475E+04
  4.546295E+00     1.627661E+04
  4.609604E+00     1.627789E+04
  4.673795E+00     1.627858E+04
  4.738880E+00     1.627870E+04
  4.804870E+00     1.627824E+04
  4.871780E+00     1.627720E+04
  4.939622E+00     1.627560E+04
  5.008408E+00     1.627343E+04
  5.078152E+00     1.627071E+04
  5.148867E+00     1.626743E+04
  5.220568E+00     1.626359E+04
  5.293266E+00     1.625918E+04
  5.366977E+00     1.625421E+04
  5.441714E+00     1.624867E+04
  5.517492E+00     1.624257E+04
  5.594326E+00     1.623592E+04
  5.672229E+00     1.622871E+04
  5.751217E+00     1.622095E+04
  5.831305E+00     1.621265E+04
  5.912508E+00     1.620380E+04
  5.994843E+00     1.619440E+04
  6.078323E+00     1.618445E+04
  6.162966E+00     1.617395E+04
  6.248788E+00     1.616289E+04
  6.335805E+00     1.615129E+04
  6.424034E+00     1.613914E+04
  6.513491E+00     1.612644E+04
  6.604194E+00     1.611321E+04
  6.696160E+00     1.609945E+04
  6.789407E+00     1.608514E+04
  6.883952E+00     1.607030E+04
  6.979814E+00     1.605492E+04
  7.077011E+00     1.603899E+04
  7.175561E+00     1.602253E+04
  7.275484E+00     1.600552E+04
  7.376798E+00     1.598797E+04
  7.479523E+00     1.596989E+04
  7.583678E+00     1.595127E+04
  7.689284E+00     1.593213E+04
  7.796360E+00     1.591246E+04
  7.904928E+00     1.589225E+04
  8.015007E+00     1.587151E+04
  8.126619E+00     1.585023E+04
  8.239786E+00     1.582841E+04
  8.354528E+00     1.580605E+04
  8.470868E+00     1.578316E+04
  8.588829E+00     1.575973E+04
  8.708431E+00     1.573577E+04
  8.829700E+00     1.571128E+04
  8.952657E+00     1.568625E+04
  9.077327E+00     1.566069E+04
  9.203732E+00     1.563460E+04
  9.331898E+00     1.560796E+04
  9.461848E+00     1.558079E+04
  9.593608E+00     1.555307E+04
  9.727203E+00     1.552482E+04
  9.862658E+00     1.549603E+04
  1.000000E+01     1.546671E+04
  1.013925E+01     1.543685E+04
  1.028045E+01     1.540646E+04
  1.042361E+01     1.537553E+04
  1.056876E+01     1.534407E+04
  1.071593E+01     1.531207E+04
  1.086516E+01     1.527954E+04
  1.101646E+01     1.524648E+04
  1.116987E+01     1.521288E+04
  1.132541E+01     1.517875E+04
  1.148312E+01     1.514410E+04
  1.164303E+01     1.510893E+04
  1.180517E+01     1.507324E+04
  1.196956E+01     1.503702E+04
  1.213624E+01     1.500028E+04
  1.230524E+01     1.496302E+04
  1.247660E+01     1.492523E+04
  1.265034E+01     1.488693E+04
  1.282650E+01     1.484810E+04
  1.300511E+01     1.480875E+04
  1.318621E+01     1.476889E+04
  1.336984E+01     1.472851E+04
  1.355602E+01     1.468763E+04
  1.374479E+01     1.464623E+04
  1.393619E+01     1.460432E+04
  1.413026E+01     1.456189E+04
  1.432703E+01     1.451896E+04
  1.452654E+01     1.447552E+04
  1.472883E+01     1.443157E+04
  1.493393E+01     1.438712E+04
  1.514189E+01     1.434218E+04
  1.535275E+01     1.429673E+04
  1.556654E+01     1.425079E+04
  1.578331E+01     1.420437E+04
  1.600310E+01     1.415745E+04
  1.622595E+01     1.411004E+04
  1.645191E+01     1.406215E+04
  1.668101E+01     1.401378E+04
  1.691330E+01     1.396493E+04
  1.714882E+01     1.391561E+04
  1.738762E+01     1.386582E+04
  1.762975E+01     1.381558E+04
  1.787526E+01     1.376487E+04
  1.812418E+01     1.371371E+04
  1.837656E+01     1.366209E+04
  1.863246E+01     1.361003E+04
  1.889193E+01     1.355751E+04
  1.915501E+01     1.350456E+04
  1.942175E+01     1.345116E+04
  1.969220E+01     1.339733E+04
  1.996642E+01     1.334307E+04
  2.024447E+01     1.328839E+04
  2.052638E+01     1.323328E+04
  2.081222E+01     1.317776E+04
  2.110203E+01     1.312183E+04
  2.139589E+01     1.306549E+04
  2.169384E+01     1.300875E+04
  2.199593E+01     1.295162E+04
  2.230223E+01     1.289410E+04
  2.261280E+01     1.283620E+04
  2.292769E+01     1.277793E+04
  2.324697E+01     1.271928E+04
  2.357069E+01     1.266028E+04
  2.389893E+01     1.260093E+04
  2.423173E+01     1.254122E+04
  2.456916E+01     1.248117E+04
  2.491130E+01     1.242078E+04
  2.525820E+01     1.236006E+04
  2.560993E+01     1.229900E+04
  2.596656E+01     1.223762E+04
  2.632815E+01     1.217593E+04
  2.669478E+01     1.211392E+04
  2.706652E+01     1.205161E+04
  2.744343E+01     1.198900E+04
  2.782559E+01     1.192610E+04
  2.821308E+01     1.186291E+04
  2.860596E+01     1.179945E+04
  2.900430E+01     1.173572E+04
  2.940820E+01     1.167172E+04
  2.981772E+01     1.160747E+04
  3.023295E+01     1.154298E+04
  3.065395E+01     1.147824E+04
  3.108082E+01     1.141328E+04
  3.151363E+01     1.134809E+04
  3.195248E+01     1.128270E+04
  3.239743E+01     1.121709E+04
  3.284857E+01     1.115129E+04
  3.330600E+01     1.108531E+04
  3.376980E+01     1.101915E+04
  3.424006E+01     1.095281E+04
  3.471687E+01     1.088632E+04
  3.520031E+01     1.081968E+04
  3.569049E+01     1.075290E+04
  3.618750E+01     1.068598E+04
  3.669142E+01     1.061894E+04
  3.720237E+01     1.055179E+04
  3.772042E+01     1.048453E+04
  3.824570E+01     1.041717E+04
  3.877828E+01     1.034972E+04
  3.931829E+01     1.028219E+04
  3.986581E+01     1.021459E+04
  4.042096E+01     1.014692E+04
  4.098384E+01     1.007919E+04
  4.155455E+01     1.001142E+04
  4.213322E+01     9.943604E+03
  4.271994E+01     9.875760E+03
  4.331483E+01     9.807895E+03
  4.391801E+01     9.740018E+03
  4.452959E+01     9.672137E+03
  4.514968E+01     9.604260E+03
  4.577841E+01     9.536395E+03
  4.641589E+01     9.468548E+03
  4.706225E+01     9.400727E+03
  4.771761E+01     9.332943E+03
  4.838210E+01     9.265206E+03
  4.905584E+01     9.197527E+03
  4.973896E+01     9.129916E+03
  5.043159E+01     9.062384E+03
  5.113388E+01     8.994940E+03
  5.184594E+01     8.927593E+03
  5.256791E+01     8.860352E+03
  5.329994E+01     8.793225E+03
  5.404216E+01     8.726219E+03
  5.479472E+01     8.659343E+03
  5.555776E+01     8.592607E+03
  5.633143E+01     8.526017E+03
  5.711586E+01     8.459583E+03
  5.791123E+01     8.393310E+03
  5.871766E+01     8.327204E+03
  5.953533E+01     8.261269E+03
  6.036439E+01     8.195511E+03
  6.120498E+01     8.129930E+03
  6.205729E+01     8.064531E+03
  6.292146E+01     7.999322E+03
  6.379767E+01     7.934315E+03
  6.468608E+01     7.869523E+03
  6.558686E+01     7.804957E+03
  6.650018E+01     7.740627E+03
  6.742622E+01     7.676545E+03
  6.836516E+01     7.612719E+03
  6.931717E+01     7.549158E+03
  7.028244E+01     7.485870E+03
  7.126115E+01     7.422863E+03
  7.225349E+01     7.360142E+03
  7.325965E+01     7.297715E+03
  7.427982E+01     7.235588E+03
  7.531420E+01     7.173765E+03
  7.636298E+01     7.112250E+03
  7.742637E+01     7.051045E+03
  7.850456E+01     6.990150E+03
  7.959777E+01     6.929563E+03
  8.070620E+01     6.869282E+03
  8.183007E+01     6.809302E+03
  8.296959E+01     6.749629E+03
  8.412497E+01     6.690274E+03
  8.529644E+01     6.631249E+03
  8.648423E+01     6.572564E+03
  8.768856E+01     6.514229E+03
  8.890966E+01     6.456254E+03
  9.014776E+01     6.398645E+03
  9.140311E+01     6.341411E+03
  9.267593E+01     6.284555E+03
  9.396648E+01     6.228085E+03
  9.527500E+01     6.172003E+03
  9.660175E+01     6.116318E+03
  9.794697E+01     6.061035E+03
  9.931092E+01     6.006157E+03
  1.006939E+02     5.951686E+03
  1.020961E+02     5.897624E+03
  1.035178E+02     5.843970E+03
  1.049593E+02     5.790720E+03
  1.064209E+02     5.737871E+03
  1.079029E+02     5.685416E+03
  1.094055E+02     5.633354E+03
  1.109290E+02     5.581692E+03
  1.124737E+02     5.530438E+03
  1.140400E+02     5.479597E+03
  1.156280E+02     5.429174E+03
  1.172382E+02     5.379173E+03
  1.188708E+02     5.329594E+03
  1.205261E+02     5.280438E+03
  1.222045E+02     5.231703E+03
  1.239062E+02     5.183386E+03
  1.256317E+02     5.135487E+03
  1.273811E+02     5.088012E+03
  1.291550E+02     5.040968E+03
  1.309535E+02     4.994358E+03
  1.327771E+02     4.948186E+03
  1.346261E+02     4.902453E+03
  1.365008E+02     4.857161E+03
  1.384016E+02     4.812307E+03
  1.403289E+02     4.767888E+03
  1.422830E+02     4.723899E+03
  1.442644E+02     4.680337E+03
  1.462733E+02     4.637207E+03
  1.483103E+02     4.594511E+03
  1.503755E+02     4.552253E+03
  1.524696E+02     4.510434E+03
  1.545928E+02     4.469051E+03
  1.567455E+02     4.428104E+03
  1.589283E+02     4.387588E+03
  1.611414E+02     4.347496E+03
  1.633854E+02     4.307821E+03
  1.656606E+02     4.268556E+03
  1.679675E+02     4.229705E+03
  1.703065E+02     4.191271E+03
  1.726781E+02     4.153258E+03
  1.750827E+02     4.115667E+03
  1.775208E+02     4.078498E+03
  1.799929E+02     4.041749E+03
  1.824993E+02     4.005416E+03
  1.850407E+02     3.969496E+03
  1.876175E+02     3.933980E+03
  1.902301E+02     3.898863E+03
  1.928792E+02     3.864146E+03
  1.955651E+02     3.829834E+03
  1.982884E+02     3.795927E+03
  2.010496E+02     3.762426E+03
  2.038493E+02     3.729329E+03
  2.066880E+02     3.696634E+03
  2.095662E+02     3.664337E+03
  2.124845E+02     3.632432E+03
  2.154435E+02     3.600910E+03
  2.184436E+02     3.569764E+03
  2.214855E+02     3.538995E+03
  2.245698E+02     3.508605E+03
  2.276970E+02     3.478596E+03
  2.308678E+02     3.448967E+03
  2.340827E+02     3.419717E+03
  2.373424E+02     3.390844E+03
  2.406475E+02     3.362342E+03
  2.439986E+02     3.334205E+03
  2.473964E+02     3.306427E+03
  2.508415E+02     3.278998E+03
  2.543346E+02     3.251919E+03
  2.578763E+02     3.225191E+03
  2.614673E+02     3.198815E+03
  2.651084E+02     3.172791E+03
  2.688001E+02     3.147117E+03
  2.725433E+02     3.121789E+03
  2.763385E+02     3.096804E+03
  2.801867E+02     3.072154E+03
  2.840884E+02     3.047833E+03
  2.880444E+02     3.023833E+03
  2.920556E+02     3.000151E+03
  2.961225E+02     2.976790E+03
  3.002462E+02     2.953749E+03
  3.044272E+02     2.931030E+03
  3.086665E+02     2.908628E+03
  3.129648E+02     2.886543E+03
  3.173230E+02     2.864770E+03
  3.217418E+02     2.843303E+03
  3.262222E+02     2.822135E+03
  3.307650E+02     2.801259E+03
  3.353710E+02     2.780672E+03
  3.400412E+02     2.760375E+03
  3.447764E+02     2.740369E+03
  3.495776E+02     2.720654E+03
  3.544456E+02     2.701227E+03
  3.593814E+02     2.682086E+03
  3.643859E+02     2.663227E+03
  3.694601E+02     2.644645E+03
  3.746050E+02     2.626333E+03
  3.798215E+02     2.608284E+03
  3.851107E+02     2.590495E+03
  3.904735E+02     2.572968E+03
  3.959110E+02     2.555701E+03
  4.014242E+02     2.538696E+03
  4.070142E+02     2.521950E+03
  4.126821E+02     2.505460E+03
  4.184289E+02     2.489223E+03
  4.242556E+02     2.473235E+03
  4.301636E+02     2.457489E+03
  4.361538E+02     2.441979E+03
  4.422274E+02     2.426701E+03
  4.483856E+02     2.411656E+03
  4.546295E+02     2.396845E+03
  4.609604E+02     2.382266E+03
  4.673795E+02     2.367920E+03
  4.738880E+02     2.353803E+03
  4.804870E+02     2.339912E+03
  4.871780E+02     2.326244E+03
  4.939622E+02     2.312793E+03
  5.008408E+02     2.299554E+03
  5.078152E+02     2.286522E+03
  5.148867E+02     2.273699E+03
  5.220568E+02     2.261085E+03
  5.293266E+02     2.248678E+03
  5.366977E+02     2.236478E+03
  5.441714E+02     2.224483E+03
  5.517492E+02     2.212690E+03
  5.594326E+02     2.201094E+03
  5.672229E+02     2.189692E+03
  5.751217E+02     2.178478E+03
  5.831305E+02     2.167448E+03
  5.912508E+02     2.156602E+03
  5.994843E+02     2.145941E+03
  6.078323E+02     2.135463E+03
  6.162966E+02     2.125169E+03
  6.248788E+02     2.115056E+03
  6.335805E+02     2.105122E+03
  6.424034E+02     2.095364E+03
  6.513491E+02     2.085777E+03
  6.604194E+02     2.076357E+03
  6.696160E+02     2.067099E+03
  6.789407E+02     2.058005E+03
  6.883952E+02     2.049072E+03
  6.979814E+02     2.040302E+03
  7.077011E+02     2.031692E+03
  7.175561E+02     2.023240E+03
  7.275484E+02     2.014943E+03
  7.376798E+02     2.006799E+03
  7.479523E+02     1.998804E+03
  7.583678E+02     1.990951E+03
  7.689284E+02     1.983238E+03
  7.796360E+02     1.975668E+03
  7.904928E+02     1.968241E+03
  8.015007E+02     1.960962E+03
  8.126619E+02     1.953831E+03
  8.239786E+02     1.946852E+03
  8.354528E+02     1.940024E+03
  8.470868E+02     1.933351E+03
  8.588829E+02     1.926832E+03
  8.708431E+02     1.920468E+03
  8.829700E+02     1.914256E+03
  8.952657E+02     1.908184E+03
  9.077327E+02     1.902235E+03
  9.203732E+02     1.896391E+03
  9.331898E+02     1.890633E+03
  9.461848E+02     1.884939E+03
  9.593608E+02     1.879285E+03
  9.727203E+02     1.873645E+03
  9.862658E+02     1.867989E+03
  1.000000E+03     1.862289E+03
