FILE CREATED BY  : PROGRAM DPASS - VERSION 2.00
DATABASE VERSION : 21.06
DATE AND TIME    : 10/08/2022 00:22:27
PROJECTILE       : Ta
TARGET           : Na
TARGET AT. MASS  : 2.298977E+01
TARGET DENSITY   : 9.710000E-01 g/cm^3
TABULATED OUTPUT : STOPPING FORCE VERSUS ENERGY
DATA TYPE        : SPLINE INTERPOLATED
ABSCISSA UNITS   : MeV/u
ORDINATE UNITS   : eV/nm


      E/n             S(E/n)

  1.000000E-03     2.177713E+02
  1.013925E-03     2.192858E+02
  1.028045E-03     2.208203E+02
  1.042361E-03     2.223741E+02
  1.056876E-03     2.239463E+02
  1.071593E-03     2.255360E+02
  1.086516E-03     2.271419E+02
  1.101646E-03     2.287631E+02
  1.116987E-03     2.303980E+02
  1.132541E-03     2.320455E+02
  1.148312E-03     2.337039E+02
  1.164303E-03     2.353719E+02
  1.180517E-03     2.370494E+02
  1.196956E-03     2.387366E+02
  1.213624E-03     2.404341E+02
  1.230524E-03     2.421422E+02
  1.247660E-03     2.438614E+02
  1.265034E-03     2.455922E+02
  1.282650E-03     2.473352E+02
  1.300511E-03     2.490911E+02
  1.318621E-03     2.508604E+02
  1.336984E-03     2.526439E+02
  1.355602E-03     2.544417E+02
  1.374479E-03     2.562539E+02
  1.393619E-03     2.580804E+02
  1.413026E-03     2.599212E+02
  1.432703E-03     2.617762E+02
  1.452654E-03     2.636456E+02
  1.472883E-03     2.655292E+02
  1.493393E-03     2.674271E+02
  1.514189E-03     2.693392E+02
  1.535275E-03     2.712655E+02
  1.556654E-03     2.732060E+02
  1.578331E-03     2.751610E+02
  1.600310E-03     2.771304E+02
  1.622595E-03     2.791145E+02
  1.645191E-03     2.811134E+02
  1.668101E-03     2.831272E+02
  1.691330E-03     2.851562E+02
  1.714882E-03     2.872005E+02
  1.738762E-03     2.892604E+02
  1.762975E-03     2.913361E+02
  1.787526E-03     2.934277E+02
  1.812418E-03     2.955354E+02
  1.837656E-03     2.976591E+02
  1.863246E-03     2.997990E+02
  1.889193E-03     3.019553E+02
  1.915501E-03     3.041280E+02
  1.942175E-03     3.063172E+02
  1.969220E-03     3.085232E+02
  1.996642E-03     3.107459E+02
  2.024447E-03     3.129857E+02
  2.052638E-03     3.152426E+02
  2.081222E-03     3.175168E+02
  2.110203E-03     3.198084E+02
  2.139589E-03     3.221174E+02
  2.169384E-03     3.244442E+02
  2.199593E-03     3.267888E+02
  2.230223E-03     3.291513E+02
  2.261280E-03     3.315321E+02
  2.292769E-03     3.339312E+02
  2.324697E-03     3.363489E+02
  2.357069E-03     3.387854E+02
  2.389893E-03     3.412408E+02
  2.423173E-03     3.437153E+02
  2.456916E-03     3.462088E+02
  2.491130E-03     3.487217E+02
  2.525820E-03     3.512539E+02
  2.560993E-03     3.538057E+02
  2.596656E-03     3.563773E+02
  2.632815E-03     3.589689E+02
  2.669478E-03     3.615806E+02
  2.706652E-03     3.642126E+02
  2.744343E-03     3.668651E+02
  2.782559E-03     3.695383E+02
  2.821308E-03     3.722323E+02
  2.860596E-03     3.749472E+02
  2.900430E-03     3.776834E+02
  2.940820E-03     3.804410E+02
  2.981772E-03     3.832202E+02
  3.023295E-03     3.860213E+02
  3.065395E-03     3.888446E+02
  3.108082E-03     3.916903E+02
  3.151363E-03     3.945585E+02
  3.195248E-03     3.974494E+02
  3.239743E-03     4.003631E+02
  3.284857E-03     4.032998E+02
  3.330600E-03     4.062596E+02
  3.376980E-03     4.092427E+02
  3.424006E-03     4.122494E+02
  3.471687E-03     4.152798E+02
  3.520031E-03     4.183341E+02
  3.569049E-03     4.214127E+02
  3.618750E-03     4.245155E+02
  3.669142E-03     4.276429E+02
  3.720237E-03     4.307951E+02
  3.772042E-03     4.339721E+02
  3.824570E-03     4.371744E+02
  3.877828E-03     4.404020E+02
  3.931829E-03     4.436553E+02
  3.986581E-03     4.469345E+02
  4.042096E-03     4.502399E+02
  4.098384E-03     4.535719E+02
  4.155455E-03     4.569306E+02
  4.213322E-03     4.603161E+02
  4.271994E-03     4.637288E+02
  4.331483E-03     4.671687E+02
  4.391801E-03     4.706361E+02
  4.452959E-03     4.741313E+02
  4.514968E-03     4.776545E+02
  4.577841E-03     4.812059E+02
  4.641589E-03     4.847858E+02
  4.706225E-03     4.883946E+02
  4.771761E-03     4.920324E+02
  4.838210E-03     4.956995E+02
  4.905584E-03     4.993960E+02
  4.973896E-03     5.031222E+02
  5.043159E-03     5.068784E+02
  5.113388E-03     5.106648E+02
  5.184594E-03     5.144818E+02
  5.256791E-03     5.183295E+02
  5.329994E-03     5.222084E+02
  5.404216E-03     5.261188E+02
  5.479472E-03     5.300609E+02
  5.555776E-03     5.340349E+02
  5.633143E-03     5.380411E+02
  5.711586E-03     5.420796E+02
  5.791123E-03     5.461507E+02
  5.871766E-03     5.502546E+02
  5.953533E-03     5.543917E+02
  6.036439E-03     5.585622E+02
  6.120498E-03     5.627665E+02
  6.205729E-03     5.670048E+02
  6.292146E-03     5.712775E+02
  6.379767E-03     5.755847E+02
  6.468608E-03     5.799267E+02
  6.558686E-03     5.843038E+02
  6.650018E-03     5.887162E+02
  6.742622E-03     5.931643E+02
  6.836516E-03     5.976483E+02
  6.931717E-03     6.021686E+02
  7.028244E-03     6.067256E+02
  7.126115E-03     6.113195E+02
  7.225349E-03     6.159508E+02
  7.325965E-03     6.206197E+02
  7.427982E-03     6.253262E+02
  7.531420E-03     6.300709E+02
  7.636298E-03     6.348537E+02
  7.742637E-03     6.396752E+02
  7.850456E-03     6.445356E+02
  7.959777E-03     6.494351E+02
  8.070620E-03     6.543742E+02
  8.183007E-03     6.593532E+02
  8.296959E-03     6.643724E+02
  8.412497E-03     6.694321E+02
  8.529644E-03     6.745324E+02
  8.648423E-03     6.796737E+02
  8.768856E-03     6.848562E+02
  8.890966E-03     6.900803E+02
  9.014776E-03     6.953462E+02
  9.140311E-03     7.006543E+02
  9.267593E-03     7.060049E+02
  9.396648E-03     7.113985E+02
  9.527500E-03     7.168353E+02
  9.660175E-03     7.223157E+02
  9.794697E-03     7.278397E+02
  9.931092E-03     7.334077E+02
  1.006939E-02     7.390199E+02
  1.020961E-02     7.446767E+02
  1.035178E-02     7.503783E+02
  1.049593E-02     7.561251E+02
  1.064209E-02     7.619174E+02
  1.079029E-02     7.677556E+02
  1.094055E-02     7.736400E+02
  1.109290E-02     7.795709E+02
  1.124737E-02     7.855484E+02
  1.140400E-02     7.915728E+02
  1.156280E-02     7.976445E+02
  1.172382E-02     8.037636E+02
  1.188708E-02     8.099305E+02
  1.205261E-02     8.161455E+02
  1.222045E-02     8.224090E+02
  1.239062E-02     8.287214E+02
  1.256317E-02     8.350829E+02
  1.273811E-02     8.414938E+02
  1.291550E-02     8.479543E+02
  1.309535E-02     8.544646E+02
  1.327771E-02     8.610250E+02
  1.346261E-02     8.676358E+02
  1.365008E-02     8.742972E+02
  1.384016E-02     8.810096E+02
  1.403289E-02     8.877732E+02
  1.422830E-02     8.945886E+02
  1.442644E-02     9.014559E+02
  1.462733E-02     9.083753E+02
  1.483103E-02     9.153471E+02
  1.503755E-02     9.223713E+02
  1.524696E-02     9.294482E+02
  1.545928E-02     9.365780E+02
  1.567455E-02     9.437609E+02
  1.589283E-02     9.509971E+02
  1.611414E-02     9.582870E+02
  1.633854E-02     9.656308E+02
  1.656606E-02     9.730288E+02
  1.679675E-02     9.804812E+02
  1.703065E-02     9.879881E+02
  1.726781E-02     9.955496E+02
  1.750827E-02     1.003166E+03
  1.775208E-02     1.010838E+03
  1.799929E-02     1.018564E+03
  1.824993E-02     1.026347E+03
  1.850407E-02     1.034185E+03
  1.876175E-02     1.042080E+03
  1.902301E-02     1.050031E+03
  1.928792E-02     1.058038E+03
  1.955651E-02     1.066103E+03
  1.982884E-02     1.074224E+03
  2.010496E-02     1.082403E+03
  2.038493E-02     1.090638E+03
  2.066880E-02     1.098932E+03
  2.095662E-02     1.107283E+03
  2.124845E-02     1.115692E+03
  2.154435E-02     1.124159E+03
  2.184436E-02     1.132685E+03
  2.214855E-02     1.141269E+03
  2.245698E-02     1.149913E+03
  2.276970E-02     1.158615E+03
  2.308678E-02     1.167377E+03
  2.340827E-02     1.176198E+03
  2.373424E-02     1.185079E+03
  2.406475E-02     1.194020E+03
  2.439986E-02     1.203021E+03
  2.473964E-02     1.212083E+03
  2.508415E-02     1.221206E+03
  2.543346E-02     1.230390E+03
  2.578763E-02     1.239636E+03
  2.614673E-02     1.248943E+03
  2.651084E-02     1.258311E+03
  2.688001E-02     1.267742E+03
  2.725433E-02     1.277234E+03
  2.763385E-02     1.286788E+03
  2.801867E-02     1.296406E+03
  2.840884E-02     1.306086E+03
  2.880444E-02     1.315829E+03
  2.920556E-02     1.325636E+03
  2.961225E-02     1.335507E+03
  3.002462E-02     1.345441E+03
  3.044272E-02     1.355439E+03
  3.086665E-02     1.365501E+03
  3.129648E-02     1.375627E+03
  3.173230E-02     1.385818E+03
  3.217418E-02     1.396074E+03
  3.262222E-02     1.406395E+03
  3.307650E-02     1.416782E+03
  3.353710E-02     1.427235E+03
  3.400412E-02     1.437754E+03
  3.447764E-02     1.448339E+03
  3.495776E-02     1.458990E+03
  3.544456E-02     1.469708E+03
  3.593814E-02     1.480493E+03
  3.643859E-02     1.491346E+03
  3.694601E-02     1.502266E+03
  3.746050E-02     1.513255E+03
  3.798215E-02     1.524312E+03
  3.851107E-02     1.535439E+03
  3.904735E-02     1.546635E+03
  3.959110E-02     1.557900E+03
  4.014242E-02     1.569233E+03
  4.070142E-02     1.580636E+03
  4.126821E-02     1.592108E+03
  4.184289E-02     1.603650E+03
  4.242556E-02     1.615261E+03
  4.301636E-02     1.626941E+03
  4.361538E-02     1.638692E+03
  4.422274E-02     1.650513E+03
  4.483856E-02     1.662405E+03
  4.546295E-02     1.674369E+03
  4.609604E-02     1.686405E+03
  4.673795E-02     1.698513E+03
  4.738880E-02     1.710695E+03
  4.804870E-02     1.722952E+03
  4.871780E-02     1.735285E+03
  4.939622E-02     1.747695E+03
  5.008408E-02     1.760183E+03
  5.078152E-02     1.772750E+03
  5.148867E-02     1.785396E+03
  5.220568E-02     1.798122E+03
  5.293266E-02     1.810927E+03
  5.366977E-02     1.823812E+03
  5.441714E-02     1.836778E+03
  5.517492E-02     1.849824E+03
  5.594326E-02     1.862951E+03
  5.672229E-02     1.876159E+03
  5.751217E-02     1.889450E+03
  5.831305E-02     1.902823E+03
  5.912508E-02     1.916279E+03
  5.994843E-02     1.929818E+03
  6.078323E-02     1.943440E+03
  6.162966E-02     1.957145E+03
  6.248788E-02     1.970934E+03
  6.335805E-02     1.984806E+03
  6.424034E-02     1.998763E+03
  6.513491E-02     2.012805E+03
  6.604194E-02     2.026932E+03
  6.696160E-02     2.041146E+03
  6.789407E-02     2.055446E+03
  6.883952E-02     2.069835E+03
  6.979814E-02     2.084312E+03
  7.077011E-02     2.098879E+03
  7.175561E-02     2.113538E+03
  7.275484E-02     2.128289E+03
  7.376798E-02     2.143135E+03
  7.479523E-02     2.158077E+03
  7.583678E-02     2.173117E+03
  7.689284E-02     2.188256E+03
  7.796360E-02     2.203497E+03
  7.904928E-02     2.218840E+03
  8.015007E-02     2.234287E+03
  8.126619E-02     2.249840E+03
  8.239786E-02     2.265499E+03
  8.354528E-02     2.281267E+03
  8.470868E-02     2.297146E+03
  8.588829E-02     2.313138E+03
  8.708431E-02     2.329245E+03
  8.829700E-02     2.345471E+03
  8.952657E-02     2.361814E+03
  9.077327E-02     2.378275E+03
  9.203732E-02     2.394853E+03
  9.331898E-02     2.411550E+03
  9.461848E-02     2.428365E+03
  9.593608E-02     2.445297E+03
  9.727203E-02     2.462348E+03
  9.862658E-02     2.479516E+03
  1.000000E-01     2.496803E+03
  1.013925E-01     2.514208E+03
  1.028045E-01     2.531729E+03
  1.042361E-01     2.549365E+03
  1.056876E-01     2.567115E+03
  1.071593E-01     2.584976E+03
  1.086516E-01     2.602946E+03
  1.101646E-01     2.621023E+03
  1.116987E-01     2.639204E+03
  1.132541E-01     2.657489E+03
  1.148312E-01     2.675872E+03
  1.164303E-01     2.694353E+03
  1.180517E-01     2.712929E+03
  1.196956E-01     2.731599E+03
  1.213624E-01     2.750359E+03
  1.230524E-01     2.769209E+03
  1.247660E-01     2.788145E+03
  1.265034E-01     2.807166E+03
  1.282650E-01     2.826270E+03
  1.300511E-01     2.845454E+03
  1.318621E-01     2.864716E+03
  1.336984E-01     2.884053E+03
  1.355602E-01     2.903465E+03
  1.374479E-01     2.922950E+03
  1.393619E-01     2.942510E+03
  1.413026E-01     2.962144E+03
  1.432703E-01     2.981852E+03
  1.452654E-01     3.001633E+03
  1.472883E-01     3.021489E+03
  1.493393E-01     3.041420E+03
  1.514189E-01     3.061427E+03
  1.535275E-01     3.081511E+03
  1.556654E-01     3.101672E+03
  1.578331E-01     3.121908E+03
  1.600310E-01     3.142220E+03
  1.622595E-01     3.162606E+03
  1.645191E-01     3.183068E+03
  1.668101E-01     3.203603E+03
  1.691330E-01     3.224213E+03
  1.714882E-01     3.244898E+03
  1.738762E-01     3.265657E+03
  1.762975E-01     3.286492E+03
  1.787526E-01     3.307404E+03
  1.812418E-01     3.328396E+03
  1.837656E-01     3.349472E+03
  1.863246E-01     3.370634E+03
  1.889193E-01     3.391889E+03
  1.915501E-01     3.413239E+03
  1.942175E-01     3.434691E+03
  1.969220E-01     3.456251E+03
  1.996642E-01     3.477924E+03
  2.024447E-01     3.499719E+03
  2.052638E-01     3.521639E+03
  2.081222E-01     3.543689E+03
  2.110203E-01     3.565870E+03
  2.139589E-01     3.588188E+03
  2.169384E-01     3.610645E+03
  2.199593E-01     3.633247E+03
  2.230223E-01     3.655997E+03
  2.261280E-01     3.678902E+03
  2.292769E-01     3.701967E+03
  2.324697E-01     3.725198E+03
  2.357069E-01     3.748599E+03
  2.389893E-01     3.772170E+03
  2.423173E-01     3.795913E+03
  2.456916E-01     3.819827E+03
  2.491130E-01     3.843914E+03
  2.525820E-01     3.868173E+03
  2.560993E-01     3.892607E+03
  2.596656E-01     3.917215E+03
  2.632815E-01     3.941999E+03
  2.669478E-01     3.966960E+03
  2.706652E-01     3.992099E+03
  2.744343E-01     4.017414E+03
  2.782559E-01     4.042905E+03
  2.821308E-01     4.068573E+03
  2.860596E-01     4.094414E+03
  2.900430E-01     4.120431E+03
  2.940820E-01     4.146620E+03
  2.981772E-01     4.172983E+03
  3.023295E-01     4.199518E+03
  3.065395E-01     4.226224E+03
  3.108082E-01     4.253101E+03
  3.151363E-01     4.280147E+03
  3.195248E-01     4.307361E+03
  3.239743E-01     4.334743E+03
  3.284857E-01     4.362290E+03
  3.330600E-01     4.390001E+03
  3.376980E-01     4.417876E+03
  3.424006E-01     4.445912E+03
  3.471687E-01     4.474109E+03
  3.520031E-01     4.502465E+03
  3.569049E-01     4.530979E+03
  3.618750E-01     4.559650E+03
  3.669142E-01     4.588479E+03
  3.720237E-01     4.617466E+03
  3.772042E-01     4.646610E+03
  3.824570E-01     4.675912E+03
  3.877828E-01     4.705372E+03
  3.931829E-01     4.734990E+03
  3.986581E-01     4.764768E+03
  4.042096E-01     4.794706E+03
  4.098384E-01     4.824805E+03
  4.155455E-01     4.855066E+03
  4.213322E-01     4.885487E+03
  4.271994E-01     4.916070E+03
  4.331483E-01     4.946815E+03
  4.391801E-01     4.977721E+03
  4.452959E-01     5.008790E+03
  4.514968E-01     5.040022E+03
  4.577841E-01     5.071419E+03
  4.641589E-01     5.102982E+03
  4.706225E-01     5.134712E+03
  4.771761E-01     5.166607E+03
  4.838210E-01     5.198667E+03
  4.905584E-01     5.230890E+03
  4.973896E-01     5.263273E+03
  5.043159E-01     5.295816E+03
  5.113388E-01     5.328517E+03
  5.184594E-01     5.361375E+03
  5.256791E-01     5.394388E+03
  5.329994E-01     5.427555E+03
  5.404216E-01     5.460874E+03
  5.479472E-01     5.494344E+03
  5.555776E-01     5.527963E+03
  5.633143E-01     5.561727E+03
  5.711586E-01     5.595634E+03
  5.791123E-01     5.629683E+03
  5.871766E-01     5.663870E+03
  5.953533E-01     5.698194E+03
  6.036439E-01     5.732652E+03
  6.120498E-01     5.767242E+03
  6.205729E-01     5.801963E+03
  6.292146E-01     5.836811E+03
  6.379767E-01     5.871782E+03
  6.468608E-01     5.906872E+03
  6.558686E-01     5.942078E+03
  6.650018E-01     5.977395E+03
  6.742622E-01     6.012820E+03
  6.836516E-01     6.048349E+03
  6.931717E-01     6.083978E+03
  7.028244E-01     6.119703E+03
  7.126115E-01     6.155521E+03
  7.225349E-01     6.191425E+03
  7.325965E-01     6.227410E+03
  7.427982E-01     6.263467E+03
  7.531420E-01     6.299590E+03
  7.636298E-01     6.335771E+03
  7.742637E-01     6.372004E+03
  7.850456E-01     6.408279E+03
  7.959777E-01     6.444590E+03
  8.070620E-01     6.480928E+03
  8.183007E-01     6.517285E+03
  8.296959E-01     6.553653E+03
  8.412497E-01     6.590023E+03
  8.529644E-01     6.626385E+03
  8.648423E-01     6.662731E+03
  8.768856E-01     6.699051E+03
  8.890966E-01     6.735335E+03
  9.014776E-01     6.771574E+03
  9.140311E-01     6.807757E+03
  9.267593E-01     6.843875E+03
  9.396648E-01     6.879918E+03
  9.527500E-01     6.915875E+03
  9.660175E-01     6.951737E+03
  9.794697E-01     6.987492E+03
  9.931092E-01     7.023130E+03
  1.006939E+00     7.058641E+03
  1.020961E+00     7.094014E+03
  1.035178E+00     7.129239E+03
  1.049593E+00     7.164306E+03
  1.064209E+00     7.199203E+03
  1.079029E+00     7.233920E+03
  1.094055E+00     7.268447E+03
  1.109290E+00     7.302778E+03
  1.124737E+00     7.336904E+03
  1.140400E+00     7.370817E+03
  1.156280E+00     7.404512E+03
  1.172382E+00     7.437981E+03
  1.188708E+00     7.471219E+03
  1.205261E+00     7.504220E+03
  1.222045E+00     7.536979E+03
  1.239062E+00     7.569492E+03
  1.256317E+00     7.601751E+03
  1.273811E+00     7.633739E+03
  1.291550E+00     7.665439E+03
  1.309535E+00     7.696833E+03
  1.327771E+00     7.727904E+03
  1.346261E+00     7.758633E+03
  1.365008E+00     7.789003E+03
  1.384016E+00     7.818993E+03
  1.403289E+00     7.848586E+03
  1.422830E+00     7.877762E+03
  1.442644E+00     7.906510E+03
  1.462733E+00     7.934833E+03
  1.483103E+00     7.962741E+03
  1.503755E+00     7.990242E+03
  1.524696E+00     8.017348E+03
  1.545928E+00     8.044074E+03
  1.567455E+00     8.070437E+03
  1.589283E+00     8.096455E+03
  1.611414E+00     8.122152E+03
  1.633854E+00     8.147554E+03
  1.656606E+00     8.172677E+03
  1.679675E+00     8.197522E+03
  1.703065E+00     8.222082E+03
  1.726781E+00     8.246353E+03
  1.750827E+00     8.270331E+03
  1.775208E+00     8.294015E+03
  1.799929E+00     8.317401E+03
  1.824993E+00     8.340488E+03
  1.850407E+00     8.363275E+03
  1.876175E+00     8.385765E+03
  1.902301E+00     8.407953E+03
  1.928792E+00     8.429826E+03
  1.955651E+00     8.451366E+03
  1.982884E+00     8.472554E+03
  2.010496E+00     8.493373E+03
  2.038493E+00     8.513803E+03
  2.066880E+00     8.533825E+03
  2.095662E+00     8.553420E+03
  2.124845E+00     8.572568E+03
  2.154435E+00     8.591247E+03
  2.184436E+00     8.609442E+03
  2.214855E+00     8.627154E+03
  2.245698E+00     8.644391E+03
  2.276970E+00     8.661164E+03
  2.308678E+00     8.677484E+03
  2.340827E+00     8.693367E+03
  2.373424E+00     8.708830E+03
  2.406475E+00     8.723891E+03
  2.439986E+00     8.738575E+03
  2.473964E+00     8.752907E+03
  2.508415E+00     8.766910E+03
  2.543346E+00     8.780587E+03
  2.578763E+00     8.793932E+03
  2.614673E+00     8.806941E+03
  2.651084E+00     8.819607E+03
  2.688001E+00     8.831929E+03
  2.725433E+00     8.843901E+03
  2.763385E+00     8.855521E+03
  2.801867E+00     8.866788E+03
  2.840884E+00     8.877699E+03
  2.880444E+00     8.888255E+03
  2.920556E+00     8.898455E+03
  2.961225E+00     8.908298E+03
  3.002462E+00     8.917783E+03
  3.044272E+00     8.926913E+03
  3.086665E+00     8.935689E+03
  3.129648E+00     8.944114E+03
  3.173230E+00     8.952194E+03
  3.217418E+00     8.959933E+03
  3.262222E+00     8.967340E+03
  3.307650E+00     8.974421E+03
  3.353710E+00     8.981178E+03
  3.400412E+00     8.987610E+03
  3.447764E+00     8.993713E+03
  3.495776E+00     8.999489E+03
  3.544456E+00     9.004936E+03
  3.593814E+00     9.010055E+03
  3.643859E+00     9.014848E+03
  3.694601E+00     9.019317E+03
  3.746050E+00     9.023466E+03
  3.798215E+00     9.027298E+03
  3.851107E+00     9.030816E+03
  3.904735E+00     9.034016E+03
  3.959110E+00     9.036897E+03
  4.014242E+00     9.039459E+03
  4.070142E+00     9.041701E+03
  4.126821E+00     9.043625E+03
  4.184289E+00     9.045231E+03
  4.242556E+00     9.046522E+03
  4.301636E+00     9.047502E+03
  4.361538E+00     9.048174E+03
  4.422274E+00     9.048540E+03
  4.483856E+00     9.048597E+03
  4.546295E+00     9.048344E+03
  4.609604E+00     9.047781E+03
  4.673795E+00     9.046908E+03
  4.738880E+00     9.045724E+03
  4.804870E+00     9.044232E+03
  4.871780E+00     9.042433E+03
  4.939622E+00     9.040329E+03
  5.008408E+00     9.037926E+03
  5.078152E+00     9.035222E+03
  5.148867E+00     9.032216E+03
  5.220568E+00     9.028906E+03
  5.293266E+00     9.025289E+03
  5.366977E+00     9.021364E+03
  5.441714E+00     9.017130E+03
  5.517492E+00     9.012586E+03
  5.594326E+00     9.007733E+03
  5.672229E+00     9.002571E+03
  5.751217E+00     8.997101E+03
  5.831305E+00     8.991323E+03
  5.912508E+00     8.985237E+03
  5.994843E+00     8.978841E+03
  6.078323E+00     8.972134E+03
  6.162966E+00     8.965117E+03
  6.248788E+00     8.957789E+03
  6.335805E+00     8.950153E+03
  6.424034E+00     8.942209E+03
  6.513491E+00     8.933960E+03
  6.604194E+00     8.925408E+03
  6.696160E+00     8.916557E+03
  6.789407E+00     8.907403E+03
  6.883952E+00     8.897945E+03
  6.979814E+00     8.888180E+03
  7.077011E+00     8.878108E+03
  7.175561E+00     8.867728E+03
  7.275484E+00     8.857039E+03
  7.376798E+00     8.846040E+03
  7.479523E+00     8.834733E+03
  7.583678E+00     8.823118E+03
  7.689284E+00     8.811196E+03
  7.796360E+00     8.798965E+03
  7.904928E+00     8.786424E+03
  8.015007E+00     8.773571E+03
  8.126619E+00     8.760406E+03
  8.239786E+00     8.746928E+03
  8.354528E+00     8.733138E+03
  8.470868E+00     8.719036E+03
  8.588829E+00     8.704623E+03
  8.708431E+00     8.689901E+03
  8.829700E+00     8.674870E+03
  8.952657E+00     8.659531E+03
  9.077327E+00     8.643881E+03
  9.203732E+00     8.627921E+03
  9.331898E+00     8.611650E+03
  9.461848E+00     8.595068E+03
  9.593608E+00     8.578176E+03
  9.727203E+00     8.560974E+03
  9.862658E+00     8.543464E+03
  1.000000E+01     8.525648E+03
  1.013925E+01     8.507528E+03
  1.028045E+01     8.489104E+03
  1.042361E+01     8.470375E+03
  1.056876E+01     8.451342E+03
  1.071593E+01     8.432003E+03
  1.086516E+01     8.412361E+03
  1.101646E+01     8.392416E+03
  1.116987E+01     8.372170E+03
  1.132541E+01     8.351624E+03
  1.148312E+01     8.330781E+03
  1.164303E+01     8.309644E+03
  1.180517E+01     8.288212E+03
  1.196956E+01     8.266485E+03
  1.213624E+01     8.244463E+03
  1.230524E+01     8.222145E+03
  1.247660E+01     8.199531E+03
  1.265034E+01     8.176623E+03
  1.282650E+01     8.153421E+03
  1.300511E+01     8.129927E+03
  1.318621E+01     8.106141E+03
  1.336984E+01     8.082065E+03
  1.355602E+01     8.057701E+03
  1.374479E+01     8.033049E+03
  1.393619E+01     8.008112E+03
  1.413026E+01     7.982889E+03
  1.432703E+01     7.957383E+03
  1.452654E+01     7.931597E+03
  1.472883E+01     7.905533E+03
  1.493393E+01     7.879194E+03
  1.514189E+01     7.852584E+03
  1.535275E+01     7.825706E+03
  1.556654E+01     7.798562E+03
  1.578331E+01     7.771154E+03
  1.600310E+01     7.743483E+03
  1.622595E+01     7.715550E+03
  1.645191E+01     7.687359E+03
  1.668101E+01     7.658911E+03
  1.691330E+01     7.630208E+03
  1.714882E+01     7.601254E+03
  1.738762E+01     7.572051E+03
  1.762975E+01     7.542603E+03
  1.787526E+01     7.512913E+03
  1.812418E+01     7.482983E+03
  1.837656E+01     7.452814E+03
  1.863246E+01     7.422410E+03
  1.889193E+01     7.391773E+03
  1.915501E+01     7.360905E+03
  1.942175E+01     7.329811E+03
  1.969220E+01     7.298492E+03
  1.996642E+01     7.266954E+03
  2.024447E+01     7.235200E+03
  2.052638E+01     7.203232E+03
  2.081222E+01     7.171055E+03
  2.110203E+01     7.138670E+03
  2.139589E+01     7.106081E+03
  2.169384E+01     7.073291E+03
  2.199593E+01     7.040303E+03
  2.230223E+01     7.007121E+03
  2.261280E+01     6.973749E+03
  2.292769E+01     6.940190E+03
  2.324697E+01     6.906449E+03
  2.357069E+01     6.872529E+03
  2.389893E+01     6.838435E+03
  2.423173E+01     6.804171E+03
  2.456916E+01     6.769740E+03
  2.491130E+01     6.735146E+03
  2.525820E+01     6.700395E+03
  2.560993E+01     6.665491E+03
  2.596656E+01     6.630438E+03
  2.632815E+01     6.595241E+03
  2.669478E+01     6.559906E+03
  2.706652E+01     6.524437E+03
  2.744343E+01     6.488838E+03
  2.782559E+01     6.453113E+03
  2.821308E+01     6.417266E+03
  2.860596E+01     6.381302E+03
  2.900430E+01     6.345224E+03
  2.940820E+01     6.309037E+03
  2.981772E+01     6.272744E+03
  3.023295E+01     6.236351E+03
  3.065395E+01     6.199860E+03
  3.108082E+01     6.163277E+03
  3.151363E+01     6.126606E+03
  3.195248E+01     6.089850E+03
  3.239743E+01     6.053016E+03
  3.284857E+01     6.016105E+03
  3.330600E+01     5.979124E+03
  3.376980E+01     5.942075E+03
  3.424006E+01     5.904964E+03
  3.471687E+01     5.867793E+03
  3.520031E+01     5.830566E+03
  3.569049E+01     5.793289E+03
  3.618750E+01     5.755965E+03
  3.669142E+01     5.718600E+03
  3.720237E+01     5.681200E+03
  3.772042E+01     5.643770E+03
  3.824570E+01     5.606315E+03
  3.877828E+01     5.568840E+03
  3.931829E+01     5.531350E+03
  3.986581E+01     5.493850E+03
  4.042096E+01     5.456344E+03
  4.098384E+01     5.418837E+03
  4.155455E+01     5.381334E+03
  4.213322E+01     5.343841E+03
  4.271994E+01     5.306362E+03
  4.331483E+01     5.268903E+03
  4.391801E+01     5.231467E+03
  4.452959E+01     5.194060E+03
  4.514968E+01     5.156685E+03
  4.577841E+01     5.119346E+03
  4.641589E+01     5.082047E+03
  4.706225E+01     5.044790E+03
  4.771761E+01     5.007581E+03
  4.838210E+01     4.970426E+03
  4.905584E+01     4.933330E+03
  4.973896E+01     4.896300E+03
  5.043159E+01     4.859339E+03
  5.113388E+01     4.822454E+03
  5.184594E+01     4.785647E+03
  5.256791E+01     4.748924E+03
  5.329994E+01     4.712287E+03
  5.404216E+01     4.675740E+03
  5.479472E+01     4.639289E+03
  5.555776E+01     4.602939E+03
  5.633143E+01     4.566695E+03
  5.711586E+01     4.530562E+03
  5.791123E+01     4.494545E+03
  5.871766E+01     4.458649E+03
  5.953533E+01     4.422876E+03
  6.036439E+01     4.387229E+03
  6.120498E+01     4.351712E+03
  6.205729E+01     4.316326E+03
  6.292146E+01     4.281076E+03
  6.379767E+01     4.245965E+03
  6.468608E+01     4.210998E+03
  6.558686E+01     4.176179E+03
  6.650018E+01     4.141511E+03
  6.742622E+01     4.106995E+03
  6.836516E+01     4.072634E+03
  6.931717E+01     4.038428E+03
  7.028244E+01     4.004377E+03
  7.126115E+01     3.970482E+03
  7.225349E+01     3.936744E+03
  7.325965E+01     3.903172E+03
  7.427982E+01     3.869768E+03
  7.531420E+01     3.836540E+03
  7.636298E+01     3.803491E+03
  7.742637E+01     3.770625E+03
  7.850456E+01     3.737945E+03
  7.959777E+01     3.705454E+03
  8.070620E+01     3.673154E+03
  8.183007E+01     3.641046E+03
  8.296959E+01     3.609133E+03
  8.412497E+01     3.577421E+03
  8.529644E+01     3.545911E+03
  8.648423E+01     3.514609E+03
  8.768856E+01     3.483516E+03
  8.890966E+01     3.452635E+03
  9.014776E+01     3.421966E+03
  9.140311E+01     3.391509E+03
  9.267593E+01     3.361264E+03
  9.396648E+01     3.331228E+03
  9.527500E+01     3.301404E+03
  9.660175E+01     3.271795E+03
  9.794697E+01     3.242404E+03
  9.931092E+01     3.213234E+03
  1.006939E+02     3.184288E+03
  1.020961E+02     3.155566E+03
  1.035178E+02     3.127069E+03
  1.049593E+02     3.098797E+03
  1.064209E+02     3.070747E+03
  1.079029E+02     3.042917E+03
  1.094055E+02     3.015308E+03
  1.109290E+02     2.987923E+03
  1.124737E+02     2.960766E+03
  1.140400E+02     2.933839E+03
  1.156280E+02     2.907144E+03
  1.172382E+02     2.880682E+03
  1.188708E+02     2.854454E+03
  1.205261E+02     2.828459E+03
  1.222045E+02     2.802696E+03
  1.239062E+02     2.777161E+03
  1.256317E+02     2.751855E+03
  1.273811E+02     2.726779E+03
  1.291550E+02     2.701938E+03
  1.309535E+02     2.677332E+03
  1.327771E+02     2.652962E+03
  1.346261E+02     2.628830E+03
  1.365008E+02     2.604935E+03
  1.384016E+02     2.581274E+03
  1.403289E+02     2.557846E+03
  1.422830E+02     2.534646E+03
  1.442644E+02     2.511673E+03
  1.462733E+02     2.488929E+03
  1.483103E+02     2.466416E+03
  1.503755E+02     2.444135E+03
  1.524696E+02     2.422088E+03
  1.545928E+02     2.400273E+03
  1.567455E+02     2.378690E+03
  1.589283E+02     2.357338E+03
  1.611414E+02     2.336212E+03
  1.633854E+02     2.315309E+03
  1.656606E+02     2.294626E+03
  1.679675E+02     2.274164E+03
  1.703065E+02     2.253925E+03
  1.726781E+02     2.233911E+03
  1.750827E+02     2.214121E+03
  1.775208E+02     2.194556E+03
  1.799929E+02     2.175213E+03
  1.824993E+02     2.156091E+03
  1.850407E+02     2.137187E+03
  1.876175E+02     2.118495E+03
  1.902301E+02     2.100014E+03
  1.928792E+02     2.081743E+03
  1.955651E+02     2.063684E+03
  1.982884E+02     2.045838E+03
  2.010496E+02     2.028204E+03
  2.038493E+02     2.010784E+03
  2.066880E+02     1.993574E+03
  2.095662E+02     1.976573E+03
  2.124845E+02     1.959777E+03
  2.154435E+02     1.943182E+03
  2.184436E+02     1.926784E+03
  2.214855E+02     1.910583E+03
  2.245698E+02     1.894581E+03
  2.276970E+02     1.878779E+03
  2.308678E+02     1.863175E+03
  2.340827E+02     1.847769E+03
  2.373424E+02     1.832559E+03
  2.406475E+02     1.817544E+03
  2.439986E+02     1.802719E+03
  2.473964E+02     1.788081E+03
  2.508415E+02     1.773625E+03
  2.543346E+02     1.759351E+03
  2.578763E+02     1.745259E+03
  2.614673E+02     1.731351E+03
  2.651084E+02     1.717627E+03
  2.688001E+02     1.704084E+03
  2.725433E+02     1.690722E+03
  2.763385E+02     1.677538E+03
  2.801867E+02     1.664530E+03
  2.840884E+02     1.651693E+03
  2.880444E+02     1.639023E+03
  2.920556E+02     1.626519E+03
  2.961225E+02     1.614182E+03
  3.002462E+02     1.602013E+03
  3.044272E+02     1.590012E+03
  3.086665E+02     1.578176E+03
  3.129648E+02     1.566506E+03
  3.173230E+02     1.554998E+03
  3.217418E+02     1.543651E+03
  3.262222E+02     1.532460E+03
  3.307650E+02     1.521421E+03
  3.353710E+02     1.510533E+03
  3.400412E+02     1.499797E+03
  3.447764E+02     1.489213E+03
  3.495776E+02     1.478780E+03
  3.544456E+02     1.468498E+03
  3.593814E+02     1.458365E+03
  3.643859E+02     1.448379E+03
  3.694601E+02     1.438537E+03
  3.746050E+02     1.428836E+03
  3.798215E+02     1.419272E+03
  3.851107E+02     1.409843E+03
  3.904735E+02     1.400549E+03
  3.959110E+02     1.391392E+03
  4.014242E+02     1.382370E+03
  4.070142E+02     1.373483E+03
  4.126821E+02     1.364731E+03
  4.184289E+02     1.356110E+03
  4.242556E+02     1.347619E+03
  4.301636E+02     1.339255E+03
  4.361538E+02     1.331014E+03
  4.422274E+02     1.322895E+03
  4.483856E+02     1.314898E+03
  4.546295E+02     1.307023E+03
  4.609604E+02     1.299270E+03
  4.673795E+02     1.291639E+03
  4.738880E+02     1.284128E+03
  4.804870E+02     1.276736E+03
  4.871780E+02     1.269460E+03
  4.939622E+02     1.262298E+03
  5.008408E+02     1.255246E+03
  5.078152E+02     1.248303E+03
  5.148867E+02     1.241470E+03
  5.220568E+02     1.234746E+03
  5.293266E+02     1.228130E+03
  5.366977E+02     1.221624E+03
  5.441714E+02     1.215224E+03
  5.517492E+02     1.208931E+03
  5.594326E+02     1.202742E+03
  5.672229E+02     1.196654E+03
  5.751217E+02     1.190665E+03
  5.831305E+02     1.184774E+03
  5.912508E+02     1.178979E+03
  5.994843E+02     1.173282E+03
  6.078323E+02     1.167682E+03
  6.162966E+02     1.162179E+03
  6.248788E+02     1.156772E+03
  6.335805E+02     1.151459E+03
  6.424034E+02     1.146239E+03
  6.513491E+02     1.141110E+03
  6.604194E+02     1.136069E+03
  6.696160E+02     1.131115E+03
  6.789407E+02     1.126247E+03
  6.883952E+02     1.121465E+03
  6.979814E+02     1.116769E+03
  7.077011E+02     1.112159E+03
  7.175561E+02     1.107633E+03
  7.275484E+02     1.103189E+03
  7.376798E+02     1.098827E+03
  7.479523E+02     1.094543E+03
  7.583678E+02     1.090337E+03
  7.689284E+02     1.086204E+03
  7.796360E+02     1.082148E+03
  7.904928E+02     1.078169E+03
  8.015007E+02     1.074268E+03
  8.126619E+02     1.070447E+03
  8.239786E+02     1.066706E+03
  8.354528E+02     1.063047E+03
  8.470868E+02     1.059470E+03
  8.588829E+02     1.055976E+03
  8.708431E+02     1.052565E+03
  8.829700E+02     1.049235E+03
  8.952657E+02     1.045980E+03
  9.077327E+02     1.042791E+03
  9.203732E+02     1.039658E+03
  9.331898E+02     1.036571E+03
  9.461848E+02     1.033518E+03
  9.593608E+02     1.030487E+03
  9.727203E+02     1.027463E+03
  9.862658E+02     1.024430E+03
  1.000000E+03     1.021374E+03
