FILE CREATED BY  : PROGRAM DPASS - VERSION 2.00
DATABASE VERSION : 21.06
DATE AND TIME    : 10/08/2022 00:23:22
PROJECTILE       : Ta
TARGET           : As
TARGET AT. MASS  : 7.492160E+01
TARGET DENSITY   : 5.720000E+00 g/cm^3
TABULATED OUTPUT : STOPPING FORCE VERSUS ENERGY
DATA TYPE        : SPLINE INTERPOLATED
ABSCISSA UNITS   : MeV/u
ORDINATE UNITS   : eV/nm


      E/n             S(E/n)

  1.000000E-03     8.114126E+02
  1.013925E-03     8.169466E+02
  1.028045E-03     8.225538E+02
  1.042361E-03     8.282310E+02
  1.056876E-03     8.339749E+02
  1.071593E-03     8.397815E+02
  1.086516E-03     8.456469E+02
  1.101646E-03     8.515663E+02
  1.116987E-03     8.575349E+02
  1.132541E-03     8.635472E+02
  1.148312E-03     8.695974E+02
  1.164303E-03     8.756800E+02
  1.180517E-03     8.817946E+02
  1.196956E-03     8.879424E+02
  1.213624E-03     8.941250E+02
  1.230524E-03     9.003439E+02
  1.247660E-03     9.066009E+02
  1.265034E-03     9.128979E+02
  1.282650E-03     9.192370E+02
  1.300511E-03     9.256204E+02
  1.318621E-03     9.320508E+02
  1.336984E-03     9.385305E+02
  1.355602E-03     9.450603E+02
  1.374479E-03     9.516400E+02
  1.393619E-03     9.582694E+02
  1.413026E-03     9.649485E+02
  1.432703E-03     9.716771E+02
  1.452654E-03     9.784550E+02
  1.472883E-03     9.852821E+02
  1.493393E-03     9.921581E+02
  1.514189E-03     9.990828E+02
  1.535275E-03     1.006056E+03
  1.556654E-03     1.013078E+03
  1.578331E-03     1.020149E+03
  1.600310E-03     1.027270E+03
  1.622595E-03     1.034441E+03
  1.645191E-03     1.041662E+03
  1.668101E-03     1.048934E+03
  1.691330E-03     1.056258E+03
  1.714882E-03     1.063634E+03
  1.738762E-03     1.071063E+03
  1.762975E-03     1.078545E+03
  1.787526E-03     1.086082E+03
  1.812418E-03     1.093674E+03
  1.837656E-03     1.101320E+03
  1.863246E-03     1.109021E+03
  1.889193E-03     1.116778E+03
  1.915501E-03     1.124591E+03
  1.942175E-03     1.132459E+03
  1.969220E-03     1.140384E+03
  1.996642E-03     1.148367E+03
  2.024447E-03     1.156406E+03
  2.052638E-03     1.164504E+03
  2.081222E-03     1.172661E+03
  2.110203E-03     1.180876E+03
  2.139589E-03     1.189150E+03
  2.169384E-03     1.197483E+03
  2.199593E-03     1.205876E+03
  2.230223E-03     1.214330E+03
  2.261280E-03     1.222845E+03
  2.292769E-03     1.231422E+03
  2.324697E-03     1.240061E+03
  2.357069E-03     1.248763E+03
  2.389893E-03     1.257528E+03
  2.423173E-03     1.266356E+03
  2.456916E-03     1.275248E+03
  2.491130E-03     1.284205E+03
  2.525820E-03     1.293227E+03
  2.560993E-03     1.302314E+03
  2.596656E-03     1.311467E+03
  2.632815E-03     1.320686E+03
  2.669478E-03     1.329973E+03
  2.706652E-03     1.339328E+03
  2.744343E-03     1.348751E+03
  2.782559E-03     1.358242E+03
  2.821308E-03     1.367803E+03
  2.860596E-03     1.377434E+03
  2.900430E-03     1.387135E+03
  2.940820E-03     1.396908E+03
  2.981772E-03     1.406752E+03
  3.023295E-03     1.416669E+03
  3.065395E-03     1.426659E+03
  3.108082E-03     1.436724E+03
  3.151363E-03     1.446863E+03
  3.195248E-03     1.457077E+03
  3.239743E-03     1.467366E+03
  3.284857E-03     1.477731E+03
  3.330600E-03     1.488172E+03
  3.376980E-03     1.498689E+03
  3.424006E-03     1.509282E+03
  3.471687E-03     1.519954E+03
  3.520031E-03     1.530703E+03
  3.569049E-03     1.541531E+03
  3.618750E-03     1.552438E+03
  3.669142E-03     1.563424E+03
  3.720237E-03     1.574492E+03
  3.772042E-03     1.585640E+03
  3.824570E-03     1.596871E+03
  3.877828E-03     1.608184E+03
  3.931829E-03     1.619582E+03
  3.986581E-03     1.631064E+03
  4.042096E-03     1.642633E+03
  4.098384E-03     1.654289E+03
  4.155455E-03     1.666033E+03
  4.213322E-03     1.677866E+03
  4.271994E-03     1.689787E+03
  4.331483E-03     1.701798E+03
  4.391801E-03     1.713898E+03
  4.452959E-03     1.726090E+03
  4.514968E-03     1.738373E+03
  4.577841E-03     1.750748E+03
  4.641589E-03     1.763216E+03
  4.706225E-03     1.775778E+03
  4.771761E-03     1.788434E+03
  4.838210E-03     1.801186E+03
  4.905584E-03     1.814034E+03
  4.973896E-03     1.826978E+03
  5.043159E-03     1.840019E+03
  5.113388E-03     1.853158E+03
  5.184594E-03     1.866396E+03
  5.256791E-03     1.879734E+03
  5.329994E-03     1.893173E+03
  5.404216E-03     1.906715E+03
  5.479472E-03     1.920359E+03
  5.555776E-03     1.934106E+03
  5.633143E-03     1.947958E+03
  5.711586E-03     1.961915E+03
  5.791123E-03     1.975978E+03
  5.871766E-03     1.990147E+03
  5.953533E-03     2.004425E+03
  6.036439E-03     2.018812E+03
  6.120498E-03     2.033309E+03
  6.205729E-03     2.047917E+03
  6.292146E-03     2.062638E+03
  6.379767E-03     2.077471E+03
  6.468608E-03     2.092419E+03
  6.558686E-03     2.107481E+03
  6.650018E-03     2.122659E+03
  6.742622E-03     2.137953E+03
  6.836516E-03     2.153365E+03
  6.931717E-03     2.168896E+03
  7.028244E-03     2.184547E+03
  7.126115E-03     2.200318E+03
  7.225349E-03     2.216212E+03
  7.325965E-03     2.232230E+03
  7.427982E-03     2.248371E+03
  7.531420E-03     2.264637E+03
  7.636298E-03     2.281029E+03
  7.742637E-03     2.297549E+03
  7.850456E-03     2.314197E+03
  7.959777E-03     2.330975E+03
  8.070620E-03     2.347885E+03
  8.183007E-03     2.364927E+03
  8.296959E-03     2.382103E+03
  8.412497E-03     2.399415E+03
  8.529644E-03     2.416862E+03
  8.648423E-03     2.434445E+03
  8.768856E-03     2.452167E+03
  8.890966E-03     2.470027E+03
  9.014776E-03     2.488028E+03
  9.140311E-03     2.506170E+03
  9.267593E-03     2.524455E+03
  9.396648E-03     2.542884E+03
  9.527500E-03     2.561458E+03
  9.660175E-03     2.580180E+03
  9.794697E-03     2.599049E+03
  9.931092E-03     2.618067E+03
  1.006939E-02     2.637235E+03
  1.020961E-02     2.656555E+03
  1.035178E-02     2.676028E+03
  1.049593E-02     2.695656E+03
  1.064209E-02     2.715441E+03
  1.079029E-02     2.735384E+03
  1.094055E-02     2.755487E+03
  1.109290E-02     2.775751E+03
  1.124737E-02     2.796178E+03
  1.140400E-02     2.816768E+03
  1.156280E-02     2.837522E+03
  1.172382E-02     2.858443E+03
  1.188708E-02     2.879531E+03
  1.205261E-02     2.900788E+03
  1.222045E-02     2.922216E+03
  1.239062E-02     2.943816E+03
  1.256317E-02     2.965591E+03
  1.273811E-02     2.987541E+03
  1.291550E-02     3.009667E+03
  1.309535E-02     3.031972E+03
  1.327771E-02     3.054456E+03
  1.346261E-02     3.077121E+03
  1.365008E-02     3.099969E+03
  1.384016E-02     3.123001E+03
  1.403289E-02     3.146219E+03
  1.422830E-02     3.169626E+03
  1.442644E-02     3.193223E+03
  1.462733E-02     3.217012E+03
  1.483103E-02     3.240994E+03
  1.503755E-02     3.265170E+03
  1.524696E-02     3.289541E+03
  1.545928E-02     3.314111E+03
  1.567455E-02     3.338880E+03
  1.589283E-02     3.363850E+03
  1.611414E-02     3.389023E+03
  1.633854E-02     3.414402E+03
  1.656606E-02     3.439988E+03
  1.679675E-02     3.465783E+03
  1.703065E-02     3.491789E+03
  1.726781E-02     3.518006E+03
  1.750827E-02     3.544437E+03
  1.775208E-02     3.571082E+03
  1.799929E-02     3.597945E+03
  1.824993E-02     3.625026E+03
  1.850407E-02     3.652328E+03
  1.876175E-02     3.679854E+03
  1.902301E-02     3.707604E+03
  1.928792E-02     3.735582E+03
  1.955651E-02     3.763788E+03
  1.982884E-02     3.792224E+03
  2.010496E-02     3.820893E+03
  2.038493E-02     3.849796E+03
  2.066880E-02     3.878935E+03
  2.095662E-02     3.908312E+03
  2.124845E-02     3.937931E+03
  2.154435E-02     3.967793E+03
  2.184436E-02     3.997901E+03
  2.214855E-02     4.028257E+03
  2.245698E-02     4.058861E+03
  2.276970E-02     4.089716E+03
  2.308678E-02     4.120822E+03
  2.340827E-02     4.152181E+03
  2.373424E-02     4.183794E+03
  2.406475E-02     4.215663E+03
  2.439986E-02     4.247791E+03
  2.473964E-02     4.280178E+03
  2.508415E-02     4.312826E+03
  2.543346E-02     4.345739E+03
  2.578763E-02     4.378916E+03
  2.614673E-02     4.412362E+03
  2.651084E-02     4.446076E+03
  2.688001E-02     4.480063E+03
  2.725433E-02     4.514323E+03
  2.763385E-02     4.548861E+03
  2.801867E-02     4.583678E+03
  2.840884E-02     4.618778E+03
  2.880444E-02     4.654164E+03
  2.920556E-02     4.689837E+03
  2.961225E-02     4.725799E+03
  3.002462E-02     4.762052E+03
  3.044272E-02     4.798596E+03
  3.086665E-02     4.835433E+03
  3.129648E-02     4.872565E+03
  3.173230E-02     4.909994E+03
  3.217418E-02     4.947721E+03
  3.262222E-02     4.985749E+03
  3.307650E-02     5.024080E+03
  3.353710E-02     5.062715E+03
  3.400412E-02     5.101656E+03
  3.447764E-02     5.140904E+03
  3.495776E-02     5.180461E+03
  3.544456E-02     5.220330E+03
  3.593814E-02     5.260511E+03
  3.643859E-02     5.301007E+03
  3.694601E-02     5.341820E+03
  3.746050E-02     5.382953E+03
  3.798215E-02     5.424409E+03
  3.851107E-02     5.466188E+03
  3.904735E-02     5.508292E+03
  3.959110E-02     5.550723E+03
  4.014242E-02     5.593482E+03
  4.070142E-02     5.636571E+03
  4.126821E-02     5.679991E+03
  4.184289E-02     5.723744E+03
  4.242556E-02     5.767832E+03
  4.301636E-02     5.812257E+03
  4.361538E-02     5.857022E+03
  4.422274E-02     5.902127E+03
  4.483856E-02     5.947575E+03
  4.546295E-02     5.993366E+03
  4.609604E-02     6.039500E+03
  4.673795E-02     6.085980E+03
  4.738880E-02     6.132807E+03
  4.804870E-02     6.179981E+03
  4.871780E-02     6.227505E+03
  4.939622E-02     6.275381E+03
  5.008408E-02     6.323609E+03
  5.078152E-02     6.372193E+03
  5.148867E-02     6.421131E+03
  5.220568E-02     6.470426E+03
  5.293266E-02     6.520079E+03
  5.366977E-02     6.570089E+03
  5.441714E-02     6.620460E+03
  5.517492E-02     6.671191E+03
  5.594326E-02     6.722284E+03
  5.672229E-02     6.773742E+03
  5.751217E-02     6.825566E+03
  5.831305E-02     6.877757E+03
  5.912508E-02     6.930317E+03
  5.994843E-02     6.983248E+03
  6.078323E-02     7.036552E+03
  6.162966E-02     7.090229E+03
  6.248788E-02     7.144282E+03
  6.335805E-02     7.198714E+03
  6.424034E-02     7.253527E+03
  6.513491E-02     7.308724E+03
  6.604194E-02     7.364308E+03
  6.696160E-02     7.420282E+03
  6.789407E-02     7.476646E+03
  6.883952E-02     7.533401E+03
  6.979814E-02     7.590548E+03
  7.077011E-02     7.648089E+03
  7.175561E-02     7.706023E+03
  7.275484E-02     7.764354E+03
  7.376798E-02     7.823082E+03
  7.479523E-02     7.882209E+03
  7.583678E-02     7.941737E+03
  7.689284E-02     8.001668E+03
  7.796360E-02     8.062002E+03
  7.904928E-02     8.122736E+03
  8.015007E-02     8.183872E+03
  8.126619E-02     8.245407E+03
  8.239786E-02     8.307341E+03
  8.354528E-02     8.369674E+03
  8.470868E-02     8.432405E+03
  8.588829E-02     8.495533E+03
  8.708431E-02     8.559059E+03
  8.829700E-02     8.622982E+03
  8.952657E-02     8.687300E+03
  9.077327E-02     8.752012E+03
  9.203732E-02     8.817116E+03
  9.331898E-02     8.882611E+03
  9.461848E-02     8.948494E+03
  9.593608E-02     9.014765E+03
  9.727203E-02     9.081422E+03
  9.862658E-02     9.148464E+03
  1.000000E-01     9.215890E+03
  1.013925E-01     9.283700E+03
  1.028045E-01     9.351890E+03
  1.042361E-01     9.420461E+03
  1.056876E-01     9.489409E+03
  1.071593E-01     9.558734E+03
  1.086516E-01     9.628435E+03
  1.101646E-01     9.698509E+03
  1.116987E-01     9.768958E+03
  1.132541E-01     9.839779E+03
  1.148312E-01     9.910973E+03
  1.164303E-01     9.982540E+03
  1.180517E-01     1.005448E+04
  1.196956E-01     1.012679E+04
  1.213624E-01     1.019947E+04
  1.230524E-01     1.027252E+04
  1.247660E-01     1.034593E+04
  1.265034E-01     1.041972E+04
  1.282650E-01     1.049388E+04
  1.300511E-01     1.056840E+04
  1.318621E-01     1.064330E+04
  1.336984E-01     1.071857E+04
  1.355602E-01     1.079422E+04
  1.374479E-01     1.087024E+04
  1.393619E-01     1.094664E+04
  1.413026E-01     1.102341E+04
  1.432703E-01     1.110056E+04
  1.452654E-01     1.117808E+04
  1.472883E-01     1.125599E+04
  1.493393E-01     1.133428E+04
  1.514189E-01     1.141295E+04
  1.535275E-01     1.149202E+04
  1.556654E-01     1.157148E+04
  1.578331E-01     1.165133E+04
  1.600310E-01     1.173158E+04
  1.622595E-01     1.181222E+04
  1.645191E-01     1.189327E+04
  1.668101E-01     1.197472E+04
  1.691330E-01     1.205658E+04
  1.714882E-01     1.213885E+04
  1.738762E-01     1.222154E+04
  1.762975E-01     1.230465E+04
  1.787526E-01     1.238820E+04
  1.812418E-01     1.247218E+04
  1.837656E-01     1.255660E+04
  1.863246E-01     1.264146E+04
  1.889193E-01     1.272677E+04
  1.915501E-01     1.281253E+04
  1.942175E-01     1.289875E+04
  1.969220E-01     1.298545E+04
  1.996642E-01     1.307263E+04
  2.024447E-01     1.316029E+04
  2.052638E-01     1.324846E+04
  2.081222E-01     1.333714E+04
  2.110203E-01     1.342632E+04
  2.139589E-01     1.351603E+04
  2.169384E-01     1.360627E+04
  2.199593E-01     1.369705E+04
  2.230223E-01     1.378838E+04
  2.261280E-01     1.388028E+04
  2.292769E-01     1.397275E+04
  2.324697E-01     1.406582E+04
  2.357069E-01     1.415950E+04
  2.389893E-01     1.425380E+04
  2.423173E-01     1.434872E+04
  2.456916E-01     1.444429E+04
  2.491130E-01     1.454051E+04
  2.525820E-01     1.463741E+04
  2.560993E-01     1.473499E+04
  2.596656E-01     1.483328E+04
  2.632815E-01     1.493230E+04
  2.669478E-01     1.503207E+04
  2.706652E-01     1.513260E+04
  2.744343E-01     1.523393E+04
  2.782559E-01     1.533607E+04
  2.821308E-01     1.543906E+04
  2.860596E-01     1.554290E+04
  2.900430E-01     1.564764E+04
  2.940820E-01     1.575331E+04
  2.981772E-01     1.585993E+04
  3.023295E-01     1.596754E+04
  3.065395E-01     1.607619E+04
  3.108082E-01     1.618589E+04
  3.151363E-01     1.629668E+04
  3.195248E-01     1.640854E+04
  3.239743E-01     1.652151E+04
  3.284857E-01     1.663558E+04
  3.330600E-01     1.675077E+04
  3.376980E-01     1.686710E+04
  3.424006E-01     1.698457E+04
  3.471687E-01     1.710321E+04
  3.520031E-01     1.722302E+04
  3.569049E-01     1.734401E+04
  3.618750E-01     1.746619E+04
  3.669142E-01     1.758953E+04
  3.720237E-01     1.771402E+04
  3.772042E-01     1.783966E+04
  3.824570E-01     1.796643E+04
  3.877828E-01     1.809430E+04
  3.931829E-01     1.822327E+04
  3.986581E-01     1.835331E+04
  4.042096E-01     1.848440E+04
  4.098384E-01     1.861652E+04
  4.155455E-01     1.874965E+04
  4.213322E-01     1.888376E+04
  4.271994E-01     1.901884E+04
  4.331483E-01     1.915487E+04
  4.391801E-01     1.929182E+04
  4.452959E-01     1.942965E+04
  4.514968E-01     1.956836E+04
  4.577841E-01     1.970789E+04
  4.641589E-01     1.984822E+04
  4.706225E-01     1.998932E+04
  4.771761E-01     2.013117E+04
  4.838210E-01     2.027372E+04
  4.905584E-01     2.041698E+04
  4.973896E-01     2.056089E+04
  5.043159E-01     2.070545E+04
  5.113388E-01     2.085061E+04
  5.184594E-01     2.099634E+04
  5.256791E-01     2.114263E+04
  5.329994E-01     2.128942E+04
  5.404216E-01     2.143669E+04
  5.479472E-01     2.158440E+04
  5.555776E-01     2.173254E+04
  5.633143E-01     2.188107E+04
  5.711586E-01     2.202996E+04
  5.791123E-01     2.217919E+04
  5.871766E-01     2.232873E+04
  5.953533E-01     2.247855E+04
  6.036439E-01     2.262861E+04
  6.120498E-01     2.277888E+04
  6.205729E-01     2.292933E+04
  6.292146E-01     2.307994E+04
  6.379767E-01     2.323068E+04
  6.468608E-01     2.338153E+04
  6.558686E-01     2.353245E+04
  6.650018E-01     2.368343E+04
  6.742622E-01     2.383444E+04
  6.836516E-01     2.398547E+04
  6.931717E-01     2.413647E+04
  7.028244E-01     2.428744E+04
  7.126115E-01     2.443836E+04
  7.225349E-01     2.458919E+04
  7.325965E-01     2.473992E+04
  7.427982E-01     2.489053E+04
  7.531420E-01     2.504100E+04
  7.636298E-01     2.519132E+04
  7.742637E-01     2.534146E+04
  7.850456E-01     2.549142E+04
  7.959777E-01     2.564118E+04
  8.070620E-01     2.579073E+04
  8.183007E-01     2.594006E+04
  8.296959E-01     2.608915E+04
  8.412497E-01     2.623799E+04
  8.529644E-01     2.638656E+04
  8.648423E-01     2.653484E+04
  8.768856E-01     2.668281E+04
  8.890966E-01     2.683047E+04
  9.014776E-01     2.697780E+04
  9.140311E-01     2.712478E+04
  9.267593E-01     2.727143E+04
  9.396648E-01     2.741772E+04
  9.527500E-01     2.756365E+04
  9.660175E-01     2.770920E+04
  9.794697E-01     2.785435E+04
  9.931092E-01     2.799909E+04
  1.006939E+00     2.814339E+04
  1.020961E+00     2.828726E+04
  1.035178E+00     2.843067E+04
  1.049593E+00     2.857363E+04
  1.064209E+00     2.871612E+04
  1.079029E+00     2.885814E+04
  1.094055E+00     2.899969E+04
  1.109290E+00     2.914074E+04
  1.124737E+00     2.928128E+04
  1.140400E+00     2.942127E+04
  1.156280E+00     2.956071E+04
  1.172382E+00     2.969958E+04
  1.188708E+00     2.983786E+04
  1.205261E+00     2.997555E+04
  1.222045E+00     3.011263E+04
  1.239062E+00     3.024910E+04
  1.256317E+00     3.038495E+04
  1.273811E+00     3.052016E+04
  1.291550E+00     3.065469E+04
  1.309535E+00     3.078853E+04
  1.327771E+00     3.092166E+04
  1.346261E+00     3.105406E+04
  1.365008E+00     3.118571E+04
  1.384016E+00     3.131661E+04
  1.403289E+00     3.144673E+04
  1.422830E+00     3.157607E+04
  1.442644E+00     3.170463E+04
  1.462733E+00     3.183235E+04
  1.483103E+00     3.195923E+04
  1.503755E+00     3.208523E+04
  1.524696E+00     3.221031E+04
  1.545928E+00     3.233447E+04
  1.567455E+00     3.245767E+04
  1.589283E+00     3.257990E+04
  1.611414E+00     3.270112E+04
  1.633854E+00     3.282134E+04
  1.656606E+00     3.294053E+04
  1.679675E+00     3.305866E+04
  1.703065E+00     3.317569E+04
  1.726781E+00     3.329161E+04
  1.750827E+00     3.340639E+04
  1.775208E+00     3.351999E+04
  1.799929E+00     3.363241E+04
  1.824993E+00     3.374361E+04
  1.850407E+00     3.385359E+04
  1.876175E+00     3.396232E+04
  1.902301E+00     3.406980E+04
  1.928792E+00     3.417600E+04
  1.955651E+00     3.428089E+04
  1.982884E+00     3.438444E+04
  2.010496E+00     3.448664E+04
  2.038493E+00     3.458745E+04
  2.066880E+00     3.468687E+04
  2.095662E+00     3.478488E+04
  2.124845E+00     3.488147E+04
  2.154435E+00     3.497663E+04
  2.184436E+00     3.507035E+04
  2.214855E+00     3.516262E+04
  2.245698E+00     3.525340E+04
  2.276970E+00     3.534268E+04
  2.308678E+00     3.543044E+04
  2.340827E+00     3.551666E+04
  2.373424E+00     3.560133E+04
  2.406475E+00     3.568444E+04
  2.439986E+00     3.576599E+04
  2.473964E+00     3.584598E+04
  2.508415E+00     3.592441E+04
  2.543346E+00     3.600127E+04
  2.578763E+00     3.607653E+04
  2.614673E+00     3.615019E+04
  2.651084E+00     3.622224E+04
  2.688001E+00     3.629266E+04
  2.725433E+00     3.636145E+04
  2.763385E+00     3.642862E+04
  2.801867E+00     3.649417E+04
  2.840884E+00     3.655812E+04
  2.880444E+00     3.662047E+04
  2.920556E+00     3.668123E+04
  2.961225E+00     3.674037E+04
  3.002462E+00     3.679790E+04
  3.044272E+00     3.685381E+04
  3.086665E+00     3.690810E+04
  3.129648E+00     3.696077E+04
  3.173230E+00     3.701183E+04
  3.217418E+00     3.706130E+04
  3.262222E+00     3.710919E+04
  3.307650E+00     3.715553E+04
  3.353710E+00     3.720033E+04
  3.400412E+00     3.724356E+04
  3.447764E+00     3.728522E+04
  3.495776E+00     3.732532E+04
  3.544456E+00     3.736385E+04
  3.593814E+00     3.740081E+04
  3.643859E+00     3.743623E+04
  3.694601E+00     3.747010E+04
  3.746050E+00     3.750246E+04
  3.798215E+00     3.753333E+04
  3.851107E+00     3.756270E+04
  3.904735E+00     3.759059E+04
  3.959110E+00     3.761699E+04
  4.014242E+00     3.764190E+04
  4.070142E+00     3.766533E+04
  4.126821E+00     3.768729E+04
  4.184289E+00     3.770780E+04
  4.242556E+00     3.772687E+04
  4.301636E+00     3.774454E+04
  4.361538E+00     3.776084E+04
  4.422274E+00     3.777577E+04
  4.483856E+00     3.778933E+04
  4.546295E+00     3.780152E+04
  4.609604E+00     3.781233E+04
  4.673795E+00     3.782177E+04
  4.738880E+00     3.782984E+04
  4.804870E+00     3.783654E+04
  4.871780E+00     3.784190E+04
  4.939622E+00     3.784592E+04
  5.008408E+00     3.784863E+04
  5.078152E+00     3.785004E+04
  5.148867E+00     3.785014E+04
  5.220568E+00     3.784893E+04
  5.293266E+00     3.784641E+04
  5.366977E+00     3.784259E+04
  5.441714E+00     3.783746E+04
  5.517492E+00     3.783105E+04
  5.594326E+00     3.782335E+04
  5.672229E+00     3.781439E+04
  5.751217E+00     3.780420E+04
  5.831305E+00     3.779277E+04
  5.912508E+00     3.778010E+04
  5.994843E+00     3.776620E+04
  6.078323E+00     3.775106E+04
  6.162966E+00     3.773468E+04
  6.248788E+00     3.771705E+04
  6.335805E+00     3.769820E+04
  6.424034E+00     3.767812E+04
  6.513491E+00     3.765682E+04
  6.604194E+00     3.763433E+04
  6.696160E+00     3.761064E+04
  6.789407E+00     3.758576E+04
  6.883952E+00     3.755968E+04
  6.979814E+00     3.753240E+04
  7.077011E+00     3.750391E+04
  7.175561E+00     3.747422E+04
  7.275484E+00     3.744333E+04
  7.376798E+00     3.741125E+04
  7.479523E+00     3.737799E+04
  7.583678E+00     3.734355E+04
  7.689284E+00     3.730795E+04
  7.796360E+00     3.727117E+04
  7.904928E+00     3.723322E+04
  8.015007E+00     3.719408E+04
  8.126619E+00     3.715376E+04
  8.239786E+00     3.711226E+04
  8.354528E+00     3.706956E+04
  8.470868E+00     3.702568E+04
  8.588829E+00     3.698061E+04
  8.708431E+00     3.693437E+04
  8.829700E+00     3.688696E+04
  8.952657E+00     3.683837E+04
  9.077327E+00     3.678860E+04
  9.203732E+00     3.673765E+04
  9.331898E+00     3.668551E+04
  9.461848E+00     3.663218E+04
  9.593608E+00     3.657767E+04
  9.727203E+00     3.652198E+04
  9.862658E+00     3.646512E+04
  1.000000E+01     3.640708E+04
  1.013925E+01     3.634788E+04
  1.028045E+01     3.628751E+04
  1.042361E+01     3.622598E+04
  1.056876E+01     3.616327E+04
  1.071593E+01     3.609939E+04
  1.086516E+01     3.603434E+04
  1.101646E+01     3.596812E+04
  1.116987E+01     3.590074E+04
  1.132541E+01     3.583219E+04
  1.148312E+01     3.576248E+04
  1.164303E+01     3.569163E+04
  1.180517E+01     3.561963E+04
  1.196956E+01     3.554647E+04
  1.213624E+01     3.547215E+04
  1.230524E+01     3.539668E+04
  1.247660E+01     3.532004E+04
  1.265034E+01     3.524225E+04
  1.282650E+01     3.516329E+04
  1.300511E+01     3.508317E+04
  1.318621E+01     3.500191E+04
  1.336984E+01     3.491949E+04
  1.355602E+01     3.483592E+04
  1.374479E+01     3.475121E+04
  1.393619E+01     3.466535E+04
  1.413026E+01     3.457834E+04
  1.432703E+01     3.449020E+04
  1.452654E+01     3.440092E+04
  1.472883E+01     3.431051E+04
  1.493393E+01     3.421899E+04
  1.514189E+01     3.412635E+04
  1.535275E+01     3.403261E+04
  1.556654E+01     3.393778E+04
  1.578331E+01     3.384185E+04
  1.600310E+01     3.374482E+04
  1.622595E+01     3.364670E+04
  1.645191E+01     3.354748E+04
  1.668101E+01     3.344717E+04
  1.691330E+01     3.334577E+04
  1.714882E+01     3.324328E+04
  1.738762E+01     3.313972E+04
  1.762975E+01     3.303508E+04
  1.787526E+01     3.292938E+04
  1.812418E+01     3.282262E+04
  1.837656E+01     3.271480E+04
  1.863246E+01     3.260593E+04
  1.889193E+01     3.249602E+04
  1.915501E+01     3.238508E+04
  1.942175E+01     3.227311E+04
  1.969220E+01     3.216014E+04
  1.996642E+01     3.204617E+04
  2.024447E+01     3.193121E+04
  2.052638E+01     3.181528E+04
  2.081222E+01     3.169838E+04
  2.110203E+01     3.158053E+04
  2.139589E+01     3.146171E+04
  2.169384E+01     3.134195E+04
  2.199593E+01     3.122126E+04
  2.230223E+01     3.109963E+04
  2.261280E+01     3.097709E+04
  2.292769E+01     3.085364E+04
  2.324697E+01     3.072930E+04
  2.357069E+01     3.060407E+04
  2.389893E+01     3.047797E+04
  2.423173E+01     3.035100E+04
  2.456916E+01     3.022318E+04
  2.491130E+01     3.009451E+04
  2.525820E+01     2.996500E+04
  2.560993E+01     2.983467E+04
  2.596656E+01     2.970353E+04
  2.632815E+01     2.957160E+04
  2.669478E+01     2.943888E+04
  2.706652E+01     2.930539E+04
  2.744343E+01     2.917113E+04
  2.782559E+01     2.903613E+04
  2.821308E+01     2.890040E+04
  2.860596E+01     2.876394E+04
  2.900430E+01     2.862676E+04
  2.940820E+01     2.848889E+04
  2.981772E+01     2.835033E+04
  3.023295E+01     2.821110E+04
  3.065395E+01     2.807120E+04
  3.108082E+01     2.793067E+04
  3.151363E+01     2.778951E+04
  3.195248E+01     2.764774E+04
  3.239743E+01     2.750537E+04
  3.284857E+01     2.736243E+04
  3.330600E+01     2.721893E+04
  3.376980E+01     2.707489E+04
  3.424006E+01     2.693033E+04
  3.471687E+01     2.678527E+04
  3.520031E+01     2.663973E+04
  3.569049E+01     2.649372E+04
  3.618750E+01     2.634727E+04
  3.669142E+01     2.620038E+04
  3.720237E+01     2.605309E+04
  3.772042E+01     2.590540E+04
  3.824570E+01     2.575733E+04
  3.877828E+01     2.560889E+04
  3.931829E+01     2.546011E+04
  3.986581E+01     2.531099E+04
  4.042096E+01     2.516156E+04
  4.098384E+01     2.501182E+04
  4.155455E+01     2.486180E+04
  4.213322E+01     2.471152E+04
  4.271994E+01     2.456099E+04
  4.331483E+01     2.441023E+04
  4.391801E+01     2.425927E+04
  4.452959E+01     2.410811E+04
  4.514968E+01     2.395677E+04
  4.577841E+01     2.380528E+04
  4.641589E+01     2.365364E+04
  4.706225E+01     2.350188E+04
  4.771761E+01     2.335001E+04
  4.838210E+01     2.319805E+04
  4.905584E+01     2.304603E+04
  4.973896E+01     2.289398E+04
  5.043159E+01     2.274191E+04
  5.113388E+01     2.258984E+04
  5.184594E+01     2.243779E+04
  5.256791E+01     2.228579E+04
  5.329994E+01     2.213385E+04
  5.404216E+01     2.198198E+04
  5.479472E+01     2.183022E+04
  5.555776E+01     2.167857E+04
  5.633143E+01     2.152706E+04
  5.711586E+01     2.137571E+04
  5.791123E+01     2.122454E+04
  5.871766E+01     2.107355E+04
  5.953533E+01     2.092276E+04
  6.036439E+01     2.077219E+04
  6.120498E+01     2.062185E+04
  6.205729E+01     2.047174E+04
  6.292146E+01     2.032188E+04
  6.379767E+01     2.017231E+04
  6.468608E+01     2.002304E+04
  6.558686E+01     1.987409E+04
  6.650018E+01     1.972550E+04
  6.742622E+01     1.957727E+04
  6.836516E+01     1.942944E+04
  6.931717E+01     1.928200E+04
  7.028244E+01     1.913499E+04
  7.126115E+01     1.898841E+04
  7.225349E+01     1.884229E+04
  7.325965E+01     1.869664E+04
  7.427982E+01     1.855148E+04
  7.531420E+01     1.840683E+04
  7.636298E+01     1.826270E+04
  7.742637E+01     1.811911E+04
  7.850456E+01     1.797607E+04
  7.959777E+01     1.783358E+04
  8.070620E+01     1.769166E+04
  8.183007E+01     1.755029E+04
  8.296959E+01     1.740951E+04
  8.412497E+01     1.726932E+04
  8.529644E+01     1.712976E+04
  8.648423E+01     1.699083E+04
  8.768856E+01     1.685257E+04
  8.890966E+01     1.671499E+04
  9.014776E+01     1.657810E+04
  9.140311E+01     1.644190E+04
  9.267593E+01     1.630642E+04
  9.396648E+01     1.617165E+04
  9.527500E+01     1.603761E+04
  9.660175E+01     1.590432E+04
  9.794697E+01     1.577179E+04
  9.931092E+01     1.564004E+04
  1.006939E+02     1.550908E+04
  1.020961E+02     1.537892E+04
  1.035178E+02     1.524957E+04
  1.049593E+02     1.512104E+04
  1.064209E+02     1.499331E+04
  1.079029E+02     1.486639E+04
  1.094055E+02     1.474028E+04
  1.109290E+02     1.461500E+04
  1.124737E+02     1.449057E+04
  1.140400E+02     1.436700E+04
  1.156280E+02     1.424430E+04
  1.172382E+02     1.412248E+04
  1.188708E+02     1.400153E+04
  1.205261E+02     1.388147E+04
  1.222045E+02     1.376229E+04
  1.239062E+02     1.364399E+04
  1.256317E+02     1.352655E+04
  1.273811E+02     1.341001E+04
  1.291550E+02     1.329438E+04
  1.309535E+02     1.317967E+04
  1.327771E+02     1.306589E+04
  1.346261E+02     1.295306E+04
  1.365008E+02     1.284118E+04
  1.384016E+02     1.273026E+04
  1.403289E+02     1.262028E+04
  1.422830E+02     1.251125E+04
  1.442644E+02     1.240317E+04
  1.462733E+02     1.229604E+04
  1.483103E+02     1.218987E+04
  1.503755E+02     1.208468E+04
  1.524696E+02     1.198046E+04
  1.545928E+02     1.187722E+04
  1.567455E+02     1.177495E+04
  1.589283E+02     1.167364E+04
  1.611414E+02     1.157328E+04
  1.633854E+02     1.147385E+04
  1.656606E+02     1.137533E+04
  1.679675E+02     1.127775E+04
  1.703065E+02     1.118112E+04
  1.726781E+02     1.108543E+04
  1.750827E+02     1.099070E+04
  1.775208E+02     1.089694E+04
  1.799929E+02     1.080413E+04
  1.824993E+02     1.071229E+04
  1.850407E+02     1.062139E+04
  1.876175E+02     1.053144E+04
  1.902301E+02     1.044241E+04
  1.928792E+02     1.035432E+04
  1.955651E+02     1.026718E+04
  1.982884E+02     1.018098E+04
  2.010496E+02     1.009573E+04
  2.038493E+02     1.001143E+04
  2.066880E+02     9.928079E+03
  2.095662E+02     9.845657E+03
  2.124845E+02     9.764156E+03
  2.154435E+02     9.683556E+03
  2.184436E+02     9.603843E+03
  2.214855E+02     9.525019E+03
  2.245698E+02     9.447092E+03
  2.276970E+02     9.370068E+03
  2.308678E+02     9.293949E+03
  2.340827E+02     9.218734E+03
  2.373424E+02     9.144419E+03
  2.406475E+02     9.070997E+03
  2.439986E+02     8.998457E+03
  2.473964E+02     8.926782E+03
  2.508415E+02     8.855958E+03
  2.543346E+02     8.785984E+03
  2.578763E+02     8.716868E+03
  2.614673E+02     8.648612E+03
  2.651084E+02     8.581217E+03
  2.688001E+02     8.514681E+03
  2.725433E+02     8.448997E+03
  2.763385E+02     8.384156E+03
  2.801867E+02     8.320146E+03
  2.840884E+02     8.256949E+03
  2.880444E+02     8.194548E+03
  2.920556E+02     8.132940E+03
  2.961225E+02     8.072130E+03
  3.002462E+02     8.012119E+03
  3.044272E+02     7.952907E+03
  3.086665E+02     7.894489E+03
  3.129648E+02     7.836859E+03
  3.173230E+02     7.780007E+03
  3.217418E+02     7.723920E+03
  3.262222E+02     7.668580E+03
  3.307650E+02     7.613969E+03
  3.353710E+02     7.560081E+03
  3.400412E+02     7.506922E+03
  3.447764E+02     7.454493E+03
  3.495776E+02     7.402794E+03
  3.544456E+02     7.351824E+03
  3.593814E+02     7.301576E+03
  3.643859E+02     7.252042E+03
  3.694601E+02     7.203211E+03
  3.746050E+02     7.155069E+03
  3.798215E+02     7.107598E+03
  3.851107E+02     7.060794E+03
  3.904735E+02     7.014660E+03
  3.959110E+02     6.969195E+03
  4.014242E+02     6.924401E+03
  4.070142E+02     6.880273E+03
  4.126821E+02     6.836806E+03
  4.184289E+02     6.793991E+03
  4.242556E+02     6.751818E+03
  4.301636E+02     6.710272E+03
  4.361538E+02     6.669337E+03
  4.422274E+02     6.629004E+03
  4.483856E+02     6.589277E+03
  4.546295E+02     6.550155E+03
  4.609604E+02     6.511638E+03
  4.673795E+02     6.473721E+03
  4.738880E+02     6.436398E+03
  4.804870E+02     6.399663E+03
  4.871780E+02     6.363503E+03
  4.939622E+02     6.327905E+03
  5.008408E+02     6.292854E+03
  5.078152E+02     6.258340E+03
  5.148867E+02     6.224366E+03
  5.220568E+02     6.190932E+03
  5.293266E+02     6.158039E+03
  5.366977E+02     6.125682E+03
  5.441714E+02     6.093860E+03
  5.517492E+02     6.062564E+03
  5.594326E+02     6.031786E+03
  5.672229E+02     6.001515E+03
  5.751217E+02     5.971737E+03
  5.831305E+02     5.942445E+03
  5.912508E+02     5.913640E+03
  5.994843E+02     5.885322E+03
  6.078323E+02     5.857492E+03
  6.162966E+02     5.830145E+03
  6.248788E+02     5.803279E+03
  6.335805E+02     5.776888E+03
  6.424034E+02     5.750964E+03
  6.513491E+02     5.725496E+03
  6.604194E+02     5.700473E+03
  6.696160E+02     5.675886E+03
  6.789407E+02     5.651732E+03
  6.883952E+02     5.628011E+03
  6.979814E+02     5.604719E+03
  7.077011E+02     5.581850E+03
  7.175561E+02     5.559399E+03
  7.275484E+02     5.537356E+03
  7.376798E+02     5.515712E+03
  7.479523E+02     5.494454E+03
  7.583678E+02     5.473566E+03
  7.689284E+02     5.453038E+03
  7.796360E+02     5.432876E+03
  7.904928E+02     5.413088E+03
  8.015007E+02     5.393679E+03
  8.126619E+02     5.374657E+03
  8.239786E+02     5.356027E+03
  8.354528E+02     5.337793E+03
  8.470868E+02     5.319961E+03
  8.588829E+02     5.302532E+03
  8.708431E+02     5.285511E+03
  8.829700E+02     5.268889E+03
  8.952657E+02     5.252633E+03
  9.077327E+02     5.236701E+03
  9.203732E+02     5.221045E+03
  9.331898E+02     5.205613E+03
  9.461848E+02     5.190347E+03
  9.593608E+02     5.175184E+03
  9.727203E+02     5.160054E+03
  9.862658E+02     5.144882E+03
  1.000000E+03     5.129586E+03
