FILE CREATED BY  : PROGRAM DPASS - VERSION 2.00
DATABASE VERSION : 21.06
DATE AND TIME    : 10/08/2022 00:26:22
PROJECTILE       : W 
TARGET           : Al
TARGET AT. MASS  : 2.698154E+01
TARGET DENSITY   : 2.702000E+00 g/cm^3
TABULATED OUTPUT : STOPPING FORCE VERSUS ENERGY
DATA TYPE        : SPLINE INTERPOLATED
ABSCISSA UNITS   : MeV/u
ORDINATE UNITS   : eV/nm


      E/n             S(E/n)

  1.000000E-03     5.661917E+02
  1.013925E-03     5.700666E+02
  1.028045E-03     5.739928E+02
  1.042361E-03     5.779679E+02
  1.056876E-03     5.819896E+02
  1.071593E-03     5.860551E+02
  1.086516E-03     5.901616E+02
  1.101646E-03     5.943058E+02
  1.116987E-03     5.984842E+02
  1.132541E-03     6.026929E+02
  1.148312E-03     6.069277E+02
  1.164303E-03     6.111850E+02
  1.180517E-03     6.154644E+02
  1.196956E-03     6.197669E+02
  1.213624E-03     6.240937E+02
  1.230524E-03     6.284461E+02
  1.247660E-03     6.328254E+02
  1.265034E-03     6.372332E+02
  1.282650E-03     6.416710E+02
  1.300511E-03     6.461408E+02
  1.318621E-03     6.506445E+02
  1.336984E-03     6.551840E+02
  1.355602E-03     6.597597E+02
  1.374479E-03     6.643715E+02
  1.393619E-03     6.690190E+02
  1.413026E-03     6.737021E+02
  1.432703E-03     6.784204E+02
  1.452654E-03     6.831737E+02
  1.472883E-03     6.879616E+02
  1.493393E-03     6.927837E+02
  1.514189E-03     6.976396E+02
  1.535275E-03     7.025291E+02
  1.556654E-03     7.074521E+02
  1.578331E-03     7.124090E+02
  1.600310E-03     7.174002E+02
  1.622595E-03     7.224262E+02
  1.645191E-03     7.274873E+02
  1.668101E-03     7.325841E+02
  1.691330E-03     7.377173E+02
  1.714882E-03     7.428873E+02
  1.738762E-03     7.480949E+02
  1.762975E-03     7.533408E+02
  1.787526E-03     7.586254E+02
  1.812418E-03     7.639488E+02
  1.837656E-03     7.693113E+02
  1.863246E-03     7.747129E+02
  1.889193E-03     7.801540E+02
  1.915501E-03     7.856346E+02
  1.942175E-03     7.911551E+02
  1.969220E-03     7.967157E+02
  1.996642E-03     8.023167E+02
  2.024447E-03     8.079585E+02
  2.052638E-03     8.136412E+02
  2.081222E-03     8.193652E+02
  2.110203E-03     8.251307E+02
  2.139589E-03     8.309381E+02
  2.169384E-03     8.367876E+02
  2.199593E-03     8.426795E+02
  2.230223E-03     8.486143E+02
  2.261280E-03     8.545925E+02
  2.292769E-03     8.606144E+02
  2.324697E-03     8.666805E+02
  2.357069E-03     8.727914E+02
  2.389893E-03     8.789472E+02
  2.423173E-03     8.851481E+02
  2.456916E-03     8.913946E+02
  2.491130E-03     8.976870E+02
  2.525820E-03     9.040256E+02
  2.560993E-03     9.104108E+02
  2.596656E-03     9.168431E+02
  2.632815E-03     9.233229E+02
  2.669478E-03     9.298509E+02
  2.706652E-03     9.364273E+02
  2.744343E-03     9.430526E+02
  2.782559E-03     9.497269E+02
  2.821308E-03     9.564507E+02
  2.860596E-03     9.632242E+02
  2.900430E-03     9.700479E+02
  2.940820E-03     9.769222E+02
  2.981772E-03     9.838475E+02
  3.023295E-03     9.908244E+02
  3.065395E-03     9.978533E+02
  3.108082E-03     1.004935E+03
  3.151363E-03     1.012069E+03
  3.195248E-03     1.019257E+03
  3.239743E-03     1.026498E+03
  3.284857E-03     1.033794E+03
  3.330600E-03     1.041144E+03
  3.376980E-03     1.048549E+03
  3.424006E-03     1.056009E+03
  3.471687E-03     1.063525E+03
  3.520031E-03     1.071098E+03
  3.569049E-03     1.078729E+03
  3.618750E-03     1.086417E+03
  3.669142E-03     1.094162E+03
  3.720237E-03     1.101967E+03
  3.772042E-03     1.109830E+03
  3.824570E-03     1.117752E+03
  3.877828E-03     1.125734E+03
  3.931829E-03     1.133777E+03
  3.986581E-03     1.141880E+03
  4.042096E-03     1.150045E+03
  4.098384E-03     1.158272E+03
  4.155455E-03     1.166562E+03
  4.213322E-03     1.174915E+03
  4.271994E-03     1.183331E+03
  4.331483E-03     1.191812E+03
  4.391801E-03     1.200357E+03
  4.452959E-03     1.208967E+03
  4.514968E-03     1.217643E+03
  4.577841E-03     1.226385E+03
  4.641589E-03     1.235195E+03
  4.706225E-03     1.244072E+03
  4.771761E-03     1.253018E+03
  4.838210E-03     1.262033E+03
  4.905584E-03     1.271117E+03
  4.973896E-03     1.280271E+03
  5.043159E-03     1.289496E+03
  5.113388E-03     1.298792E+03
  5.184594E-03     1.308159E+03
  5.256791E-03     1.317599E+03
  5.329994E-03     1.327113E+03
  5.404216E-03     1.336700E+03
  5.479472E-03     1.346362E+03
  5.555776E-03     1.356100E+03
  5.633143E-03     1.365913E+03
  5.711586E-03     1.375802E+03
  5.791123E-03     1.385769E+03
  5.871766E-03     1.395813E+03
  5.953533E-03     1.405936E+03
  6.036439E-03     1.416138E+03
  6.120498E-03     1.426421E+03
  6.205729E-03     1.436785E+03
  6.292146E-03     1.447230E+03
  6.379767E-03     1.457759E+03
  6.468608E-03     1.468370E+03
  6.558686E-03     1.479065E+03
  6.650018E-03     1.489845E+03
  6.742622E-03     1.500710E+03
  6.836516E-03     1.511661E+03
  6.931717E-03     1.522699E+03
  7.028244E-03     1.533825E+03
  7.126115E-03     1.545040E+03
  7.225349E-03     1.556345E+03
  7.325965E-03     1.567740E+03
  7.427982E-03     1.579227E+03
  7.531420E-03     1.590805E+03
  7.636298E-03     1.602476E+03
  7.742637E-03     1.614240E+03
  7.850456E-03     1.626099E+03
  7.959777E-03     1.638053E+03
  8.070620E-03     1.650103E+03
  8.183007E-03     1.662251E+03
  8.296959E-03     1.674497E+03
  8.412497E-03     1.686843E+03
  8.529644E-03     1.699288E+03
  8.648423E-03     1.711835E+03
  8.768856E-03     1.724483E+03
  8.890966E-03     1.737234E+03
  9.014776E-03     1.750089E+03
  9.140311E-03     1.763048E+03
  9.267593E-03     1.776114E+03
  9.396648E-03     1.789288E+03
  9.527500E-03     1.802570E+03
  9.660175E-03     1.815961E+03
  9.794697E-03     1.829463E+03
  9.931092E-03     1.843075E+03
  1.006939E-02     1.856800E+03
  1.020961E-02     1.870637E+03
  1.035178E-02     1.884589E+03
  1.049593E-02     1.898656E+03
  1.064209E-02     1.912840E+03
  1.079029E-02     1.927142E+03
  1.094055E-02     1.941563E+03
  1.109290E-02     1.956103E+03
  1.124737E-02     1.970765E+03
  1.140400E-02     1.985549E+03
  1.156280E-02     2.000455E+03
  1.172382E-02     2.015486E+03
  1.188708E-02     2.030643E+03
  1.205261E-02     2.045926E+03
  1.222045E-02     2.061337E+03
  1.239062E-02     2.076878E+03
  1.256317E-02     2.092549E+03
  1.273811E-02     2.108353E+03
  1.291550E-02     2.124290E+03
  1.309535E-02     2.140360E+03
  1.327771E-02     2.156566E+03
  1.346261E-02     2.172908E+03
  1.365008E-02     2.189388E+03
  1.384016E-02     2.206007E+03
  1.403289E-02     2.222766E+03
  1.422830E-02     2.239668E+03
  1.442644E-02     2.256713E+03
  1.462733E-02     2.273902E+03
  1.483103E-02     2.291237E+03
  1.503755E-02     2.308720E+03
  1.524696E-02     2.326350E+03
  1.545928E-02     2.344131E+03
  1.567455E-02     2.362063E+03
  1.589283E-02     2.380148E+03
  1.611414E-02     2.398387E+03
  1.633854E-02     2.416783E+03
  1.656606E-02     2.435336E+03
  1.679675E-02     2.454049E+03
  1.703065E-02     2.472923E+03
  1.726781E-02     2.491958E+03
  1.750827E-02     2.511156E+03
  1.775208E-02     2.530518E+03
  1.799929E-02     2.550045E+03
  1.824993E-02     2.569740E+03
  1.850407E-02     2.589604E+03
  1.876175E-02     2.609638E+03
  1.902301E-02     2.629845E+03
  1.928792E-02     2.650225E+03
  1.955651E-02     2.670779E+03
  1.982884E-02     2.691510E+03
  2.010496E-02     2.712419E+03
  2.038493E-02     2.733507E+03
  2.066880E-02     2.754775E+03
  2.095662E-02     2.776227E+03
  2.124845E-02     2.797862E+03
  2.154435E-02     2.819684E+03
  2.184436E-02     2.841695E+03
  2.214855E-02     2.863894E+03
  2.245698E-02     2.886286E+03
  2.276970E-02     2.908869E+03
  2.308678E-02     2.931646E+03
  2.340827E-02     2.954619E+03
  2.373424E-02     2.977789E+03
  2.406475E-02     3.001157E+03
  2.439986E-02     3.024726E+03
  2.473964E-02     3.048497E+03
  2.508415E-02     3.072473E+03
  2.543346E-02     3.096655E+03
  2.578763E-02     3.121044E+03
  2.614673E-02     3.145641E+03
  2.651084E-02     3.170448E+03
  2.688001E-02     3.195467E+03
  2.725433E-02     3.220699E+03
  2.763385E-02     3.246146E+03
  2.801867E-02     3.271809E+03
  2.840884E-02     3.297692E+03
  2.880444E-02     3.323794E+03
  2.920556E-02     3.350119E+03
  2.961225E-02     3.376667E+03
  3.002462E-02     3.403440E+03
  3.044272E-02     3.430439E+03
  3.086665E-02     3.457666E+03
  3.129648E-02     3.485122E+03
  3.173230E-02     3.512810E+03
  3.217418E-02     3.540730E+03
  3.262222E-02     3.568886E+03
  3.307650E-02     3.597278E+03
  3.353710E-02     3.625909E+03
  3.400412E-02     3.654779E+03
  3.447764E-02     3.683890E+03
  3.495776E-02     3.713243E+03
  3.544456E-02     3.742839E+03
  3.593814E-02     3.772679E+03
  3.643859E-02     3.802766E+03
  3.694601E-02     3.833101E+03
  3.746050E-02     3.863684E+03
  3.798215E-02     3.894519E+03
  3.851107E-02     3.925606E+03
  3.904735E-02     3.956946E+03
  3.959110E-02     3.988540E+03
  4.014242E-02     4.020390E+03
  4.070142E-02     4.052496E+03
  4.126821E-02     4.084860E+03
  4.184289E-02     4.117483E+03
  4.242556E-02     4.150366E+03
  4.301636E-02     4.183510E+03
  4.361538E-02     4.216919E+03
  4.422274E-02     4.250591E+03
  4.483856E-02     4.284528E+03
  4.546295E-02     4.318731E+03
  4.609604E-02     4.353200E+03
  4.673795E-02     4.387936E+03
  4.738880E-02     4.422939E+03
  4.804870E-02     4.458211E+03
  4.871780E-02     4.493753E+03
  4.939622E-02     4.529564E+03
  5.008408E-02     4.565647E+03
  5.078152E-02     4.602001E+03
  5.148867E-02     4.638628E+03
  5.220568E-02     4.675527E+03
  5.293266E-02     4.712699E+03
  5.366977E-02     4.750144E+03
  5.441714E-02     4.787863E+03
  5.517492E-02     4.825856E+03
  5.594326E-02     4.864124E+03
  5.672229E-02     4.902667E+03
  5.751217E-02     4.941486E+03
  5.831305E-02     4.980582E+03
  5.912508E-02     5.019955E+03
  5.994843E-02     5.059607E+03
  6.078323E-02     5.099539E+03
  6.162966E-02     5.139752E+03
  6.248788E-02     5.180248E+03
  6.335805E-02     5.221027E+03
  6.424034E-02     5.262093E+03
  6.513491E-02     5.303446E+03
  6.604194E-02     5.345089E+03
  6.696160E-02     5.387024E+03
  6.789407E-02     5.429250E+03
  6.883952E-02     5.471769E+03
  6.979814E-02     5.514579E+03
  7.077011E-02     5.557681E+03
  7.175561E-02     5.601076E+03
  7.275484E-02     5.644763E+03
  7.376798E-02     5.688744E+03
  7.479523E-02     5.733018E+03
  7.583678E-02     5.777588E+03
  7.689284E-02     5.822452E+03
  7.796360E-02     5.867612E+03
  7.904928E-02     5.913066E+03
  8.015007E-02     5.958814E+03
  8.126619E-02     6.004857E+03
  8.239786E-02     6.051193E+03
  8.354528E-02     6.097824E+03
  8.470868E-02     6.144749E+03
  8.588829E-02     6.191969E+03
  8.708431E-02     6.239483E+03
  8.829700E-02     6.287293E+03
  8.952657E-02     6.335398E+03
  9.077327E-02     6.383798E+03
  9.203732E-02     6.432491E+03
  9.331898E-02     6.481478E+03
  9.461848E-02     6.530757E+03
  9.593608E-02     6.580330E+03
  9.727203E-02     6.630196E+03
  9.862658E-02     6.680356E+03
  1.000000E-01     6.730809E+03
  1.013925E-01     6.781556E+03
  1.028045E-01     6.832597E+03
  1.042361E-01     6.883928E+03
  1.056876E-01     6.935548E+03
  1.071593E-01     6.987456E+03
  1.086516E-01     7.039650E+03
  1.101646E-01     7.092128E+03
  1.116987E-01     7.144890E+03
  1.132541E-01     7.197933E+03
  1.148312E-01     7.251257E+03
  1.164303E-01     7.304861E+03
  1.180517E-01     7.358742E+03
  1.196956E-01     7.412895E+03
  1.213624E-01     7.467318E+03
  1.230524E-01     7.522008E+03
  1.247660E-01     7.576960E+03
  1.265034E-01     7.632170E+03
  1.282650E-01     7.687637E+03
  1.300511E-01     7.743356E+03
  1.318621E-01     7.799324E+03
  1.336984E-01     7.855537E+03
  1.355602E-01     7.911993E+03
  1.374479E-01     7.968688E+03
  1.393619E-01     8.025618E+03
  1.413026E-01     8.082782E+03
  1.432703E-01     8.140175E+03
  1.452654E-01     8.197795E+03
  1.472883E-01     8.255640E+03
  1.493393E-01     8.313707E+03
  1.514189E-01     8.371995E+03
  1.535275E-01     8.430501E+03
  1.556654E-01     8.489225E+03
  1.578331E-01     8.548164E+03
  1.600310E-01     8.607318E+03
  1.622595E-01     8.666686E+03
  1.645191E-01     8.726267E+03
  1.668101E-01     8.786064E+03
  1.691330E-01     8.846075E+03
  1.714882E-01     8.906303E+03
  1.738762E-01     8.966750E+03
  1.762975E-01     9.027419E+03
  1.787526E-01     9.088311E+03
  1.812418E-01     9.149428E+03
  1.837656E-01     9.210770E+03
  1.863246E-01     9.272341E+03
  1.889193E-01     9.334144E+03
  1.915501E-01     9.396181E+03
  1.942175E-01     9.458459E+03
  1.969220E-01     9.520982E+03
  1.996642E-01     9.583757E+03
  2.024447E-01     9.646791E+03
  2.052638E-01     9.710090E+03
  2.081222E-01     9.773657E+03
  2.110203E-01     9.837497E+03
  2.139589E-01     9.901613E+03
  2.169384E-01     9.966012E+03
  2.199593E-01     1.003070E+04
  2.230223E-01     1.009569E+04
  2.261280E-01     1.016098E+04
  2.292769E-01     1.022658E+04
  2.324697E-01     1.029252E+04
  2.357069E-01     1.035879E+04
  2.389893E-01     1.042539E+04
  2.423173E-01     1.049234E+04
  2.456916E-01     1.055964E+04
  2.491130E-01     1.062729E+04
  2.525820E-01     1.069529E+04
  2.560993E-01     1.076367E+04
  2.596656E-01     1.083241E+04
  2.632815E-01     1.090155E+04
  2.669478E-01     1.097107E+04
  2.706652E-01     1.104100E+04
  2.744343E-01     1.111134E+04
  2.782559E-01     1.118209E+04
  2.821308E-01     1.125328E+04
  2.860596E-01     1.132491E+04
  2.900430E-01     1.139700E+04
  2.940820E-01     1.146955E+04
  2.981772E-01     1.154258E+04
  3.023295E-01     1.161611E+04
  3.065395E-01     1.169015E+04
  3.108082E-01     1.176472E+04
  3.151363E-01     1.183983E+04
  3.195248E-01     1.191547E+04
  3.239743E-01     1.199164E+04
  3.284857E-01     1.206835E+04
  3.330600E-01     1.214560E+04
  3.376980E-01     1.222340E+04
  3.424006E-01     1.230174E+04
  3.471687E-01     1.238064E+04
  3.520031E-01     1.246009E+04
  3.569049E-01     1.254010E+04
  3.618750E-01     1.262066E+04
  3.669142E-01     1.270175E+04
  3.720237E-01     1.278338E+04
  3.772042E-01     1.286554E+04
  3.824570E-01     1.294820E+04
  3.877828E-01     1.303136E+04
  3.931829E-01     1.311500E+04
  3.986581E-01     1.319912E+04
  4.042096E-01     1.328370E+04
  4.098384E-01     1.336873E+04
  4.155455E-01     1.345419E+04
  4.213322E-01     1.354007E+04
  4.271994E-01     1.362637E+04
  4.331483E-01     1.371307E+04
  4.391801E-01     1.380016E+04
  4.452959E-01     1.388762E+04
  4.514968E-01     1.397545E+04
  4.577841E-01     1.406364E+04
  4.641589E-01     1.415216E+04
  4.706225E-01     1.424101E+04
  4.771761E-01     1.433017E+04
  4.838210E-01     1.441963E+04
  4.905584E-01     1.450938E+04
  4.973896E-01     1.459942E+04
  5.043159E-01     1.468972E+04
  5.113388E-01     1.478028E+04
  5.184594E-01     1.487109E+04
  5.256791E-01     1.496213E+04
  5.329994E-01     1.505339E+04
  5.404216E-01     1.514486E+04
  5.479472E-01     1.523654E+04
  5.555776E-01     1.532840E+04
  5.633143E-01     1.542044E+04
  5.711586E-01     1.551265E+04
  5.791123E-01     1.560501E+04
  5.871766E-01     1.569753E+04
  5.953533E-01     1.579018E+04
  6.036439E-01     1.588295E+04
  6.120498E-01     1.597585E+04
  6.205729E-01     1.606886E+04
  6.292146E-01     1.616196E+04
  6.379767E-01     1.625515E+04
  6.468608E-01     1.634842E+04
  6.558686E-01     1.644176E+04
  6.650018E-01     1.653516E+04
  6.742622E-01     1.662860E+04
  6.836516E-01     1.672208E+04
  6.931717E-01     1.681560E+04
  7.028244E-01     1.690914E+04
  7.126115E-01     1.700269E+04
  7.225349E-01     1.709626E+04
  7.325965E-01     1.718983E+04
  7.427982E-01     1.728339E+04
  7.531420E-01     1.737693E+04
  7.636298E-01     1.747046E+04
  7.742637E-01     1.756395E+04
  7.850456E-01     1.765741E+04
  7.959777E-01     1.775083E+04
  8.070620E-01     1.784422E+04
  8.183007E-01     1.793756E+04
  8.296959E-01     1.803086E+04
  8.412497E-01     1.812410E+04
  8.529644E-01     1.821726E+04
  8.648423E-01     1.831034E+04
  8.768856E-01     1.840332E+04
  8.890966E-01     1.849619E+04
  9.014776E-01     1.858895E+04
  9.140311E-01     1.868158E+04
  9.267593E-01     1.877408E+04
  9.396648E-01     1.886644E+04
  9.527500E-01     1.895864E+04
  9.660175E-01     1.905068E+04
  9.794697E-01     1.914254E+04
  9.931092E-01     1.923420E+04
  1.006939E+00     1.932564E+04
  1.020961E+00     1.941685E+04
  1.035178E+00     1.950782E+04
  1.049593E+00     1.959853E+04
  1.064209E+00     1.968897E+04
  1.079029E+00     1.977913E+04
  1.094055E+00     1.986899E+04
  1.109290E+00     1.995854E+04
  1.124737E+00     2.004775E+04
  1.140400E+00     2.013660E+04
  1.156280E+00     2.022508E+04
  1.172382E+00     2.031316E+04
  1.188708E+00     2.040082E+04
  1.205261E+00     2.048805E+04
  1.222045E+00     2.057483E+04
  1.239062E+00     2.066115E+04
  1.256317E+00     2.074698E+04
  1.273811E+00     2.083230E+04
  1.291550E+00     2.091710E+04
  1.309535E+00     2.100134E+04
  1.327771E+00     2.108500E+04
  1.346261E+00     2.116806E+04
  1.365008E+00     2.125051E+04
  1.384016E+00     2.133231E+04
  1.403289E+00     2.141346E+04
  1.422830E+00     2.149393E+04
  1.442644E+00     2.157370E+04
  1.462733E+00     2.165277E+04
  1.483103E+00     2.173109E+04
  1.503755E+00     2.180867E+04
  1.524696E+00     2.188548E+04
  1.545928E+00     2.196151E+04
  1.567455E+00     2.203675E+04
  1.589283E+00     2.211117E+04
  1.611414E+00     2.218479E+04
  1.633854E+00     2.225758E+04
  1.656606E+00     2.232953E+04
  1.679675E+00     2.240064E+04
  1.703065E+00     2.247087E+04
  1.726781E+00     2.254022E+04
  1.750827E+00     2.260866E+04
  1.775208E+00     2.267618E+04
  1.799929E+00     2.274277E+04
  1.824993E+00     2.280842E+04
  1.850407E+00     2.287311E+04
  1.876175E+00     2.293684E+04
  1.902301E+00     2.299961E+04
  1.928792E+00     2.306140E+04
  1.955651E+00     2.312219E+04
  1.982884E+00     2.318198E+04
  2.010496E+00     2.324076E+04
  2.038493E+00     2.329851E+04
  2.066880E+00     2.335524E+04
  2.095662E+00     2.341093E+04
  2.124845E+00     2.346560E+04
  2.154435E+00     2.351925E+04
  2.184436E+00     2.357187E+04
  2.214855E+00     2.362347E+04
  2.245698E+00     2.367403E+04
  2.276970E+00     2.372354E+04
  2.308678E+00     2.377199E+04
  2.340827E+00     2.381939E+04
  2.373424E+00     2.386573E+04
  2.406475E+00     2.391102E+04
  2.439986E+00     2.395525E+04
  2.473964E+00     2.399845E+04
  2.508415E+00     2.404061E+04
  2.543346E+00     2.408174E+04
  2.578763E+00     2.412183E+04
  2.614673E+00     2.416086E+04
  2.651084E+00     2.419884E+04
  2.688001E+00     2.423577E+04
  2.725433E+00     2.427164E+04
  2.763385E+00     2.430647E+04
  2.801867E+00     2.434026E+04
  2.840884E+00     2.437302E+04
  2.880444E+00     2.440477E+04
  2.920556E+00     2.443551E+04
  2.961225E+00     2.446523E+04
  3.002462E+00     2.449392E+04
  3.044272E+00     2.452160E+04
  3.086665E+00     2.454825E+04
  3.129648E+00     2.457388E+04
  3.173230E+00     2.459850E+04
  3.217418E+00     2.462212E+04
  3.262222E+00     2.464476E+04
  3.307650E+00     2.466642E+04
  3.353710E+00     2.468713E+04
  3.400412E+00     2.470685E+04
  3.447764E+00     2.472561E+04
  3.495776E+00     2.474339E+04
  3.544456E+00     2.476019E+04
  3.593814E+00     2.477603E+04
  3.643859E+00     2.479090E+04
  3.694601E+00     2.480483E+04
  3.746050E+00     2.481781E+04
  3.798215E+00     2.482986E+04
  3.851107E+00     2.484100E+04
  3.904735E+00     2.485121E+04
  3.959110E+00     2.486050E+04
  4.014242E+00     2.486885E+04
  4.070142E+00     2.487628E+04
  4.126821E+00     2.488278E+04
  4.184289E+00     2.488836E+04
  4.242556E+00     2.489304E+04
  4.301636E+00     2.489681E+04
  4.361538E+00     2.489969E+04
  4.422274E+00     2.490170E+04
  4.483856E+00     2.490281E+04
  4.546295E+00     2.490304E+04
  4.609604E+00     2.490238E+04
  4.673795E+00     2.490083E+04
  4.738880E+00     2.489840E+04
  4.804870E+00     2.489508E+04
  4.871780E+00     2.489089E+04
  4.939622E+00     2.488583E+04
  5.008408E+00     2.487992E+04
  5.078152E+00     2.487317E+04
  5.148867E+00     2.486556E+04
  5.220568E+00     2.485710E+04
  5.293266E+00     2.484777E+04
  5.366977E+00     2.483759E+04
  5.441714E+00     2.482655E+04
  5.517492E+00     2.481465E+04
  5.594326E+00     2.480190E+04
  5.672229E+00     2.478831E+04
  5.751217E+00     2.477388E+04
  5.831305E+00     2.475861E+04
  5.912508E+00     2.474251E+04
  5.994843E+00     2.472556E+04
  6.078323E+00     2.470777E+04
  6.162966E+00     2.468915E+04
  6.248788E+00     2.466967E+04
  6.335805E+00     2.464936E+04
  6.424034E+00     2.462822E+04
  6.513491E+00     2.460625E+04
  6.604194E+00     2.458345E+04
  6.696160E+00     2.455984E+04
  6.789407E+00     2.453542E+04
  6.883952E+00     2.451016E+04
  6.979814E+00     2.448409E+04
  7.077011E+00     2.445718E+04
  7.175561E+00     2.442945E+04
  7.275484E+00     2.440088E+04
  7.376798E+00     2.437149E+04
  7.479523E+00     2.434128E+04
  7.583678E+00     2.431026E+04
  7.689284E+00     2.427842E+04
  7.796360E+00     2.424576E+04
  7.904928E+00     2.421229E+04
  8.015007E+00     2.417799E+04
  8.126619E+00     2.414286E+04
  8.239786E+00     2.410691E+04
  8.354528E+00     2.407013E+04
  8.470868E+00     2.403253E+04
  8.588829E+00     2.399411E+04
  8.708431E+00     2.395488E+04
  8.829700E+00     2.391483E+04
  8.952657E+00     2.387396E+04
  9.077327E+00     2.383228E+04
  9.203732E+00     2.378978E+04
  9.331898E+00     2.374645E+04
  9.461848E+00     2.370231E+04
  9.593608E+00     2.365735E+04
  9.727203E+00     2.361157E+04
  9.862658E+00     2.356498E+04
  1.000000E+01     2.351758E+04
  1.013925E+01     2.346938E+04
  1.028045E+01     2.342038E+04
  1.042361E+01     2.337056E+04
  1.056876E+01     2.331994E+04
  1.071593E+01     2.326851E+04
  1.086516E+01     2.321627E+04
  1.101646E+01     2.316323E+04
  1.116987E+01     2.310938E+04
  1.132541E+01     2.305472E+04
  1.148312E+01     2.299927E+04
  1.164303E+01     2.294303E+04
  1.180517E+01     2.288599E+04
  1.196956E+01     2.282815E+04
  1.213624E+01     2.276953E+04
  1.230524E+01     2.271011E+04
  1.247660E+01     2.264991E+04
  1.265034E+01     2.258892E+04
  1.282650E+01     2.252714E+04
  1.300511E+01     2.246459E+04
  1.318621E+01     2.240127E+04
  1.336984E+01     2.233718E+04
  1.355602E+01     2.227234E+04
  1.374479E+01     2.220673E+04
  1.393619E+01     2.214037E+04
  1.413026E+01     2.207325E+04
  1.432703E+01     2.200537E+04
  1.452654E+01     2.193675E+04
  1.472883E+01     2.186739E+04
  1.493393E+01     2.179729E+04
  1.514189E+01     2.172646E+04
  1.535275E+01     2.165491E+04
  1.556654E+01     2.158264E+04
  1.578331E+01     2.150966E+04
  1.600310E+01     2.143596E+04
  1.622595E+01     2.136155E+04
  1.645191E+01     2.128643E+04
  1.668101E+01     2.121062E+04
  1.691330E+01     2.113410E+04
  1.714882E+01     2.105690E+04
  1.738762E+01     2.097900E+04
  1.762975E+01     2.090044E+04
  1.787526E+01     2.082119E+04
  1.812418E+01     2.074129E+04
  1.837656E+01     2.066072E+04
  1.863246E+01     2.057950E+04
  1.889193E+01     2.049764E+04
  1.915501E+01     2.041514E+04
  1.942175E+01     2.033202E+04
  1.969220E+01     2.024828E+04
  1.996642E+01     2.016394E+04
  2.024447E+01     2.007900E+04
  2.052638E+01     1.999348E+04
  2.081222E+01     1.990738E+04
  2.110203E+01     1.982071E+04
  2.139589E+01     1.973347E+04
  2.169384E+01     1.964568E+04
  2.199593E+01     1.955733E+04
  2.230223E+01     1.946844E+04
  2.261280E+01     1.937902E+04
  2.292769E+01     1.928907E+04
  2.324697E+01     1.919860E+04
  2.357069E+01     1.910763E+04
  2.389893E+01     1.901615E+04
  2.423173E+01     1.892419E+04
  2.456916E+01     1.883174E+04
  2.491130E+01     1.873882E+04
  2.525820E+01     1.864544E+04
  2.560993E+01     1.855161E+04
  2.596656E+01     1.845734E+04
  2.632815E+01     1.836263E+04
  2.669478E+01     1.826751E+04
  2.706652E+01     1.817199E+04
  2.744343E+01     1.807607E+04
  2.782559E+01     1.797977E+04
  2.821308E+01     1.788310E+04
  2.860596E+01     1.778608E+04
  2.900430E+01     1.768873E+04
  2.940820E+01     1.759105E+04
  2.981772E+01     1.749306E+04
  3.023295E+01     1.739479E+04
  3.065395E+01     1.729624E+04
  3.108082E+01     1.719743E+04
  3.151363E+01     1.709837E+04
  3.195248E+01     1.699907E+04
  3.239743E+01     1.689953E+04
  3.284857E+01     1.679975E+04
  3.330600E+01     1.669976E+04
  3.376980E+01     1.659954E+04
  3.424006E+01     1.649912E+04
  3.471687E+01     1.639848E+04
  3.520031E+01     1.629764E+04
  3.569049E+01     1.619659E+04
  3.618750E+01     1.609537E+04
  3.669142E+01     1.599397E+04
  3.720237E+01     1.589242E+04
  3.772042E+01     1.579073E+04
  3.824570E+01     1.568891E+04
  3.877828E+01     1.558699E+04
  3.931829E+01     1.548497E+04
  3.986581E+01     1.538288E+04
  4.042096E+01     1.528072E+04
  4.098384E+01     1.517852E+04
  4.155455E+01     1.507629E+04
  4.213322E+01     1.497404E+04
  4.271994E+01     1.487180E+04
  4.331483E+01     1.476957E+04
  4.391801E+01     1.466738E+04
  4.452959E+01     1.456524E+04
  4.514968E+01     1.446316E+04
  4.577841E+01     1.436116E+04
  4.641589E+01     1.425926E+04
  4.706225E+01     1.415746E+04
  4.771761E+01     1.405578E+04
  4.838210E+01     1.395423E+04
  4.905584E+01     1.385283E+04
  4.973896E+01     1.375158E+04
  5.043159E+01     1.365050E+04
  5.113388E+01     1.354960E+04
  5.184594E+01     1.344888E+04
  5.256791E+01     1.334834E+04
  5.329994E+01     1.324801E+04
  5.404216E+01     1.314787E+04
  5.479472E+01     1.304794E+04
  5.555776E+01     1.294824E+04
  5.633143E+01     1.284879E+04
  5.711586E+01     1.274959E+04
  5.791123E+01     1.265066E+04
  5.871766E+01     1.255201E+04
  5.953533E+01     1.245365E+04
  6.036439E+01     1.235559E+04
  6.120498E+01     1.225783E+04
  6.205729E+01     1.216039E+04
  6.292146E+01     1.206327E+04
  6.379767E+01     1.196649E+04
  6.468608E+01     1.187007E+04
  6.558686E+01     1.177401E+04
  6.650018E+01     1.167834E+04
  6.742622E+01     1.158305E+04
  6.836516E+01     1.148816E+04
  6.931717E+01     1.139368E+04
  7.028244E+01     1.129960E+04
  7.126115E+01     1.120594E+04
  7.225349E+01     1.111271E+04
  7.325965E+01     1.101991E+04
  7.427982E+01     1.092756E+04
  7.531420E+01     1.083567E+04
  7.636298E+01     1.074426E+04
  7.742637E+01     1.065332E+04
  7.850456E+01     1.056287E+04
  7.959777E+01     1.047291E+04
  8.070620E+01     1.038344E+04
  8.183007E+01     1.029446E+04
  8.296959E+01     1.020598E+04
  8.412497E+01     1.011801E+04
  8.529644E+01     1.003056E+04
  8.648423E+01     9.943650E+03
  8.768856E+01     9.857282E+03
  8.890966E+01     9.771465E+03
  9.014776E+01     9.686202E+03
  9.140311E+01     9.601497E+03
  9.267593E+01     9.517350E+03
  9.396648E+01     9.433760E+03
  9.527500E+01     9.350730E+03
  9.660175E+01     9.268273E+03
  9.794697E+01     9.186399E+03
  9.931092E+01     9.105114E+03
  1.006939E+02     9.024427E+03
  1.020961E+02     8.944340E+03
  1.035178E+02     8.864856E+03
  1.049593E+02     8.785974E+03
  1.064209E+02     8.707690E+03
  1.079029E+02     8.630000E+03
  1.094055E+02     8.552903E+03
  1.109290E+02     8.476410E+03
  1.124737E+02     8.400531E+03
  1.140400E+02     8.325273E+03
  1.156280E+02     8.250641E+03
  1.172382E+02     8.176639E+03
  1.188708E+02     8.103268E+03
  1.205261E+02     8.030525E+03
  1.222045E+02     7.958408E+03
  1.239062E+02     7.886909E+03
  1.256317E+02     7.816026E+03
  1.273811E+02     7.745768E+03
  1.291550E+02     7.676142E+03
  1.309535E+02     7.607155E+03
  1.327771E+02     7.538809E+03
  1.346261E+02     7.471107E+03
  1.365008E+02     7.404047E+03
  1.384016E+02     7.337625E+03
  1.403289E+02     7.271835E+03
  1.422830E+02     7.206667E+03
  1.442644E+02     7.142118E+03
  1.462733E+02     7.078193E+03
  1.483103E+02     7.014899E+03
  1.503755E+02     6.952240E+03
  1.524696E+02     6.890219E+03
  1.545928E+02     6.828837E+03
  1.567455E+02     6.768091E+03
  1.589283E+02     6.707977E+03
  1.611414E+02     6.648487E+03
  1.633854E+02     6.589611E+03
  1.656606E+02     6.531341E+03
  1.679675E+02     6.473682E+03
  1.703065E+02     6.416640E+03
  1.726781E+02     6.360217E+03
  1.750827E+02     6.304415E+03
  1.775208E+02     6.249233E+03
  1.799929E+02     6.194667E+03
  1.824993E+02     6.140711E+03
  1.850407E+02     6.087357E+03
  1.876175E+02     6.034594E+03
  1.902301E+02     5.982410E+03
  1.928792E+02     5.930810E+03
  1.955651E+02     5.879798E+03
  1.982884E+02     5.829376E+03
  2.010496E+02     5.779545E+03
  2.038493E+02     5.730303E+03
  2.066880E+02     5.681647E+03
  2.095662E+02     5.633569E+03
  2.124845E+02     5.586063E+03
  2.154435E+02     5.539115E+03
  2.184436E+02     5.492715E+03
  2.214855E+02     5.446865E+03
  2.245698E+02     5.401568E+03
  2.276970E+02     5.356825E+03
  2.308678E+02     5.312638E+03
  2.340827E+02     5.269004E+03
  2.373424E+02     5.225918E+03
  2.406475E+02     5.183376E+03
  2.439986E+02     5.141367E+03
  2.473964E+02     5.099881E+03
  2.508415E+02     5.058907E+03
  2.543346E+02     5.018443E+03
  2.578763E+02     4.978494E+03
  2.614673E+02     4.939059E+03
  2.651084E+02     4.900138E+03
  2.688001E+02     4.861730E+03
  2.725433E+02     4.823830E+03
  2.763385E+02     4.786431E+03
  2.801867E+02     4.749526E+03
  2.840884E+02     4.713101E+03
  2.880444E+02     4.677147E+03
  2.920556E+02     4.641661E+03
  2.961225E+02     4.606646E+03
  3.002462E+02     4.572101E+03
  3.044272E+02     4.538027E+03
  3.086665E+02     4.504422E+03
  3.129648E+02     4.471280E+03
  3.173230E+02     4.438596E+03
  3.217418E+02     4.406361E+03
  3.262222E+02     4.374566E+03
  3.307650E+02     4.343199E+03
  3.353710E+02     4.312256E+03
  3.400412E+02     4.281740E+03
  3.447764E+02     4.251651E+03
  3.495776E+02     4.221990E+03
  3.544456E+02     4.192752E+03
  3.593814E+02     4.163936E+03
  3.643859E+02     4.135535E+03
  3.694601E+02     4.107542E+03
  3.746050E+02     4.079948E+03
  3.798215E+02     4.052741E+03
  3.851107E+02     4.025919E+03
  3.904735E+02     3.999482E+03
  3.959110E+02     3.973432E+03
  4.014242E+02     3.947767E+03
  4.070142E+02     3.922485E+03
  4.126821E+02     3.897584E+03
  4.184289E+02     3.873057E+03
  4.242556E+02     3.848898E+03
  4.301636E+02     3.825099E+03
  4.361538E+02     3.801649E+03
  4.422274E+02     3.778545E+03
  4.483856E+02     3.755786E+03
  4.546295E+02     3.733375E+03
  4.609604E+02     3.711309E+03
  4.673795E+02     3.689588E+03
  4.738880E+02     3.668207E+03
  4.804870E+02     3.647163E+03
  4.871780E+02     3.626450E+03
  4.939622E+02     3.606060E+03
  5.008408E+02     3.585983E+03
  5.078152E+02     3.566215E+03
  5.148867E+02     3.546757E+03
  5.220568E+02     3.527610E+03
  5.293266E+02     3.508772E+03
  5.366977E+02     3.490242E+03
  5.441714E+02     3.472018E+03
  5.517492E+02     3.454094E+03
  5.594326E+02     3.436467E+03
  5.672229E+02     3.419129E+03
  5.751217E+02     3.402071E+03
  5.831305E+02     3.385290E+03
  5.912508E+02     3.368785E+03
  5.994843E+02     3.352558E+03
  6.078323E+02     3.336607E+03
  6.162966E+02     3.320931E+03
  6.248788E+02     3.305527E+03
  6.335805E+02     3.290393E+03
  6.424034E+02     3.275523E+03
  6.513491E+02     3.260912E+03
  6.604194E+02     3.246553E+03
  6.696160E+02     3.232439E+03
  6.789407E+02     3.218572E+03
  6.883952E+02     3.204950E+03
  6.979814E+02     3.191573E+03
  7.077011E+02     3.178439E+03
  7.175561E+02     3.165544E+03
  7.275484E+02     3.152885E+03
  7.376798E+02     3.140456E+03
  7.479523E+02     3.128253E+03
  7.583678E+02     3.116266E+03
  7.689284E+02     3.104492E+03
  7.796360E+02     3.092933E+03
  7.904928E+02     3.081594E+03
  8.015007E+02     3.070478E+03
  8.126619E+02     3.059587E+03
  8.239786E+02     3.048927E+03
  8.354528E+02     3.038497E+03
  8.470868E+02     3.028301E+03
  8.588829E+02     3.018341E+03
  8.708431E+02     3.008616E+03
  8.829700E+02     2.999122E+03
  8.952657E+02     2.989841E+03
  9.077327E+02     2.980748E+03
  9.203732E+02     2.971814E+03
  9.331898E+02     2.963011E+03
  9.461848E+02     2.954304E+03
  9.593608E+02     2.945658E+03
  9.727203E+02     2.937033E+03
  9.862658E+02     2.928385E+03
  1.000000E+03     2.919666E+03
