FILE CREATED BY  : PROGRAM DPASS - VERSION 2.00
DATABASE VERSION : 21.06
DATE AND TIME    : 10/08/2022 00:49:50
PROJECTILE       : Hg
TARGET           : Fe
TARGET AT. MASS  : 5.584700E+01
TARGET DENSITY   : 7.874000E+00 g/cm^3
TABULATED OUTPUT : STOPPING FORCE VERSUS ENERGY
DATA TYPE        : SPLINE INTERPOLATED
ABSCISSA UNITS   : MeV/u
ORDINATE UNITS   : eV/nm


      E/n             S(E/n)

  1.000000E-03     1.387452E+03
  1.013925E-03     1.396892E+03
  1.028045E-03     1.406457E+03
  1.042361E-03     1.416142E+03
  1.056876E-03     1.425939E+03
  1.071593E-03     1.435844E+03
  1.086516E-03     1.445847E+03
  1.101646E-03     1.455942E+03
  1.116987E-03     1.466120E+03
  1.132541E-03     1.476372E+03
  1.148312E-03     1.486686E+03
  1.164303E-03     1.497055E+03
  1.180517E-03     1.507476E+03
  1.196956E-03     1.517953E+03
  1.213624E-03     1.528487E+03
  1.230524E-03     1.539082E+03
  1.247660E-03     1.549741E+03
  1.265034E-03     1.560467E+03
  1.282650E-03     1.571264E+03
  1.300511E-03     1.582135E+03
  1.318621E-03     1.593087E+03
  1.336984E-03     1.604122E+03
  1.355602E-03     1.615241E+03
  1.374479E-03     1.626445E+03
  1.393619E-03     1.637733E+03
  1.413026E-03     1.649104E+03
  1.432703E-03     1.660558E+03
  1.452654E-03     1.672093E+03
  1.472883E-03     1.683710E+03
  1.493393E-03     1.695408E+03
  1.514189E-03     1.707186E+03
  1.535275E-03     1.719042E+03
  1.556654E-03     1.730978E+03
  1.578331E-03     1.742995E+03
  1.600310E-03     1.755093E+03
  1.622595E-03     1.767273E+03
  1.645191E-03     1.779537E+03
  1.668101E-03     1.791887E+03
  1.691330E-03     1.804323E+03
  1.714882E-03     1.816848E+03
  1.738762E-03     1.829463E+03
  1.762975E-03     1.842171E+03
  1.787526E-03     1.854971E+03
  1.812418E-03     1.867865E+03
  1.837656E-03     1.880853E+03
  1.863246E-03     1.893935E+03
  1.889193E-03     1.907110E+03
  1.915501E-03     1.920381E+03
  1.942175E-03     1.933745E+03
  1.969220E-03     1.947206E+03
  1.996642E-03     1.960761E+03
  2.024447E-03     1.974413E+03
  2.052638E-03     1.988161E+03
  2.081222E-03     2.002006E+03
  2.110203E-03     2.015949E+03
  2.139589E-03     2.029989E+03
  2.169384E-03     2.044128E+03
  2.199593E-03     2.058365E+03
  2.230223E-03     2.072702E+03
  2.261280E-03     2.087140E+03
  2.292769E-03     2.101678E+03
  2.324697E-03     2.116319E+03
  2.357069E-03     2.131063E+03
  2.389893E-03     2.145910E+03
  2.423173E-03     2.160861E+03
  2.456916E-03     2.175918E+03
  2.491130E-03     2.191080E+03
  2.525820E-03     2.206350E+03
  2.560993E-03     2.221727E+03
  2.596656E-03     2.237213E+03
  2.632815E-03     2.252809E+03
  2.669478E-03     2.268518E+03
  2.706652E-03     2.284339E+03
  2.744343E-03     2.300273E+03
  2.782559E-03     2.316321E+03
  2.821308E-03     2.332483E+03
  2.860596E-03     2.348760E+03
  2.900430E-03     2.365153E+03
  2.940820E-03     2.381662E+03
  2.981772E-03     2.398288E+03
  3.023295E-03     2.415032E+03
  3.065395E-03     2.431896E+03
  3.108082E-03     2.448879E+03
  3.151363E-03     2.465983E+03
  3.195248E-03     2.483209E+03
  3.239743E-03     2.500557E+03
  3.284857E-03     2.518028E+03
  3.330600E-03     2.535624E+03
  3.376980E-03     2.553345E+03
  3.424006E-03     2.571192E+03
  3.471687E-03     2.589168E+03
  3.520031E-03     2.607273E+03
  3.569049E-03     2.625508E+03
  3.618750E-03     2.643876E+03
  3.669142E-03     2.662375E+03
  3.720237E-03     2.681007E+03
  3.772042E-03     2.699773E+03
  3.824570E-03     2.718673E+03
  3.877828E-03     2.737709E+03
  3.931829E-03     2.756881E+03
  3.986581E-03     2.776191E+03
  4.042096E-03     2.795640E+03
  4.098384E-03     2.815229E+03
  4.155455E-03     2.834959E+03
  4.213322E-03     2.854832E+03
  4.271994E-03     2.874847E+03
  4.331483E-03     2.895005E+03
  4.391801E-03     2.915308E+03
  4.452959E-03     2.935757E+03
  4.514968E-03     2.956353E+03
  4.577841E-03     2.977097E+03
  4.641589E-03     2.997991E+03
  4.706225E-03     3.019037E+03
  4.771761E-03     3.040235E+03
  4.838210E-03     3.061586E+03
  4.905584E-03     3.083092E+03
  4.973896E-03     3.104753E+03
  5.043159E-03     3.126570E+03
  5.113388E-03     3.148546E+03
  5.184594E-03     3.170682E+03
  5.256791E-03     3.192978E+03
  5.329994E-03     3.215438E+03
  5.404216E-03     3.238062E+03
  5.479472E-03     3.260852E+03
  5.555776E-03     3.283809E+03
  5.633143E-03     3.306933E+03
  5.711586E-03     3.330227E+03
  5.791123E-03     3.353689E+03
  5.871766E-03     3.377323E+03
  5.953533E-03     3.401129E+03
  6.036439E-03     3.425109E+03
  6.120498E-03     3.449265E+03
  6.205729E-03     3.473597E+03
  6.292146E-03     3.498108E+03
  6.379767E-03     3.522799E+03
  6.468608E-03     3.547669E+03
  6.558686E-03     3.572722E+03
  6.650018E-03     3.597958E+03
  6.742622E-03     3.623379E+03
  6.836516E-03     3.648985E+03
  6.931717E-03     3.674780E+03
  7.028244E-03     3.700766E+03
  7.126115E-03     3.726943E+03
  7.225349E-03     3.753314E+03
  7.325965E-03     3.779879E+03
  7.427982E-03     3.806641E+03
  7.531420E-03     3.833599E+03
  7.636298E-03     3.860756E+03
  7.742637E-03     3.888114E+03
  7.850456E-03     3.915673E+03
  7.959777E-03     3.943435E+03
  8.070620E-03     3.971403E+03
  8.183007E-03     3.999579E+03
  8.296959E-03     4.027965E+03
  8.412497E-03     4.056561E+03
  8.529644E-03     4.085369E+03
  8.648423E-03     4.114391E+03
  8.768856E-03     4.143628E+03
  8.890966E-03     4.173081E+03
  9.014776E-03     4.202754E+03
  9.140311E-03     4.232648E+03
  9.267593E-03     4.262766E+03
  9.396648E-03     4.293109E+03
  9.527500E-03     4.323680E+03
  9.660175E-03     4.354480E+03
  9.794697E-03     4.385511E+03
  9.931092E-03     4.416774E+03
  1.006939E-02     4.448272E+03
  1.020961E-02     4.480005E+03
  1.035178E-02     4.511976E+03
  1.049593E-02     4.544187E+03
  1.064209E-02     4.576640E+03
  1.079029E-02     4.609339E+03
  1.094055E-02     4.642285E+03
  1.109290E-02     4.675480E+03
  1.124737E-02     4.708926E+03
  1.140400E-02     4.742623E+03
  1.156280E-02     4.776574E+03
  1.172382E-02     4.810781E+03
  1.188708E-02     4.845246E+03
  1.205261E-02     4.879971E+03
  1.222045E-02     4.914959E+03
  1.239062E-02     4.950212E+03
  1.256317E-02     4.985734E+03
  1.273811E-02     5.021525E+03
  1.291550E-02     5.057587E+03
  1.309535E-02     5.093923E+03
  1.327771E-02     5.130533E+03
  1.346261E-02     5.167421E+03
  1.365008E-02     5.204589E+03
  1.384016E-02     5.242038E+03
  1.403289E-02     5.279772E+03
  1.422830E-02     5.317795E+03
  1.442644E-02     5.356107E+03
  1.462733E-02     5.394713E+03
  1.483103E-02     5.433613E+03
  1.503755E-02     5.472809E+03
  1.524696E-02     5.512305E+03
  1.545928E-02     5.552102E+03
  1.567455E-02     5.592203E+03
  1.589283E-02     5.632611E+03
  1.611414E-02     5.673330E+03
  1.633854E-02     5.714363E+03
  1.656606E-02     5.755713E+03
  1.679675E-02     5.797382E+03
  1.703065E-02     5.839372E+03
  1.726781E-02     5.881685E+03
  1.750827E-02     5.924322E+03
  1.775208E-02     5.967286E+03
  1.799929E-02     6.010580E+03
  1.824993E-02     6.054206E+03
  1.850407E-02     6.098167E+03
  1.876175E-02     6.142466E+03
  1.902301E-02     6.187106E+03
  1.928792E-02     6.232090E+03
  1.955651E-02     6.277420E+03
  1.982884E-02     6.323097E+03
  2.010496E-02     6.369125E+03
  2.038493E-02     6.415507E+03
  2.066880E-02     6.462244E+03
  2.095662E-02     6.509342E+03
  2.124845E-02     6.556802E+03
  2.154435E-02     6.604630E+03
  2.184436E-02     6.652828E+03
  2.214855E-02     6.701400E+03
  2.245698E-02     6.750346E+03
  2.276970E-02     6.799671E+03
  2.308678E-02     6.849376E+03
  2.340827E-02     6.899464E+03
  2.373424E-02     6.949938E+03
  2.406475E-02     7.000801E+03
  2.439986E-02     7.052057E+03
  2.473964E-02     7.103710E+03
  2.508415E-02     7.155763E+03
  2.543346E-02     7.208220E+03
  2.578763E-02     7.261082E+03
  2.614673E-02     7.314352E+03
  2.651084E-02     7.368033E+03
  2.688001E-02     7.422127E+03
  2.725433E-02     7.476639E+03
  2.763385E-02     7.531571E+03
  2.801867E-02     7.586927E+03
  2.840884E-02     7.642711E+03
  2.880444E-02     7.698928E+03
  2.920556E-02     7.755580E+03
  2.961225E-02     7.812670E+03
  3.002462E-02     7.870199E+03
  3.044272E-02     7.928169E+03
  3.086665E-02     7.986585E+03
  3.129648E-02     8.045449E+03
  3.173230E-02     8.104763E+03
  3.217418E-02     8.164531E+03
  3.262222E-02     8.224757E+03
  3.307650E-02     8.285446E+03
  3.353710E-02     8.346599E+03
  3.400412E-02     8.408219E+03
  3.447764E-02     8.470309E+03
  3.495776E-02     8.532872E+03
  3.544456E-02     8.595912E+03
  3.593814E-02     8.659431E+03
  3.643859E-02     8.723433E+03
  3.694601E-02     8.787923E+03
  3.746050E-02     8.852905E+03
  3.798215E-02     8.918383E+03
  3.851107E-02     8.984361E+03
  3.904735E-02     9.050841E+03
  3.959110E-02     9.117826E+03
  4.014242E-02     9.185318E+03
  4.070142E-02     9.253321E+03
  4.126821E-02     9.321837E+03
  4.184289E-02     9.390870E+03
  4.242556E-02     9.460423E+03
  4.301636E-02     9.530502E+03
  4.361538E-02     9.601109E+03
  4.422274E-02     9.672250E+03
  4.483856E-02     9.743924E+03
  4.546295E-02     9.816137E+03
  4.609604E-02     9.888889E+03
  4.673795E-02     9.962184E+03
  4.738880E-02     1.003603E+04
  4.804870E-02     1.011042E+04
  4.871780E-02     1.018536E+04
  4.939622E-02     1.026086E+04
  5.008408E-02     1.033693E+04
  5.078152E-02     1.041356E+04
  5.148867E-02     1.049076E+04
  5.220568E-02     1.056853E+04
  5.293266E-02     1.064687E+04
  5.366977E-02     1.072579E+04
  5.441714E-02     1.080529E+04
  5.517492E-02     1.088537E+04
  5.594326E-02     1.096603E+04
  5.672229E-02     1.104729E+04
  5.751217E-02     1.112914E+04
  5.831305E-02     1.121159E+04
  5.912508E-02     1.129464E+04
  5.994843E-02     1.137830E+04
  6.078323E-02     1.146255E+04
  6.162966E-02     1.154742E+04
  6.248788E-02     1.163290E+04
  6.335805E-02     1.171899E+04
  6.424034E-02     1.180570E+04
  6.513491E-02     1.189302E+04
  6.604194E-02     1.198098E+04
  6.696160E-02     1.206956E+04
  6.789407E-02     1.215878E+04
  6.883952E-02     1.224863E+04
  6.979814E-02     1.233913E+04
  7.077011E-02     1.243027E+04
  7.175561E-02     1.252206E+04
  7.275484E-02     1.261451E+04
  7.376798E-02     1.270762E+04
  7.479523E-02     1.280140E+04
  7.583678E-02     1.289585E+04
  7.689284E-02     1.299099E+04
  7.796360E-02     1.308682E+04
  7.904928E-02     1.318333E+04
  8.015007E-02     1.328054E+04
  8.126619E-02     1.337844E+04
  8.239786E-02     1.347703E+04
  8.354528E-02     1.357633E+04
  8.470868E-02     1.367634E+04
  8.588829E-02     1.377705E+04
  8.708431E-02     1.387848E+04
  8.829700E-02     1.398063E+04
  8.952657E-02     1.408350E+04
  9.077327E-02     1.418709E+04
  9.203732E-02     1.429141E+04
  9.331898E-02     1.439645E+04
  9.461848E-02     1.450223E+04
  9.593608E-02     1.460873E+04
  9.727203E-02     1.471596E+04
  9.862658E-02     1.482393E+04
  1.000000E-01     1.493265E+04
  1.013925E-01     1.504210E+04
  1.028045E-01     1.515230E+04
  1.042361E-01     1.526324E+04
  1.056876E-01     1.537492E+04
  1.071593E-01     1.548736E+04
  1.086516E-01     1.560054E+04
  1.101646E-01     1.571447E+04
  1.116987E-01     1.582915E+04
  1.132541E-01     1.594458E+04
  1.148312E-01     1.606077E+04
  1.164303E-01     1.617773E+04
  1.180517E-01     1.629544E+04
  1.196956E-01     1.641391E+04
  1.213624E-01     1.653316E+04
  1.230524E-01     1.665316E+04
  1.247660E-01     1.677394E+04
  1.265034E-01     1.689548E+04
  1.282650E-01     1.701780E+04
  1.300511E-01     1.714090E+04
  1.318621E-01     1.726478E+04
  1.336984E-01     1.738946E+04
  1.355602E-01     1.751492E+04
  1.374479E-01     1.764117E+04
  1.393619E-01     1.776822E+04
  1.413026E-01     1.789607E+04
  1.432703E-01     1.802472E+04
  1.452654E-01     1.815418E+04
  1.472883E-01     1.828444E+04
  1.493393E-01     1.841552E+04
  1.514189E-01     1.854743E+04
  1.535275E-01     1.868016E+04
  1.556654E-01     1.881373E+04
  1.578331E-01     1.894814E+04
  1.600310E-01     1.908338E+04
  1.622595E-01     1.921947E+04
  1.645191E-01     1.935640E+04
  1.668101E-01     1.949419E+04
  1.691330E-01     1.963284E+04
  1.714882E-01     1.977236E+04
  1.738762E-01     1.991274E+04
  1.762975E-01     2.005402E+04
  1.787526E-01     2.019618E+04
  1.812418E-01     2.033924E+04
  1.837656E-01     2.048320E+04
  1.863246E-01     2.062808E+04
  1.889193E-01     2.077389E+04
  1.915501E-01     2.092062E+04
  1.942175E-01     2.106831E+04
  1.969220E-01     2.121696E+04
  1.996642E-01     2.136658E+04
  2.024447E-01     2.151720E+04
  2.052638E-01     2.166882E+04
  2.081222E-01     2.182147E+04
  2.110203E-01     2.197517E+04
  2.139589E-01     2.212992E+04
  2.169384E-01     2.228576E+04
  2.199593E-01     2.244271E+04
  2.230223E-01     2.260078E+04
  2.261280E-01     2.276001E+04
  2.292769E-01     2.292043E+04
  2.324697E-01     2.308207E+04
  2.357069E-01     2.324496E+04
  2.389893E-01     2.340910E+04
  2.423173E-01     2.357453E+04
  2.456916E-01     2.374125E+04
  2.491130E-01     2.390928E+04
  2.525820E-01     2.407866E+04
  2.560993E-01     2.424939E+04
  2.596656E-01     2.442151E+04
  2.632815E-01     2.459505E+04
  2.669478E-01     2.477002E+04
  2.706652E-01     2.494646E+04
  2.744343E-01     2.512437E+04
  2.782559E-01     2.530376E+04
  2.821308E-01     2.548465E+04
  2.860596E-01     2.566703E+04
  2.900430E-01     2.585092E+04
  2.940820E-01     2.603633E+04
  2.981772E-01     2.622328E+04
  3.023295E-01     2.641177E+04
  3.065395E-01     2.660181E+04
  3.108082E-01     2.679343E+04
  3.151363E-01     2.698661E+04
  3.195248E-01     2.718137E+04
  3.239743E-01     2.737771E+04
  3.284857E-01     2.757562E+04
  3.330600E-01     2.777512E+04
  3.376980E-01     2.797620E+04
  3.424006E-01     2.817888E+04
  3.471687E-01     2.838315E+04
  3.520031E-01     2.858902E+04
  3.569049E-01     2.879648E+04
  3.618750E-01     2.900553E+04
  3.669142E-01     2.921616E+04
  3.720237E-01     2.942835E+04
  3.772042E-01     2.964208E+04
  3.824570E-01     2.985735E+04
  3.877828E-01     3.007414E+04
  3.931829E-01     3.029242E+04
  3.986581E-01     3.051218E+04
  4.042096E-01     3.073340E+04
  4.098384E-01     3.095606E+04
  4.155455E-01     3.118014E+04
  4.213322E-01     3.140562E+04
  4.271994E-01     3.163249E+04
  4.331483E-01     3.186071E+04
  4.391801E-01     3.209027E+04
  4.452959E-01     3.232115E+04
  4.514968E-01     3.255332E+04
  4.577841E-01     3.278675E+04
  4.641589E-01     3.302143E+04
  4.706225E-01     3.325732E+04
  4.771761E-01     3.349441E+04
  4.838210E-01     3.373265E+04
  4.905584E-01     3.397203E+04
  4.973896E-01     3.421252E+04
  5.043159E-01     3.445410E+04
  5.113388E-01     3.469672E+04
  5.184594E-01     3.494037E+04
  5.256791E-01     3.518501E+04
  5.329994E-01     3.543061E+04
  5.404216E-01     3.567714E+04
  5.479472E-01     3.592458E+04
  5.555776E-01     3.617287E+04
  5.633143E-01     3.642201E+04
  5.711586E-01     3.667195E+04
  5.791123E-01     3.692267E+04
  5.871766E-01     3.717412E+04
  5.953533E-01     3.742629E+04
  6.036439E-01     3.767913E+04
  6.120498E-01     3.793261E+04
  6.205729E-01     3.818671E+04
  6.292146E-01     3.844138E+04
  6.379767E-01     3.869660E+04
  6.468608E-01     3.895232E+04
  6.558686E-01     3.920852E+04
  6.650018E-01     3.946516E+04
  6.742622E-01     3.972221E+04
  6.836516E-01     3.997963E+04
  6.931717E-01     4.023740E+04
  7.028244E-01     4.049549E+04
  7.126115E-01     4.075385E+04
  7.225349E-01     4.101246E+04
  7.325965E-01     4.127129E+04
  7.427982E-01     4.153029E+04
  7.531420E-01     4.178944E+04
  7.636298E-01     4.204871E+04
  7.742637E-01     4.230806E+04
  7.850456E-01     4.256746E+04
  7.959777E-01     4.282688E+04
  8.070620E-01     4.308631E+04
  8.183007E-01     4.334571E+04
  8.296959E-01     4.360505E+04
  8.412497E-01     4.386429E+04
  8.529644E-01     4.412337E+04
  8.648423E-01     4.438227E+04
  8.768856E-01     4.464095E+04
  8.890966E-01     4.489935E+04
  9.014776E-01     4.515745E+04
  9.140311E-01     4.541521E+04
  9.267593E-01     4.567259E+04
  9.396648E-01     4.592957E+04
  9.527500E-01     4.618610E+04
  9.660175E-01     4.644212E+04
  9.794697E-01     4.669759E+04
  9.931092E-01     4.695244E+04
  1.006939E+00     4.720664E+04
  1.020961E+00     4.746013E+04
  1.035178E+00     4.771287E+04
  1.049593E+00     4.796480E+04
  1.064209E+00     4.821588E+04
  1.079029E+00     4.846607E+04
  1.094055E+00     4.871532E+04
  1.109290E+00     4.896358E+04
  1.124737E+00     4.921077E+04
  1.140400E+00     4.945685E+04
  1.156280E+00     4.970176E+04
  1.172382E+00     4.994544E+04
  1.188708E+00     5.018784E+04
  1.205261E+00     5.042892E+04
  1.222045E+00     5.066863E+04
  1.239062E+00     5.090692E+04
  1.256317E+00     5.114374E+04
  1.273811E+00     5.137904E+04
  1.291550E+00     5.161275E+04
  1.309535E+00     5.184483E+04
  1.327771E+00     5.207522E+04
  1.346261E+00     5.230387E+04
  1.365008E+00     5.253073E+04
  1.384016E+00     5.275577E+04
  1.403289E+00     5.297894E+04
  1.422830E+00     5.320021E+04
  1.442644E+00     5.341954E+04
  1.462733E+00     5.363689E+04
  1.483103E+00     5.385219E+04
  1.503755E+00     5.406542E+04
  1.524696E+00     5.427651E+04
  1.545928E+00     5.448545E+04
  1.567455E+00     5.469218E+04
  1.589283E+00     5.489670E+04
  1.611414E+00     5.509898E+04
  1.633854E+00     5.529900E+04
  1.656606E+00     5.549674E+04
  1.679675E+00     5.569217E+04
  1.703065E+00     5.588524E+04
  1.726781E+00     5.607593E+04
  1.750827E+00     5.626420E+04
  1.775208E+00     5.645004E+04
  1.799929E+00     5.663341E+04
  1.824993E+00     5.681433E+04
  1.850407E+00     5.699277E+04
  1.876175E+00     5.716876E+04
  1.902301E+00     5.734230E+04
  1.928792E+00     5.751335E+04
  1.955651E+00     5.768189E+04
  1.982884E+00     5.784789E+04
  2.010496E+00     5.801134E+04
  2.038493E+00     5.817224E+04
  2.066880E+00     5.833057E+04
  2.095662E+00     5.848635E+04
  2.124845E+00     5.863958E+04
  2.154435E+00     5.879029E+04
  2.184436E+00     5.893851E+04
  2.214855E+00     5.908422E+04
  2.245698E+00     5.922740E+04
  2.276970E+00     5.936803E+04
  2.308678E+00     5.950610E+04
  2.340827E+00     5.964162E+04
  2.373424E+00     5.977459E+04
  2.406475E+00     5.990502E+04
  2.439986E+00     6.003294E+04
  2.473964E+00     6.015838E+04
  2.508415E+00     6.028137E+04
  2.543346E+00     6.040192E+04
  2.578763E+00     6.052000E+04
  2.614673E+00     6.063560E+04
  2.651084E+00     6.074872E+04
  2.688001E+00     6.085936E+04
  2.725433E+00     6.096753E+04
  2.763385E+00     6.107325E+04
  2.801867E+00     6.117654E+04
  2.840884E+00     6.127744E+04
  2.880444E+00     6.137600E+04
  2.920556E+00     6.147221E+04
  2.961225E+00     6.156606E+04
  3.002462E+00     6.165753E+04
  3.044272E+00     6.174663E+04
  3.086665E+00     6.183337E+04
  3.129648E+00     6.191774E+04
  3.173230E+00     6.199977E+04
  3.217418E+00     6.207949E+04
  3.262222E+00     6.215693E+04
  3.307650E+00     6.223214E+04
  3.353710E+00     6.230510E+04
  3.400412E+00     6.237583E+04
  3.447764E+00     6.244429E+04
  3.495776E+00     6.251050E+04
  3.544456E+00     6.257446E+04
  3.593814E+00     6.263617E+04
  3.643859E+00     6.269565E+04
  3.694601E+00     6.275293E+04
  3.746050E+00     6.280803E+04
  3.798215E+00     6.286099E+04
  3.851107E+00     6.291183E+04
  3.904735E+00     6.296051E+04
  3.959110E+00     6.300705E+04
  4.014242E+00     6.305142E+04
  4.070142E+00     6.309364E+04
  4.126821E+00     6.313370E+04
  4.184289E+00     6.317162E+04
  4.242556E+00     6.320742E+04
  4.301636E+00     6.324111E+04
  4.361538E+00     6.327274E+04
  4.422274E+00     6.330230E+04
  4.483856E+00     6.332979E+04
  4.546295E+00     6.335519E+04
  4.609604E+00     6.337850E+04
  4.673795E+00     6.339971E+04
  4.738880E+00     6.341883E+04
  4.804870E+00     6.343587E+04
  4.871780E+00     6.345084E+04
  4.939622E+00     6.346376E+04
  5.008408E+00     6.347466E+04
  5.078152E+00     6.348353E+04
  5.148867E+00     6.349037E+04
  5.220568E+00     6.349517E+04
  5.293266E+00     6.349792E+04
  5.366977E+00     6.349860E+04
  5.441714E+00     6.349722E+04
  5.517492E+00     6.349378E+04
  5.594326E+00     6.348829E+04
  5.672229E+00     6.348077E+04
  5.751217E+00     6.347121E+04
  5.831305E+00     6.345965E+04
  5.912508E+00     6.344605E+04
  5.994843E+00     6.343042E+04
  6.078323E+00     6.341273E+04
  6.162966E+00     6.339299E+04
  6.248788E+00     6.337119E+04
  6.335805E+00     6.334734E+04
  6.424034E+00     6.332144E+04
  6.513491E+00     6.329350E+04
  6.604194E+00     6.326355E+04
  6.696160E+00     6.323158E+04
  6.789407E+00     6.319759E+04
  6.883952E+00     6.316155E+04
  6.979814E+00     6.312347E+04
  7.077011E+00     6.308334E+04
  7.175561E+00     6.304114E+04
  7.275484E+00     6.299688E+04
  7.376798E+00     6.295056E+04
  7.479523E+00     6.290220E+04
  7.583678E+00     6.285179E+04
  7.689284E+00     6.279935E+04
  7.796360E+00     6.274487E+04
  7.904928E+00     6.268834E+04
  8.015007E+00     6.262975E+04
  8.126619E+00     6.256908E+04
  8.239786E+00     6.250635E+04
  8.354528E+00     6.244156E+04
  8.470868E+00     6.237469E+04
  8.588829E+00     6.230578E+04
  8.708431E+00     6.223482E+04
  8.829700E+00     6.216183E+04
  8.952657E+00     6.208680E+04
  9.077327E+00     6.200972E+04
  9.203732E+00     6.193059E+04
  9.331898E+00     6.184942E+04
  9.461848E+00     6.176618E+04
  9.593608E+00     6.168090E+04
  9.727203E+00     6.159358E+04
  9.862658E+00     6.150423E+04
  1.000000E+01     6.141287E+04
  1.013925E+01     6.131951E+04
  1.028045E+01     6.122414E+04
  1.042361E+01     6.112675E+04
  1.056876E+01     6.102735E+04
  1.071593E+01     6.092593E+04
  1.086516E+01     6.082248E+04
  1.101646E+01     6.071701E+04
  1.116987E+01     6.060952E+04
  1.132541E+01     6.050002E+04
  1.148312E+01     6.038852E+04
  1.164303E+01     6.027504E+04
  1.180517E+01     6.015956E+04
  1.196956E+01     6.004210E+04
  1.213624E+01     5.992264E+04
  1.230524E+01     5.980119E+04
  1.247660E+01     5.967775E+04
  1.265034E+01     5.955234E+04
  1.282650E+01     5.942495E+04
  1.300511E+01     5.929560E+04
  1.318621E+01     5.916431E+04
  1.336984E+01     5.903109E+04
  1.355602E+01     5.889594E+04
  1.374479E+01     5.875888E+04
  1.393619E+01     5.861988E+04
  1.413026E+01     5.847897E+04
  1.432703E+01     5.833614E+04
  1.452654E+01     5.819140E+04
  1.472883E+01     5.804476E+04
  1.493393E+01     5.789624E+04
  1.514189E+01     5.774584E+04
  1.535275E+01     5.759358E+04
  1.556654E+01     5.743948E+04
  1.578331E+01     5.728352E+04
  1.600310E+01     5.712572E+04
  1.622595E+01     5.696609E+04
  1.645191E+01     5.680462E+04
  1.668101E+01     5.664134E+04
  1.691330E+01     5.647624E+04
  1.714882E+01     5.630935E+04
  1.738762E+01     5.614069E+04
  1.762975E+01     5.597026E+04
  1.787526E+01     5.579808E+04
  1.812418E+01     5.562416E+04
  1.837656E+01     5.544849E+04
  1.863246E+01     5.527110E+04
  1.889193E+01     5.509199E+04
  1.915501E+01     5.491116E+04
  1.942175E+01     5.472863E+04
  1.969220E+01     5.454443E+04
  1.996642E+01     5.435855E+04
  2.024447E+01     5.417102E+04
  2.052638E+01     5.398186E+04
  2.081222E+01     5.379107E+04
  2.110203E+01     5.359867E+04
  2.139589E+01     5.340468E+04
  2.169384E+01     5.320910E+04
  2.199593E+01     5.301195E+04
  2.230223E+01     5.281326E+04
  2.261280E+01     5.261305E+04
  2.292769E+01     5.241132E+04
  2.324697E+01     5.220812E+04
  2.357069E+01     5.200346E+04
  2.389893E+01     5.179735E+04
  2.423173E+01     5.158980E+04
  2.456916E+01     5.138083E+04
  2.491130E+01     5.117046E+04
  2.525820E+01     5.095869E+04
  2.560993E+01     5.074555E+04
  2.596656E+01     5.053106E+04
  2.632815E+01     5.031522E+04
  2.669478E+01     5.009807E+04
  2.706652E+01     4.987962E+04
  2.744343E+01     4.965990E+04
  2.782559E+01     4.943891E+04
  2.821308E+01     4.921669E+04
  2.860596E+01     4.899326E+04
  2.900430E+01     4.876863E+04
  2.940820E+01     4.854283E+04
  2.981772E+01     4.831589E+04
  3.023295E+01     4.808784E+04
  3.065395E+01     4.785869E+04
  3.108082E+01     4.762848E+04
  3.151363E+01     4.739722E+04
  3.195248E+01     4.716495E+04
  3.239743E+01     4.693168E+04
  3.284857E+01     4.669745E+04
  3.330600E+01     4.646226E+04
  3.376980E+01     4.622616E+04
  3.424006E+01     4.598917E+04
  3.471687E+01     4.575131E+04
  3.520031E+01     4.551260E+04
  3.569049E+01     4.527308E+04
  3.618750E+01     4.503277E+04
  3.669142E+01     4.479169E+04
  3.720237E+01     4.454987E+04
  3.772042E+01     4.430734E+04
  3.824570E+01     4.406411E+04
  3.877828E+01     4.382022E+04
  3.931829E+01     4.357568E+04
  3.986581E+01     4.333052E+04
  4.042096E+01     4.308476E+04
  4.098384E+01     4.283843E+04
  4.155455E+01     4.259156E+04
  4.213322E+01     4.234418E+04
  4.271994E+01     4.209632E+04
  4.331483E+01     4.184801E+04
  4.391801E+01     4.159929E+04
  4.452959E+01     4.135019E+04
  4.514968E+01     4.110074E+04
  4.577841E+01     4.085096E+04
  4.641589E+01     4.060089E+04
  4.706225E+01     4.035057E+04
  4.771761E+01     4.010001E+04
  4.838210E+01     3.984926E+04
  4.905584E+01     3.959834E+04
  4.973896E+01     3.934730E+04
  5.043159E+01     3.909617E+04
  5.113388E+01     3.884497E+04
  5.184594E+01     3.859373E+04
  5.256791E+01     3.834249E+04
  5.329994E+01     3.809126E+04
  5.404216E+01     3.784007E+04
  5.479472E+01     3.758896E+04
  5.555776E+01     3.733797E+04
  5.633143E+01     3.708711E+04
  5.711586E+01     3.683643E+04
  5.791123E+01     3.658596E+04
  5.871766E+01     3.633573E+04
  5.953533E+01     3.608575E+04
  6.036439E+01     3.583606E+04
  6.120498E+01     3.558667E+04
  6.205729E+01     3.533761E+04
  6.292146E+01     3.508891E+04
  6.379767E+01     3.484060E+04
  6.468608E+01     3.459273E+04
  6.558686E+01     3.434533E+04
  6.650018E+01     3.409844E+04
  6.742622E+01     3.385208E+04
  6.836516E+01     3.360628E+04
  6.931717E+01     3.336108E+04
  7.028244E+01     3.311650E+04
  7.126115E+01     3.287255E+04
  7.225349E+01     3.262926E+04
  7.325965E+01     3.238667E+04
  7.427982E+01     3.214480E+04
  7.531420E+01     3.190369E+04
  7.636298E+01     3.166335E+04
  7.742637E+01     3.142380E+04
  7.850456E+01     3.118505E+04
  7.959777E+01     3.094713E+04
  8.070620E+01     3.071002E+04
  8.183007E+01     3.047374E+04
  8.296959E+01     3.023831E+04
  8.412497E+01     3.000376E+04
  8.529644E+01     2.977016E+04
  8.648423E+01     2.953752E+04
  8.768856E+01     2.930588E+04
  8.890966E+01     2.907529E+04
  9.014776E+01     2.884576E+04
  9.140311E+01     2.861732E+04
  9.267593E+01     2.839000E+04
  9.396648E+01     2.816381E+04
  9.527500E+01     2.793877E+04
  9.660175E+01     2.771492E+04
  9.794697E+01     2.749228E+04
  9.931092E+01     2.727087E+04
  1.006939E+02     2.705071E+04
  1.020961E+02     2.683181E+04
  1.035178E+02     2.661418E+04
  1.049593E+02     2.639783E+04
  1.064209E+02     2.618274E+04
  1.079029E+02     2.596890E+04
  1.094055E+02     2.575633E+04
  1.109290E+02     2.554506E+04
  1.124737E+02     2.533511E+04
  1.140400E+02     2.512651E+04
  1.156280E+02     2.491929E+04
  1.172382E+02     2.471346E+04
  1.188708E+02     2.450904E+04
  1.205261E+02     2.430603E+04
  1.222045E+02     2.410444E+04
  1.239062E+02     2.390426E+04
  1.256317E+02     2.370551E+04
  1.273811E+02     2.350819E+04
  1.291550E+02     2.331235E+04
  1.309535E+02     2.311800E+04
  1.327771E+02     2.292516E+04
  1.346261E+02     2.273384E+04
  1.365008E+02     2.254404E+04
  1.384016E+02     2.235576E+04
  1.403289E+02     2.216900E+04
  1.422830E+02     2.198375E+04
  1.442644E+02     2.179999E+04
  1.462733E+02     2.161775E+04
  1.483103E+02     2.143705E+04
  1.503755E+02     2.125791E+04
  1.524696E+02     2.108033E+04
  1.545928E+02     2.090433E+04
  1.567455E+02     2.072990E+04
  1.589283E+02     2.055704E+04
  1.611414E+02     2.038573E+04
  1.633854E+02     2.021596E+04
  1.656606E+02     2.004771E+04
  1.679675E+02     1.988099E+04
  1.703065E+02     1.971583E+04
  1.726781E+02     1.955224E+04
  1.750827E+02     1.939024E+04
  1.775208E+02     1.922981E+04
  1.799929E+02     1.907097E+04
  1.824993E+02     1.891370E+04
  1.850407E+02     1.875799E+04
  1.876175E+02     1.860382E+04
  1.902301E+02     1.845116E+04
  1.928792E+02     1.830003E+04
  1.955651E+02     1.815046E+04
  1.982884E+02     1.800244E+04
  2.010496E+02     1.785598E+04
  2.038493E+02     1.771109E+04
  2.066880E+02     1.756775E+04
  2.095662E+02     1.742597E+04
  2.124845E+02     1.728571E+04
  2.154435E+02     1.714696E+04
  2.184436E+02     1.700969E+04
  2.214855E+02     1.687390E+04
  2.245698E+02     1.673962E+04
  2.276970E+02     1.660685E+04
  2.308678E+02     1.647559E+04
  2.340827E+02     1.634584E+04
  2.373424E+02     1.621760E+04
  2.406475E+02     1.609085E+04
  2.439986E+02     1.596557E+04
  2.473964E+02     1.584173E+04
  2.508415E+02     1.571931E+04
  2.543346E+02     1.559831E+04
  2.578763E+02     1.547874E+04
  2.614673E+02     1.536061E+04
  2.651084E+02     1.524392E+04
  2.688001E+02     1.512866E+04
  2.725433E+02     1.501484E+04
  2.763385E+02     1.490242E+04
  2.801867E+02     1.479140E+04
  2.840884E+02     1.468175E+04
  2.880444E+02     1.457343E+04
  2.920556E+02     1.446645E+04
  2.961225E+02     1.436082E+04
  3.002462E+02     1.425653E+04
  3.044272E+02     1.415359E+04
  3.086665E+02     1.405200E+04
  3.129648E+02     1.395174E+04
  3.173230E+02     1.385279E+04
  3.217418E+02     1.375514E+04
  3.262222E+02     1.365877E+04
  3.307650E+02     1.356362E+04
  3.353710E+02     1.346972E+04
  3.400412E+02     1.337705E+04
  3.447764E+02     1.328562E+04
  3.495776E+02     1.319544E+04
  3.544456E+02     1.310650E+04
  3.593814E+02     1.301879E+04
  3.643859E+02     1.293230E+04
  3.694601E+02     1.284701E+04
  3.746050E+02     1.276290E+04
  3.798215E+02     1.267993E+04
  3.851107E+02     1.259810E+04
  3.904735E+02     1.251742E+04
  3.959110E+02     1.243788E+04
  4.014242E+02     1.235949E+04
  4.070142E+02     1.228224E+04
  4.126821E+02     1.220611E+04
  4.184289E+02     1.213111E+04
  4.242556E+02     1.205720E+04
  4.301636E+02     1.198436E+04
  4.361538E+02     1.191257E+04
  4.422274E+02     1.184181E+04
  4.483856E+02     1.177209E+04
  4.546295E+02     1.170341E+04
  4.609604E+02     1.163577E+04
  4.673795E+02     1.156917E+04
  4.738880E+02     1.150359E+04
  4.804870E+02     1.143902E+04
  4.871780E+02     1.137546E+04
  4.939622E+02     1.131287E+04
  5.008408E+02     1.125124E+04
  5.078152E+02     1.119055E+04
  5.148867E+02     1.113080E+04
  5.220568E+02     1.107199E+04
  5.293266E+02     1.101412E+04
  5.366977E+02     1.095719E+04
  5.441714E+02     1.090120E+04
  5.517492E+02     1.084611E+04
  5.594326E+02     1.079193E+04
  5.672229E+02     1.073863E+04
  5.751217E+02     1.068618E+04
  5.831305E+02     1.063458E+04
  5.912508E+02     1.058381E+04
  5.994843E+02     1.053389E+04
  6.078323E+02     1.048482E+04
  6.162966E+02     1.043658E+04
  6.248788E+02     1.038917E+04
  6.335805E+02     1.034259E+04
  6.424034E+02     1.029681E+04
  6.513491E+02     1.025181E+04
  6.604194E+02     1.020759E+04
  6.696160E+02     1.016412E+04
  6.789407E+02     1.012140E+04
  6.883952E+02     1.007942E+04
  6.979814E+02     1.003819E+04
  7.077011E+02     9.997705E+03
  7.175561E+02     9.957946E+03
  7.275484E+02     9.918904E+03
  7.376798E+02     9.880564E+03
  7.479523E+02     9.842906E+03
  7.583678E+02     9.805908E+03
  7.689284E+02     9.769555E+03
  7.796360E+02     9.733856E+03
  7.904928E+02     9.698823E+03
  8.015007E+02     9.664468E+03
  8.126619E+02     9.630802E+03
  8.239786E+02     9.597833E+03
  8.354528E+02     9.565570E+03
  8.470868E+02     9.534019E+03
  8.588829E+02     9.503186E+03
  8.708431E+02     9.473074E+03
  8.829700E+02     9.443669E+03
  8.952657E+02     9.414913E+03
  9.077327E+02     9.386730E+03
  9.203732E+02     9.359036E+03
  9.331898E+02     9.331737E+03
  9.461848E+02     9.304733E+03
  9.593608E+02     9.277910E+03
  9.727203E+02     9.251148E+03
  9.862658E+02     9.224311E+03
  1.000000E+03     9.197255E+03
