FILE CREATED BY  : PROGRAM DPASS - VERSION 2.00
DATABASE VERSION : 21.06
DATE AND TIME    : 10/08/2022 00:50:22
PROJECTILE       : Hg
TARGET           : Y 
TARGET AT. MASS  : 8.890590E+01
TARGET DENSITY   : 4.470000E+00 g/cm^3
TABULATED OUTPUT : STOPPING FORCE VERSUS ENERGY
DATA TYPE        : SPLINE INTERPOLATED
ABSCISSA UNITS   : MeV/u
ORDINATE UNITS   : eV/nm


      E/n             S(E/n)

  1.000000E-03     6.192985E+02
  1.013925E-03     6.235349E+02
  1.028045E-03     6.278273E+02
  1.042361E-03     6.321735E+02
  1.056876E-03     6.365707E+02
  1.071593E-03     6.410162E+02
  1.086516E-03     6.455068E+02
  1.101646E-03     6.500391E+02
  1.116987E-03     6.546093E+02
  1.132541E-03     6.592133E+02
  1.148312E-03     6.638467E+02
  1.164303E-03     6.685054E+02
  1.180517E-03     6.731890E+02
  1.196956E-03     6.778986E+02
  1.213624E-03     6.826353E+02
  1.230524E-03     6.874003E+02
  1.247660E-03     6.921949E+02
  1.265034E-03     6.970205E+02
  1.282650E-03     7.018789E+02
  1.300511E-03     7.067716E+02
  1.318621E-03     7.117007E+02
  1.336984E-03     7.166680E+02
  1.355602E-03     7.216740E+02
  1.374479E-03     7.267187E+02
  1.393619E-03     7.318019E+02
  1.413026E-03     7.369237E+02
  1.432703E-03     7.420838E+02
  1.452654E-03     7.472822E+02
  1.472883E-03     7.525187E+02
  1.493393E-03     7.577933E+02
  1.514189E-03     7.631058E+02
  1.535275E-03     7.684561E+02
  1.556654E-03     7.738443E+02
  1.578331E-03     7.792707E+02
  1.600310E-03     7.847356E+02
  1.622595E-03     7.902395E+02
  1.645191E-03     7.957826E+02
  1.668101E-03     8.013654E+02
  1.691330E-03     8.069884E+02
  1.714882E-03     8.126521E+02
  1.738762E-03     8.183570E+02
  1.762975E-03     8.241037E+02
  1.787526E-03     8.298927E+02
  1.812418E-03     8.357241E+02
  1.837656E-03     8.415981E+02
  1.863246E-03     8.475149E+02
  1.889193E-03     8.534749E+02
  1.915501E-03     8.594784E+02
  1.942175E-03     8.655256E+02
  1.969220E-03     8.716170E+02
  1.996642E-03     8.777528E+02
  2.024447E-03     8.839336E+02
  2.052638E-03     8.901596E+02
  2.081222E-03     8.964312E+02
  2.110203E-03     9.027485E+02
  2.139589E-03     9.091120E+02
  2.169384E-03     9.155219E+02
  2.199593E-03     9.219787E+02
  2.230223E-03     9.284827E+02
  2.261280E-03     9.350343E+02
  2.292769E-03     9.416342E+02
  2.324697E-03     9.482827E+02
  2.357069E-03     9.549804E+02
  2.389893E-03     9.617274E+02
  2.423173E-03     9.685241E+02
  2.456916E-03     9.753709E+02
  2.491130E-03     9.822680E+02
  2.525820E-03     9.892158E+02
  2.560993E-03     9.962149E+02
  2.596656E-03     1.003266E+03
  2.632815E-03     1.010368E+03
  2.669478E-03     1.017524E+03
  2.706652E-03     1.024732E+03
  2.744343E-03     1.031995E+03
  2.782559E-03     1.039311E+03
  2.821308E-03     1.046681E+03
  2.860596E-03     1.054105E+03
  2.900430E-03     1.061585E+03
  2.940820E-03     1.069120E+03
  2.981772E-03     1.076711E+03
  3.023295E-03     1.084358E+03
  3.065395E-03     1.092063E+03
  3.108082E-03     1.099825E+03
  3.151363E-03     1.107646E+03
  3.195248E-03     1.115525E+03
  3.239743E-03     1.123462E+03
  3.284857E-03     1.131459E+03
  3.330600E-03     1.139515E+03
  3.376980E-03     1.147632E+03
  3.424006E-03     1.155809E+03
  3.471687E-03     1.164048E+03
  3.520031E-03     1.172348E+03
  3.569049E-03     1.180712E+03
  3.618750E-03     1.189138E+03
  3.669142E-03     1.197628E+03
  3.720237E-03     1.206182E+03
  3.772042E-03     1.214800E+03
  3.824570E-03     1.223483E+03
  3.877828E-03     1.232231E+03
  3.931829E-03     1.241046E+03
  3.986581E-03     1.249927E+03
  4.042096E-03     1.258876E+03
  4.098384E-03     1.267893E+03
  4.155455E-03     1.276978E+03
  4.213322E-03     1.286132E+03
  4.271994E-03     1.295356E+03
  4.331483E-03     1.304650E+03
  4.391801E-03     1.314014E+03
  4.452959E-03     1.323449E+03
  4.514968E-03     1.332956E+03
  4.577841E-03     1.342535E+03
  4.641589E-03     1.352187E+03
  4.706225E-03     1.361913E+03
  4.771761E-03     1.371713E+03
  4.838210E-03     1.381588E+03
  4.905584E-03     1.391538E+03
  4.973896E-03     1.401564E+03
  5.043159E-03     1.411666E+03
  5.113388E-03     1.421845E+03
  5.184594E-03     1.432102E+03
  5.256791E-03     1.442437E+03
  5.329994E-03     1.452852E+03
  5.404216E-03     1.463347E+03
  5.479472E-03     1.473922E+03
  5.555776E-03     1.484579E+03
  5.633143E-03     1.495317E+03
  5.711586E-03     1.506139E+03
  5.791123E-03     1.517044E+03
  5.871766E-03     1.528033E+03
  5.953533E-03     1.539108E+03
  6.036439E-03     1.550269E+03
  6.120498E-03     1.561517E+03
  6.205729E-03     1.572854E+03
  6.292146E-03     1.584280E+03
  6.379767E-03     1.595796E+03
  6.468608E-03     1.607401E+03
  6.558686E-03     1.619098E+03
  6.650018E-03     1.630885E+03
  6.742622E-03     1.642765E+03
  6.836516E-03     1.654737E+03
  6.931717E-03     1.666802E+03
  7.028244E-03     1.678961E+03
  7.126115E-03     1.691215E+03
  7.225349E-03     1.703564E+03
  7.325965E-03     1.716010E+03
  7.427982E-03     1.728552E+03
  7.531420E-03     1.741193E+03
  7.636298E-03     1.753932E+03
  7.742637E-03     1.766770E+03
  7.850456E-03     1.779709E+03
  7.959777E-03     1.792750E+03
  8.070620E-03     1.805894E+03
  8.183007E-03     1.819142E+03
  8.296959E-03     1.832495E+03
  8.412497E-03     1.845953E+03
  8.529644E-03     1.859518E+03
  8.648423E-03     1.873190E+03
  8.768856E-03     1.886970E+03
  8.890966E-03     1.900859E+03
  9.014776E-03     1.914858E+03
  9.140311E-03     1.928968E+03
  9.267593E-03     1.943189E+03
  9.396648E-03     1.957524E+03
  9.527500E-03     1.971973E+03
  9.660175E-03     1.986536E+03
  9.794697E-03     2.001215E+03
  9.931092E-03     2.016011E+03
  1.006939E-02     2.030924E+03
  1.020961E-02     2.045955E+03
  1.035178E-02     2.061106E+03
  1.049593E-02     2.076377E+03
  1.064209E-02     2.091770E+03
  1.079029E-02     2.107286E+03
  1.094055E-02     2.122926E+03
  1.109290E-02     2.138691E+03
  1.124737E-02     2.154582E+03
  1.140400E-02     2.170599E+03
  1.156280E-02     2.186744E+03
  1.172382E-02     2.203018E+03
  1.188708E-02     2.219422E+03
  1.205261E-02     2.235957E+03
  1.222045E-02     2.252625E+03
  1.239062E-02     2.269426E+03
  1.256317E-02     2.286362E+03
  1.273811E-02     2.303434E+03
  1.291550E-02     2.320643E+03
  1.309535E-02     2.337989E+03
  1.327771E-02     2.355474E+03
  1.346261E-02     2.373099E+03
  1.365008E-02     2.390864E+03
  1.384016E-02     2.408771E+03
  1.403289E-02     2.426822E+03
  1.422830E-02     2.445017E+03
  1.442644E-02     2.463358E+03
  1.462733E-02     2.481846E+03
  1.483103E-02     2.500481E+03
  1.503755E-02     2.519265E+03
  1.524696E-02     2.538199E+03
  1.545928E-02     2.557284E+03
  1.567455E-02     2.576522E+03
  1.589283E-02     2.595913E+03
  1.611414E-02     2.615458E+03
  1.633854E-02     2.635161E+03
  1.656606E-02     2.655021E+03
  1.679675E-02     2.675040E+03
  1.703065E-02     2.695219E+03
  1.726781E-02     2.715559E+03
  1.750827E-02     2.736061E+03
  1.775208E-02     2.756725E+03
  1.799929E-02     2.777554E+03
  1.824993E-02     2.798548E+03
  1.850407E-02     2.819709E+03
  1.876175E-02     2.841039E+03
  1.902301E-02     2.862538E+03
  1.928792E-02     2.884209E+03
  1.955651E-02     2.906051E+03
  1.982884E-02     2.928065E+03
  2.010496E-02     2.950254E+03
  2.038493E-02     2.972618E+03
  2.066880E-02     2.995158E+03
  2.095662E-02     3.017875E+03
  2.124845E-02     3.040772E+03
  2.154435E-02     3.063850E+03
  2.184436E-02     3.087110E+03
  2.214855E-02     3.110553E+03
  2.245698E-02     3.134181E+03
  2.276970E-02     3.157993E+03
  2.308678E-02     3.181992E+03
  2.340827E-02     3.206178E+03
  2.373424E-02     3.230553E+03
  2.406475E-02     3.255118E+03
  2.439986E-02     3.279874E+03
  2.473964E-02     3.304823E+03
  2.508415E-02     3.329966E+03
  2.543346E-02     3.355305E+03
  2.578763E-02     3.380840E+03
  2.614673E-02     3.406573E+03
  2.651084E-02     3.432504E+03
  2.688001E-02     3.458635E+03
  2.725433E-02     3.484966E+03
  2.763385E-02     3.511500E+03
  2.801867E-02     3.538237E+03
  2.840884E-02     3.565179E+03
  2.880444E-02     3.592329E+03
  2.920556E-02     3.619685E+03
  2.961225E-02     3.647251E+03
  3.002462E-02     3.675026E+03
  3.044272E-02     3.703011E+03
  3.086665E-02     3.731208E+03
  3.129648E-02     3.759618E+03
  3.173230E-02     3.788241E+03
  3.217418E-02     3.817079E+03
  3.262222E-02     3.846133E+03
  3.307650E-02     3.875406E+03
  3.353710E-02     3.904897E+03
  3.400412E-02     3.934608E+03
  3.447764E-02     3.964541E+03
  3.495776E-02     3.994695E+03
  3.544456E-02     4.025072E+03
  3.593814E-02     4.055674E+03
  3.643859E-02     4.086502E+03
  3.694601E-02     4.117556E+03
  3.746050E-02     4.148840E+03
  3.798215E-02     4.180355E+03
  3.851107E-02     4.212102E+03
  3.904735E-02     4.244081E+03
  3.959110E-02     4.276293E+03
  4.014242E-02     4.308740E+03
  4.070142E-02     4.341423E+03
  4.126821E-02     4.374341E+03
  4.184289E-02     4.407497E+03
  4.242556E-02     4.440892E+03
  4.301636E-02     4.474528E+03
  4.361538E-02     4.508405E+03
  4.422274E-02     4.542525E+03
  4.483856E-02     4.576890E+03
  4.546295E-02     4.611500E+03
  4.609604E-02     4.646356E+03
  4.673795E-02     4.681461E+03
  4.738880E-02     4.716814E+03
  4.804870E-02     4.752419E+03
  4.871780E-02     4.788276E+03
  4.939622E-02     4.824389E+03
  5.008408E-02     4.860759E+03
  5.078152E-02     4.897387E+03
  5.148867E-02     4.934275E+03
  5.220568E-02     4.971424E+03
  5.293266E-02     5.008833E+03
  5.366977E-02     5.046505E+03
  5.441714E-02     5.084440E+03
  5.517492E-02     5.122639E+03
  5.594326E-02     5.161105E+03
  5.672229E-02     5.199838E+03
  5.751217E-02     5.238841E+03
  5.831305E-02     5.278114E+03
  5.912508E-02     5.317660E+03
  5.994843E-02     5.357478E+03
  6.078323E-02     5.397571E+03
  6.162966E-02     5.437939E+03
  6.248788E-02     5.478584E+03
  6.335805E-02     5.519507E+03
  6.424034E-02     5.560712E+03
  6.513491E-02     5.602199E+03
  6.604194E-02     5.643971E+03
  6.696160E-02     5.686031E+03
  6.789407E-02     5.728378E+03
  6.883952E-02     5.771014E+03
  6.979814E-02     5.813938E+03
  7.077011E-02     5.857153E+03
  7.175561E-02     5.900658E+03
  7.275484E-02     5.944455E+03
  7.376798E-02     5.988546E+03
  7.479523E-02     6.032932E+03
  7.583678E-02     6.077614E+03
  7.689284E-02     6.122595E+03
  7.796360E-02     6.167876E+03
  7.904928E-02     6.213458E+03
  8.015007E-02     6.259342E+03
  8.126619E-02     6.305532E+03
  8.239786E-02     6.352030E+03
  8.354528E-02     6.398836E+03
  8.470868E-02     6.445956E+03
  8.588829E-02     6.493390E+03
  8.708431E-02     6.541144E+03
  8.829700E-02     6.589221E+03
  8.952657E-02     6.637620E+03
  9.077327E-02     6.686345E+03
  9.203732E-02     6.735396E+03
  9.331898E-02     6.784774E+03
  9.461848E-02     6.834481E+03
  9.593608E-02     6.884520E+03
  9.727203E-02     6.934892E+03
  9.862658E-02     6.985601E+03
  1.000000E-01     7.036648E+03
  1.013925E-01     7.088037E+03
  1.028045E-01     7.139768E+03
  1.042361E-01     7.191839E+03
  1.056876E-01     7.244251E+03
  1.071593E-01     7.297004E+03
  1.086516E-01     7.350096E+03
  1.101646E-01     7.403529E+03
  1.116987E-01     7.457301E+03
  1.132541E-01     7.511413E+03
  1.148312E-01     7.565865E+03
  1.164303E-01     7.620658E+03
  1.180517E-01     7.675790E+03
  1.196956E-01     7.731260E+03
  1.213624E-01     7.787068E+03
  1.230524E-01     7.843212E+03
  1.247660E-01     7.899692E+03
  1.265034E-01     7.956506E+03
  1.282650E-01     8.013655E+03
  1.300511E-01     8.071137E+03
  1.318621E-01     8.128952E+03
  1.336984E-01     8.187101E+03
  1.355602E-01     8.245582E+03
  1.374479E-01     8.304395E+03
  1.393619E-01     8.363541E+03
  1.413026E-01     8.423018E+03
  1.432703E-01     8.482826E+03
  1.452654E-01     8.542967E+03
  1.472883E-01     8.603440E+03
  1.493393E-01     8.664247E+03
  1.514189E-01     8.725390E+03
  1.535275E-01     8.786868E+03
  1.556654E-01     8.848685E+03
  1.578331E-01     8.910841E+03
  1.600310E-01     8.973337E+03
  1.622595E-01     9.036175E+03
  1.645191E-01     9.099357E+03
  1.668101E-01     9.162886E+03
  1.691330E-01     9.226766E+03
  1.714882E-01     9.291000E+03
  1.738762E-01     9.355592E+03
  1.762975E-01     9.420548E+03
  1.787526E-01     9.485871E+03
  1.812418E-01     9.551565E+03
  1.837656E-01     9.617634E+03
  1.863246E-01     9.684082E+03
  1.889193E-01     9.750916E+03
  1.915501E-01     9.818140E+03
  1.942175E-01     9.885762E+03
  1.969220E-01     9.953788E+03
  1.996642E-01     1.002223E+04
  2.024447E-01     1.009109E+04
  2.052638E-01     1.016039E+04
  2.081222E-01     1.023011E+04
  2.110203E-01     1.030028E+04
  2.139589E-01     1.037090E+04
  2.169384E-01     1.044198E+04
  2.199593E-01     1.051351E+04
  2.230223E-01     1.058552E+04
  2.261280E-01     1.065801E+04
  2.292769E-01     1.073100E+04
  2.324697E-01     1.080449E+04
  2.357069E-01     1.087850E+04
  2.389893E-01     1.095303E+04
  2.423173E-01     1.102810E+04
  2.456916E-01     1.110372E+04
  2.491130E-01     1.117990E+04
  2.525820E-01     1.125666E+04
  2.560993E-01     1.133401E+04
  2.596656E-01     1.141197E+04
  2.632815E-01     1.149056E+04
  2.669478E-01     1.156979E+04
  2.706652E-01     1.164967E+04
  2.744343E-01     1.173023E+04
  2.782559E-01     1.181145E+04
  2.821308E-01     1.189335E+04
  2.860596E-01     1.197593E+04
  2.900430E-01     1.205920E+04
  2.940820E-01     1.214316E+04
  2.981772E-01     1.222783E+04
  3.023295E-01     1.231320E+04
  3.065395E-01     1.239929E+04
  3.108082E-01     1.248611E+04
  3.151363E-01     1.257364E+04
  3.195248E-01     1.266191E+04
  3.239743E-01     1.275091E+04
  3.284857E-01     1.284063E+04
  3.330600E-01     1.293110E+04
  3.376980E-01     1.302229E+04
  3.424006E-01     1.311423E+04
  3.471687E-01     1.320690E+04
  3.520031E-01     1.330032E+04
  3.569049E-01     1.339448E+04
  3.618750E-01     1.348939E+04
  3.669142E-01     1.358507E+04
  3.720237E-01     1.368151E+04
  3.772042E-01     1.377874E+04
  3.824570E-01     1.387675E+04
  3.877828E-01     1.397556E+04
  3.931829E-01     1.407518E+04
  3.986581E-01     1.417562E+04
  4.042096E-01     1.427690E+04
  4.098384E-01     1.437902E+04
  4.155455E-01     1.448200E+04
  4.213322E-01     1.458583E+04
  4.271994E-01     1.469051E+04
  4.331483E-01     1.479605E+04
  4.391801E-01     1.490244E+04
  4.452959E-01     1.500970E+04
  4.514968E-01     1.511782E+04
  4.577841E-01     1.522681E+04
  4.641589E-01     1.533667E+04
  4.706225E-01     1.544739E+04
  4.771761E-01     1.555898E+04
  4.838210E-01     1.567141E+04
  4.905584E-01     1.578467E+04
  4.973896E-01     1.589875E+04
  5.043159E-01     1.601363E+04
  5.113388E-01     1.612930E+04
  5.184594E-01     1.624573E+04
  5.256791E-01     1.636291E+04
  5.329994E-01     1.648081E+04
  5.404216E-01     1.659941E+04
  5.479472E-01     1.671870E+04
  5.555776E-01     1.683864E+04
  5.633143E-01     1.695921E+04
  5.711586E-01     1.708040E+04
  5.791123E-01     1.720218E+04
  5.871766E-01     1.732452E+04
  5.953533E-01     1.744738E+04
  6.036439E-01     1.757076E+04
  6.120498E-01     1.769460E+04
  6.205729E-01     1.781888E+04
  6.292146E-01     1.794357E+04
  6.379767E-01     1.806865E+04
  6.468608E-01     1.819409E+04
  6.558686E-01     1.831987E+04
  6.650018E-01     1.844595E+04
  6.742622E-01     1.857231E+04
  6.836516E-01     1.869893E+04
  6.931717E-01     1.882576E+04
  7.028244E-01     1.895278E+04
  7.126115E-01     1.907996E+04
  7.225349E-01     1.920727E+04
  7.325965E-01     1.933467E+04
  7.427982E-01     1.946215E+04
  7.531420E-01     1.958966E+04
  7.636298E-01     1.971719E+04
  7.742637E-01     1.984470E+04
  7.850456E-01     1.997217E+04
  7.959777E-01     2.009955E+04
  8.070620E-01     2.022682E+04
  8.183007E-01     2.035395E+04
  8.296959E-01     2.048091E+04
  8.412497E-01     2.060767E+04
  8.529644E-01     2.073420E+04
  8.648423E-01     2.086049E+04
  8.768856E-01     2.098650E+04
  8.890966E-01     2.111220E+04
  9.014776E-01     2.123758E+04
  9.140311E-01     2.136260E+04
  9.267593E-01     2.148725E+04
  9.396648E-01     2.161149E+04
  9.527500E-01     2.173532E+04
  9.660175E-01     2.185870E+04
  9.794697E-01     2.198161E+04
  9.931092E-01     2.210403E+04
  1.006939E+00     2.222594E+04
  1.020961E+00     2.234732E+04
  1.035178E+00     2.246816E+04
  1.049593E+00     2.258843E+04
  1.064209E+00     2.270813E+04
  1.079029E+00     2.282724E+04
  1.094055E+00     2.294576E+04
  1.109290E+00     2.306365E+04
  1.124737E+00     2.318090E+04
  1.140400E+00     2.329750E+04
  1.156280E+00     2.341343E+04
  1.172382E+00     2.352869E+04
  1.188708E+00     2.364325E+04
  1.205261E+00     2.375712E+04
  1.222045E+00     2.387029E+04
  1.239062E+00     2.398277E+04
  1.256317E+00     2.409453E+04
  1.273811E+00     2.420558E+04
  1.291550E+00     2.431589E+04
  1.309535E+00     2.442546E+04
  1.327771E+00     2.453426E+04
  1.346261E+00     2.464231E+04
  1.365008E+00     2.474959E+04
  1.384016E+00     2.485609E+04
  1.403289E+00     2.496184E+04
  1.422830E+00     2.506682E+04
  1.442644E+00     2.517105E+04
  1.462733E+00     2.527450E+04
  1.483103E+00     2.537717E+04
  1.503755E+00     2.547905E+04
  1.524696E+00     2.558012E+04
  1.545928E+00     2.568039E+04
  1.567455E+00     2.577985E+04
  1.589283E+00     2.587851E+04
  1.611414E+00     2.597637E+04
  1.633854E+00     2.607343E+04
  1.656606E+00     2.616971E+04
  1.679675E+00     2.626520E+04
  1.703065E+00     2.635987E+04
  1.726781E+00     2.645371E+04
  1.750827E+00     2.654673E+04
  1.775208E+00     2.663890E+04
  1.799929E+00     2.673024E+04
  1.824993E+00     2.682073E+04
  1.850407E+00     2.691039E+04
  1.876175E+00     2.699921E+04
  1.902301E+00     2.708721E+04
  1.928792E+00     2.717437E+04
  1.955651E+00     2.726067E+04
  1.982884E+00     2.734610E+04
  2.010496E+00     2.743066E+04
  2.038493E+00     2.751433E+04
  2.066880E+00     2.759711E+04
  2.095662E+00     2.767900E+04
  2.124845E+00     2.775999E+04
  2.154435E+00     2.784010E+04
  2.184436E+00     2.791932E+04
  2.214855E+00     2.799764E+04
  2.245698E+00     2.807505E+04
  2.276970E+00     2.815152E+04
  2.308678E+00     2.822704E+04
  2.340827E+00     2.830160E+04
  2.373424E+00     2.837519E+04
  2.406475E+00     2.844780E+04
  2.439986E+00     2.851943E+04
  2.473964E+00     2.859007E+04
  2.508415E+00     2.865973E+04
  2.543346E+00     2.872839E+04
  2.578763E+00     2.879603E+04
  2.614673E+00     2.886264E+04
  2.651084E+00     2.892821E+04
  2.688001E+00     2.899271E+04
  2.725433E+00     2.905615E+04
  2.763385E+00     2.911852E+04
  2.801867E+00     2.917981E+04
  2.840884E+00     2.924002E+04
  2.880444E+00     2.929916E+04
  2.920556E+00     2.935721E+04
  2.961225E+00     2.941416E+04
  3.002462E+00     2.946998E+04
  3.044272E+00     2.952468E+04
  3.086665E+00     2.957823E+04
  3.129648E+00     2.963063E+04
  3.173230E+00     2.968187E+04
  3.217418E+00     2.973195E+04
  3.262222E+00     2.978088E+04
  3.307650E+00     2.982864E+04
  3.353710E+00     2.987525E+04
  3.400412E+00     2.992067E+04
  3.447764E+00     2.996490E+04
  3.495776E+00     3.000794E+04
  3.544456E+00     3.004976E+04
  3.593814E+00     3.009037E+04
  3.643859E+00     3.012977E+04
  3.694601E+00     3.016796E+04
  3.746050E+00     3.020494E+04
  3.798215E+00     3.024072E+04
  3.851107E+00     3.027529E+04
  3.904735E+00     3.030866E+04
  3.959110E+00     3.034081E+04
  4.014242E+00     3.037174E+04
  4.070142E+00     3.040144E+04
  4.126821E+00     3.042991E+04
  4.184289E+00     3.045717E+04
  4.242556E+00     3.048322E+04
  4.301636E+00     3.050807E+04
  4.361538E+00     3.053173E+04
  4.422274E+00     3.055421E+04
  4.483856E+00     3.057550E+04
  4.546295E+00     3.059558E+04
  4.609604E+00     3.061446E+04
  4.673795E+00     3.063212E+04
  4.738880E+00     3.064857E+04
  4.804870E+00     3.066381E+04
  4.871780E+00     3.067783E+04
  4.939622E+00     3.069066E+04
  5.008408E+00     3.070229E+04
  5.078152E+00     3.071274E+04
  5.148867E+00     3.072199E+04
  5.220568E+00     3.073006E+04
  5.293266E+00     3.073695E+04
  5.366977E+00     3.074265E+04
  5.441714E+00     3.074719E+04
  5.517492E+00     3.075056E+04
  5.594326E+00     3.075280E+04
  5.672229E+00     3.075391E+04
  5.751217E+00     3.075392E+04
  5.831305E+00     3.075285E+04
  5.912508E+00     3.075069E+04
  5.994843E+00     3.074744E+04
  6.078323E+00     3.074309E+04
  6.162966E+00     3.073764E+04
  6.248788E+00     3.073110E+04
  6.335805E+00     3.072347E+04
  6.424034E+00     3.071476E+04
  6.513491E+00     3.070497E+04
  6.604194E+00     3.069412E+04
  6.696160E+00     3.068222E+04
  6.789407E+00     3.066926E+04
  6.883952E+00     3.065525E+04
  6.979814E+00     3.064019E+04
  7.077011E+00     3.062409E+04
  7.175561E+00     3.060694E+04
  7.275484E+00     3.058877E+04
  7.376798E+00     3.056957E+04
  7.479523E+00     3.054937E+04
  7.583678E+00     3.052818E+04
  7.689284E+00     3.050602E+04
  7.796360E+00     3.048288E+04
  7.904928E+00     3.045876E+04
  8.015007E+00     3.043364E+04
  8.126619E+00     3.040753E+04
  8.239786E+00     3.038042E+04
  8.354528E+00     3.035232E+04
  8.470868E+00     3.032321E+04
  8.588829E+00     3.029311E+04
  8.708431E+00     3.026202E+04
  8.829700E+00     3.022994E+04
  8.952657E+00     3.019687E+04
  9.077327E+00     3.016282E+04
  9.203732E+00     3.012779E+04
  9.331898E+00     3.009178E+04
  9.461848E+00     3.005481E+04
  9.593608E+00     3.001687E+04
  9.727203E+00     2.997799E+04
  9.862658E+00     2.993818E+04
  1.000000E+01     2.989744E+04
  1.013925E+01     2.985581E+04
  1.028045E+01     2.981328E+04
  1.042361E+01     2.976983E+04
  1.056876E+01     2.972547E+04
  1.071593E+01     2.968019E+04
  1.086516E+01     2.963399E+04
  1.101646E+01     2.958686E+04
  1.116987E+01     2.953880E+04
  1.132541E+01     2.948982E+04
  1.148312E+01     2.943990E+04
  1.164303E+01     2.938907E+04
  1.180517E+01     2.933730E+04
  1.196956E+01     2.928460E+04
  1.213624E+01     2.923098E+04
  1.230524E+01     2.917643E+04
  1.247660E+01     2.912095E+04
  1.265034E+01     2.906455E+04
  1.282650E+01     2.900724E+04
  1.300511E+01     2.894901E+04
  1.318621E+01     2.888989E+04
  1.336984E+01     2.882987E+04
  1.355602E+01     2.876895E+04
  1.374479E+01     2.870715E+04
  1.393619E+01     2.864445E+04
  1.413026E+01     2.858086E+04
  1.432703E+01     2.851638E+04
  1.452654E+01     2.845101E+04
  1.472883E+01     2.838476E+04
  1.493393E+01     2.831762E+04
  1.514189E+01     2.824962E+04
  1.535275E+01     2.818075E+04
  1.556654E+01     2.811101E+04
  1.578331E+01     2.804041E+04
  1.600310E+01     2.796894E+04
  1.622595E+01     2.789660E+04
  1.645191E+01     2.782340E+04
  1.668101E+01     2.774933E+04
  1.691330E+01     2.767441E+04
  1.714882E+01     2.759862E+04
  1.738762E+01     2.752198E+04
  1.762975E+01     2.744449E+04
  1.787526E+01     2.736615E+04
  1.812418E+01     2.728696E+04
  1.837656E+01     2.720692E+04
  1.863246E+01     2.712604E+04
  1.889193E+01     2.704432E+04
  1.915501E+01     2.696175E+04
  1.942175E+01     2.687834E+04
  1.969220E+01     2.679409E+04
  1.996642E+01     2.670901E+04
  2.024447E+01     2.662311E+04
  2.052638E+01     2.653638E+04
  2.081222E+01     2.644885E+04
  2.110203E+01     2.636050E+04
  2.139589E+01     2.627135E+04
  2.169384E+01     2.618141E+04
  2.199593E+01     2.609070E+04
  2.230223E+01     2.599921E+04
  2.261280E+01     2.590696E+04
  2.292769E+01     2.581397E+04
  2.324697E+01     2.572025E+04
  2.357069E+01     2.562582E+04
  2.389893E+01     2.553067E+04
  2.423173E+01     2.543482E+04
  2.456916E+01     2.533828E+04
  2.491130E+01     2.524105E+04
  2.525820E+01     2.514315E+04
  2.560993E+01     2.504458E+04
  2.596656E+01     2.494537E+04
  2.632815E+01     2.484552E+04
  2.669478E+01     2.474504E+04
  2.706652E+01     2.464394E+04
  2.744343E+01     2.454224E+04
  2.782559E+01     2.443992E+04
  2.821308E+01     2.433699E+04
  2.860596E+01     2.423345E+04
  2.900430E+01     2.412931E+04
  2.940820E+01     2.402455E+04
  2.981772E+01     2.391920E+04
  3.023295E+01     2.381323E+04
  3.065395E+01     2.370666E+04
  3.108082E+01     2.359949E+04
  3.151363E+01     2.349172E+04
  3.195248E+01     2.338337E+04
  3.239743E+01     2.327444E+04
  3.284857E+01     2.316495E+04
  3.330600E+01     2.305491E+04
  3.376980E+01     2.294432E+04
  3.424006E+01     2.283320E+04
  3.471687E+01     2.272156E+04
  3.520031E+01     2.260941E+04
  3.569049E+01     2.249678E+04
  3.618750E+01     2.238366E+04
  3.669142E+01     2.227010E+04
  3.720237E+01     2.215611E+04
  3.772042E+01     2.204171E+04
  3.824570E+01     2.192694E+04
  3.877828E+01     2.181182E+04
  3.931829E+01     2.169637E+04
  3.986581E+01     2.158063E+04
  4.042096E+01     2.146462E+04
  4.098384E+01     2.134837E+04
  4.155455E+01     2.123188E+04
  4.213322E+01     2.111517E+04
  4.271994E+01     2.099823E+04
  4.331483E+01     2.088107E+04
  4.391801E+01     2.076368E+04
  4.452959E+01     2.064606E+04
  4.514968E+01     2.052820E+04
  4.577841E+01     2.041011E+04
  4.641589E+01     2.029178E+04
  4.706225E+01     2.017319E+04
  4.771761E+01     2.005438E+04
  4.838210E+01     1.993535E+04
  4.905584E+01     1.981614E+04
  4.973896E+01     1.969675E+04
  5.043159E+01     1.957723E+04
  5.113388E+01     1.945758E+04
  5.184594E+01     1.933783E+04
  5.256791E+01     1.921801E+04
  5.329994E+01     1.909814E+04
  5.404216E+01     1.897824E+04
  5.479472E+01     1.885833E+04
  5.555776E+01     1.873841E+04
  5.633143E+01     1.861852E+04
  5.711586E+01     1.849864E+04
  5.791123E+01     1.837881E+04
  5.871766E+01     1.825902E+04
  5.953533E+01     1.813928E+04
  6.036439E+01     1.801960E+04
  6.120498E+01     1.789999E+04
  6.205729E+01     1.778045E+04
  6.292146E+01     1.766099E+04
  6.379767E+01     1.754164E+04
  6.468608E+01     1.742241E+04
  6.558686E+01     1.730333E+04
  6.650018E+01     1.718440E+04
  6.742622E+01     1.706565E+04
  6.836516E+01     1.694710E+04
  6.931717E+01     1.682875E+04
  7.028244E+01     1.671062E+04
  7.126115E+01     1.659272E+04
  7.225349E+01     1.647507E+04
  7.325965E+01     1.635769E+04
  7.427982E+01     1.624059E+04
  7.531420E+01     1.612379E+04
  7.636298E+01     1.600730E+04
  7.742637E+01     1.589114E+04
  7.850456E+01     1.577532E+04
  7.959777E+01     1.565984E+04
  8.070620E+01     1.554472E+04
  8.183007E+01     1.542996E+04
  8.296959E+01     1.531557E+04
  8.412497E+01     1.520157E+04
  8.529644E+01     1.508799E+04
  8.648423E+01     1.497482E+04
  8.768856E+01     1.486210E+04
  8.890966E+01     1.474982E+04
  9.014776E+01     1.463801E+04
  9.140311E+01     1.452666E+04
  9.267593E+01     1.441579E+04
  9.396648E+01     1.430540E+04
  9.527500E+01     1.419549E+04
  9.660175E+01     1.408609E+04
  9.794697E+01     1.397721E+04
  9.931092E+01     1.386887E+04
  1.006939E+02     1.376106E+04
  1.020961E+02     1.365380E+04
  1.035178E+02     1.354711E+04
  1.049593E+02     1.344097E+04
  1.064209E+02     1.333539E+04
  1.079029E+02     1.323038E+04
  1.094055E+02     1.312593E+04
  1.109290E+02     1.302207E+04
  1.124737E+02     1.291880E+04
  1.140400E+02     1.281614E+04
  1.156280E+02     1.271411E+04
  1.172382E+02     1.261271E+04
  1.188708E+02     1.251195E+04
  1.205261E+02     1.241183E+04
  1.222045E+02     1.231236E+04
  1.239062E+02     1.221354E+04
  1.256317E+02     1.211537E+04
  1.273811E+02     1.201785E+04
  1.291550E+02     1.192102E+04
  1.309535E+02     1.182487E+04
  1.327771E+02     1.172942E+04
  1.346261E+02     1.163467E+04
  1.365008E+02     1.154063E+04
  1.384016E+02     1.144730E+04
  1.403289E+02     1.135467E+04
  1.422830E+02     1.126274E+04
  1.442644E+02     1.117151E+04
  1.462733E+02     1.108099E+04
  1.483103E+02     1.099119E+04
  1.503755E+02     1.090213E+04
  1.524696E+02     1.081379E+04
  1.545928E+02     1.072620E+04
  1.567455E+02     1.063935E+04
  1.589283E+02     1.055323E+04
  1.611414E+02     1.046785E+04
  1.633854E+02     1.038319E+04
  1.656606E+02     1.029925E+04
  1.679675E+02     1.021603E+04
  1.703065E+02     1.013355E+04
  1.726781E+02     1.005182E+04
  1.750827E+02     9.970833E+03
  1.775208E+02     9.890600E+03
  1.799929E+02     9.811119E+03
  1.824993E+02     9.732385E+03
  1.850407E+02     9.654394E+03
  1.876175E+02     9.577135E+03
  1.902301E+02     9.500600E+03
  1.928792E+02     9.424797E+03
  1.955651E+02     9.349734E+03
  1.982884E+02     9.275419E+03
  2.010496E+02     9.201856E+03
  2.038493E+02     9.129046E+03
  2.066880E+02     9.056990E+03
  2.095662E+02     8.985683E+03
  2.124845E+02     8.915119E+03
  2.154435E+02     8.845288E+03
  2.184436E+02     8.776180E+03
  2.214855E+02     8.707800E+03
  2.245698E+02     8.640153E+03
  2.276970E+02     8.573244E+03
  2.308678E+02     8.507075E+03
  2.340827E+02     8.441644E+03
  2.373424E+02     8.376950E+03
  2.406475E+02     8.312984E+03
  2.439986E+02     8.249737E+03
  2.473964E+02     8.187196E+03
  2.508415E+02     8.125348E+03
  2.543346E+02     8.064194E+03
  2.578763E+02     8.003740E+03
  2.614673E+02     7.943990E+03
  2.651084E+02     7.884946E+03
  2.688001E+02     7.826607E+03
  2.725433E+02     7.768970E+03
  2.763385E+02     7.712028E+03
  2.801867E+02     7.655772E+03
  2.840884E+02     7.600190E+03
  2.880444E+02     7.545269E+03
  2.920556E+02     7.491008E+03
  2.961225E+02     7.437411E+03
  3.002462E+02     7.384482E+03
  3.044272E+02     7.332222E+03
  3.086665E+02     7.280627E+03
  3.129648E+02     7.229695E+03
  3.173230E+02     7.179418E+03
  3.217418E+02     7.129787E+03
  3.262222E+02     7.080789E+03
  3.307650E+02     7.032410E+03
  3.353710E+02     6.984646E+03
  3.400412E+02     6.937503E+03
  3.447764E+02     6.890981E+03
  3.495776E+02     6.845083E+03
  3.544456E+02     6.799804E+03
  3.593814E+02     6.755142E+03
  3.643859E+02     6.711090E+03
  3.694601E+02     6.667639E+03
  3.746050E+02     6.624775E+03
  3.798215E+02     6.582487E+03
  3.851107E+02     6.540768E+03
  3.904735E+02     6.499623E+03
  3.959110E+02     6.459054E+03
  4.014242E+02     6.419059E+03
  4.070142E+02     6.379636E+03
  4.126821E+02     6.340783E+03
  4.184289E+02     6.302491E+03
  4.242556E+02     6.264753E+03
  4.301636E+02     6.227557E+03
  4.361538E+02     6.190888E+03
  4.422274E+02     6.154742E+03
  4.483856E+02     6.119121E+03
  4.546295E+02     6.084027E+03
  4.609604E+02     6.049458E+03
  4.673795E+02     6.015413E+03
  4.738880E+02     5.981888E+03
  4.804870E+02     5.948876E+03
  4.871780E+02     5.916370E+03
  4.939622E+02     5.884359E+03
  5.008408E+02     5.852829E+03
  5.078152E+02     5.821775E+03
  5.148867E+02     5.791197E+03
  5.220568E+02     5.761098E+03
  5.293266E+02     5.731475E+03
  5.366977E+02     5.702327E+03
  5.441714E+02     5.673650E+03
  5.517492E+02     5.645438E+03
  5.594326E+02     5.617683E+03
  5.672229E+02     5.590375E+03
  5.751217E+02     5.563502E+03
  5.831305E+02     5.537056E+03
  5.912508E+02     5.511039E+03
  5.994843E+02     5.485452E+03
  6.078323E+02     5.460293E+03
  6.162966E+02     5.435560E+03
  6.248788E+02     5.411251E+03
  6.335805E+02     5.387359E+03
  6.424034E+02     5.363878E+03
  6.513491E+02     5.340799E+03
  6.604194E+02     5.318112E+03
  6.696160E+02     5.295807E+03
  6.789407E+02     5.273884E+03
  6.883952E+02     5.252343E+03
  6.979814E+02     5.231181E+03
  7.077011E+02     5.210395E+03
  7.175561E+02     5.189980E+03
  7.275484E+02     5.169928E+03
  7.376798E+02     5.150232E+03
  7.479523E+02     5.130881E+03
  7.583678E+02     5.111864E+03
  7.689284E+02     5.093172E+03
  7.796360E+02     5.074810E+03
  7.904928E+02     5.056785E+03
  8.015007E+02     5.039102E+03
  8.126619E+02     5.021768E+03
  8.239786E+02     5.004787E+03
  8.354528E+02     4.988163E+03
  8.470868E+02     4.971901E+03
  8.588829E+02     4.956003E+03
  8.708431E+02     4.940471E+03
  8.829700E+02     4.925299E+03
  8.952657E+02     4.910456E+03
  9.077327E+02     4.895904E+03
  9.203732E+02     4.881599E+03
  9.331898E+02     4.867495E+03
  9.461848E+02     4.853540E+03
  9.593608E+02     4.839675E+03
  9.727203E+02     4.825838E+03
  9.862658E+02     4.811961E+03
  1.000000E+03     4.797970E+03
