FILE CREATED BY  : PROGRAM DPASS - VERSION 2.00
DATABASE VERSION : 21.06
DATE AND TIME    : 10/08/2022 00:53:24
PROJECTILE       : Tl
TARGET           : Ca
TARGET AT. MASS  : 4.008000E+01
TARGET DENSITY   : 1.550000E+00 g/cm^3
TABULATED OUTPUT : STOPPING FORCE VERSUS ENERGY
DATA TYPE        : SPLINE INTERPOLATED
ABSCISSA UNITS   : MeV/u
ORDINATE UNITS   : eV/nm


      E/n             S(E/n)

  1.000000E-03     3.228237E+02
  1.013925E-03     3.250576E+02
  1.028045E-03     3.273211E+02
  1.042361E-03     3.296131E+02
  1.056876E-03     3.319321E+02
  1.071593E-03     3.342767E+02
  1.086516E-03     3.366454E+02
  1.101646E-03     3.390364E+02
  1.116987E-03     3.414477E+02
  1.132541E-03     3.438773E+02
  1.148312E-03     3.463229E+02
  1.164303E-03     3.487825E+02
  1.180517E-03     3.512558E+02
  1.196956E-03     3.537435E+02
  1.213624E-03     3.562460E+02
  1.230524E-03     3.587640E+02
  1.247660E-03     3.612981E+02
  1.265034E-03     3.638492E+02
  1.282650E-03     3.664181E+02
  1.300511E-03     3.690056E+02
  1.318621E-03     3.716127E+02
  1.336984E-03     3.742405E+02
  1.355602E-03     3.768891E+02
  1.374479E-03     3.795587E+02
  1.393619E-03     3.822491E+02
  1.413026E-03     3.849604E+02
  1.432703E-03     3.876926E+02
  1.452654E-03     3.904456E+02
  1.472883E-03     3.932196E+02
  1.493393E-03     3.960143E+02
  1.514189E-03     3.988299E+02
  1.535275E-03     4.016664E+02
  1.556654E-03     4.045237E+02
  1.578331E-03     4.074022E+02
  1.600310E-03     4.103019E+02
  1.622595E-03     4.132230E+02
  1.645191E-03     4.161657E+02
  1.668101E-03     4.191303E+02
  1.691330E-03     4.221170E+02
  1.714882E-03     4.251260E+02
  1.738762E-03     4.281576E+02
  1.762975E-03     4.312121E+02
  1.787526E-03     4.342898E+02
  1.812418E-03     4.373907E+02
  1.837656E-03     4.405150E+02
  1.863246E-03     4.436630E+02
  1.889193E-03     4.468346E+02
  1.915501E-03     4.500303E+02
  1.942175E-03     4.532500E+02
  1.969220E-03     4.564942E+02
  1.996642E-03     4.597630E+02
  2.024447E-03     4.630567E+02
  2.052638E-03     4.663755E+02
  2.081222E-03     4.697196E+02
  2.110203E-03     4.730891E+02
  2.139589E-03     4.764842E+02
  2.169384E-03     4.799052E+02
  2.199593E-03     4.833522E+02
  2.230223E-03     4.868255E+02
  2.261280E-03     4.903253E+02
  2.292769E-03     4.938519E+02
  2.324697E-03     4.974056E+02
  2.357069E-03     5.009867E+02
  2.389893E-03     5.045952E+02
  2.423173E-03     5.082315E+02
  2.456916E-03     5.118957E+02
  2.491130E-03     5.155880E+02
  2.525820E-03     5.193086E+02
  2.560993E-03     5.230577E+02
  2.596656E-03     5.268358E+02
  2.632815E-03     5.306429E+02
  2.669478E-03     5.344795E+02
  2.706652E-03     5.383459E+02
  2.744343E-03     5.422421E+02
  2.782559E-03     5.461686E+02
  2.821308E-03     5.501254E+02
  2.860596E-03     5.541128E+02
  2.900430E-03     5.581312E+02
  2.940820E-03     5.621808E+02
  2.981772E-03     5.662619E+02
  3.023295E-03     5.703750E+02
  3.065395E-03     5.745202E+02
  3.108082E-03     5.786981E+02
  3.151363E-03     5.829088E+02
  3.195248E-03     5.871525E+02
  3.239743E-03     5.914295E+02
  3.284857E-03     5.957401E+02
  3.330600E-03     6.000844E+02
  3.376980E-03     6.044628E+02
  3.424006E-03     6.088756E+02
  3.471687E-03     6.133231E+02
  3.520031E-03     6.178058E+02
  3.569049E-03     6.223239E+02
  3.618750E-03     6.268777E+02
  3.669142E-03     6.314676E+02
  3.720237E-03     6.360936E+02
  3.772042E-03     6.407563E+02
  3.824570E-03     6.454558E+02
  3.877828E-03     6.501925E+02
  3.931829E-03     6.549668E+02
  3.986581E-03     6.597791E+02
  4.042096E-03     6.646298E+02
  4.098384E-03     6.695193E+02
  4.155455E-03     6.744480E+02
  4.213322E-03     6.794161E+02
  4.271994E-03     6.844239E+02
  4.331483E-03     6.894718E+02
  4.391801E-03     6.945600E+02
  4.452959E-03     6.996891E+02
  4.514968E-03     7.048594E+02
  4.577841E-03     7.100713E+02
  4.641589E-03     7.153253E+02
  4.706225E-03     7.206219E+02
  4.771761E-03     7.259614E+02
  4.838210E-03     7.313440E+02
  4.905584E-03     7.367703E+02
  4.973896E-03     7.422404E+02
  5.043159E-03     7.477548E+02
  5.113388E-03     7.533139E+02
  5.184594E-03     7.589181E+02
  5.256791E-03     7.645678E+02
  5.329994E-03     7.702636E+02
  5.404216E-03     7.760060E+02
  5.479472E-03     7.817953E+02
  5.555776E-03     7.876320E+02
  5.633143E-03     7.935162E+02
  5.711586E-03     7.994485E+02
  5.791123E-03     8.054293E+02
  5.871766E-03     8.114590E+02
  5.953533E-03     8.175380E+02
  6.036439E-03     8.236670E+02
  6.120498E-03     8.298464E+02
  6.205729E-03     8.360768E+02
  6.292146E-03     8.423587E+02
  6.379767E-03     8.486923E+02
  6.468608E-03     8.550781E+02
  6.558686E-03     8.615166E+02
  6.650018E-03     8.680081E+02
  6.742622E-03     8.745532E+02
  6.836516E-03     8.811523E+02
  6.931717E-03     8.878061E+02
  7.028244E-03     8.945150E+02
  7.126115E-03     9.012798E+02
  7.225349E-03     9.081008E+02
  7.325965E-03     9.149785E+02
  7.427982E-03     9.219133E+02
  7.531420E-03     9.289057E+02
  7.636298E-03     9.359561E+02
  7.742637E-03     9.430652E+02
  7.850456E-03     9.502334E+02
  7.959777E-03     9.574613E+02
  8.070620E-03     9.647496E+02
  8.183007E-03     9.720989E+02
  8.296959E-03     9.795098E+02
  8.412497E-03     9.869826E+02
  8.529644E-03     9.945179E+02
  8.648423E-03     1.002116E+03
  8.768856E-03     1.009778E+03
  8.890966E-03     1.017503E+03
  9.014776E-03     1.025294E+03
  9.140311E-03     1.033149E+03
  9.267593E-03     1.041070E+03
  9.396648E-03     1.049058E+03
  9.527500E-03     1.057112E+03
  9.660175E-03     1.065235E+03
  9.794697E-03     1.073425E+03
  9.931092E-03     1.081684E+03
  1.006939E-02     1.090012E+03
  1.020961E-02     1.098409E+03
  1.035178E-02     1.106877E+03
  1.049593E-02     1.115416E+03
  1.064209E-02     1.124026E+03
  1.079029E-02     1.132709E+03
  1.094055E-02     1.141465E+03
  1.109290E-02     1.150294E+03
  1.124737E-02     1.159197E+03
  1.140400E-02     1.168174E+03
  1.156280E-02     1.177227E+03
  1.172382E-02     1.186355E+03
  1.188708E-02     1.195559E+03
  1.205261E-02     1.204841E+03
  1.222045E-02     1.214199E+03
  1.239062E-02     1.223636E+03
  1.256317E-02     1.233153E+03
  1.273811E-02     1.242748E+03
  1.291550E-02     1.252424E+03
  1.309535E-02     1.262180E+03
  1.327771E-02     1.272018E+03
  1.346261E-02     1.281938E+03
  1.365008E-02     1.291940E+03
  1.384016E-02     1.302025E+03
  1.403289E-02     1.312195E+03
  1.422830E-02     1.322449E+03
  1.442644E-02     1.332790E+03
  1.462733E-02     1.343216E+03
  1.483103E-02     1.353729E+03
  1.503755E-02     1.364328E+03
  1.524696E-02     1.375015E+03
  1.545928E-02     1.385790E+03
  1.567455E-02     1.396653E+03
  1.589283E-02     1.407605E+03
  1.611414E-02     1.418647E+03
  1.633854E-02     1.429778E+03
  1.656606E-02     1.441000E+03
  1.679675E-02     1.452313E+03
  1.703065E-02     1.463717E+03
  1.726781E-02     1.475212E+03
  1.750827E-02     1.486800E+03
  1.775208E-02     1.498479E+03
  1.799929E-02     1.510250E+03
  1.824993E-02     1.522114E+03
  1.850407E-02     1.534072E+03
  1.876175E-02     1.546122E+03
  1.902301E-02     1.558267E+03
  1.928792E-02     1.570507E+03
  1.955651E-02     1.582842E+03
  1.982884E-02     1.595274E+03
  2.010496E-02     1.607803E+03
  2.038493E-02     1.620431E+03
  2.066880E-02     1.633158E+03
  2.095662E-02     1.645987E+03
  2.124845E-02     1.658918E+03
  2.154435E-02     1.671953E+03
  2.184436E-02     1.685094E+03
  2.214855E-02     1.698340E+03
  2.245698E-02     1.711692E+03
  2.276970E-02     1.725151E+03
  2.308678E-02     1.738716E+03
  2.340827E-02     1.752389E+03
  2.373424E-02     1.766169E+03
  2.406475E-02     1.780057E+03
  2.439986E-02     1.794054E+03
  2.473964E-02     1.808160E+03
  2.508415E-02     1.822375E+03
  2.543346E-02     1.836700E+03
  2.578763E-02     1.851135E+03
  2.614673E-02     1.865681E+03
  2.651084E-02     1.880339E+03
  2.688001E-02     1.895108E+03
  2.725433E-02     1.909989E+03
  2.763385E-02     1.924983E+03
  2.801867E-02     1.940091E+03
  2.840884E-02     1.955313E+03
  2.880444E-02     1.970650E+03
  2.920556E-02     1.986102E+03
  2.961225E-02     2.001670E+03
  3.002462E-02     2.017354E+03
  3.044272E-02     2.033155E+03
  3.086665E-02     2.049072E+03
  3.129648E-02     2.065108E+03
  3.173230E-02     2.081261E+03
  3.217418E-02     2.097533E+03
  3.262222E-02     2.113924E+03
  3.307650E-02     2.130436E+03
  3.353710E-02     2.147068E+03
  3.400412E-02     2.163822E+03
  3.447764E-02     2.180696E+03
  3.495776E-02     2.197693E+03
  3.544456E-02     2.214812E+03
  3.593814E-02     2.232054E+03
  3.643859E-02     2.249420E+03
  3.694601E-02     2.266910E+03
  3.746050E-02     2.284525E+03
  3.798215E-02     2.302266E+03
  3.851107E-02     2.320134E+03
  3.904735E-02     2.338128E+03
  3.959110E-02     2.356251E+03
  4.014242E-02     2.374501E+03
  4.070142E-02     2.392879E+03
  4.126821E-02     2.411387E+03
  4.184289E-02     2.430024E+03
  4.242556E-02     2.448792E+03
  4.301636E-02     2.467692E+03
  4.361538E-02     2.486724E+03
  4.422274E-02     2.505889E+03
  4.483856E-02     2.525188E+03
  4.546295E-02     2.544620E+03
  4.609604E-02     2.564188E+03
  4.673795E-02     2.583890E+03
  4.738880E-02     2.603728E+03
  4.804870E-02     2.623702E+03
  4.871780E-02     2.643814E+03
  4.939622E-02     2.664064E+03
  5.008408E-02     2.684454E+03
  5.078152E-02     2.704984E+03
  5.148867E-02     2.725654E+03
  5.220568E-02     2.746466E+03
  5.293266E-02     2.767419E+03
  5.366977E-02     2.788514E+03
  5.441714E-02     2.809753E+03
  5.517492E-02     2.831136E+03
  5.594326E-02     2.852663E+03
  5.672229E-02     2.874337E+03
  5.751217E-02     2.896158E+03
  5.831305E-02     2.918127E+03
  5.912508E-02     2.940244E+03
  5.994843E-02     2.962511E+03
  6.078323E-02     2.984928E+03
  6.162966E-02     3.007496E+03
  6.248788E-02     3.030215E+03
  6.335805E-02     3.053086E+03
  6.424034E-02     3.076111E+03
  6.513491E-02     3.099290E+03
  6.604194E-02     3.122625E+03
  6.696160E-02     3.146118E+03
  6.789407E-02     3.169768E+03
  6.883952E-02     3.193575E+03
  6.979814E-02     3.217540E+03
  7.077011E-02     3.241663E+03
  7.175561E-02     3.265945E+03
  7.275484E-02     3.290385E+03
  7.376798E-02     3.314985E+03
  7.479523E-02     3.339746E+03
  7.583678E-02     3.364667E+03
  7.689284E-02     3.389751E+03
  7.796360E-02     3.414997E+03
  7.904928E-02     3.440407E+03
  8.015007E-02     3.465983E+03
  8.126619E-02     3.491724E+03
  8.239786E-02     3.517634E+03
  8.354528E-02     3.543713E+03
  8.470868E-02     3.569963E+03
  8.588829E-02     3.596387E+03
  8.708431E-02     3.622986E+03
  8.829700E-02     3.649764E+03
  8.952657E-02     3.676719E+03
  9.077327E-02     3.703853E+03
  9.203732E-02     3.731166E+03
  9.331898E-02     3.758657E+03
  9.461848E-02     3.786327E+03
  9.593608E-02     3.814178E+03
  9.727203E-02     3.842208E+03
  9.862658E-02     3.870420E+03
  1.000000E-01     3.898814E+03
  1.013925E-01     3.927390E+03
  1.028045E-01     3.956149E+03
  1.042361E-01     3.985092E+03
  1.056876E-01     4.014217E+03
  1.071593E-01     4.043527E+03
  1.086516E-01     4.073021E+03
  1.101646E-01     4.102701E+03
  1.116987E-01     4.132566E+03
  1.132541E-01     4.162618E+03
  1.148312E-01     4.192858E+03
  1.164303E-01     4.223286E+03
  1.180517E-01     4.253903E+03
  1.196956E-01     4.284707E+03
  1.213624E-01     4.315697E+03
  1.230524E-01     4.346872E+03
  1.247660E-01     4.378230E+03
  1.265034E-01     4.409770E+03
  1.282650E-01     4.441491E+03
  1.300511E-01     4.473393E+03
  1.318621E-01     4.505473E+03
  1.336984E-01     4.537731E+03
  1.355602E-01     4.570166E+03
  1.374479E-01     4.602778E+03
  1.393619E-01     4.635567E+03
  1.413026E-01     4.668533E+03
  1.432703E-01     4.701677E+03
  1.452654E-01     4.734998E+03
  1.472883E-01     4.768497E+03
  1.493393E-01     4.802175E+03
  1.514189E-01     4.836033E+03
  1.535275E-01     4.870072E+03
  1.556654E-01     4.904294E+03
  1.578331E-01     4.938699E+03
  1.600310E-01     4.973289E+03
  1.622595E-01     5.008066E+03
  1.645191E-01     5.043033E+03
  1.668101E-01     5.078191E+03
  1.691330E-01     5.113543E+03
  1.714882E-01     5.149093E+03
  1.738762E-01     5.184845E+03
  1.762975E-01     5.220802E+03
  1.787526E-01     5.256968E+03
  1.812418E-01     5.293344E+03
  1.837656E-01     5.329933E+03
  1.863246E-01     5.366737E+03
  1.889193E-01     5.403760E+03
  1.915501E-01     5.441005E+03
  1.942175E-01     5.478476E+03
  1.969220E-01     5.516178E+03
  1.996642E-01     5.554114E+03
  2.024447E-01     5.592291E+03
  2.052638E-01     5.630713E+03
  2.081222E-01     5.669381E+03
  2.110203E-01     5.708298E+03
  2.139589E-01     5.747468E+03
  2.169384E-01     5.786893E+03
  2.199593E-01     5.826577E+03
  2.230223E-01     5.866525E+03
  2.261280E-01     5.906740E+03
  2.292769E-01     5.947228E+03
  2.324697E-01     5.987994E+03
  2.357069E-01     6.029044E+03
  2.389893E-01     6.070381E+03
  2.423173E-01     6.112012E+03
  2.456916E-01     6.153941E+03
  2.491130E-01     6.196176E+03
  2.525820E-01     6.238723E+03
  2.560993E-01     6.281589E+03
  2.596656E-01     6.324783E+03
  2.632815E-01     6.368313E+03
  2.669478E-01     6.412188E+03
  2.706652E-01     6.456415E+03
  2.744343E-01     6.500994E+03
  2.782559E-01     6.545926E+03
  2.821308E-01     6.591211E+03
  2.860596E-01     6.636848E+03
  2.900430E-01     6.682840E+03
  2.940820E-01     6.729184E+03
  2.981772E-01     6.775883E+03
  3.023295E-01     6.822936E+03
  3.065395E-01     6.870344E+03
  3.108082E-01     6.918106E+03
  3.151363E-01     6.966220E+03
  3.195248E-01     7.014685E+03
  3.239743E-01     7.063498E+03
  3.284857E-01     7.112658E+03
  3.330600E-01     7.162162E+03
  3.376980E-01     7.212008E+03
  3.424006E-01     7.262193E+03
  3.471687E-01     7.312714E+03
  3.520031E-01     7.363569E+03
  3.569049E-01     7.414755E+03
  3.618750E-01     7.466270E+03
  3.669142E-01     7.518113E+03
  3.720237E-01     7.570282E+03
  3.772042E-01     7.622775E+03
  3.824570E-01     7.675591E+03
  3.877828E-01     7.728729E+03
  3.931829E-01     7.782187E+03
  3.986581E-01     7.835963E+03
  4.042096E-01     7.890057E+03
  4.098384E-01     7.944466E+03
  4.155455E-01     7.999188E+03
  4.213322E-01     8.054219E+03
  4.271994E-01     8.109555E+03
  4.331483E-01     8.165194E+03
  4.391801E-01     8.221132E+03
  4.452959E-01     8.277366E+03
  4.514968E-01     8.333891E+03
  4.577841E-01     8.390705E+03
  4.641589E-01     8.447803E+03
  4.706225E-01     8.505182E+03
  4.771761E-01     8.562835E+03
  4.838210E-01     8.620756E+03
  4.905584E-01     8.678937E+03
  4.973896E-01     8.737370E+03
  5.043159E-01     8.796048E+03
  5.113388E-01     8.854963E+03
  5.184594E-01     8.914106E+03
  5.256791E-01     8.973469E+03
  5.329994E-01     9.033043E+03
  5.404216E-01     9.092819E+03
  5.479472E-01     9.152786E+03
  5.555776E-01     9.212932E+03
  5.633143E-01     9.273246E+03
  5.711586E-01     9.333715E+03
  5.791123E-01     9.394326E+03
  5.871766E-01     9.455067E+03
  5.953533E-01     9.515922E+03
  6.036439E-01     9.576879E+03
  6.120498E-01     9.637923E+03
  6.205729E-01     9.699039E+03
  6.292146E-01     9.760214E+03
  6.379767E-01     9.821436E+03
  6.468608E-01     9.882691E+03
  6.558686E-01     9.943966E+03
  6.650018E-01     1.000525E+04
  6.742622E-01     1.006653E+04
  6.836516E-01     1.012779E+04
  6.931717E-01     1.018902E+04
  7.028244E-01     1.025020E+04
  7.126115E-01     1.031132E+04
  7.225349E-01     1.037237E+04
  7.325965E-01     1.043334E+04
  7.427982E-01     1.049420E+04
  7.531420E-01     1.055495E+04
  7.636298E-01     1.061557E+04
  7.742637E-01     1.067605E+04
  7.850456E-01     1.073637E+04
  7.959777E-01     1.079653E+04
  8.070620E-01     1.085650E+04
  8.183007E-01     1.091628E+04
  8.296959E-01     1.097585E+04
  8.412497E-01     1.103520E+04
  8.529644E-01     1.109432E+04
  8.648423E-01     1.115319E+04
  8.768856E-01     1.121180E+04
  8.890966E-01     1.127015E+04
  9.014776E-01     1.132822E+04
  9.140311E-01     1.138599E+04
  9.267593E-01     1.144347E+04
  9.396648E-01     1.150065E+04
  9.527500E-01     1.155751E+04
  9.660175E-01     1.161404E+04
  9.794697E-01     1.167023E+04
  9.931092E-01     1.172608E+04
  1.006939E+00     1.178158E+04
  1.020961E+00     1.183671E+04
  1.035178E+00     1.189148E+04
  1.049593E+00     1.194588E+04
  1.064209E+00     1.199989E+04
  1.079029E+00     1.205353E+04
  1.094055E+00     1.210679E+04
  1.109290E+00     1.215965E+04
  1.124737E+00     1.221212E+04
  1.140400E+00     1.226417E+04
  1.156280E+00     1.231582E+04
  1.172382E+00     1.236705E+04
  1.188708E+00     1.241786E+04
  1.205261E+00     1.246825E+04
  1.222045E+00     1.251822E+04
  1.239062E+00     1.256777E+04
  1.256317E+00     1.261691E+04
  1.273811E+00     1.266562E+04
  1.291550E+00     1.271390E+04
  1.309535E+00     1.276174E+04
  1.327771E+00     1.280915E+04
  1.346261E+00     1.285612E+04
  1.365008E+00     1.290264E+04
  1.384016E+00     1.294872E+04
  1.403289E+00     1.299437E+04
  1.422830E+00     1.303958E+04
  1.442644E+00     1.308437E+04
  1.462733E+00     1.312872E+04
  1.483103E+00     1.317263E+04
  1.503755E+00     1.321609E+04
  1.524696E+00     1.325911E+04
  1.545928E+00     1.330168E+04
  1.567455E+00     1.334381E+04
  1.589283E+00     1.338549E+04
  1.611414E+00     1.342673E+04
  1.633854E+00     1.346753E+04
  1.656606E+00     1.350791E+04
  1.679675E+00     1.354785E+04
  1.703065E+00     1.358735E+04
  1.726781E+00     1.362640E+04
  1.750827E+00     1.366500E+04
  1.775208E+00     1.370316E+04
  1.799929E+00     1.374086E+04
  1.824993E+00     1.377812E+04
  1.850407E+00     1.381493E+04
  1.876175E+00     1.385129E+04
  1.902301E+00     1.388722E+04
  1.928792E+00     1.392271E+04
  1.955651E+00     1.395775E+04
  1.982884E+00     1.399234E+04
  2.010496E+00     1.402648E+04
  2.038493E+00     1.406017E+04
  2.066880E+00     1.409340E+04
  2.095662E+00     1.412618E+04
  2.124845E+00     1.415851E+04
  2.154435E+00     1.419040E+04
  2.184436E+00     1.422185E+04
  2.214855E+00     1.425286E+04
  2.245698E+00     1.428341E+04
  2.276970E+00     1.431351E+04
  2.308678E+00     1.434314E+04
  2.340827E+00     1.437231E+04
  2.373424E+00     1.440100E+04
  2.406475E+00     1.442921E+04
  2.439986E+00     1.445695E+04
  2.473964E+00     1.448421E+04
  2.508415E+00     1.451099E+04
  2.543346E+00     1.453730E+04
  2.578763E+00     1.456311E+04
  2.614673E+00     1.458844E+04
  2.651084E+00     1.461327E+04
  2.688001E+00     1.463761E+04
  2.725433E+00     1.466145E+04
  2.763385E+00     1.468480E+04
  2.801867E+00     1.470767E+04
  2.840884E+00     1.473005E+04
  2.880444E+00     1.475195E+04
  2.920556E+00     1.477337E+04
  2.961225E+00     1.479430E+04
  3.002462E+00     1.481473E+04
  3.044272E+00     1.483466E+04
  3.086665E+00     1.485408E+04
  3.129648E+00     1.487300E+04
  3.173230E+00     1.489140E+04
  3.217418E+00     1.490929E+04
  3.262222E+00     1.492667E+04
  3.307650E+00     1.494353E+04
  3.353710E+00     1.495988E+04
  3.400412E+00     1.497571E+04
  3.447764E+00     1.499101E+04
  3.495776E+00     1.500578E+04
  3.544456E+00     1.502001E+04
  3.593814E+00     1.503371E+04
  3.643859E+00     1.504687E+04
  3.694601E+00     1.505949E+04
  3.746050E+00     1.507158E+04
  3.798215E+00     1.508313E+04
  3.851107E+00     1.509415E+04
  3.904735E+00     1.510464E+04
  3.959110E+00     1.511458E+04
  4.014242E+00     1.512397E+04
  4.070142E+00     1.513282E+04
  4.126821E+00     1.514113E+04
  4.184289E+00     1.514888E+04
  4.242556E+00     1.515610E+04
  4.301636E+00     1.516277E+04
  4.361538E+00     1.516891E+04
  4.422274E+00     1.517452E+04
  4.483856E+00     1.517958E+04
  4.546295E+00     1.518411E+04
  4.609604E+00     1.518808E+04
  4.673795E+00     1.519151E+04
  4.738880E+00     1.519439E+04
  4.804870E+00     1.519673E+04
  4.871780E+00     1.519852E+04
  4.939622E+00     1.519976E+04
  5.008408E+00     1.520047E+04
  5.078152E+00     1.520064E+04
  5.148867E+00     1.520028E+04
  5.220568E+00     1.519937E+04
  5.293266E+00     1.519791E+04
  5.366977E+00     1.519591E+04
  5.441714E+00     1.519337E+04
  5.517492E+00     1.519029E+04
  5.594326E+00     1.518666E+04
  5.672229E+00     1.518251E+04
  5.751217E+00     1.517782E+04
  5.831305E+00     1.517261E+04
  5.912508E+00     1.516687E+04
  5.994843E+00     1.516061E+04
  6.078323E+00     1.515381E+04
  6.162966E+00     1.514648E+04
  6.248788E+00     1.513862E+04
  6.335805E+00     1.513023E+04
  6.424034E+00     1.512132E+04
  6.513491E+00     1.511188E+04
  6.604194E+00     1.510193E+04
  6.696160E+00     1.509147E+04
  6.789407E+00     1.508049E+04
  6.883952E+00     1.506900E+04
  6.979814E+00     1.505699E+04
  7.077011E+00     1.504447E+04
  7.175561E+00     1.503143E+04
  7.275484E+00     1.501788E+04
  7.376798E+00     1.500383E+04
  7.479523E+00     1.498927E+04
  7.583678E+00     1.497421E+04
  7.689284E+00     1.495867E+04
  7.796360E+00     1.494263E+04
  7.904928E+00     1.492609E+04
  8.015007E+00     1.490906E+04
  8.126619E+00     1.489153E+04
  8.239786E+00     1.487351E+04
  8.354528E+00     1.485498E+04
  8.470868E+00     1.483597E+04
  8.588829E+00     1.481646E+04
  8.708431E+00     1.479647E+04
  8.829700E+00     1.477600E+04
  8.952657E+00     1.475504E+04
  9.077327E+00     1.473360E+04
  9.203732E+00     1.471167E+04
  9.331898E+00     1.468926E+04
  9.461848E+00     1.466637E+04
  9.593608E+00     1.464299E+04
  9.727203E+00     1.461914E+04
  9.862658E+00     1.459482E+04
  1.000000E+01     1.457002E+04
  1.013925E+01     1.454477E+04
  1.028045E+01     1.451904E+04
  1.042361E+01     1.449286E+04
  1.056876E+01     1.446620E+04
  1.071593E+01     1.443908E+04
  1.086516E+01     1.441149E+04
  1.101646E+01     1.438344E+04
  1.116987E+01     1.435493E+04
  1.132541E+01     1.432595E+04
  1.148312E+01     1.429651E+04
  1.164303E+01     1.426663E+04
  1.180517E+01     1.423628E+04
  1.196956E+01     1.420549E+04
  1.213624E+01     1.417423E+04
  1.230524E+01     1.414253E+04
  1.247660E+01     1.411037E+04
  1.265034E+01     1.407776E+04
  1.282650E+01     1.404471E+04
  1.300511E+01     1.401121E+04
  1.318621E+01     1.397727E+04
  1.336984E+01     1.394289E+04
  1.355602E+01     1.390808E+04
  1.374479E+01     1.387283E+04
  1.393619E+01     1.383715E+04
  1.413026E+01     1.380103E+04
  1.432703E+01     1.376448E+04
  1.452654E+01     1.372749E+04
  1.472883E+01     1.369008E+04
  1.493393E+01     1.365224E+04
  1.514189E+01     1.361398E+04
  1.535275E+01     1.357530E+04
  1.556654E+01     1.353620E+04
  1.578331E+01     1.349669E+04
  1.600310E+01     1.345675E+04
  1.622595E+01     1.341641E+04
  1.645191E+01     1.337564E+04
  1.668101E+01     1.333447E+04
  1.691330E+01     1.329288E+04
  1.714882E+01     1.325089E+04
  1.738762E+01     1.320849E+04
  1.762975E+01     1.316569E+04
  1.787526E+01     1.312249E+04
  1.812418E+01     1.307889E+04
  1.837656E+01     1.303490E+04
  1.863246E+01     1.299052E+04
  1.889193E+01     1.294575E+04
  1.915501E+01     1.290059E+04
  1.942175E+01     1.285505E+04
  1.969220E+01     1.280914E+04
  1.996642E+01     1.276285E+04
  2.024447E+01     1.271620E+04
  2.052638E+01     1.266918E+04
  2.081222E+01     1.262181E+04
  2.110203E+01     1.257407E+04
  2.139589E+01     1.252598E+04
  2.169384E+01     1.247755E+04
  2.199593E+01     1.242876E+04
  2.230223E+01     1.237963E+04
  2.261280E+01     1.233017E+04
  2.292769E+01     1.228037E+04
  2.324697E+01     1.223024E+04
  2.357069E+01     1.217979E+04
  2.389893E+01     1.212901E+04
  2.423173E+01     1.207792E+04
  2.456916E+01     1.202651E+04
  2.491130E+01     1.197479E+04
  2.525820E+01     1.192276E+04
  2.560993E+01     1.187042E+04
  2.596656E+01     1.181779E+04
  2.632815E+01     1.176486E+04
  2.669478E+01     1.171164E+04
  2.706652E+01     1.165812E+04
  2.744343E+01     1.160433E+04
  2.782559E+01     1.155026E+04
  2.821308E+01     1.149592E+04
  2.860596E+01     1.144132E+04
  2.900430E+01     1.138646E+04
  2.940820E+01     1.133134E+04
  2.981772E+01     1.127599E+04
  3.023295E+01     1.122039E+04
  3.065395E+01     1.116457E+04
  3.108082E+01     1.110852E+04
  3.151363E+01     1.105225E+04
  3.195248E+01     1.099577E+04
  3.239743E+01     1.093907E+04
  3.284857E+01     1.088217E+04
  3.330600E+01     1.082506E+04
  3.376980E+01     1.076775E+04
  3.424006E+01     1.071025E+04
  3.471687E+01     1.065254E+04
  3.520031E+01     1.059465E+04
  3.569049E+01     1.053656E+04
  3.618750E+01     1.047829E+04
  3.669142E+01     1.041985E+04
  3.720237E+01     1.036125E+04
  3.772042E+01     1.030249E+04
  3.824570E+01     1.024360E+04
  3.877828E+01     1.018457E+04
  3.931829E+01     1.012542E+04
  3.986581E+01     1.006616E+04
  4.042096E+01     1.000680E+04
  4.098384E+01     9.947344E+03
  4.155455E+01     9.887811E+03
  4.213322E+01     9.828203E+03
  4.271994E+01     9.768530E+03
  4.331483E+01     9.708797E+03
  4.391801E+01     9.649013E+03
  4.452959E+01     9.589184E+03
  4.514968E+01     9.529317E+03
  4.577841E+01     9.469419E+03
  4.641589E+01     9.409495E+03
  4.706225E+01     9.349552E+03
  4.771761E+01     9.289595E+03
  4.838210E+01     9.229631E+03
  4.905584E+01     9.169666E+03
  4.973896E+01     9.109706E+03
  5.043159E+01     9.049755E+03
  5.113388E+01     8.989818E+03
  5.184594E+01     8.929899E+03
  5.256791E+01     8.870000E+03
  5.329994E+01     8.810123E+03
  5.404216E+01     8.750272E+03
  5.479472E+01     8.690454E+03
  5.555776E+01     8.630678E+03
  5.633143E+01     8.570953E+03
  5.711586E+01     8.511288E+03
  5.791123E+01     8.451692E+03
  5.871766E+01     8.392172E+03
  5.953533E+01     8.332737E+03
  6.036439E+01     8.273392E+03
  6.120498E+01     8.214145E+03
  6.205729E+01     8.155002E+03
  6.292146E+01     8.095971E+03
  6.379767E+01     8.037062E+03
  6.468608E+01     7.978283E+03
  6.558686E+01     7.919643E+03
  6.650018E+01     7.861149E+03
  6.742622E+01     7.802809E+03
  6.836516E+01     7.744629E+03
  6.931717E+01     7.686616E+03
  7.028244E+01     7.628773E+03
  7.126115E+01     7.571106E+03
  7.225349E+01     7.513621E+03
  7.325965E+01     7.456326E+03
  7.427982E+01     7.399228E+03
  7.531420E+01     7.342335E+03
  7.636298E+01     7.285650E+03
  7.742637E+01     7.229180E+03
  7.850456E+01     7.172928E+03
  7.959777E+01     7.116897E+03
  8.070620E+01     7.061088E+03
  8.183007E+01     7.005502E+03
  8.296959E+01     6.950145E+03
  8.412497E+01     6.895026E+03
  8.529644E+01     6.840154E+03
  8.648423E+01     6.785537E+03
  8.768856E+01     6.731183E+03
  8.890966E+01     6.677098E+03
  9.014776E+01     6.623288E+03
  9.140311E+01     6.569758E+03
  9.267593E+01     6.516510E+03
  9.396648E+01     6.463549E+03
  9.527500E+01     6.410878E+03
  9.660175E+01     6.358504E+03
  9.794697E+01     6.306433E+03
  9.931092E+01     6.254669E+03
  1.006939E+02     6.203216E+03
  1.020961E+02     6.152077E+03
  1.035178E+02     6.101252E+03
  1.049593E+02     6.050742E+03
  1.064209E+02     6.000543E+03
  1.079029E+02     5.950653E+03
  1.094055E+02     5.901074E+03
  1.109290E+02     5.851811E+03
  1.124737E+02     5.802874E+03
  1.140400E+02     5.754268E+03
  1.156280E+02     5.705997E+03
  1.172382E+02     5.658067E+03
  1.188708E+02     5.610480E+03
  1.205261E+02     5.563238E+03
  1.222045E+02     5.516340E+03
  1.239062E+02     5.469787E+03
  1.256317E+02     5.423579E+03
  1.273811E+02     5.377722E+03
  1.291550E+02     5.332221E+03
  1.309535E+02     5.287081E+03
  1.327771E+02     5.242305E+03
  1.346261E+02     5.197894E+03
  1.365008E+02     5.153850E+03
  1.384016E+02     5.110171E+03
  1.403289E+02     5.066854E+03
  1.422830E+02     5.023896E+03
  1.442644E+02     4.981295E+03
  1.462733E+02     4.939055E+03
  1.483103E+02     4.897182E+03
  1.503755E+02     4.855680E+03
  1.524696E+02     4.814552E+03
  1.545928E+02     4.773800E+03
  1.567455E+02     4.733423E+03
  1.589283E+02     4.693421E+03
  1.611414E+02     4.653791E+03
  1.633854E+02     4.614528E+03
  1.656606E+02     4.575629E+03
  1.679675E+02     4.537098E+03
  1.703065E+02     4.498939E+03
  1.726781E+02     4.461154E+03
  1.750827E+02     4.423744E+03
  1.775208E+02     4.386710E+03
  1.799929E+02     4.350051E+03
  1.824993E+02     4.313762E+03
  1.850407E+02     4.277840E+03
  1.876175E+02     4.242277E+03
  1.902301E+02     4.207070E+03
  1.928792E+02     4.172220E+03
  1.955651E+02     4.137731E+03
  1.982884E+02     4.103606E+03
  2.010496E+02     4.069847E+03
  2.038493E+02     4.036453E+03
  2.066880E+02     4.003424E+03
  2.095662E+02     3.970757E+03
  2.124845E+02     3.938449E+03
  2.154435E+02     3.906492E+03
  2.184436E+02     3.874883E+03
  2.214855E+02     3.843623E+03
  2.245698E+02     3.812713E+03
  2.276970E+02     3.782157E+03
  2.308678E+02     3.751955E+03
  2.340827E+02     3.722106E+03
  2.373424E+02     3.692608E+03
  2.406475E+02     3.663458E+03
  2.439986E+02     3.634650E+03
  2.473964E+02     3.606178E+03
  2.508415E+02     3.578036E+03
  2.543346E+02     3.550224E+03
  2.578763E+02     3.522743E+03
  2.614673E+02     3.495597E+03
  2.651084E+02     3.468784E+03
  2.688001E+02     3.442304E+03
  2.725433E+02     3.416155E+03
  2.763385E+02     3.390334E+03
  2.801867E+02     3.364835E+03
  2.840884E+02     3.339653E+03
  2.880444E+02     3.314779E+03
  2.920556E+02     3.290214E+03
  2.961225E+02     3.265960E+03
  3.002462E+02     3.242017E+03
  3.044272E+02     3.218386E+03
  3.086665E+02     3.195065E+03
  3.129648E+02     3.172052E+03
  3.173230E+02     3.149343E+03
  3.217418E+02     3.126934E+03
  3.262222E+02     3.104819E+03
  3.307650E+02     3.082989E+03
  3.353710E+02     3.061445E+03
  3.400412E+02     3.040186E+03
  3.447764E+02     3.019215E+03
  3.495776E+02     2.998530E+03
  3.544456E+02     2.978132E+03
  3.593814E+02     2.958016E+03
  3.643859E+02     2.938181E+03
  3.694601E+02     2.918621E+03
  3.746050E+02     2.899331E+03
  3.798215E+02     2.880303E+03
  3.851107E+02     2.861536E+03
  3.904735E+02     2.843031E+03
  3.959110E+02     2.824788E+03
  4.014242E+02     2.806807E+03
  4.070142E+02     2.789088E+03
  4.126821E+02     2.771628E+03
  4.184289E+02     2.754424E+03
  4.242556E+02     2.737472E+03
  4.301636E+02     2.720767E+03
  4.361538E+02     2.704301E+03
  4.422274E+02     2.688074E+03
  4.483856E+02     2.672085E+03
  4.546295E+02     2.656335E+03
  4.609604E+02     2.640823E+03
  4.673795E+02     2.625549E+03
  4.738880E+02     2.610511E+03
  4.804870E+02     2.595705E+03
  4.871780E+02     2.581128E+03
  4.939622E+02     2.566774E+03
  5.008408E+02     2.552638E+03
  5.078152E+02     2.538716E+03
  5.148867E+02     2.525009E+03
  5.220568E+02     2.511517E+03
  5.293266E+02     2.498240E+03
  5.366977E+02     2.485177E+03
  5.441714E+02     2.472326E+03
  5.517492E+02     2.459683E+03
  5.594326E+02     2.447247E+03
  5.672229E+02     2.435011E+03
  5.751217E+02     2.422970E+03
  5.831305E+02     2.411122E+03
  5.912508E+02     2.399465E+03
  5.994843E+02     2.388002E+03
  6.078323E+02     2.376730E+03
  6.162966E+02     2.365650E+03
  6.248788E+02     2.354759E+03
  6.335805E+02     2.344055E+03
  6.424034E+02     2.333535E+03
  6.513491E+02     2.323196E+03
  6.604194E+02     2.313031E+03
  6.696160E+02     2.303037E+03
  6.789407E+02     2.293215E+03
  6.883952E+02     2.283564E+03
  6.979814E+02     2.274084E+03
  7.077011E+02     2.264773E+03
  7.175561E+02     2.255629E+03
  7.275484E+02     2.246651E+03
  7.376798E+02     2.237833E+03
  7.479523E+02     2.229174E+03
  7.583678E+02     2.220667E+03
  7.689284E+02     2.212309E+03
  7.796360E+02     2.204103E+03
  7.904928E+02     2.196051E+03
  8.015007E+02     2.188156E+03
  8.126619E+02     2.180420E+03
  8.239786E+02     2.172846E+03
  8.354528E+02     2.165434E+03
  8.470868E+02     2.158187E+03
  8.588829E+02     2.151105E+03
  8.708431E+02     2.144189E+03
  8.829700E+02     2.137436E+03
  8.952657E+02     2.130832E+03
  9.077327E+02     2.124360E+03
  9.203732E+02     2.118000E+03
  9.331898E+02     2.111732E+03
  9.461848E+02     2.105531E+03
  9.593608E+02     2.099373E+03
  9.727203E+02     2.093228E+03
  9.862658E+02     2.087066E+03
  1.000000E+03     2.080854E+03
