FILE CREATED BY  : PROGRAM DPASS - VERSION 2.00
DATABASE VERSION : 21.06
DATE AND TIME    : 10/08/2022 00:55:21
PROJECTILE       : Tl
TARGET           : Ho
TARGET AT. MASS  : 1.649304E+02
TARGET DENSITY   : 8.800000E+00 g/cm^3
TABULATED OUTPUT : STOPPING FORCE VERSUS ENERGY
DATA TYPE        : SPLINE INTERPOLATED
ABSCISSA UNITS   : MeV/u
ORDINATE UNITS   : eV/nm


      E/n             S(E/n)

  1.000000E-03     9.969880E+02
  1.013925E-03     1.003777E+03
  1.028045E-03     1.010655E+03
  1.042361E-03     1.017620E+03
  1.056876E-03     1.024666E+03
  1.071593E-03     1.031789E+03
  1.086516E-03     1.038984E+03
  1.101646E-03     1.046246E+03
  1.116987E-03     1.053568E+03
  1.132541E-03     1.060943E+03
  1.148312E-03     1.068365E+03
  1.164303E-03     1.075827E+03
  1.180517E-03     1.083328E+03
  1.196956E-03     1.090871E+03
  1.213624E-03     1.098455E+03
  1.230524E-03     1.106085E+03
  1.247660E-03     1.113761E+03
  1.265034E-03     1.121486E+03
  1.282650E-03     1.129263E+03
  1.300511E-03     1.137094E+03
  1.318621E-03     1.144983E+03
  1.336984E-03     1.152933E+03
  1.355602E-03     1.160944E+03
  1.374479E-03     1.169016E+03
  1.393619E-03     1.177149E+03
  1.413026E-03     1.185343E+03
  1.432703E-03     1.193598E+03
  1.452654E-03     1.201913E+03
  1.472883E-03     1.210288E+03
  1.493393E-03     1.218722E+03
  1.514189E-03     1.227217E+03
  1.535275E-03     1.235770E+03
  1.556654E-03     1.244383E+03
  1.578331E-03     1.253056E+03
  1.600310E-03     1.261789E+03
  1.622595E-03     1.270583E+03
  1.645191E-03     1.279439E+03
  1.668101E-03     1.288357E+03
  1.691330E-03     1.297338E+03
  1.714882E-03     1.306383E+03
  1.738762E-03     1.315492E+03
  1.762975E-03     1.324667E+03
  1.787526E-03     1.333909E+03
  1.812418E-03     1.343217E+03
  1.837656E-03     1.352592E+03
  1.863246E-03     1.362034E+03
  1.889193E-03     1.371544E+03
  1.915501E-03     1.381122E+03
  1.942175E-03     1.390769E+03
  1.969220E-03     1.400485E+03
  1.996642E-03     1.410270E+03
  2.024447E-03     1.420126E+03
  2.052638E-03     1.430052E+03
  2.081222E-03     1.440050E+03
  2.110203E-03     1.450120E+03
  2.139589E-03     1.460261E+03
  2.169384E-03     1.470475E+03
  2.199593E-03     1.480762E+03
  2.230223E-03     1.491123E+03
  2.261280E-03     1.501558E+03
  2.292769E-03     1.512068E+03
  2.324697E-03     1.522654E+03
  2.357069E-03     1.533316E+03
  2.389893E-03     1.544056E+03
  2.423173E-03     1.554872E+03
  2.456916E-03     1.565766E+03
  2.491130E-03     1.576738E+03
  2.525820E-03     1.587790E+03
  2.560993E-03     1.598920E+03
  2.596656E-03     1.610131E+03
  2.632815E-03     1.621423E+03
  2.669478E-03     1.632797E+03
  2.706652E-03     1.644253E+03
  2.744343E-03     1.655792E+03
  2.782559E-03     1.667414E+03
  2.821308E-03     1.679120E+03
  2.860596E-03     1.690911E+03
  2.900430E-03     1.702787E+03
  2.940820E-03     1.714748E+03
  2.981772E-03     1.726796E+03
  3.023295E-03     1.738931E+03
  3.065395E-03     1.751154E+03
  3.108082E-03     1.763466E+03
  3.151363E-03     1.775868E+03
  3.195248E-03     1.788359E+03
  3.239743E-03     1.800941E+03
  3.284857E-03     1.813614E+03
  3.330600E-03     1.826379E+03
  3.376980E-03     1.839236E+03
  3.424006E-03     1.852187E+03
  3.471687E-03     1.865232E+03
  3.520031E-03     1.878372E+03
  3.569049E-03     1.891608E+03
  3.618750E-03     1.904941E+03
  3.669142E-03     1.918371E+03
  3.720237E-03     1.931899E+03
  3.772042E-03     1.945526E+03
  3.824570E-03     1.959251E+03
  3.877828E-03     1.973077E+03
  3.931829E-03     1.987004E+03
  3.986581E-03     2.001032E+03
  4.042096E-03     2.015164E+03
  4.098384E-03     2.029399E+03
  4.155455E-03     2.043739E+03
  4.213322E-03     2.058184E+03
  4.271994E-03     2.072734E+03
  4.331483E-03     2.087391E+03
  4.391801E-03     2.102156E+03
  4.452959E-03     2.117028E+03
  4.514968E-03     2.132009E+03
  4.577841E-03     2.147100E+03
  4.641589E-03     2.162302E+03
  4.706225E-03     2.177617E+03
  4.771761E-03     2.193044E+03
  4.838210E-03     2.208585E+03
  4.905584E-03     2.224240E+03
  4.973896E-03     2.240010E+03
  5.043159E-03     2.255896E+03
  5.113388E-03     2.271899E+03
  5.184594E-03     2.288021E+03
  5.256791E-03     2.304261E+03
  5.329994E-03     2.320622E+03
  5.404216E-03     2.337105E+03
  5.479472E-03     2.353711E+03
  5.555776E-03     2.370440E+03
  5.633143E-03     2.387292E+03
  5.711586E-03     2.404270E+03
  5.791123E-03     2.421373E+03
  5.871766E-03     2.438603E+03
  5.953533E-03     2.455960E+03
  6.036439E-03     2.473446E+03
  6.120498E-03     2.491061E+03
  6.205729E-03     2.508808E+03
  6.292146E-03     2.526686E+03
  6.379767E-03     2.544698E+03
  6.468608E-03     2.562843E+03
  6.558686E-03     2.581123E+03
  6.650018E-03     2.599538E+03
  6.742622E-03     2.618090E+03
  6.836516E-03     2.636780E+03
  6.931717E-03     2.655609E+03
  7.028244E-03     2.674579E+03
  7.126115E-03     2.693692E+03
  7.225349E-03     2.712947E+03
  7.325965E-03     2.732348E+03
  7.427982E-03     2.751893E+03
  7.531420E-03     2.771585E+03
  7.636298E-03     2.791424E+03
  7.742637E-03     2.811411E+03
  7.850456E-03     2.831549E+03
  7.959777E-03     2.851838E+03
  8.070620E-03     2.872280E+03
  8.183007E-03     2.892877E+03
  8.296959E-03     2.913629E+03
  8.412497E-03     2.934538E+03
  8.529644E-03     2.955605E+03
  8.648423E-03     2.976830E+03
  8.768856E-03     2.998214E+03
  8.890966E-03     3.019759E+03
  9.014776E-03     3.041465E+03
  9.140311E-03     3.063335E+03
  9.267593E-03     3.085369E+03
  9.396648E-03     3.107569E+03
  9.527500E-03     3.129937E+03
  9.660175E-03     3.152473E+03
  9.794697E-03     3.175178E+03
  9.931092E-03     3.198053E+03
  1.006939E-02     3.221101E+03
  1.020961E-02     3.244321E+03
  1.035178E-02     3.267717E+03
  1.049593E-02     3.291288E+03
  1.064209E-02     3.315038E+03
  1.079029E-02     3.338968E+03
  1.094055E-02     3.363080E+03
  1.109290E-02     3.387374E+03
  1.124737E-02     3.411852E+03
  1.140400E-02     3.436515E+03
  1.156280E-02     3.461364E+03
  1.172382E-02     3.486400E+03
  1.188708E-02     3.511626E+03
  1.205261E-02     3.537042E+03
  1.222045E-02     3.562650E+03
  1.239062E-02     3.588453E+03
  1.256317E-02     3.614451E+03
  1.273811E-02     3.640647E+03
  1.291550E-02     3.667041E+03
  1.309535E-02     3.693634E+03
  1.327771E-02     3.720430E+03
  1.346261E-02     3.747428E+03
  1.365008E-02     3.774632E+03
  1.384016E-02     3.802042E+03
  1.403289E-02     3.829662E+03
  1.422830E-02     3.857492E+03
  1.442644E-02     3.885537E+03
  1.462733E-02     3.913795E+03
  1.483103E-02     3.942269E+03
  1.503755E-02     3.970959E+03
  1.524696E-02     3.999867E+03
  1.545928E-02     4.028993E+03
  1.567455E-02     4.058340E+03
  1.589283E-02     4.087907E+03
  1.611414E-02     4.117698E+03
  1.633854E-02     4.147713E+03
  1.656606E-02     4.177954E+03
  1.679675E-02     4.208423E+03
  1.703065E-02     4.239121E+03
  1.726781E-02     4.270049E+03
  1.750827E-02     4.301210E+03
  1.775208E-02     4.332604E+03
  1.799929E-02     4.364234E+03
  1.824993E-02     4.396103E+03
  1.850407E-02     4.428212E+03
  1.876175E-02     4.460564E+03
  1.902301E-02     4.493161E+03
  1.928792E-02     4.526005E+03
  1.955651E-02     4.559097E+03
  1.982884E-02     4.592438E+03
  2.010496E-02     4.626029E+03
  2.038493E-02     4.659873E+03
  2.066880E-02     4.693971E+03
  2.095662E-02     4.728324E+03
  2.124845E-02     4.762935E+03
  2.154435E-02     4.797807E+03
  2.184436E-02     4.832940E+03
  2.214855E-02     4.868337E+03
  2.245698E-02     4.903998E+03
  2.276970E-02     4.939926E+03
  2.308678E-02     4.976121E+03
  2.340827E-02     5.012585E+03
  2.373424E-02     5.049320E+03
  2.406475E-02     5.086328E+03
  2.439986E-02     5.123611E+03
  2.473964E-02     5.161172E+03
  2.508415E-02     5.199012E+03
  2.543346E-02     5.237133E+03
  2.578763E-02     5.275536E+03
  2.614673E-02     5.314223E+03
  2.651084E-02     5.353195E+03
  2.688001E-02     5.392453E+03
  2.725433E-02     5.431999E+03
  2.763385E-02     5.471835E+03
  2.801867E-02     5.511964E+03
  2.840884E-02     5.552386E+03
  2.880444E-02     5.593105E+03
  2.920556E-02     5.634123E+03
  2.961225E-02     5.675440E+03
  3.002462E-02     5.717058E+03
  3.044272E-02     5.758978E+03
  3.086665E-02     5.801202E+03
  3.129648E-02     5.843733E+03
  3.173230E-02     5.886572E+03
  3.217418E-02     5.929721E+03
  3.262222E-02     5.973183E+03
  3.307650E-02     6.016960E+03
  3.353710E-02     6.061055E+03
  3.400412E-02     6.105469E+03
  3.447764E-02     6.150202E+03
  3.495776E-02     6.195256E+03
  3.544456E-02     6.240632E+03
  3.593814E-02     6.286333E+03
  3.643859E-02     6.332360E+03
  3.694601E-02     6.378716E+03
  3.746050E-02     6.425402E+03
  3.798215E-02     6.472421E+03
  3.851107E-02     6.519775E+03
  3.904735E-02     6.567465E+03
  3.959110E-02     6.615492E+03
  4.014242E-02     6.663858E+03
  4.070142E-02     6.712565E+03
  4.126821E-02     6.761613E+03
  4.184289E-02     6.811006E+03
  4.242556E-02     6.860746E+03
  4.301636E-02     6.910834E+03
  4.361538E-02     6.961274E+03
  4.422274E-02     7.012068E+03
  4.483856E-02     7.063217E+03
  4.546295E-02     7.114723E+03
  4.609604E-02     7.166588E+03
  4.673795E-02     7.218814E+03
  4.738880E-02     7.271402E+03
  4.804870E-02     7.324357E+03
  4.871780E-02     7.377680E+03
  4.939622E-02     7.431375E+03
  5.008408E-02     7.485446E+03
  5.078152E-02     7.539894E+03
  5.148867E-02     7.594720E+03
  5.220568E-02     7.649926E+03
  5.293266E-02     7.705512E+03
  5.366977E-02     7.761481E+03
  5.441714E-02     7.817832E+03
  5.517492E-02     7.874568E+03
  5.594326E-02     7.931691E+03
  5.672229E-02     7.989203E+03
  5.751217E-02     8.047106E+03
  5.831305E-02     8.105403E+03
  5.912508E-02     8.164095E+03
  5.994843E-02     8.223184E+03
  6.078323E-02     8.282673E+03
  6.162966E-02     8.342565E+03
  6.248788E-02     8.402862E+03
  6.335805E-02     8.463567E+03
  6.424034E-02     8.524685E+03
  6.513491E-02     8.586220E+03
  6.604194E-02     8.648176E+03
  6.696160E-02     8.710556E+03
  6.789407E-02     8.773363E+03
  6.883952E-02     8.836595E+03
  6.979814E-02     8.900256E+03
  7.077011E-02     8.964345E+03
  7.175561E-02     9.028865E+03
  7.275484E-02     9.093817E+03
  7.376798E-02     9.159203E+03
  7.479523E-02     9.225025E+03
  7.583678E-02     9.291286E+03
  7.689284E-02     9.357989E+03
  7.796360E-02     9.425136E+03
  7.904928E-02     9.492729E+03
  8.015007E-02     9.560770E+03
  8.126619E-02     9.629262E+03
  8.239786E-02     9.698209E+03
  8.354528E-02     9.767614E+03
  8.470868E-02     9.837481E+03
  8.588829E-02     9.907815E+03
  8.708431E-02     9.978622E+03
  8.829700E-02     1.004990E+04
  8.952657E-02     1.012167E+04
  9.077327E-02     1.019391E+04
  9.203732E-02     1.026664E+04
  9.331898E-02     1.033985E+04
  9.461848E-02     1.041355E+04
  9.593608E-02     1.048774E+04
  9.727203E-02     1.056243E+04
  9.862658E-02     1.063761E+04
  1.000000E-01     1.071330E+04
  1.013925E-01     1.078950E+04
  1.028045E-01     1.086621E+04
  1.042361E-01     1.094343E+04
  1.056876E-01     1.102116E+04
  1.071593E-01     1.109940E+04
  1.086516E-01     1.117815E+04
  1.101646E-01     1.125742E+04
  1.116987E-01     1.133720E+04
  1.132541E-01     1.141749E+04
  1.148312E-01     1.149831E+04
  1.164303E-01     1.157964E+04
  1.180517E-01     1.166149E+04
  1.196956E-01     1.174387E+04
  1.213624E-01     1.182676E+04
  1.230524E-01     1.191017E+04
  1.247660E-01     1.199410E+04
  1.265034E-01     1.207855E+04
  1.282650E-01     1.216352E+04
  1.300511E-01     1.224901E+04
  1.318621E-01     1.233503E+04
  1.336984E-01     1.242156E+04
  1.355602E-01     1.250862E+04
  1.374479E-01     1.259620E+04
  1.393619E-01     1.268430E+04
  1.413026E-01     1.277293E+04
  1.432703E-01     1.286208E+04
  1.452654E-01     1.295175E+04
  1.472883E-01     1.304195E+04
  1.493393E-01     1.313268E+04
  1.514189E-01     1.322394E+04
  1.535275E-01     1.331574E+04
  1.556654E-01     1.340807E+04
  1.578331E-01     1.350094E+04
  1.600310E-01     1.359434E+04
  1.622595E-01     1.368829E+04
  1.645191E-01     1.378278E+04
  1.668101E-01     1.387781E+04
  1.691330E-01     1.397339E+04
  1.714882E-01     1.406953E+04
  1.738762E-01     1.416622E+04
  1.762975E-01     1.426348E+04
  1.787526E-01     1.436131E+04
  1.812418E-01     1.445971E+04
  1.837656E-01     1.455868E+04
  1.863246E-01     1.465824E+04
  1.889193E-01     1.475838E+04
  1.915501E-01     1.485911E+04
  1.942175E-01     1.496044E+04
  1.969220E-01     1.506238E+04
  1.996642E-01     1.516494E+04
  2.024447E-01     1.526812E+04
  2.052638E-01     1.537194E+04
  2.081222E-01     1.547640E+04
  2.110203E-01     1.558150E+04
  2.139589E-01     1.568726E+04
  2.169384E-01     1.579367E+04
  2.199593E-01     1.590075E+04
  2.230223E-01     1.600851E+04
  2.261280E-01     1.611696E+04
  2.292769E-01     1.622610E+04
  2.324697E-01     1.633596E+04
  2.357069E-01     1.644653E+04
  2.389893E-01     1.655784E+04
  2.423173E-01     1.666989E+04
  2.456916E-01     1.678269E+04
  2.491130E-01     1.689626E+04
  2.525820E-01     1.701061E+04
  2.560993E-01     1.712575E+04
  2.596656E-01     1.724170E+04
  2.632815E-01     1.735847E+04
  2.669478E-01     1.747610E+04
  2.706652E-01     1.759459E+04
  2.744343E-01     1.771394E+04
  2.782559E-01     1.783418E+04
  2.821308E-01     1.795529E+04
  2.860596E-01     1.807729E+04
  2.900430E-01     1.820020E+04
  2.940820E-01     1.832401E+04
  2.981772E-01     1.844874E+04
  3.023295E-01     1.857440E+04
  3.065395E-01     1.870100E+04
  3.108082E-01     1.882855E+04
  3.151363E-01     1.895706E+04
  3.195248E-01     1.908652E+04
  3.239743E-01     1.921693E+04
  3.284857E-01     1.934831E+04
  3.330600E-01     1.948064E+04
  3.376980E-01     1.961394E+04
  3.424006E-01     1.974821E+04
  3.471687E-01     1.988344E+04
  3.520031E-01     2.001965E+04
  3.569049E-01     2.015684E+04
  3.618750E-01     2.029500E+04
  3.669142E-01     2.043414E+04
  3.720237E-01     2.057427E+04
  3.772042E-01     2.071538E+04
  3.824570E-01     2.085748E+04
  3.877828E-01     2.100057E+04
  3.931829E-01     2.114465E+04
  3.986581E-01     2.128974E+04
  4.042096E-01     2.143583E+04
  4.098384E-01     2.158292E+04
  4.155455E-01     2.173103E+04
  4.213322E-01     2.188015E+04
  4.271994E-01     2.203028E+04
  4.331483E-01     2.218143E+04
  4.391801E-01     2.233360E+04
  4.452959E-01     2.248679E+04
  4.514968E-01     2.264101E+04
  4.577841E-01     2.279625E+04
  4.641589E-01     2.295254E+04
  4.706225E-01     2.310986E+04
  4.771761E-01     2.326823E+04
  4.838210E-01     2.342763E+04
  4.905584E-01     2.358806E+04
  4.973896E-01     2.374952E+04
  5.043159E-01     2.391201E+04
  5.113388E-01     2.407552E+04
  5.184594E-01     2.424006E+04
  5.256791E-01     2.440562E+04
  5.329994E-01     2.457219E+04
  5.404216E-01     2.473978E+04
  5.479472E-01     2.490838E+04
  5.555776E-01     2.507796E+04
  5.633143E-01     2.524852E+04
  5.711586E-01     2.542004E+04
  5.791123E-01     2.559251E+04
  5.871766E-01     2.576590E+04
  5.953533E-01     2.594020E+04
  6.036439E-01     2.611540E+04
  6.120498E-01     2.629146E+04
  6.205729E-01     2.646838E+04
  6.292146E-01     2.664613E+04
  6.379767E-01     2.682469E+04
  6.468608E-01     2.700403E+04
  6.558686E-01     2.718412E+04
  6.650018E-01     2.736493E+04
  6.742622E-01     2.754644E+04
  6.836516E-01     2.772862E+04
  6.931717E-01     2.791144E+04
  7.028244E-01     2.809486E+04
  7.126115E-01     2.827885E+04
  7.225349E-01     2.846339E+04
  7.325965E-01     2.864848E+04
  7.427982E-01     2.883410E+04
  7.531420E-01     2.902023E+04
  7.636298E-01     2.920687E+04
  7.742637E-01     2.939401E+04
  7.850456E-01     2.958164E+04
  7.959777E-01     2.976976E+04
  8.070620E-01     2.995836E+04
  8.183007E-01     3.014744E+04
  8.296959E-01     3.033698E+04
  8.412497E-01     3.052698E+04
  8.529644E-01     3.071740E+04
  8.648423E-01     3.090823E+04
  8.768856E-01     3.109947E+04
  8.890966E-01     3.129108E+04
  9.014776E-01     3.148306E+04
  9.140311E-01     3.167539E+04
  9.267593E-01     3.186806E+04
  9.396648E-01     3.206105E+04
  9.527500E-01     3.225436E+04
  9.660175E-01     3.244793E+04
  9.794697E-01     3.264174E+04
  9.931092E-01     3.283575E+04
  1.006939E+00     3.302992E+04
  1.020961E+00     3.322422E+04
  1.035178E+00     3.341860E+04
  1.049593E+00     3.361303E+04
  1.064209E+00     3.380748E+04
  1.079029E+00     3.400191E+04
  1.094055E+00     3.419628E+04
  1.109290E+00     3.439055E+04
  1.124737E+00     3.458470E+04
  1.140400E+00     3.477870E+04
  1.156280E+00     3.497251E+04
  1.172382E+00     3.516610E+04
  1.188708E+00     3.535945E+04
  1.205261E+00     3.555253E+04
  1.222045E+00     3.574530E+04
  1.239062E+00     3.593776E+04
  1.256317E+00     3.612986E+04
  1.273811E+00     3.632157E+04
  1.291550E+00     3.651286E+04
  1.309535E+00     3.670369E+04
  1.327771E+00     3.689404E+04
  1.346261E+00     3.708386E+04
  1.365008E+00     3.727314E+04
  1.384016E+00     3.746184E+04
  1.403289E+00     3.764993E+04
  1.422830E+00     3.783740E+04
  1.442644E+00     3.802421E+04
  1.462733E+00     3.821033E+04
  1.483103E+00     3.839572E+04
  1.503755E+00     3.858035E+04
  1.524696E+00     3.876417E+04
  1.545928E+00     3.894716E+04
  1.567455E+00     3.912929E+04
  1.589283E+00     3.931053E+04
  1.611414E+00     3.949086E+04
  1.633854E+00     3.967024E+04
  1.656606E+00     3.984866E+04
  1.679675E+00     4.002607E+04
  1.703065E+00     4.020245E+04
  1.726781E+00     4.037774E+04
  1.750827E+00     4.055191E+04
  1.775208E+00     4.072494E+04
  1.799929E+00     4.089679E+04
  1.824993E+00     4.106744E+04
  1.850407E+00     4.123685E+04
  1.876175E+00     4.140501E+04
  1.902301E+00     4.157190E+04
  1.928792E+00     4.173748E+04
  1.955651E+00     4.190171E+04
  1.982884E+00     4.206455E+04
  2.010496E+00     4.222599E+04
  2.038493E+00     4.238598E+04
  2.066880E+00     4.254450E+04
  2.095662E+00     4.270153E+04
  2.124845E+00     4.285705E+04
  2.154435E+00     4.301105E+04
  2.184436E+00     4.316351E+04
  2.214855E+00     4.331440E+04
  2.245698E+00     4.346368E+04
  2.276970E+00     4.361132E+04
  2.308678E+00     4.375728E+04
  2.340827E+00     4.390154E+04
  2.373424E+00     4.404408E+04
  2.406475E+00     4.418486E+04
  2.439986E+00     4.432389E+04
  2.473964E+00     4.446114E+04
  2.508415E+00     4.459661E+04
  2.543346E+00     4.473026E+04
  2.578763E+00     4.486206E+04
  2.614673E+00     4.499198E+04
  2.651084E+00     4.511998E+04
  2.688001E+00     4.524605E+04
  2.725433E+00     4.537015E+04
  2.763385E+00     4.549228E+04
  2.801867E+00     4.561242E+04
  2.840884E+00     4.573057E+04
  2.880444E+00     4.584671E+04
  2.920556E+00     4.596083E+04
  2.961225E+00     4.607290E+04
  3.002462E+00     4.618288E+04
  3.044272E+00     4.629076E+04
  3.086665E+00     4.639651E+04
  3.129648E+00     4.650012E+04
  3.173230E+00     4.660158E+04
  3.217418E+00     4.670089E+04
  3.262222E+00     4.679805E+04
  3.307650E+00     4.689306E+04
  3.353710E+00     4.698592E+04
  3.400412E+00     4.707658E+04
  3.447764E+00     4.716504E+04
  3.495776E+00     4.725126E+04
  3.544456E+00     4.733525E+04
  3.593814E+00     4.741699E+04
  3.643859E+00     4.749647E+04
  3.694601E+00     4.757371E+04
  3.746050E+00     4.764871E+04
  3.798215E+00     4.772148E+04
  3.851107E+00     4.779202E+04
  3.904735E+00     4.786032E+04
  3.959110E+00     4.792635E+04
  4.014242E+00     4.799011E+04
  4.070142E+00     4.805159E+04
  4.126821E+00     4.811080E+04
  4.184289E+00     4.816774E+04
  4.242556E+00     4.822242E+04
  4.301636E+00     4.827486E+04
  4.361538E+00     4.832510E+04
  4.422274E+00     4.837313E+04
  4.483856E+00     4.841895E+04
  4.546295E+00     4.846254E+04
  4.609604E+00     4.850391E+04
  4.673795E+00     4.854306E+04
  4.738880E+00     4.857999E+04
  4.804870E+00     4.861472E+04
  4.871780E+00     4.864727E+04
  4.939622E+00     4.867766E+04
  5.008408E+00     4.870593E+04
  5.078152E+00     4.873210E+04
  5.148867E+00     4.875616E+04
  5.220568E+00     4.877810E+04
  5.293266E+00     4.879794E+04
  5.366977E+00     4.881567E+04
  5.441714E+00     4.883130E+04
  5.517492E+00     4.884486E+04
  5.594326E+00     4.885637E+04
  5.672229E+00     4.886586E+04
  5.751217E+00     4.887337E+04
  5.831305E+00     4.887891E+04
  5.912508E+00     4.888250E+04
  5.994843E+00     4.888412E+04
  6.078323E+00     4.888378E+04
  6.162966E+00     4.888149E+04
  6.248788E+00     4.887726E+04
  6.335805E+00     4.887111E+04
  6.424034E+00     4.886306E+04
  6.513491E+00     4.885314E+04
  6.604194E+00     4.884139E+04
  6.696160E+00     4.882783E+04
  6.789407E+00     4.881246E+04
  6.883952E+00     4.879528E+04
  6.979814E+00     4.877630E+04
  7.077011E+00     4.875551E+04
  7.175561E+00     4.873294E+04
  7.275484E+00     4.870858E+04
  7.376798E+00     4.868247E+04
  7.479523E+00     4.865463E+04
  7.583678E+00     4.862509E+04
  7.689284E+00     4.859387E+04
  7.796360E+00     4.856098E+04
  7.904928E+00     4.852641E+04
  8.015007E+00     4.849016E+04
  8.126619E+00     4.845224E+04
  8.239786E+00     4.841266E+04
  8.354528E+00     4.837143E+04
  8.470868E+00     4.832857E+04
  8.588829E+00     4.828409E+04
  8.708431E+00     4.823803E+04
  8.829700E+00     4.819041E+04
  8.952657E+00     4.814122E+04
  9.077327E+00     4.809046E+04
  9.203732E+00     4.803813E+04
  9.331898E+00     4.798424E+04
  9.461848E+00     4.792879E+04
  9.593608E+00     4.787179E+04
  9.727203E+00     4.781324E+04
  9.862658E+00     4.775317E+04
  1.000000E+01     4.769159E+04
  1.013925E+01     4.762852E+04
  1.028045E+01     4.756395E+04
  1.042361E+01     4.749789E+04
  1.056876E+01     4.743034E+04
  1.071593E+01     4.736130E+04
  1.086516E+01     4.729077E+04
  1.101646E+01     4.721876E+04
  1.116987E+01     4.714527E+04
  1.132541E+01     4.707033E+04
  1.148312E+01     4.699394E+04
  1.164303E+01     4.691612E+04
  1.180517E+01     4.683687E+04
  1.196956E+01     4.675619E+04
  1.213624E+01     4.667408E+04
  1.230524E+01     4.659055E+04
  1.247660E+01     4.650559E+04
  1.265034E+01     4.641922E+04
  1.282650E+01     4.633144E+04
  1.300511E+01     4.624226E+04
  1.318621E+01     4.615170E+04
  1.336984E+01     4.605978E+04
  1.355602E+01     4.596648E+04
  1.374479E+01     4.587181E+04
  1.393619E+01     4.577578E+04
  1.413026E+01     4.567837E+04
  1.432703E+01     4.557959E+04
  1.452654E+01     4.547944E+04
  1.472883E+01     4.537794E+04
  1.493393E+01     4.527507E+04
  1.514189E+01     4.517086E+04
  1.535275E+01     4.506531E+04
  1.556654E+01     4.495843E+04
  1.578331E+01     4.485021E+04
  1.600310E+01     4.474067E+04
  1.622595E+01     4.462981E+04
  1.645191E+01     4.451764E+04
  1.668101E+01     4.440416E+04
  1.691330E+01     4.428940E+04
  1.714882E+01     4.417336E+04
  1.738762E+01     4.405605E+04
  1.762975E+01     4.393750E+04
  1.787526E+01     4.381772E+04
  1.812418E+01     4.369670E+04
  1.837656E+01     4.357445E+04
  1.863246E+01     4.345096E+04
  1.889193E+01     4.332626E+04
  1.915501E+01     4.320033E+04
  1.942175E+01     4.307319E+04
  1.969220E+01     4.294484E+04
  1.996642E+01     4.281530E+04
  2.024447E+01     4.268457E+04
  2.052638E+01     4.255266E+04
  2.081222E+01     4.241957E+04
  2.110203E+01     4.228532E+04
  2.139589E+01     4.214990E+04
  2.169384E+01     4.201334E+04
  2.199593E+01     4.187563E+04
  2.230223E+01     4.173678E+04
  2.261280E+01     4.159682E+04
  2.292769E+01     4.145575E+04
  2.324697E+01     4.131358E+04
  2.357069E+01     4.117033E+04
  2.389893E+01     4.102600E+04
  2.423173E+01     4.088061E+04
  2.456916E+01     4.073416E+04
  2.491130E+01     4.058667E+04
  2.525820E+01     4.043814E+04
  2.560993E+01     4.028860E+04
  2.596656E+01     4.013804E+04
  2.632815E+01     3.998649E+04
  2.669478E+01     3.983396E+04
  2.706652E+01     3.968047E+04
  2.744343E+01     3.952602E+04
  2.782559E+01     3.937063E+04
  2.821308E+01     3.921430E+04
  2.860596E+01     3.905706E+04
  2.900430E+01     3.889890E+04
  2.940820E+01     3.873985E+04
  2.981772E+01     3.857991E+04
  3.023295E+01     3.841911E+04
  3.065395E+01     3.825745E+04
  3.108082E+01     3.809494E+04
  3.151363E+01     3.793161E+04
  3.195248E+01     3.776746E+04
  3.239743E+01     3.760250E+04
  3.284857E+01     3.743674E+04
  3.330600E+01     3.727021E+04
  3.376980E+01     3.710291E+04
  3.424006E+01     3.693485E+04
  3.471687E+01     3.676605E+04
  3.520031E+01     3.659652E+04
  3.569049E+01     3.642627E+04
  3.618750E+01     3.625533E+04
  3.669142E+01     3.608372E+04
  3.720237E+01     3.591146E+04
  3.772042E+01     3.573859E+04
  3.824570E+01     3.556511E+04
  3.877828E+01     3.539107E+04
  3.931829E+01     3.521648E+04
  3.986581E+01     3.504138E+04
  4.042096E+01     3.486579E+04
  4.098384E+01     3.468974E+04
  4.155455E+01     3.451324E+04
  4.213322E+01     3.433629E+04
  4.271994E+01     3.415891E+04
  4.331483E+01     3.398110E+04
  4.391801E+01     3.380286E+04
  4.452959E+01     3.362420E+04
  4.514968E+01     3.344512E+04
  4.577841E+01     3.326561E+04
  4.641589E+01     3.308568E+04
  4.706225E+01     3.290532E+04
  4.771761E+01     3.272455E+04
  4.838210E+01     3.254341E+04
  4.905584E+01     3.236192E+04
  4.973896E+01     3.218011E+04
  5.043159E+01     3.199801E+04
  5.113388E+01     3.181564E+04
  5.184594E+01     3.163304E+04
  5.256791E+01     3.145024E+04
  5.329994E+01     3.126726E+04
  5.404216E+01     3.108413E+04
  5.479472E+01     3.090087E+04
  5.555776E+01     3.071752E+04
  5.633143E+01     3.053411E+04
  5.711586E+01     3.035065E+04
  5.791123E+01     3.016718E+04
  5.871766E+01     2.998371E+04
  5.953533E+01     2.980027E+04
  6.036439E+01     2.961689E+04
  6.120498E+01     2.943358E+04
  6.205729E+01     2.925036E+04
  6.292146E+01     2.906726E+04
  6.379767E+01     2.888429E+04
  6.468608E+01     2.870148E+04
  6.558686E+01     2.851883E+04
  6.650018E+01     2.833637E+04
  6.742622E+01     2.815409E+04
  6.836516E+01     2.797203E+04
  6.931717E+01     2.779017E+04
  7.028244E+01     2.760853E+04
  7.126115E+01     2.742711E+04
  7.225349E+01     2.724593E+04
  7.325965E+01     2.706502E+04
  7.427982E+01     2.688441E+04
  7.531420E+01     2.670414E+04
  7.636298E+01     2.652423E+04
  7.742637E+01     2.634472E+04
  7.850456E+01     2.616563E+04
  7.959777E+01     2.598699E+04
  8.070620E+01     2.580881E+04
  8.183007E+01     2.563113E+04
  8.296959E+01     2.545396E+04
  8.412497E+01     2.527733E+04
  8.529644E+01     2.510125E+04
  8.648423E+01     2.492574E+04
  8.768856E+01     2.475081E+04
  8.890966E+01     2.457648E+04
  9.014776E+01     2.440274E+04
  9.140311E+01     2.422960E+04
  9.267593E+01     2.405707E+04
  9.396648E+01     2.388513E+04
  9.527500E+01     2.371380E+04
  9.660175E+01     2.354311E+04
  9.794697E+01     2.337309E+04
  9.931092E+01     2.320375E+04
  1.006939E+02     2.303512E+04
  1.020961E+02     2.286723E+04
  1.035178E+02     2.270009E+04
  1.049593E+02     2.253371E+04
  1.064209E+02     2.236811E+04
  1.079029E+02     2.220330E+04
  1.094055E+02     2.203928E+04
  1.109290E+02     2.187610E+04
  1.124737E+02     2.171375E+04
  1.140400E+02     2.155228E+04
  1.156280E+02     2.139168E+04
  1.172382E+02     2.123197E+04
  1.188708E+02     2.107317E+04
  1.205261E+02     2.091527E+04
  1.222045E+02     2.075828E+04
  1.239062E+02     2.060220E+04
  1.256317E+02     2.044702E+04
  1.273811E+02     2.029278E+04
  1.291550E+02     2.013950E+04
  1.309535E+02     1.998719E+04
  1.327771E+02     1.983588E+04
  1.346261E+02     1.968557E+04
  1.365008E+02     1.953628E+04
  1.384016E+02     1.938801E+04
  1.403289E+02     1.924076E+04
  1.422830E+02     1.909454E+04
  1.442644E+02     1.894934E+04
  1.462733E+02     1.880518E+04
  1.483103E+02     1.866208E+04
  1.503755E+02     1.852004E+04
  1.524696E+02     1.837907E+04
  1.545928E+02     1.823917E+04
  1.567455E+02     1.810035E+04
  1.589283E+02     1.796259E+04
  1.611414E+02     1.782589E+04
  1.633854E+02     1.769022E+04
  1.656606E+02     1.755558E+04
  1.679675E+02     1.742199E+04
  1.703065E+02     1.728947E+04
  1.726781E+02     1.715803E+04
  1.750827E+02     1.702769E+04
  1.775208E+02     1.689847E+04
  1.799929E+02     1.677036E+04
  1.824993E+02     1.664338E+04
  1.850407E+02     1.651753E+04
  1.876175E+02     1.639280E+04
  1.902301E+02     1.626919E+04
  1.928792E+02     1.614671E+04
  1.955651E+02     1.602537E+04
  1.982884E+02     1.590518E+04
  2.010496E+02     1.578614E+04
  2.038493E+02     1.566826E+04
  2.066880E+02     1.555152E+04
  2.095662E+02     1.543592E+04
  2.124845E+02     1.532144E+04
  2.154435E+02     1.520807E+04
  2.184436E+02     1.509578E+04
  2.214855E+02     1.498459E+04
  2.245698E+02     1.487450E+04
  2.276970E+02     1.476552E+04
  2.308678E+02     1.465767E+04
  2.340827E+02     1.455095E+04
  2.373424E+02     1.444535E+04
  2.406475E+02     1.434087E+04
  2.439986E+02     1.423751E+04
  2.473964E+02     1.413524E+04
  2.508415E+02     1.403406E+04
  2.543346E+02     1.393396E+04
  2.578763E+02     1.383496E+04
  2.614673E+02     1.373706E+04
  2.651084E+02     1.364027E+04
  2.688001E+02     1.354458E+04
  2.725433E+02     1.344999E+04
  2.763385E+02     1.335649E+04
  2.801867E+02     1.326406E+04
  2.840884E+02     1.317269E+04
  2.880444E+02     1.308236E+04
  2.920556E+02     1.299306E+04
  2.961225E+02     1.290480E+04
  3.002462E+02     1.281760E+04
  3.044272E+02     1.273145E+04
  3.086665E+02     1.264635E+04
  3.129648E+02     1.256229E+04
  3.173230E+02     1.247928E+04
  3.217418E+02     1.239729E+04
  3.262222E+02     1.231631E+04
  3.307650E+02     1.223632E+04
  3.353710E+02     1.215731E+04
  3.400412E+02     1.207929E+04
  3.447764E+02     1.200228E+04
  3.495776E+02     1.192625E+04
  3.544456E+02     1.185123E+04
  3.593814E+02     1.177719E+04
  3.643859E+02     1.170413E+04
  3.694601E+02     1.163203E+04
  3.746050E+02     1.156088E+04
  3.798215E+02     1.149065E+04
  3.851107E+02     1.142134E+04
  3.904735E+02     1.135296E+04
  3.959110E+02     1.128550E+04
  4.014242E+02     1.121897E+04
  4.070142E+02     1.115336E+04
  4.126821E+02     1.108868E+04
  4.184289E+02     1.102490E+04
  4.242556E+02     1.096202E+04
  4.301636E+02     1.090002E+04
  4.361538E+02     1.083888E+04
  4.422274E+02     1.077860E+04
  4.483856E+02     1.071916E+04
  4.546295E+02     1.066058E+04
  4.609604E+02     1.060287E+04
  4.673795E+02     1.054600E+04
  4.738880E+02     1.048999E+04
  4.804870E+02     1.043481E+04
  4.871780E+02     1.038046E+04
  4.939622E+02     1.032692E+04
  5.008408E+02     1.027417E+04
  5.078152E+02     1.022220E+04
  5.148867E+02     1.017101E+04
  5.220568E+02     1.012060E+04
  5.293266E+02     1.007098E+04
  5.366977E+02     1.002213E+04
  5.441714E+02     9.974065E+03
  5.517492E+02     9.926760E+03
  5.594326E+02     9.880207E+03
  5.672229E+02     9.834389E+03
  5.751217E+02     9.789288E+03
  5.831305E+02     9.744892E+03
  5.912508E+02     9.701203E+03
  5.994843E+02     9.658221E+03
  6.078323E+02     9.615948E+03
  6.162966E+02     9.574378E+03
  6.248788E+02     9.533508E+03
  6.335805E+02     9.493328E+03
  6.424034E+02     9.453828E+03
  6.513491E+02     9.414993E+03
  6.604194E+02     9.376805E+03
  6.696160E+02     9.339252E+03
  6.789407E+02     9.302332E+03
  6.883952E+02     9.266043E+03
  6.979814E+02     9.230382E+03
  7.077011E+02     9.195341E+03
  7.175561E+02     9.160912E+03
  7.275484E+02     9.127083E+03
  7.376798E+02     9.093840E+03
  7.479523E+02     9.061165E+03
  7.583678E+02     9.029037E+03
  7.689284E+02     8.997443E+03
  7.796360E+02     8.966391E+03
  7.904928E+02     8.935893E+03
  8.015007E+02     8.905959E+03
  8.126619E+02     8.876599E+03
  8.239786E+02     8.847821E+03
  8.354528E+02     8.819635E+03
  8.470868E+02     8.792046E+03
  8.588829E+02     8.765060E+03
  8.708431E+02     8.738682E+03
  8.829700E+02     8.712901E+03
  8.952657E+02     8.687668E+03
  9.077327E+02     8.662916E+03
  9.203732E+02     8.638574E+03
  9.331898E+02     8.614563E+03
  9.461848E+02     8.590795E+03
  9.593608E+02     8.567174E+03
  9.727203E+02     8.543594E+03
  9.862658E+02     8.519942E+03
  1.000000E+03     8.496093E+03
