FILE CREATED BY  : PROGRAM DPASS - VERSION 2.00
DATABASE VERSION : 21.06
DATE AND TIME    : 10/08/2022 00:55:24
PROJECTILE       : Tl
TARGET           : Er
TARGET AT. MASS  : 1.672600E+02
TARGET DENSITY   : 9.070000E+00 g/cm^3
TABULATED OUTPUT : STOPPING FORCE VERSUS ENERGY
DATA TYPE        : SPLINE INTERPOLATED
ABSCISSA UNITS   : MeV/u
ORDINATE UNITS   : eV/nm


      E/n             S(E/n)

  1.000000E-03     1.021319E+03
  1.013925E-03     1.028269E+03
  1.028045E-03     1.035310E+03
  1.042361E-03     1.042439E+03
  1.056876E-03     1.049652E+03
  1.071593E-03     1.056944E+03
  1.086516E-03     1.064310E+03
  1.101646E-03     1.071744E+03
  1.116987E-03     1.079240E+03
  1.132541E-03     1.086791E+03
  1.148312E-03     1.094390E+03
  1.164303E-03     1.102030E+03
  1.180517E-03     1.109710E+03
  1.196956E-03     1.117433E+03
  1.213624E-03     1.125199E+03
  1.230524E-03     1.133010E+03
  1.247660E-03     1.140870E+03
  1.265034E-03     1.148780E+03
  1.282650E-03     1.156743E+03
  1.300511E-03     1.164761E+03
  1.318621E-03     1.172838E+03
  1.336984E-03     1.180976E+03
  1.355602E-03     1.189177E+03
  1.374479E-03     1.197441E+03
  1.393619E-03     1.205766E+03
  1.413026E-03     1.214154E+03
  1.432703E-03     1.222603E+03
  1.452654E-03     1.231114E+03
  1.472883E-03     1.239686E+03
  1.493393E-03     1.248320E+03
  1.514189E-03     1.257015E+03
  1.535275E-03     1.265771E+03
  1.556654E-03     1.274588E+03
  1.578331E-03     1.283466E+03
  1.600310E-03     1.292407E+03
  1.622595E-03     1.301410E+03
  1.645191E-03     1.310476E+03
  1.668101E-03     1.319606E+03
  1.691330E-03     1.328801E+03
  1.714882E-03     1.338061E+03
  1.738762E-03     1.347388E+03
  1.762975E-03     1.356782E+03
  1.787526E-03     1.366244E+03
  1.812418E-03     1.375774E+03
  1.837656E-03     1.385373E+03
  1.863246E-03     1.395040E+03
  1.889193E-03     1.404777E+03
  1.915501E-03     1.414583E+03
  1.942175E-03     1.424458E+03
  1.969220E-03     1.434404E+03
  1.996642E-03     1.444421E+03
  2.024447E-03     1.454509E+03
  2.052638E-03     1.464669E+03
  2.081222E-03     1.474902E+03
  2.110203E-03     1.485207E+03
  2.139589E-03     1.495585E+03
  2.169384E-03     1.506037E+03
  2.199593E-03     1.516564E+03
  2.230223E-03     1.527166E+03
  2.261280E-03     1.537844E+03
  2.292769E-03     1.548599E+03
  2.324697E-03     1.559432E+03
  2.357069E-03     1.570343E+03
  2.389893E-03     1.581333E+03
  2.423173E-03     1.592403E+03
  2.456916E-03     1.603552E+03
  2.491130E-03     1.614781E+03
  2.525820E-03     1.626091E+03
  2.560993E-03     1.637482E+03
  2.596656E-03     1.648956E+03
  2.632815E-03     1.660512E+03
  2.669478E-03     1.672152E+03
  2.706652E-03     1.683876E+03
  2.744343E-03     1.695685E+03
  2.782559E-03     1.707578E+03
  2.821308E-03     1.719558E+03
  2.860596E-03     1.731624E+03
  2.900430E-03     1.743776E+03
  2.940820E-03     1.756017E+03
  2.981772E-03     1.768345E+03
  3.023295E-03     1.780763E+03
  3.065395E-03     1.793271E+03
  3.108082E-03     1.805870E+03
  3.151363E-03     1.818560E+03
  3.195248E-03     1.831342E+03
  3.239743E-03     1.844217E+03
  3.284857E-03     1.857185E+03
  3.330600E-03     1.870246E+03
  3.376980E-03     1.883402E+03
  3.424006E-03     1.896654E+03
  3.471687E-03     1.910001E+03
  3.520031E-03     1.923446E+03
  3.569049E-03     1.936988E+03
  3.618750E-03     1.950630E+03
  3.669142E-03     1.964370E+03
  3.720237E-03     1.978210E+03
  3.772042E-03     1.992151E+03
  3.824570E-03     2.006193E+03
  3.877828E-03     2.020337E+03
  3.931829E-03     2.034584E+03
  3.986581E-03     2.048934E+03
  4.042096E-03     2.063390E+03
  4.098384E-03     2.077952E+03
  4.155455E-03     2.092620E+03
  4.213322E-03     2.107396E+03
  4.271994E-03     2.122279E+03
  4.331483E-03     2.137271E+03
  4.391801E-03     2.152373E+03
  4.452959E-03     2.167585E+03
  4.514968E-03     2.182909E+03
  4.577841E-03     2.198346E+03
  4.641589E-03     2.213896E+03
  4.706225E-03     2.229561E+03
  4.771761E-03     2.245341E+03
  4.838210E-03     2.261238E+03
  4.905584E-03     2.277252E+03
  4.973896E-03     2.293383E+03
  5.043159E-03     2.309633E+03
  5.113388E-03     2.326002E+03
  5.184594E-03     2.342490E+03
  5.256791E-03     2.359100E+03
  5.329994E-03     2.375832E+03
  5.404216E-03     2.392687E+03
  5.479472E-03     2.409667E+03
  5.555776E-03     2.426771E+03
  5.633143E-03     2.444001E+03
  5.711586E-03     2.461358E+03
  5.791123E-03     2.478843E+03
  5.871766E-03     2.496456E+03
  5.953533E-03     2.514200E+03
  6.036439E-03     2.532075E+03
  6.120498E-03     2.550083E+03
  6.205729E-03     2.568225E+03
  6.292146E-03     2.586503E+03
  6.379767E-03     2.604916E+03
  6.468608E-03     2.623467E+03
  6.558686E-03     2.642155E+03
  6.650018E-03     2.660982E+03
  6.742622E-03     2.679949E+03
  6.836516E-03     2.699057E+03
  6.931717E-03     2.718306E+03
  7.028244E-03     2.737700E+03
  7.126115E-03     2.757238E+03
  7.225349E-03     2.776923E+03
  7.325965E-03     2.796754E+03
  7.427982E-03     2.816733E+03
  7.531420E-03     2.836861E+03
  7.636298E-03     2.857139E+03
  7.742637E-03     2.877567E+03
  7.850456E-03     2.898149E+03
  7.959777E-03     2.918884E+03
  8.070620E-03     2.939774E+03
  8.183007E-03     2.960822E+03
  8.296959E-03     2.982028E+03
  8.412497E-03     3.003393E+03
  8.529644E-03     3.024918E+03
  8.648423E-03     3.046604E+03
  8.768856E-03     3.068453E+03
  8.890966E-03     3.090465E+03
  9.014776E-03     3.112642E+03
  9.140311E-03     3.134985E+03
  9.267593E-03     3.157495E+03
  9.396648E-03     3.180176E+03
  9.527500E-03     3.203027E+03
  9.660175E-03     3.226050E+03
  9.794697E-03     3.249247E+03
  9.931092E-03     3.272617E+03
  1.006939E-02     3.296163E+03
  1.020961E-02     3.319886E+03
  1.035178E-02     3.343787E+03
  1.049593E-02     3.367868E+03
  1.064209E-02     3.392131E+03
  1.079029E-02     3.416578E+03
  1.094055E-02     3.441210E+03
  1.109290E-02     3.466029E+03
  1.124737E-02     3.491034E+03
  1.140400E-02     3.516228E+03
  1.156280E-02     3.541612E+03
  1.172382E-02     3.567187E+03
  1.188708E-02     3.592954E+03
  1.205261E-02     3.618915E+03
  1.222045E-02     3.645071E+03
  1.239062E-02     3.671425E+03
  1.256317E-02     3.697977E+03
  1.273811E-02     3.724730E+03
  1.291550E-02     3.751685E+03
  1.309535E-02     3.778842E+03
  1.327771E-02     3.806203E+03
  1.346261E-02     3.833771E+03
  1.365008E-02     3.861547E+03
  1.384016E-02     3.889532E+03
  1.403289E-02     3.917729E+03
  1.422830E-02     3.946141E+03
  1.442644E-02     3.974769E+03
  1.462733E-02     4.003614E+03
  1.483103E-02     4.032678E+03
  1.503755E-02     4.061961E+03
  1.524696E-02     4.091465E+03
  1.545928E-02     4.121192E+03
  1.567455E-02     4.151143E+03
  1.589283E-02     4.181320E+03
  1.611414E-02     4.211725E+03
  1.633854E-02     4.242359E+03
  1.656606E-02     4.273224E+03
  1.679675E-02     4.304322E+03
  1.703065E-02     4.335655E+03
  1.726781E-02     4.367222E+03
  1.750827E-02     4.399026E+03
  1.775208E-02     4.431069E+03
  1.799929E-02     4.463351E+03
  1.824993E-02     4.495875E+03
  1.850407E-02     4.528644E+03
  1.876175E-02     4.561658E+03
  1.902301E-02     4.594921E+03
  1.928792E-02     4.628434E+03
  1.955651E-02     4.662197E+03
  1.982884E-02     4.696213E+03
  2.010496E-02     4.730483E+03
  2.038493E-02     4.765008E+03
  2.066880E-02     4.799791E+03
  2.095662E-02     4.834833E+03
  2.124845E-02     4.870136E+03
  2.154435E-02     4.905704E+03
  2.184436E-02     4.941538E+03
  2.214855E-02     4.977640E+03
  2.245698E-02     5.014011E+03
  2.276970E-02     5.050653E+03
  2.308678E-02     5.087566E+03
  2.340827E-02     5.124753E+03
  2.373424E-02     5.162215E+03
  2.406475E-02     5.199955E+03
  2.439986E-02     5.237975E+03
  2.473964E-02     5.276277E+03
  2.508415E-02     5.314863E+03
  2.543346E-02     5.353735E+03
  2.578763E-02     5.392894E+03
  2.614673E-02     5.432341E+03
  2.651084E-02     5.472077E+03
  2.688001E-02     5.512104E+03
  2.725433E-02     5.552423E+03
  2.763385E-02     5.593036E+03
  2.801867E-02     5.633945E+03
  2.840884E-02     5.675151E+03
  2.880444E-02     5.716658E+03
  2.920556E-02     5.758466E+03
  2.961225E-02     5.800577E+03
  3.002462E-02     5.842993E+03
  3.044272E-02     5.885715E+03
  3.086665E-02     5.928745E+03
  3.129648E-02     5.972086E+03
  3.173230E-02     6.015739E+03
  3.217418E-02     6.059708E+03
  3.262222E-02     6.103994E+03
  3.307650E-02     6.148602E+03
  3.353710E-02     6.193532E+03
  3.400412E-02     6.238786E+03
  3.447764E-02     6.284365E+03
  3.495776E-02     6.330270E+03
  3.544456E-02     6.376503E+03
  3.593814E-02     6.423065E+03
  3.643859E-02     6.469957E+03
  3.694601E-02     6.517183E+03
  3.746050E-02     6.564743E+03
  3.798215E-02     6.612641E+03
  3.851107E-02     6.660878E+03
  3.904735E-02     6.709456E+03
  3.959110E-02     6.758374E+03
  4.014242E-02     6.807637E+03
  4.070142E-02     6.857243E+03
  4.126821E-02     6.907197E+03
  4.184289E-02     6.957499E+03
  4.242556E-02     7.008153E+03
  4.301636E-02     7.059160E+03
  4.361538E-02     7.110524E+03
  4.422274E-02     7.162247E+03
  4.483856E-02     7.214330E+03
  4.546295E-02     7.266774E+03
  4.609604E-02     7.319581E+03
  4.673795E-02     7.372753E+03
  4.738880E-02     7.426293E+03
  4.804870E-02     7.480201E+03
  4.871780E-02     7.534481E+03
  4.939622E-02     7.589136E+03
  5.008408E-02     7.644169E+03
  5.078152E-02     7.699582E+03
  5.148867E-02     7.755376E+03
  5.220568E-02     7.811554E+03
  5.293266E-02     7.868115E+03
  5.366977E-02     7.925063E+03
  5.441714E-02     7.982399E+03
  5.517492E-02     8.040125E+03
  5.594326E-02     8.098244E+03
  5.672229E-02     8.156759E+03
  5.751217E-02     8.215673E+03
  5.831305E-02     8.274989E+03
  5.912508E-02     8.334708E+03
  5.994843E-02     8.394831E+03
  6.078323E-02     8.455362E+03
  6.162966E-02     8.516302E+03
  6.248788E-02     8.577653E+03
  6.335805E-02     8.639418E+03
  6.424034E-02     8.701601E+03
  6.513491E-02     8.764205E+03
  6.604194E-02     8.827235E+03
  6.696160E-02     8.890692E+03
  6.789407E-02     8.954578E+03
  6.883952E-02     9.018895E+03
  6.979814E-02     9.083643E+03
  7.077011E-02     9.148825E+03
  7.175561E-02     9.214441E+03
  7.275484E-02     9.280495E+03
  7.376798E-02     9.346987E+03
  7.479523E-02     9.413922E+03
  7.583678E-02     9.481302E+03
  7.689284E-02     9.549129E+03
  7.796360E-02     9.617407E+03
  7.904928E-02     9.686137E+03
  8.015007E-02     9.755322E+03
  8.126619E-02     9.824964E+03
  8.239786E-02     9.895067E+03
  8.354528E-02     9.965634E+03
  8.470868E-02     1.003667E+04
  8.588829E-02     1.010818E+04
  8.708431E-02     1.018016E+04
  8.829700E-02     1.025263E+04
  8.952657E-02     1.032559E+04
  9.077327E-02     1.039903E+04
  9.203732E-02     1.047296E+04
  9.331898E-02     1.054738E+04
  9.461848E-02     1.062230E+04
  9.593608E-02     1.069772E+04
  9.727203E-02     1.077364E+04
  9.862658E-02     1.085006E+04
  1.000000E-01     1.092700E+04
  1.013925E-01     1.100445E+04
  1.028045E-01     1.108242E+04
  1.042361E-01     1.116091E+04
  1.056876E-01     1.123991E+04
  1.071593E-01     1.131944E+04
  1.086516E-01     1.139948E+04
  1.101646E-01     1.148004E+04
  1.116987E-01     1.156113E+04
  1.132541E-01     1.164274E+04
  1.148312E-01     1.172488E+04
  1.164303E-01     1.180754E+04
  1.180517E-01     1.189073E+04
  1.196956E-01     1.197445E+04
  1.213624E-01     1.205870E+04
  1.230524E-01     1.214348E+04
  1.247660E-01     1.222878E+04
  1.265034E-01     1.231461E+04
  1.282650E-01     1.240097E+04
  1.300511E-01     1.248786E+04
  1.318621E-01     1.257528E+04
  1.336984E-01     1.266323E+04
  1.355602E-01     1.275172E+04
  1.374479E-01     1.284073E+04
  1.393619E-01     1.293028E+04
  1.413026E-01     1.302037E+04
  1.432703E-01     1.311098E+04
  1.452654E-01     1.320213E+04
  1.472883E-01     1.329382E+04
  1.493393E-01     1.338605E+04
  1.514189E-01     1.347882E+04
  1.535275E-01     1.357213E+04
  1.556654E-01     1.366600E+04
  1.578331E-01     1.376040E+04
  1.600310E-01     1.385536E+04
  1.622595E-01     1.395087E+04
  1.645191E-01     1.404693E+04
  1.668101E-01     1.414354E+04
  1.691330E-01     1.424071E+04
  1.714882E-01     1.433845E+04
  1.738762E-01     1.443676E+04
  1.762975E-01     1.453564E+04
  1.787526E-01     1.463510E+04
  1.812418E-01     1.473514E+04
  1.837656E-01     1.483577E+04
  1.863246E-01     1.493698E+04
  1.889193E-01     1.503880E+04
  1.915501E-01     1.514122E+04
  1.942175E-01     1.524425E+04
  1.969220E-01     1.534790E+04
  1.996642E-01     1.545217E+04
  2.024447E-01     1.555709E+04
  2.052638E-01     1.566266E+04
  2.081222E-01     1.576887E+04
  2.110203E-01     1.587575E+04
  2.139589E-01     1.598329E+04
  2.169384E-01     1.609150E+04
  2.199593E-01     1.620039E+04
  2.230223E-01     1.630997E+04
  2.261280E-01     1.642025E+04
  2.292769E-01     1.653124E+04
  2.324697E-01     1.664295E+04
  2.357069E-01     1.675540E+04
  2.389893E-01     1.686859E+04
  2.423173E-01     1.698254E+04
  2.456916E-01     1.709725E+04
  2.491130E-01     1.721274E+04
  2.525820E-01     1.732903E+04
  2.560993E-01     1.744612E+04
  2.596656E-01     1.756405E+04
  2.632815E-01     1.768281E+04
  2.669478E-01     1.780244E+04
  2.706652E-01     1.792296E+04
  2.744343E-01     1.804436E+04
  2.782559E-01     1.816665E+04
  2.821308E-01     1.828985E+04
  2.860596E-01     1.841396E+04
  2.900430E-01     1.853899E+04
  2.940820E-01     1.866495E+04
  2.981772E-01     1.879185E+04
  3.023295E-01     1.891970E+04
  3.065395E-01     1.904852E+04
  3.108082E-01     1.917832E+04
  3.151363E-01     1.930909E+04
  3.195248E-01     1.944085E+04
  3.239743E-01     1.957358E+04
  3.284857E-01     1.970730E+04
  3.330600E-01     1.984200E+04
  3.376980E-01     1.997769E+04
  3.424006E-01     2.011438E+04
  3.471687E-01     2.025205E+04
  3.520031E-01     2.039073E+04
  3.569049E-01     2.053040E+04
  3.618750E-01     2.067108E+04
  3.669142E-01     2.081276E+04
  3.720237E-01     2.095545E+04
  3.772042E-01     2.109914E+04
  3.824570E-01     2.124385E+04
  3.877828E-01     2.138957E+04
  3.931829E-01     2.153631E+04
  3.986581E-01     2.168408E+04
  4.042096E-01     2.183287E+04
  4.098384E-01     2.198269E+04
  4.155455E-01     2.213355E+04
  4.213322E-01     2.228545E+04
  4.271994E-01     2.243837E+04
  4.331483E-01     2.259234E+04
  4.391801E-01     2.274735E+04
  4.452959E-01     2.290341E+04
  4.514968E-01     2.306051E+04
  4.577841E-01     2.321866E+04
  4.641589E-01     2.337787E+04
  4.706225E-01     2.353814E+04
  4.771761E-01     2.369948E+04
  4.838210E-01     2.386186E+04
  4.905584E-01     2.402530E+04
  4.973896E-01     2.418980E+04
  5.043159E-01     2.435534E+04
  5.113388E-01     2.452192E+04
  5.184594E-01     2.468955E+04
  5.256791E-01     2.485823E+04
  5.329994E-01     2.502794E+04
  5.404216E-01     2.519870E+04
  5.479472E-01     2.537048E+04
  5.555776E-01     2.554328E+04
  5.633143E-01     2.571708E+04
  5.711586E-01     2.589188E+04
  5.791123E-01     2.606766E+04
  5.871766E-01     2.624440E+04
  5.953533E-01     2.642210E+04
  6.036439E-01     2.660073E+04
  6.120498E-01     2.678029E+04
  6.205729E-01     2.696075E+04
  6.292146E-01     2.714210E+04
  6.379767E-01     2.732432E+04
  6.468608E-01     2.750737E+04
  6.558686E-01     2.769123E+04
  6.650018E-01     2.787588E+04
  6.742622E-01     2.806129E+04
  6.836516E-01     2.824742E+04
  6.931717E-01     2.843425E+04
  7.028244E-01     2.862176E+04
  7.126115E-01     2.880989E+04
  7.225349E-01     2.899865E+04
  7.325965E-01     2.918800E+04
  7.427982E-01     2.937794E+04
  7.531420E-01     2.956846E+04
  7.636298E-01     2.975953E+04
  7.742637E-01     2.995116E+04
  7.850456E-01     3.014332E+04
  7.959777E-01     3.033600E+04
  8.070620E-01     3.052920E+04
  8.183007E-01     3.072292E+04
  8.296959E-01     3.091712E+04
  8.412497E-01     3.111181E+04
  8.529644E-01     3.130695E+04
  8.648423E-01     3.150255E+04
  8.768856E-01     3.169857E+04
  8.890966E-01     3.189501E+04
  9.014776E-01     3.209186E+04
  9.140311E-01     3.228910E+04
  9.267593E-01     3.248672E+04
  9.396648E-01     3.268472E+04
  9.527500E-01     3.288307E+04
  9.660175E-01     3.308174E+04
  9.794697E-01     3.328070E+04
  9.931092E-01     3.347990E+04
  1.006939E+00     3.367931E+04
  1.020961E+00     3.387890E+04
  1.035178E+00     3.407862E+04
  1.049593E+00     3.427845E+04
  1.064209E+00     3.447835E+04
  1.079029E+00     3.467828E+04
  1.094055E+00     3.487820E+04
  1.109290E+00     3.507808E+04
  1.124737E+00     3.527788E+04
  1.140400E+00     3.547757E+04
  1.156280E+00     3.567711E+04
  1.172382E+00     3.587647E+04
  1.188708E+00     3.607562E+04
  1.205261E+00     3.627452E+04
  1.222045E+00     3.647314E+04
  1.239062E+00     3.667145E+04
  1.256317E+00     3.686943E+04
  1.273811E+00     3.706702E+04
  1.291550E+00     3.726421E+04
  1.309535E+00     3.746094E+04
  1.327771E+00     3.765720E+04
  1.346261E+00     3.785295E+04
  1.365008E+00     3.804816E+04
  1.384016E+00     3.824281E+04
  1.403289E+00     3.843686E+04
  1.422830E+00     3.863029E+04
  1.442644E+00     3.882308E+04
  1.462733E+00     3.901519E+04
  1.483103E+00     3.920658E+04
  1.503755E+00     3.939721E+04
  1.524696E+00     3.958704E+04
  1.545928E+00     3.977604E+04
  1.567455E+00     3.996418E+04
  1.589283E+00     4.015144E+04
  1.611414E+00     4.033777E+04
  1.633854E+00     4.052316E+04
  1.656606E+00     4.070758E+04
  1.679675E+00     4.089099E+04
  1.703065E+00     4.107335E+04
  1.726781E+00     4.125463E+04
  1.750827E+00     4.143478E+04
  1.775208E+00     4.161378E+04
  1.799929E+00     4.179159E+04
  1.824993E+00     4.196819E+04
  1.850407E+00     4.214356E+04
  1.876175E+00     4.231766E+04
  1.902301E+00     4.249049E+04
  1.928792E+00     4.266200E+04
  1.955651E+00     4.283215E+04
  1.982884E+00     4.300091E+04
  2.010496E+00     4.316825E+04
  2.038493E+00     4.333413E+04
  2.066880E+00     4.349853E+04
  2.095662E+00     4.366143E+04
  2.124845E+00     4.382280E+04
  2.154435E+00     4.398264E+04
  2.184436E+00     4.414093E+04
  2.214855E+00     4.429762E+04
  2.245698E+00     4.445269E+04
  2.276970E+00     4.460610E+04
  2.308678E+00     4.475782E+04
  2.340827E+00     4.490781E+04
  2.373424E+00     4.505606E+04
  2.406475E+00     4.520254E+04
  2.439986E+00     4.534723E+04
  2.473964E+00     4.549013E+04
  2.508415E+00     4.563122E+04
  2.543346E+00     4.577047E+04
  2.578763E+00     4.590785E+04
  2.614673E+00     4.604333E+04
  2.651084E+00     4.617686E+04
  2.688001E+00     4.630844E+04
  2.725433E+00     4.643804E+04
  2.763385E+00     4.656563E+04
  2.801867E+00     4.669122E+04
  2.840884E+00     4.681479E+04
  2.880444E+00     4.693635E+04
  2.920556E+00     4.705586E+04
  2.961225E+00     4.717329E+04
  3.002462E+00     4.728862E+04
  3.044272E+00     4.740182E+04
  3.086665E+00     4.751285E+04
  3.129648E+00     4.762172E+04
  3.173230E+00     4.772840E+04
  3.217418E+00     4.783290E+04
  3.262222E+00     4.793520E+04
  3.307650E+00     4.803532E+04
  3.353710E+00     4.813323E+04
  3.400412E+00     4.822890E+04
  3.447764E+00     4.832232E+04
  3.495776E+00     4.841347E+04
  3.544456E+00     4.850232E+04
  3.593814E+00     4.858886E+04
  3.643859E+00     4.867310E+04
  3.694601E+00     4.875504E+04
  3.746050E+00     4.883468E+04
  3.798215E+00     4.891203E+04
  3.851107E+00     4.898710E+04
  3.904735E+00     4.905986E+04
  3.959110E+00     4.913029E+04
  4.014242E+00     4.919838E+04
  4.070142E+00     4.926412E+04
  4.126821E+00     4.932752E+04
  4.184289E+00     4.938858E+04
  4.242556E+00     4.944731E+04
  4.301636E+00     4.950374E+04
  4.361538E+00     4.955788E+04
  4.422274E+00     4.960974E+04
  4.483856E+00     4.965931E+04
  4.546295E+00     4.970658E+04
  4.609604E+00     4.975154E+04
  4.673795E+00     4.979419E+04
  4.738880E+00     4.983455E+04
  4.804870E+00     4.987261E+04
  4.871780E+00     4.990841E+04
  4.939622E+00     4.994196E+04
  5.008408E+00     4.997330E+04
  5.078152E+00     5.000244E+04
  5.148867E+00     5.002938E+04
  5.220568E+00     5.005412E+04
  5.293266E+00     5.007665E+04
  5.366977E+00     5.009698E+04
  5.441714E+00     5.011513E+04
  5.517492E+00     5.013110E+04
  5.594326E+00     5.014494E+04
  5.672229E+00     5.015665E+04
  5.751217E+00     5.016630E+04
  5.831305E+00     5.017390E+04
  5.912508E+00     5.017944E+04
  5.994843E+00     5.018292E+04
  6.078323E+00     5.018436E+04
  6.162966E+00     5.018374E+04
  6.248788E+00     5.018109E+04
  6.335805E+00     5.017643E+04
  6.424034E+00     5.016977E+04
  6.513491E+00     5.016114E+04
  6.604194E+00     5.015059E+04
  6.696160E+00     5.013814E+04
  6.789407E+00     5.012378E+04
  6.883952E+00     5.010752E+04
  6.979814E+00     5.008937E+04
  7.077011E+00     5.006932E+04
  7.175561E+00     5.004740E+04
  7.275484E+00     5.002362E+04
  7.376798E+00     4.999800E+04
  7.479523E+00     4.997058E+04
  7.583678E+00     4.994138E+04
  7.689284E+00     4.991043E+04
  7.796360E+00     4.987774E+04
  7.904928E+00     4.984330E+04
  8.015007E+00     4.980712E+04
  8.126619E+00     4.976919E+04
  8.239786E+00     4.972953E+04
  8.354528E+00     4.968815E+04
  8.470868E+00     4.964506E+04
  8.588829E+00     4.960029E+04
  8.708431E+00     4.955386E+04
  8.829700E+00     4.950579E+04
  8.952657E+00     4.945609E+04
  9.077327E+00     4.940475E+04
  9.203732E+00     4.935177E+04
  9.331898E+00     4.929716E+04
  9.461848E+00     4.924092E+04
  9.593608E+00     4.918306E+04
  9.727203E+00     4.912360E+04
  9.862658E+00     4.906255E+04
  1.000000E+01     4.899993E+04
  1.013925E+01     4.893576E+04
  1.028045E+01     4.887005E+04
  1.042361E+01     4.880279E+04
  1.056876E+01     4.873398E+04
  1.071593E+01     4.866362E+04
  1.086516E+01     4.859172E+04
  1.101646E+01     4.851829E+04
  1.116987E+01     4.844333E+04
  1.132541E+01     4.836686E+04
  1.148312E+01     4.828890E+04
  1.164303E+01     4.820945E+04
  1.180517E+01     4.812854E+04
  1.196956E+01     4.804614E+04
  1.213624E+01     4.796227E+04
  1.230524E+01     4.787692E+04
  1.247660E+01     4.779009E+04
  1.265034E+01     4.770180E+04
  1.282650E+01     4.761204E+04
  1.300511E+01     4.752084E+04
  1.318621E+01     4.742820E+04
  1.336984E+01     4.733413E+04
  1.355602E+01     4.723864E+04
  1.374479E+01     4.714172E+04
  1.393619E+01     4.704339E+04
  1.413026E+01     4.694364E+04
  1.432703E+01     4.684246E+04
  1.452654E+01     4.673988E+04
  1.472883E+01     4.663590E+04
  1.493393E+01     4.653052E+04
  1.514189E+01     4.642375E+04
  1.535275E+01     4.631562E+04
  1.556654E+01     4.620612E+04
  1.578331E+01     4.609526E+04
  1.600310E+01     4.598305E+04
  1.622595E+01     4.586948E+04
  1.645191E+01     4.575456E+04
  1.668101E+01     4.563831E+04
  1.691330E+01     4.552074E+04
  1.714882E+01     4.540185E+04
  1.738762E+01     4.528166E+04
  1.762975E+01     4.516018E+04
  1.787526E+01     4.503743E+04
  1.812418E+01     4.491341E+04
  1.837656E+01     4.478811E+04
  1.863246E+01     4.466154E+04
  1.889193E+01     4.453370E+04
  1.915501E+01     4.440460E+04
  1.942175E+01     4.427425E+04
  1.969220E+01     4.414264E+04
  1.996642E+01     4.400980E+04
  2.024447E+01     4.387572E+04
  2.052638E+01     4.374042E+04
  2.081222E+01     4.360390E+04
  2.110203E+01     4.346617E+04
  2.139589E+01     4.332725E+04
  2.169384E+01     4.318713E+04
  2.199593E+01     4.304583E+04
  2.230223E+01     4.290337E+04
  2.261280E+01     4.275975E+04
  2.292769E+01     4.261500E+04
  2.324697E+01     4.246913E+04
  2.357069E+01     4.232214E+04
  2.389893E+01     4.217406E+04
  2.423173E+01     4.202488E+04
  2.456916E+01     4.187461E+04
  2.491130E+01     4.172326E+04
  2.525820E+01     4.157084E+04
  2.560993E+01     4.141735E+04
  2.596656E+01     4.126281E+04
  2.632815E+01     4.110722E+04
  2.669478E+01     4.095060E+04
  2.706652E+01     4.079296E+04
  2.744343E+01     4.063431E+04
  2.782559E+01     4.047468E+04
  2.821308E+01     4.031406E+04
  2.860596E+01     4.015250E+04
  2.900430E+01     3.998999E+04
  2.940820E+01     3.982657E+04
  2.981772E+01     3.966226E+04
  3.023295E+01     3.949707E+04
  3.065395E+01     3.933103E+04
  3.108082E+01     3.916415E+04
  3.151363E+01     3.899646E+04
  3.195248E+01     3.882795E+04
  3.239743E+01     3.865864E+04
  3.284857E+01     3.848854E+04
  3.330600E+01     3.831764E+04
  3.376980E+01     3.814597E+04
  3.424006E+01     3.797352E+04
  3.471687E+01     3.780030E+04
  3.520031E+01     3.762633E+04
  3.569049E+01     3.745160E+04
  3.618750E+01     3.727614E+04
  3.669142E+01     3.709997E+04
  3.720237E+01     3.692312E+04
  3.772042E+01     3.674560E+04
  3.824570E+01     3.656744E+04
  3.877828E+01     3.638867E+04
  3.931829E+01     3.620931E+04
  3.986581E+01     3.602938E+04
  4.042096E+01     3.584892E+04
  4.098384E+01     3.566794E+04
  4.155455E+01     3.548646E+04
  4.213322E+01     3.530449E+04
  4.271994E+01     3.512207E+04
  4.331483E+01     3.493918E+04
  4.391801E+01     3.475586E+04
  4.452959E+01     3.457212E+04
  4.514968E+01     3.438796E+04
  4.577841E+01     3.420339E+04
  4.641589E+01     3.401844E+04
  4.706225E+01     3.383310E+04
  4.771761E+01     3.364740E+04
  4.838210E+01     3.346136E+04
  4.905584E+01     3.327501E+04
  4.973896E+01     3.308837E+04
  5.043159E+01     3.290146E+04
  5.113388E+01     3.271431E+04
  5.184594E+01     3.252694E+04
  5.256791E+01     3.233937E+04
  5.329994E+01     3.215162E+04
  5.404216E+01     3.196371E+04
  5.479472E+01     3.177567E+04
  5.555776E+01     3.158752E+04
  5.633143E+01     3.139929E+04
  5.711586E+01     3.121101E+04
  5.791123E+01     3.102270E+04
  5.871766E+01     3.083438E+04
  5.953533E+01     3.064607E+04
  6.036439E+01     3.045780E+04
  6.120498E+01     3.026959E+04
  6.205729E+01     3.008146E+04
  6.292146E+01     2.989342E+04
  6.379767E+01     2.970551E+04
  6.468608E+01     2.951774E+04
  6.558686E+01     2.933014E+04
  6.650018E+01     2.914273E+04
  6.742622E+01     2.895553E+04
  6.836516E+01     2.876855E+04
  6.931717E+01     2.858181E+04
  7.028244E+01     2.839531E+04
  7.126115E+01     2.820908E+04
  7.225349E+01     2.802312E+04
  7.325965E+01     2.783748E+04
  7.427982E+01     2.765216E+04
  7.531420E+01     2.746721E+04
  7.636298E+01     2.728263E+04
  7.742637E+01     2.709846E+04
  7.850456E+01     2.691470E+04
  7.959777E+01     2.673138E+04
  8.070620E+01     2.654850E+04
  8.183007E+01     2.636609E+04
  8.296959E+01     2.618416E+04
  8.412497E+01     2.600273E+04
  8.529644E+01     2.582183E+04
  8.648423E+01     2.564149E+04
  8.768856E+01     2.546172E+04
  8.890966E+01     2.528256E+04
  9.014776E+01     2.510400E+04
  9.140311E+01     2.492606E+04
  9.267593E+01     2.474876E+04
  9.396648E+01     2.457210E+04
  9.527500E+01     2.439610E+04
  9.660175E+01     2.422078E+04
  9.794697E+01     2.404617E+04
  9.931092E+01     2.387229E+04
  1.006939E+02     2.369916E+04
  1.020961E+02     2.352679E+04
  1.035178E+02     2.335521E+04
  1.049593E+02     2.318441E+04
  1.064209E+02     2.301441E+04
  1.079029E+02     2.284520E+04
  1.094055E+02     2.267681E+04
  1.109290E+02     2.250925E+04
  1.124737E+02     2.234254E+04
  1.140400E+02     2.217670E+04
  1.156280E+02     2.201174E+04
  1.172382E+02     2.184769E+04
  1.188708E+02     2.168453E+04
  1.205261E+02     2.152229E+04
  1.222045E+02     2.136095E+04
  1.239062E+02     2.120052E+04
  1.256317E+02     2.104099E+04
  1.273811E+02     2.088240E+04
  1.291550E+02     2.072477E+04
  1.309535E+02     2.056812E+04
  1.327771E+02     2.041248E+04
  1.346261E+02     2.025786E+04
  1.365008E+02     2.010429E+04
  1.384016E+02     1.995176E+04
  1.403289E+02     1.980029E+04
  1.422830E+02     1.964988E+04
  1.442644E+02     1.950053E+04
  1.462733E+02     1.935227E+04
  1.483103E+02     1.920511E+04
  1.503755E+02     1.905906E+04
  1.524696E+02     1.891412E+04
  1.545928E+02     1.877031E+04
  1.567455E+02     1.862762E+04
  1.589283E+02     1.848604E+04
  1.611414E+02     1.834556E+04
  1.633854E+02     1.820617E+04
  1.656606E+02     1.806785E+04
  1.679675E+02     1.793063E+04
  1.703065E+02     1.779451E+04
  1.726781E+02     1.765953E+04
  1.750827E+02     1.752568E+04
  1.775208E+02     1.739297E+04
  1.799929E+02     1.726142E+04
  1.824993E+02     1.713101E+04
  1.850407E+02     1.700175E+04
  1.876175E+02     1.687362E+04
  1.902301E+02     1.674662E+04
  1.928792E+02     1.662076E+04
  1.955651E+02     1.649605E+04
  1.982884E+02     1.637251E+04
  2.010496E+02     1.625013E+04
  2.038493E+02     1.612893E+04
  2.066880E+02     1.600891E+04
  2.095662E+02     1.589005E+04
  2.124845E+02     1.577234E+04
  2.154435E+02     1.565578E+04
  2.184436E+02     1.554034E+04
  2.214855E+02     1.542603E+04
  2.245698E+02     1.531287E+04
  2.276970E+02     1.520087E+04
  2.308678E+02     1.509002E+04
  2.340827E+02     1.498034E+04
  2.373424E+02     1.487182E+04
  2.406475E+02     1.476445E+04
  2.439986E+02     1.465822E+04
  2.473964E+02     1.455312E+04
  2.508415E+02     1.444912E+04
  2.543346E+02     1.434623E+04
  2.578763E+02     1.424446E+04
  2.614673E+02     1.414382E+04
  2.651084E+02     1.404430E+04
  2.688001E+02     1.394592E+04
  2.725433E+02     1.384867E+04
  2.763385E+02     1.375253E+04
  2.801867E+02     1.365749E+04
  2.840884E+02     1.356354E+04
  2.880444E+02     1.347065E+04
  2.920556E+02     1.337882E+04
  2.961225E+02     1.328806E+04
  3.002462E+02     1.319839E+04
  3.044272E+02     1.310979E+04
  3.086665E+02     1.302228E+04
  3.129648E+02     1.293585E+04
  3.173230E+02     1.285048E+04
  3.217418E+02     1.276617E+04
  3.262222E+02     1.268289E+04
  3.307650E+02     1.260063E+04
  3.353710E+02     1.251939E+04
  3.400412E+02     1.243917E+04
  3.447764E+02     1.235997E+04
  3.495776E+02     1.228179E+04
  3.544456E+02     1.220464E+04
  3.593814E+02     1.212850E+04
  3.643859E+02     1.205337E+04
  3.694601E+02     1.197923E+04
  3.746050E+02     1.190606E+04
  3.798215E+02     1.183384E+04
  3.851107E+02     1.176256E+04
  3.904735E+02     1.169222E+04
  3.959110E+02     1.162284E+04
  4.014242E+02     1.155441E+04
  4.070142E+02     1.148693E+04
  4.126821E+02     1.142040E+04
  4.184289E+02     1.135480E+04
  4.242556E+02     1.129012E+04
  4.301636E+02     1.122635E+04
  4.361538E+02     1.116346E+04
  4.422274E+02     1.110144E+04
  4.483856E+02     1.104030E+04
  4.546295E+02     1.098005E+04
  4.609604E+02     1.092068E+04
  4.673795E+02     1.086219E+04
  4.738880E+02     1.080457E+04
  4.804870E+02     1.074781E+04
  4.871780E+02     1.069191E+04
  4.939622E+02     1.063684E+04
  5.008408E+02     1.058258E+04
  5.078152E+02     1.052912E+04
  5.148867E+02     1.047646E+04
  5.220568E+02     1.042461E+04
  5.293266E+02     1.037357E+04
  5.366977E+02     1.032333E+04
  5.441714E+02     1.027388E+04
  5.517492E+02     1.022522E+04
  5.594326E+02     1.017733E+04
  5.672229E+02     1.013020E+04
  5.751217E+02     1.008380E+04
  5.831305E+02     1.003813E+04
  5.912508E+02     9.993181E+03
  5.994843E+02     9.948962E+03
  6.078323E+02     9.905469E+03
  6.162966E+02     9.862699E+03
  6.248788E+02     9.820648E+03
  6.335805E+02     9.779305E+03
  6.424034E+02     9.738661E+03
  6.513491E+02     9.698700E+03
  6.604194E+02     9.659403E+03
  6.696160E+02     9.620759E+03
  6.789407E+02     9.582765E+03
  6.883952E+02     9.545420E+03
  6.979814E+02     9.508719E+03
  7.077011E+02     9.472657E+03
  7.175561E+02     9.437224E+03
  7.275484E+02     9.402409E+03
  7.376798E+02     9.368197E+03
  7.479523E+02     9.334571E+03
  7.583678E+02     9.301509E+03
  7.689284E+02     9.268998E+03
  7.796360E+02     9.237045E+03
  7.904928E+02     9.205664E+03
  8.015007E+02     9.174864E+03
  8.126619E+02     9.144655E+03
  8.239786E+02     9.115047E+03
  8.354528E+02     9.086048E+03
  8.470868E+02     9.057663E+03
  8.588829E+02     9.029899E+03
  8.708431E+02     9.002760E+03
  8.829700E+02     8.976236E+03
  8.952657E+02     8.950274E+03
  9.077327E+02     8.924808E+03
  9.203732E+02     8.899763E+03
  9.331898E+02     8.875057E+03
  9.461848E+02     8.850601E+03
  9.593608E+02     8.826297E+03
  9.727203E+02     8.802035E+03
  9.862658E+02     8.777698E+03
  1.000000E+03     8.753158E+03
