FILE CREATED BY  : PROGRAM DPASS - VERSION 2.00
DATABASE VERSION : 21.06
DATE AND TIME    : 10/08/2022 00:55:29
PROJECTILE       : Tl
TARGET           : Yb
TARGET AT. MASS  : 1.730400E+02
TARGET DENSITY   : 6.900000E+00 g/cm^3
TABULATED OUTPUT : STOPPING FORCE VERSUS ENERGY
DATA TYPE        : SPLINE INTERPOLATED
ABSCISSA UNITS   : MeV/u
ORDINATE UNITS   : eV/nm


      E/n             S(E/n)

  1.000000E-03     7.794327E+02
  1.013925E-03     7.847474E+02
  1.028045E-03     7.901324E+02
  1.042361E-03     7.955847E+02
  1.056876E-03     8.011010E+02
  1.071593E-03     8.066777E+02
  1.086516E-03     8.123108E+02
  1.101646E-03     8.179961E+02
  1.116987E-03     8.237286E+02
  1.132541E-03     8.295032E+02
  1.148312E-03     8.353144E+02
  1.164303E-03     8.411570E+02
  1.180517E-03     8.470305E+02
  1.196956E-03     8.529361E+02
  1.213624E-03     8.588753E+02
  1.230524E-03     8.648496E+02
  1.247660E-03     8.708606E+02
  1.265034E-03     8.769101E+02
  1.282650E-03     8.830003E+02
  1.300511E-03     8.891333E+02
  1.318621E-03     8.953114E+02
  1.336984E-03     9.015371E+02
  1.355602E-03     9.078109E+02
  1.374479E-03     9.141328E+02
  1.393619E-03     9.205026E+02
  1.413026E-03     9.269203E+02
  1.432703E-03     9.333856E+02
  1.452654E-03     9.398984E+02
  1.472883E-03     9.464585E+02
  1.493393E-03     9.530657E+02
  1.514189E-03     9.597199E+02
  1.535275E-03     9.664209E+02
  1.556654E-03     9.731689E+02
  1.578331E-03     9.799641E+02
  1.600310E-03     9.868071E+02
  1.622595E-03     9.936983E+02
  1.645191E-03     1.000638E+03
  1.668101E-03     1.007627E+03
  1.691330E-03     1.014666E+03
  1.714882E-03     1.021756E+03
  1.738762E-03     1.028897E+03
  1.762975E-03     1.036090E+03
  1.787526E-03     1.043335E+03
  1.812418E-03     1.050634E+03
  1.837656E-03     1.057985E+03
  1.863246E-03     1.065389E+03
  1.889193E-03     1.072846E+03
  1.915501E-03     1.080357E+03
  1.942175E-03     1.087922E+03
  1.969220E-03     1.095541E+03
  1.996642E-03     1.103214E+03
  2.024447E-03     1.110942E+03
  2.052638E-03     1.118726E+03
  2.081222E-03     1.126565E+03
  2.110203E-03     1.134461E+03
  2.139589E-03     1.142412E+03
  2.169384E-03     1.150421E+03
  2.199593E-03     1.158487E+03
  2.230223E-03     1.166611E+03
  2.261280E-03     1.174794E+03
  2.292769E-03     1.183036E+03
  2.324697E-03     1.191339E+03
  2.357069E-03     1.199702E+03
  2.389893E-03     1.208126E+03
  2.423173E-03     1.216611E+03
  2.456916E-03     1.225158E+03
  2.491130E-03     1.233767E+03
  2.525820E-03     1.242438E+03
  2.560993E-03     1.251172E+03
  2.596656E-03     1.259970E+03
  2.632815E-03     1.268832E+03
  2.669478E-03     1.277758E+03
  2.706652E-03     1.286750E+03
  2.744343E-03     1.295807E+03
  2.782559E-03     1.304929E+03
  2.821308E-03     1.314119E+03
  2.860596E-03     1.323374E+03
  2.900430E-03     1.332697E+03
  2.940820E-03     1.342087E+03
  2.981772E-03     1.351545E+03
  3.023295E-03     1.361072E+03
  3.065395E-03     1.370669E+03
  3.108082E-03     1.380335E+03
  3.151363E-03     1.390072E+03
  3.195248E-03     1.399879E+03
  3.239743E-03     1.409758E+03
  3.284857E-03     1.419709E+03
  3.330600E-03     1.429732E+03
  3.376980E-03     1.439828E+03
  3.424006E-03     1.449997E+03
  3.471687E-03     1.460242E+03
  3.520031E-03     1.470561E+03
  3.569049E-03     1.480957E+03
  3.618750E-03     1.491430E+03
  3.669142E-03     1.501979E+03
  3.720237E-03     1.512606E+03
  3.772042E-03     1.523311E+03
  3.824570E-03     1.534094E+03
  3.877828E-03     1.544957E+03
  3.931829E-03     1.555899E+03
  3.986581E-03     1.566923E+03
  4.042096E-03     1.578027E+03
  4.098384E-03     1.589214E+03
  4.155455E-03     1.600483E+03
  4.213322E-03     1.611836E+03
  4.271994E-03     1.623273E+03
  4.331483E-03     1.634793E+03
  4.391801E-03     1.646398E+03
  4.452959E-03     1.658089E+03
  4.514968E-03     1.669866E+03
  4.577841E-03     1.681730E+03
  4.641589E-03     1.693682E+03
  4.706225E-03     1.705723E+03
  4.771761E-03     1.717853E+03
  4.838210E-03     1.730072E+03
  4.905584E-03     1.742382E+03
  4.973896E-03     1.754783E+03
  5.043159E-03     1.767276E+03
  5.113388E-03     1.779862E+03
  5.184594E-03     1.792540E+03
  5.256791E-03     1.805313E+03
  5.329994E-03     1.818182E+03
  5.404216E-03     1.831146E+03
  5.479472E-03     1.844208E+03
  5.555776E-03     1.857367E+03
  5.633143E-03     1.870624E+03
  5.711586E-03     1.883980E+03
  5.791123E-03     1.897435E+03
  5.871766E-03     1.910990E+03
  5.953533E-03     1.924646E+03
  6.036439E-03     1.938404E+03
  6.120498E-03     1.952264E+03
  6.205729E-03     1.966229E+03
  6.292146E-03     1.980298E+03
  6.379767E-03     1.994472E+03
  6.468608E-03     2.008751E+03
  6.558686E-03     2.023138E+03
  6.650018E-03     2.037631E+03
  6.742622E-03     2.052233E+03
  6.836516E-03     2.066944E+03
  6.931717E-03     2.081765E+03
  7.028244E-03     2.096697E+03
  7.126115E-03     2.111742E+03
  7.225349E-03     2.126900E+03
  7.325965E-03     2.142172E+03
  7.427982E-03     2.157559E+03
  7.531420E-03     2.173061E+03
  7.636298E-03     2.188680E+03
  7.742637E-03     2.204416E+03
  7.850456E-03     2.220270E+03
  7.959777E-03     2.236243E+03
  8.070620E-03     2.252336E+03
  8.183007E-03     2.268552E+03
  8.296959E-03     2.284889E+03
  8.412497E-03     2.301351E+03
  8.529644E-03     2.317936E+03
  8.648423E-03     2.334646E+03
  8.768856E-03     2.351481E+03
  8.890966E-03     2.368444E+03
  9.014776E-03     2.385533E+03
  9.140311E-03     2.402752E+03
  9.267593E-03     2.420101E+03
  9.396648E-03     2.437581E+03
  9.527500E-03     2.455193E+03
  9.660175E-03     2.472938E+03
  9.794697E-03     2.490817E+03
  9.931092E-03     2.508831E+03
  1.006939E-02     2.526980E+03
  1.020961E-02     2.545266E+03
  1.035178E-02     2.563689E+03
  1.049593E-02     2.582252E+03
  1.064209E-02     2.600955E+03
  1.079029E-02     2.619799E+03
  1.094055E-02     2.638786E+03
  1.109290E-02     2.657917E+03
  1.124737E-02     2.677192E+03
  1.140400E-02     2.696612E+03
  1.156280E-02     2.716178E+03
  1.172382E-02     2.735892E+03
  1.188708E-02     2.755754E+03
  1.205261E-02     2.775765E+03
  1.222045E-02     2.795927E+03
  1.239062E-02     2.816242E+03
  1.256317E-02     2.836710E+03
  1.273811E-02     2.857333E+03
  1.291550E-02     2.878111E+03
  1.309535E-02     2.899045E+03
  1.327771E-02     2.920137E+03
  1.346261E-02     2.941387E+03
  1.365008E-02     2.962797E+03
  1.384016E-02     2.984368E+03
  1.403289E-02     3.006102E+03
  1.422830E-02     3.027999E+03
  1.442644E-02     3.050063E+03
  1.462733E-02     3.072292E+03
  1.483103E-02     3.094689E+03
  1.503755E-02     3.117254E+03
  1.524696E-02     3.139988E+03
  1.545928E-02     3.162891E+03
  1.567455E-02     3.185966E+03
  1.589283E-02     3.209214E+03
  1.611414E-02     3.232635E+03
  1.633854E-02     3.256231E+03
  1.656606E-02     3.280004E+03
  1.679675E-02     3.303955E+03
  1.703065E-02     3.328083E+03
  1.726781E-02     3.352391E+03
  1.750827E-02     3.376879E+03
  1.775208E-02     3.401549E+03
  1.799929E-02     3.426401E+03
  1.824993E-02     3.451437E+03
  1.850407E-02     3.476659E+03
  1.876175E-02     3.502068E+03
  1.902301E-02     3.527665E+03
  1.928792E-02     3.553452E+03
  1.955651E-02     3.579429E+03
  1.982884E-02     3.605597E+03
  2.010496E-02     3.631958E+03
  2.038493E-02     3.658512E+03
  2.066880E-02     3.685261E+03
  2.095662E-02     3.712207E+03
  2.124845E-02     3.739350E+03
  2.154435E-02     3.766692E+03
  2.184436E-02     3.794236E+03
  2.214855E-02     3.821981E+03
  2.245698E-02     3.849929E+03
  2.276970E-02     3.878081E+03
  2.308678E-02     3.906437E+03
  2.340827E-02     3.934999E+03
  2.373424E-02     3.963768E+03
  2.406475E-02     3.992744E+03
  2.439986E-02     4.021931E+03
  2.473964E-02     4.051328E+03
  2.508415E-02     4.080938E+03
  2.543346E-02     4.110761E+03
  2.578763E-02     4.140799E+03
  2.614673E-02     4.171052E+03
  2.651084E-02     4.201522E+03
  2.688001E-02     4.232208E+03
  2.725433E-02     4.263114E+03
  2.763385E-02     4.294239E+03
  2.801867E-02     4.325585E+03
  2.840884E-02     4.357155E+03
  2.880444E-02     4.388949E+03
  2.920556E-02     4.420969E+03
  2.961225E-02     4.453215E+03
  3.002462E-02     4.485690E+03
  3.044272E-02     4.518392E+03
  3.086665E-02     4.551325E+03
  3.129648E-02     4.584488E+03
  3.173230E-02     4.617884E+03
  3.217418E-02     4.651513E+03
  3.262222E-02     4.685379E+03
  3.307650E-02     4.719482E+03
  3.353710E-02     4.753824E+03
  3.400412E-02     4.788406E+03
  3.447764E-02     4.823227E+03
  3.495776E-02     4.858290E+03
  3.544456E-02     4.893594E+03
  3.593814E-02     4.929141E+03
  3.643859E-02     4.964933E+03
  3.694601E-02     5.000971E+03
  3.746050E-02     5.037256E+03
  3.798215E-02     5.073790E+03
  3.851107E-02     5.110574E+03
  3.904735E-02     5.147609E+03
  3.959110E-02     5.184897E+03
  4.014242E-02     5.222438E+03
  4.070142E-02     5.260234E+03
  4.126821E-02     5.298286E+03
  4.184289E-02     5.336596E+03
  4.242556E-02     5.375167E+03
  4.301636E-02     5.413999E+03
  4.361538E-02     5.453097E+03
  4.422274E-02     5.492460E+03
  4.483856E-02     5.532090E+03
  4.546295E-02     5.571989E+03
  4.609604E-02     5.612156E+03
  4.673795E-02     5.652594E+03
  4.738880E-02     5.693303E+03
  4.804870E-02     5.734286E+03
  4.871780E-02     5.775544E+03
  4.939622E-02     5.817080E+03
  5.008408E-02     5.858895E+03
  5.078152E-02     5.900991E+03
  5.148867E-02     5.943370E+03
  5.220568E-02     5.986032E+03
  5.293266E-02     6.028978E+03
  5.366977E-02     6.072209E+03
  5.441714E-02     6.115728E+03
  5.517492E-02     6.159536E+03
  5.594326E-02     6.203634E+03
  5.672229E-02     6.248026E+03
  5.751217E-02     6.292713E+03
  5.831305E-02     6.337697E+03
  5.912508E-02     6.382980E+03
  5.994843E-02     6.428563E+03
  6.078323E-02     6.474447E+03
  6.162966E-02     6.520633E+03
  6.248788E-02     6.567123E+03
  6.335805E-02     6.613920E+03
  6.424034E-02     6.661025E+03
  6.513491E-02     6.708441E+03
  6.604194E-02     6.756170E+03
  6.696160E-02     6.804216E+03
  6.789407E-02     6.852580E+03
  6.883952E-02     6.901261E+03
  6.979814E-02     6.950261E+03
  7.077011E-02     6.999582E+03
  7.175561E-02     7.049225E+03
  7.275484E-02     7.099192E+03
  7.376798E-02     7.149484E+03
  7.479523E-02     7.200104E+03
  7.583678E-02     7.251055E+03
  7.689284E-02     7.302339E+03
  7.796360E-02     7.353957E+03
  7.904928E-02     7.405911E+03
  8.015007E-02     7.458202E+03
  8.126619E-02     7.510831E+03
  8.239786E-02     7.563801E+03
  8.354528E-02     7.617114E+03
  8.470868E-02     7.670773E+03
  8.588829E-02     7.724780E+03
  8.708431E-02     7.779139E+03
  8.829700E-02     7.833853E+03
  8.952657E-02     7.888924E+03
  9.077327E-02     7.944355E+03
  9.203732E-02     8.000146E+03
  9.331898E-02     8.056300E+03
  9.461848E-02     8.112821E+03
  9.593608E-02     8.169711E+03
  9.727203E-02     8.226974E+03
  9.862658E-02     8.284614E+03
  1.000000E-01     8.342635E+03
  1.013925E-01     8.401042E+03
  1.028045E-01     8.459836E+03
  1.042361E-01     8.519016E+03
  1.056876E-01     8.578584E+03
  1.071593E-01     8.638540E+03
  1.086516E-01     8.698886E+03
  1.101646E-01     8.759621E+03
  1.116987E-01     8.820748E+03
  1.132541E-01     8.882269E+03
  1.148312E-01     8.944185E+03
  1.164303E-01     9.006498E+03
  1.180517E-01     9.069208E+03
  1.196956E-01     9.132314E+03
  1.213624E-01     9.195817E+03
  1.230524E-01     9.259715E+03
  1.247660E-01     9.324008E+03
  1.265034E-01     9.388696E+03
  1.282650E-01     9.453780E+03
  1.300511E-01     9.519259E+03
  1.318621E-01     9.585135E+03
  1.336984E-01     9.651407E+03
  1.355602E-01     9.718076E+03
  1.374479E-01     9.785142E+03
  1.393619E-01     9.852603E+03
  1.413026E-01     9.920460E+03
  1.432703E-01     9.988712E+03
  1.452654E-01     1.005736E+04
  1.472883E-01     1.012641E+04
  1.493393E-01     1.019585E+04
  1.514189E-01     1.026569E+04
  1.535275E-01     1.033594E+04
  1.556654E-01     1.040658E+04
  1.578331E-01     1.047763E+04
  1.600310E-01     1.054908E+04
  1.622595E-01     1.062093E+04
  1.645191E-01     1.069319E+04
  1.668101E-01     1.076586E+04
  1.691330E-01     1.083894E+04
  1.714882E-01     1.091243E+04
  1.738762E-01     1.098634E+04
  1.762975E-01     1.106066E+04
  1.787526E-01     1.113542E+04
  1.812418E-01     1.121059E+04
  1.837656E-01     1.128620E+04
  1.863246E-01     1.136224E+04
  1.889193E-01     1.143872E+04
  1.915501E-01     1.151564E+04
  1.942175E-01     1.159300E+04
  1.969220E-01     1.167082E+04
  1.996642E-01     1.174909E+04
  2.024447E-01     1.182784E+04
  2.052638E-01     1.190706E+04
  2.081222E-01     1.198675E+04
  2.110203E-01     1.206693E+04
  2.139589E-01     1.214759E+04
  2.169384E-01     1.222875E+04
  2.199593E-01     1.231041E+04
  2.230223E-01     1.239258E+04
  2.261280E-01     1.247527E+04
  2.292769E-01     1.255849E+04
  2.324697E-01     1.264224E+04
  2.357069E-01     1.272654E+04
  2.389893E-01     1.281140E+04
  2.423173E-01     1.289682E+04
  2.456916E-01     1.298282E+04
  2.491130E-01     1.306941E+04
  2.525820E-01     1.315659E+04
  2.560993E-01     1.324439E+04
  2.596656E-01     1.333281E+04
  2.632815E-01     1.342188E+04
  2.669478E-01     1.351160E+04
  2.706652E-01     1.360200E+04
  2.744343E-01     1.369308E+04
  2.782559E-01     1.378483E+04
  2.821308E-01     1.387727E+04
  2.860596E-01     1.397039E+04
  2.900430E-01     1.406421E+04
  2.940820E-01     1.415872E+04
  2.981772E-01     1.425394E+04
  3.023295E-01     1.434986E+04
  3.065395E-01     1.444650E+04
  3.108082E-01     1.454386E+04
  3.151363E-01     1.464194E+04
  3.195248E-01     1.474074E+04
  3.239743E-01     1.484027E+04
  3.284857E-01     1.494051E+04
  3.330600E-01     1.504148E+04
  3.376980E-01     1.514318E+04
  3.424006E-01     1.524560E+04
  3.471687E-01     1.534875E+04
  3.520031E-01     1.545263E+04
  3.569049E-01     1.555725E+04
  3.618750E-01     1.566259E+04
  3.669142E-01     1.576867E+04
  3.720237E-01     1.587548E+04
  3.772042E-01     1.598303E+04
  3.824570E-01     1.609131E+04
  3.877828E-01     1.620034E+04
  3.931829E-01     1.631011E+04
  3.986581E-01     1.642062E+04
  4.042096E-01     1.653188E+04
  4.098384E-01     1.664390E+04
  4.155455E-01     1.675666E+04
  4.213322E-01     1.687018E+04
  4.271994E-01     1.698445E+04
  4.331483E-01     1.709948E+04
  4.391801E-01     1.721527E+04
  4.452959E-01     1.733182E+04
  4.514968E-01     1.744913E+04
  4.577841E-01     1.756721E+04
  4.641589E-01     1.768606E+04
  4.706225E-01     1.780568E+04
  4.771761E-01     1.792607E+04
  4.838210E-01     1.804723E+04
  4.905584E-01     1.816916E+04
  4.973896E-01     1.829185E+04
  5.043159E-01     1.841530E+04
  5.113388E-01     1.853951E+04
  5.184594E-01     1.866448E+04
  5.256791E-01     1.879020E+04
  5.329994E-01     1.891667E+04
  5.404216E-01     1.904390E+04
  5.479472E-01     1.917186E+04
  5.555776E-01     1.930057E+04
  5.633143E-01     1.943000E+04
  5.711586E-01     1.956015E+04
  5.791123E-01     1.969101E+04
  5.871766E-01     1.982258E+04
  5.953533E-01     1.995484E+04
  6.036439E-01     2.008778E+04
  6.120498E-01     2.022140E+04
  6.205729E-01     2.035569E+04
  6.292146E-01     2.049063E+04
  6.379767E-01     2.062621E+04
  6.468608E-01     2.076241E+04
  6.558686E-01     2.089921E+04
  6.650018E-01     2.103659E+04
  6.742622E-01     2.117453E+04
  6.836516E-01     2.131302E+04
  6.931717E-01     2.145203E+04
  7.028244E-01     2.159154E+04
  7.126115E-01     2.173154E+04
  7.225349E-01     2.187199E+04
  7.325965E-01     2.201290E+04
  7.427982E-01     2.215424E+04
  7.531420E-01     2.229599E+04
  7.636298E-01     2.243815E+04
  7.742637E-01     2.258069E+04
  7.850456E-01     2.272361E+04
  7.959777E-01     2.286688E+04
  8.070620E-01     2.301050E+04
  8.183007E-01     2.315444E+04
  8.296959E-01     2.329871E+04
  8.412497E-01     2.344328E+04
  8.529644E-01     2.358816E+04
  8.648423E-01     2.373333E+04
  8.768856E-01     2.387879E+04
  8.890966E-01     2.402454E+04
  9.014776E-01     2.417057E+04
  9.140311E-01     2.431688E+04
  9.267593E-01     2.446347E+04
  9.396648E-01     2.461035E+04
  9.527500E-01     2.475750E+04
  9.660175E-01     2.490490E+04
  9.794697E-01     2.505252E+04
  9.931092E-01     2.520035E+04
  1.006939E+00     2.534836E+04
  1.020961E+00     2.549653E+04
  1.035178E+00     2.564483E+04
  1.049593E+00     2.579324E+04
  1.064209E+00     2.594175E+04
  1.079029E+00     2.609032E+04
  1.094055E+00     2.623893E+04
  1.109290E+00     2.638756E+04
  1.124737E+00     2.653618E+04
  1.140400E+00     2.668475E+04
  1.156280E+00     2.683326E+04
  1.172382E+00     2.698167E+04
  1.188708E+00     2.712995E+04
  1.205261E+00     2.727808E+04
  1.222045E+00     2.742604E+04
  1.239062E+00     2.757378E+04
  1.256317E+00     2.772130E+04
  1.273811E+00     2.786856E+04
  1.291550E+00     2.801554E+04
  1.309535E+00     2.816221E+04
  1.327771E+00     2.830855E+04
  1.346261E+00     2.845453E+04
  1.365008E+00     2.860015E+04
  1.384016E+00     2.874537E+04
  1.403289E+00     2.889018E+04
  1.422830E+00     2.903456E+04
  1.442644E+00     2.917850E+04
  1.462733E+00     2.932196E+04
  1.483103E+00     2.946491E+04
  1.503755E+00     2.960733E+04
  1.524696E+00     2.974920E+04
  1.545928E+00     2.989047E+04
  1.567455E+00     3.003114E+04
  1.589283E+00     3.017117E+04
  1.611414E+00     3.031056E+04
  1.633854E+00     3.044927E+04
  1.656606E+00     3.058728E+04
  1.679675E+00     3.072458E+04
  1.703065E+00     3.086112E+04
  1.726781E+00     3.099688E+04
  1.750827E+00     3.113184E+04
  1.775208E+00     3.126597E+04
  1.799929E+00     3.139924E+04
  1.824993E+00     3.153164E+04
  1.850407E+00     3.166315E+04
  1.876175E+00     3.179375E+04
  1.902301E+00     3.192342E+04
  1.928792E+00     3.205215E+04
  1.955651E+00     3.217989E+04
  1.982884E+00     3.230662E+04
  2.010496E+00     3.243232E+04
  2.038493E+00     3.255697E+04
  2.066880E+00     3.268054E+04
  2.095662E+00     3.280302E+04
  2.124845E+00     3.292440E+04
  2.154435E+00     3.304466E+04
  2.184436E+00     3.316379E+04
  2.214855E+00     3.328178E+04
  2.245698E+00     3.339858E+04
  2.276970E+00     3.351418E+04
  2.308678E+00     3.362855E+04
  2.340827E+00     3.374168E+04
  2.373424E+00     3.385354E+04
  2.406475E+00     3.396413E+04
  2.439986E+00     3.407343E+04
  2.473964E+00     3.418143E+04
  2.508415E+00     3.428814E+04
  2.543346E+00     3.439352E+04
  2.578763E+00     3.449755E+04
  2.614673E+00     3.460020E+04
  2.651084E+00     3.470146E+04
  2.688001E+00     3.480130E+04
  2.725433E+00     3.489970E+04
  2.763385E+00     3.499667E+04
  2.801867E+00     3.509218E+04
  2.840884E+00     3.518622E+04
  2.880444E+00     3.527881E+04
  2.920556E+00     3.536991E+04
  2.961225E+00     3.545950E+04
  3.002462E+00     3.554757E+04
  3.044272E+00     3.563408E+04
  3.086665E+00     3.571902E+04
  3.129648E+00     3.580239E+04
  3.173230E+00     3.588416E+04
  3.217418E+00     3.596433E+04
  3.262222E+00     3.604290E+04
  3.307650E+00     3.611988E+04
  3.353710E+00     3.619525E+04
  3.400412E+00     3.626898E+04
  3.447764E+00     3.634105E+04
  3.495776E+00     3.641145E+04
  3.544456E+00     3.648016E+04
  3.593814E+00     3.654718E+04
  3.643859E+00     3.661249E+04
  3.694601E+00     3.667610E+04
  3.746050E+00     3.673801E+04
  3.798215E+00     3.679822E+04
  3.851107E+00     3.685672E+04
  3.904735E+00     3.691351E+04
  3.959110E+00     3.696855E+04
  4.014242E+00     3.702185E+04
  4.070142E+00     3.707339E+04
  4.126821E+00     3.712316E+04
  4.184289E+00     3.717117E+04
  4.242556E+00     3.721743E+04
  4.301636E+00     3.726193E+04
  4.361538E+00     3.730470E+04
  4.422274E+00     3.734574E+04
  4.483856E+00     3.738503E+04
  4.546295E+00     3.742257E+04
  4.609604E+00     3.745834E+04
  4.673795E+00     3.749236E+04
  4.738880E+00     3.752461E+04
  4.804870E+00     3.755511E+04
  4.871780E+00     3.758388E+04
  4.939622E+00     3.761092E+04
  5.008408E+00     3.763626E+04
  5.078152E+00     3.765992E+04
  5.148867E+00     3.768187E+04
  5.220568E+00     3.770213E+04
  5.293266E+00     3.772069E+04
  5.366977E+00     3.773754E+04
  5.441714E+00     3.775271E+04
  5.517492E+00     3.776619E+04
  5.594326E+00     3.777801E+04
  5.672229E+00     3.778818E+04
  5.751217E+00     3.779674E+04
  5.831305E+00     3.780369E+04
  5.912508E+00     3.780905E+04
  5.994843E+00     3.781280E+04
  6.078323E+00     3.781494E+04
  6.162966E+00     3.781548E+04
  6.248788E+00     3.781444E+04
  6.335805E+00     3.781182E+04
  6.424034E+00     3.780764E+04
  6.513491E+00     3.780192E+04
  6.604194E+00     3.779469E+04
  6.696160E+00     3.778598E+04
  6.789407E+00     3.777578E+04
  6.883952E+00     3.776409E+04
  6.979814E+00     3.775092E+04
  7.077011E+00     3.773628E+04
  7.175561E+00     3.772017E+04
  7.275484E+00     3.770261E+04
  7.376798E+00     3.768362E+04
  7.479523E+00     3.766322E+04
  7.583678E+00     3.764145E+04
  7.689284E+00     3.761831E+04
  7.796360E+00     3.759382E+04
  7.904928E+00     3.756798E+04
  8.015007E+00     3.754078E+04
  8.126619E+00     3.751223E+04
  8.239786E+00     3.748234E+04
  8.354528E+00     3.745112E+04
  8.470868E+00     3.741858E+04
  8.588829E+00     3.738473E+04
  8.708431E+00     3.734961E+04
  8.829700E+00     3.731323E+04
  8.952657E+00     3.727559E+04
  9.077327E+00     3.723669E+04
  9.203732E+00     3.719653E+04
  9.331898E+00     3.715512E+04
  9.461848E+00     3.711245E+04
  9.593608E+00     3.706855E+04
  9.727203E+00     3.702341E+04
  9.862658E+00     3.697706E+04
  1.000000E+01     3.692951E+04
  1.013925E+01     3.688078E+04
  1.028045E+01     3.683086E+04
  1.042361E+01     3.677976E+04
  1.056876E+01     3.672748E+04
  1.071593E+01     3.667402E+04
  1.086516E+01     3.661938E+04
  1.101646E+01     3.656357E+04
  1.116987E+01     3.650660E+04
  1.132541E+01     3.644847E+04
  1.148312E+01     3.638921E+04
  1.164303E+01     3.632882E+04
  1.180517E+01     3.626730E+04
  1.196956E+01     3.620466E+04
  1.213624E+01     3.614090E+04
  1.230524E+01     3.607602E+04
  1.247660E+01     3.601002E+04
  1.265034E+01     3.594291E+04
  1.282650E+01     3.587470E+04
  1.300511E+01     3.580540E+04
  1.318621E+01     3.573502E+04
  1.336984E+01     3.566358E+04
  1.355602E+01     3.559107E+04
  1.374479E+01     3.551749E+04
  1.393619E+01     3.544286E+04
  1.413026E+01     3.536716E+04
  1.432703E+01     3.529040E+04
  1.452654E+01     3.521259E+04
  1.472883E+01     3.513373E+04
  1.493393E+01     3.505383E+04
  1.514189E+01     3.497290E+04
  1.535275E+01     3.489094E+04
  1.556654E+01     3.480796E+04
  1.578331E+01     3.472396E+04
  1.600310E+01     3.463894E+04
  1.622595E+01     3.455291E+04
  1.645191E+01     3.446587E+04
  1.668101E+01     3.437782E+04
  1.691330E+01     3.428877E+04
  1.714882E+01     3.419873E+04
  1.738762E+01     3.410770E+04
  1.762975E+01     3.401570E+04
  1.787526E+01     3.392273E+04
  1.812418E+01     3.382879E+04
  1.837656E+01     3.373389E+04
  1.863246E+01     3.363803E+04
  1.889193E+01     3.354121E+04
  1.915501E+01     3.344344E+04
  1.942175E+01     3.334474E+04
  1.969220E+01     3.324510E+04
  1.996642E+01     3.314454E+04
  2.024447E+01     3.304306E+04
  2.052638E+01     3.294068E+04
  2.081222E+01     3.283739E+04
  2.110203E+01     3.273321E+04
  2.139589E+01     3.262813E+04
  2.169384E+01     3.252218E+04
  2.199593E+01     3.241534E+04
  2.230223E+01     3.230763E+04
  2.261280E+01     3.219907E+04
  2.292769E+01     3.208965E+04
  2.324697E+01     3.197939E+04
  2.357069E+01     3.186829E+04
  2.389893E+01     3.175637E+04
  2.423173E+01     3.164364E+04
  2.456916E+01     3.153008E+04
  2.491130E+01     3.141572E+04
  2.525820E+01     3.130057E+04
  2.560993E+01     3.118462E+04
  2.596656E+01     3.106790E+04
  2.632815E+01     3.095040E+04
  2.669478E+01     3.083214E+04
  2.706652E+01     3.071313E+04
  2.744343E+01     3.059338E+04
  2.782559E+01     3.047290E+04
  2.821308E+01     3.035169E+04
  2.860596E+01     3.022977E+04
  2.900430E+01     3.010715E+04
  2.940820E+01     2.998384E+04
  2.981772E+01     2.985986E+04
  3.023295E+01     2.973520E+04
  3.065395E+01     2.960989E+04
  3.108082E+01     2.948394E+04
  3.151363E+01     2.935736E+04
  3.195248E+01     2.923016E+04
  3.239743E+01     2.910236E+04
  3.284857E+01     2.897395E+04
  3.330600E+01     2.884497E+04
  3.376980E+01     2.871541E+04
  3.424006E+01     2.858529E+04
  3.471687E+01     2.845462E+04
  3.520031E+01     2.832341E+04
  3.569049E+01     2.819169E+04
  3.618750E+01     2.805945E+04
  3.669142E+01     2.792670E+04
  3.720237E+01     2.779346E+04
  3.772042E+01     2.765974E+04
  3.824570E+01     2.752555E+04
  3.877828E+01     2.739089E+04
  3.931829E+01     2.725577E+04
  3.986581E+01     2.712020E+04
  4.042096E+01     2.698419E+04
  4.098384E+01     2.684775E+04
  4.155455E+01     2.671090E+04
  4.213322E+01     2.657365E+04
  4.271994E+01     2.643602E+04
  4.331483E+01     2.629805E+04
  4.391801E+01     2.615973E+04
  4.452959E+01     2.602111E+04
  4.514968E+01     2.588219E+04
  4.577841E+01     2.574300E+04
  4.641589E+01     2.560356E+04
  4.706225E+01     2.546389E+04
  4.771761E+01     2.532401E+04
  4.838210E+01     2.518393E+04
  4.905584E+01     2.504367E+04
  4.973896E+01     2.490325E+04
  5.043159E+01     2.476268E+04
  5.113388E+01     2.462198E+04
  5.184594E+01     2.448115E+04
  5.256791E+01     2.434021E+04
  5.329994E+01     2.419918E+04
  5.404216E+01     2.405807E+04
  5.479472E+01     2.391688E+04
  5.555776E+01     2.377563E+04
  5.633143E+01     2.363434E+04
  5.711586E+01     2.349301E+04
  5.791123E+01     2.335166E+04
  5.871766E+01     2.321030E+04
  5.953533E+01     2.306894E+04
  6.036439E+01     2.292757E+04
  6.120498E+01     2.278621E+04
  6.205729E+01     2.264486E+04
  6.292146E+01     2.250354E+04
  6.379767E+01     2.236227E+04
  6.468608E+01     2.222107E+04
  6.558686E+01     2.207997E+04
  6.650018E+01     2.193900E+04
  6.742622E+01     2.179816E+04
  6.836516E+01     2.165748E+04
  6.931717E+01     2.151699E+04
  7.028244E+01     2.137669E+04
  7.126115E+01     2.123662E+04
  7.225349E+01     2.109678E+04
  7.325965E+01     2.095719E+04
  7.427982E+01     2.081787E+04
  7.531420E+01     2.067884E+04
  7.636298E+01     2.054011E+04
  7.742637E+01     2.040168E+04
  7.850456E+01     2.026357E+04
  7.959777E+01     2.012578E+04
  8.070620E+01     1.998832E+04
  8.183007E+01     1.985120E+04
  8.296959E+01     1.971441E+04
  8.412497E+01     1.957800E+04
  8.529644E+01     1.944197E+04
  8.648423E+01     1.930636E+04
  8.768856E+01     1.917117E+04
  8.890966E+01     1.903642E+04
  9.014776E+01     1.890214E+04
  9.140311E+01     1.876834E+04
  9.267593E+01     1.863502E+04
  9.396648E+01     1.850220E+04
  9.527500E+01     1.836988E+04
  9.660175E+01     1.823810E+04
  9.794697E+01     1.810686E+04
  9.931092E+01     1.797618E+04
  1.006939E+02     1.784607E+04
  1.020961E+02     1.771654E+04
  1.035178E+02     1.758760E+04
  1.049593E+02     1.745925E+04
  1.064209E+02     1.733149E+04
  1.079029E+02     1.720433E+04
  1.094055E+02     1.707776E+04
  1.109290E+02     1.695181E+04
  1.124737E+02     1.682649E+04
  1.140400E+02     1.670183E+04
  1.156280E+02     1.657783E+04
  1.172382E+02     1.645452E+04
  1.188708E+02     1.633189E+04
  1.205261E+02     1.620996E+04
  1.222045E+02     1.608872E+04
  1.239062E+02     1.596819E+04
  1.256317E+02     1.584836E+04
  1.273811E+02     1.572926E+04
  1.291550E+02     1.561090E+04
  1.309535E+02     1.549329E+04
  1.327771E+02     1.537645E+04
  1.346261E+02     1.526037E+04
  1.365008E+02     1.514508E+04
  1.384016E+02     1.503056E+04
  1.403289E+02     1.491683E+04
  1.422830E+02     1.480387E+04
  1.442644E+02     1.469168E+04
  1.462733E+02     1.458029E+04
  1.483103E+02     1.446970E+04
  1.503755E+02     1.435992E+04
  1.524696E+02     1.425097E+04
  1.545928E+02     1.414286E+04
  1.567455E+02     1.403558E+04
  1.589283E+02     1.392913E+04
  1.611414E+02     1.382352E+04
  1.633854E+02     1.371873E+04
  1.656606E+02     1.361476E+04
  1.679675E+02     1.351162E+04
  1.703065E+02     1.340933E+04
  1.726781E+02     1.330789E+04
  1.750827E+02     1.320732E+04
  1.775208E+02     1.310761E+04
  1.799929E+02     1.300876E+04
  1.824993E+02     1.291077E+04
  1.850407E+02     1.281364E+04
  1.876175E+02     1.271736E+04
  1.902301E+02     1.262191E+04
  1.928792E+02     1.252730E+04
  1.955651E+02     1.243355E+04
  1.982884E+02     1.234067E+04
  2.010496E+02     1.224866E+04
  2.038493E+02     1.215753E+04
  2.066880E+02     1.206727E+04
  2.095662E+02     1.197788E+04
  2.124845E+02     1.188936E+04
  2.154435E+02     1.180170E+04
  2.184436E+02     1.171488E+04
  2.214855E+02     1.162891E+04
  2.245698E+02     1.154381E+04
  2.276970E+02     1.145957E+04
  2.308678E+02     1.137621E+04
  2.340827E+02     1.129372E+04
  2.373424E+02     1.121210E+04
  2.406475E+02     1.113135E+04
  2.439986E+02     1.105146E+04
  2.473964E+02     1.097242E+04
  2.508415E+02     1.089421E+04
  2.543346E+02     1.081683E+04
  2.578763E+02     1.074030E+04
  2.614673E+02     1.066462E+04
  2.651084E+02     1.058979E+04
  2.688001E+02     1.051581E+04
  2.725433E+02     1.044268E+04
  2.763385E+02     1.037038E+04
  2.801867E+02     1.029892E+04
  2.840884E+02     1.022828E+04
  2.880444E+02     1.015843E+04
  2.920556E+02     1.008939E+04
  2.961225E+02     1.002115E+04
  3.002462E+02     9.953727E+03
  3.044272E+02     9.887114E+03
  3.086665E+02     9.821312E+03
  3.129648E+02     9.756318E+03
  3.173230E+02     9.692123E+03
  3.217418E+02     9.628718E+03
  3.262222E+02     9.566087E+03
  3.307650E+02     9.504214E+03
  3.353710E+02     9.443096E+03
  3.400412E+02     9.382741E+03
  3.447764E+02     9.323151E+03
  3.495776E+02     9.264327E+03
  3.544456E+02     9.206269E+03
  3.593814E+02     9.148972E+03
  3.643859E+02     9.092430E+03
  3.694601E+02     9.036632E+03
  3.746050E+02     8.981564E+03
  3.798215E+02     8.927211E+03
  3.851107E+02     8.873568E+03
  3.904735E+02     8.820641E+03
  3.959110E+02     8.768431E+03
  4.014242E+02     8.716939E+03
  4.070142E+02     8.666163E+03
  4.126821E+02     8.616099E+03
  4.184289E+02     8.566739E+03
  4.242556E+02     8.518073E+03
  4.301636E+02     8.470088E+03
  4.361538E+02     8.422766E+03
  4.422274E+02     8.376103E+03
  4.483856E+02     8.330101E+03
  4.546295E+02     8.284762E+03
  4.609604E+02     8.240087E+03
  4.673795E+02     8.196072E+03
  4.738880E+02     8.152713E+03
  4.804870E+02     8.110003E+03
  4.871780E+02     8.067931E+03
  4.939622E+02     8.026485E+03
  5.008408E+02     7.985649E+03
  5.078152E+02     7.945414E+03
  5.148867E+02     7.905784E+03
  5.220568E+02     7.866759E+03
  5.293266E+02     7.828339E+03
  5.366977E+02     7.790521E+03
  5.441714E+02     7.753302E+03
  5.517492E+02     7.716673E+03
  5.594326E+02     7.680625E+03
  5.672229E+02     7.645146E+03
  5.751217E+02     7.610221E+03
  5.831305E+02     7.575841E+03
  5.912508E+02     7.542007E+03
  5.994843E+02     7.508721E+03
  6.078323E+02     7.475983E+03
  6.162966E+02     7.443789E+03
  6.248788E+02     7.412136E+03
  6.335805E+02     7.381018E+03
  6.424034E+02     7.350425E+03
  6.513491E+02     7.320347E+03
  6.604194E+02     7.290770E+03
  6.696160E+02     7.261684E+03
  6.789407E+02     7.233088E+03
  6.883952E+02     7.204981E+03
  6.979814E+02     7.177358E+03
  7.077011E+02     7.150216E+03
  7.175561E+02     7.123546E+03
  7.275484E+02     7.097340E+03
  7.376798E+02     7.071587E+03
  7.479523E+02     7.046272E+03
  7.583678E+02     7.021380E+03
  7.689284E+02     6.996898E+03
  7.796360E+02     6.972836E+03
  7.904928E+02     6.949200E+03
  8.015007E+02     6.925999E+03
  8.126619E+02     6.903241E+03
  8.239786E+02     6.880933E+03
  8.354528E+02     6.859082E+03
  8.470868E+02     6.837691E+03
  8.588829E+02     6.816767E+03
  8.708431E+02     6.796312E+03
  8.829700E+02     6.776319E+03
  8.952657E+02     6.756749E+03
  9.077327E+02     6.737551E+03
  9.203732E+02     6.718669E+03
  9.331898E+02     6.700043E+03
  9.461848E+02     6.681604E+03
  9.593608E+02     6.663278E+03
  9.727203E+02     6.644983E+03
  9.862658E+02     6.626632E+03
  1.000000E+03     6.608128E+03
