FILE CREATED BY  : PROGRAM DPASS - VERSION 2.00
DATABASE VERSION : 21.06
DATE AND TIME    : 10/08/2022 01:03:15
PROJECTILE       : Bi
TARGET           : Ta
TARGET AT. MASS  : 1.809479E+02
TARGET DENSITY   : 1.665000E+01 g/cm^3
TABULATED OUTPUT : STOPPING FORCE VERSUS ENERGY
DATA TYPE        : SPLINE INTERPOLATED
ABSCISSA UNITS   : MeV/u
ORDINATE UNITS   : eV/nm


      E/n             S(E/n)

  1.000000E-03     1.773889E+03
  1.013925E-03     1.785930E+03
  1.028045E-03     1.798131E+03
  1.042361E-03     1.810484E+03
  1.056876E-03     1.822981E+03
  1.071593E-03     1.835615E+03
  1.086516E-03     1.848376E+03
  1.101646E-03     1.861255E+03
  1.116987E-03     1.874239E+03
  1.132541E-03     1.887318E+03
  1.148312E-03     1.900479E+03
  1.164303E-03     1.913709E+03
  1.180517E-03     1.927007E+03
  1.196956E-03     1.940377E+03
  1.213624E-03     1.953822E+03
  1.230524E-03     1.967344E+03
  1.247660E-03     1.980948E+03
  1.265034E-03     1.994639E+03
  1.282650E-03     2.008420E+03
  1.300511E-03     2.022296E+03
  1.318621E-03     2.036274E+03
  1.336984E-03     2.050358E+03
  1.355602E-03     2.064550E+03
  1.374479E-03     2.078850E+03
  1.393619E-03     2.093257E+03
  1.413026E-03     2.107771E+03
  1.432703E-03     2.122391E+03
  1.452654E-03     2.137118E+03
  1.472883E-03     2.151949E+03
  1.493393E-03     2.166886E+03
  1.514189E-03     2.181926E+03
  1.535275E-03     2.197071E+03
  1.556654E-03     2.212320E+03
  1.578331E-03     2.227673E+03
  1.600310E-03     2.243133E+03
  1.622595E-03     2.258699E+03
  1.645191E-03     2.274373E+03
  1.668101E-03     2.290156E+03
  1.691330E-03     2.306050E+03
  1.714882E-03     2.322055E+03
  1.738762E-03     2.338174E+03
  1.762975E-03     2.354409E+03
  1.787526E-03     2.370760E+03
  1.812418E-03     2.387227E+03
  1.837656E-03     2.403811E+03
  1.863246E-03     2.420513E+03
  1.889193E-03     2.437333E+03
  1.915501E-03     2.454271E+03
  1.942175E-03     2.471329E+03
  1.969220E-03     2.488506E+03
  1.996642E-03     2.505804E+03
  2.024447E-03     2.523223E+03
  2.052638E-03     2.540765E+03
  2.081222E-03     2.558431E+03
  2.110203E-03     2.576222E+03
  2.139589E-03     2.594139E+03
  2.169384E-03     2.612184E+03
  2.199593E-03     2.630359E+03
  2.230223E-03     2.648666E+03
  2.261280E-03     2.667106E+03
  2.292769E-03     2.685682E+03
  2.324697E-03     2.704397E+03
  2.357069E-03     2.723251E+03
  2.389893E-03     2.742244E+03
  2.423173E-03     2.761376E+03
  2.456916E-03     2.780644E+03
  2.491130E-03     2.800049E+03
  2.525820E-03     2.819590E+03
  2.560993E-03     2.839265E+03
  2.596656E-03     2.859074E+03
  2.632815E-03     2.879015E+03
  2.669478E-03     2.899088E+03
  2.706652E-03     2.919293E+03
  2.744343E-03     2.939631E+03
  2.782559E-03     2.960105E+03
  2.821308E-03     2.980718E+03
  2.860596E-03     3.001471E+03
  2.900430E-03     3.022369E+03
  2.940820E-03     3.043414E+03
  2.981772E-03     3.064610E+03
  3.023295E-03     3.085961E+03
  3.065395E-03     3.107471E+03
  3.108082E-03     3.129144E+03
  3.151363E-03     3.150980E+03
  3.195248E-03     3.172978E+03
  3.239743E-03     3.195139E+03
  3.284857E-03     3.217463E+03
  3.330600E-03     3.239949E+03
  3.376980E-03     3.262598E+03
  3.424006E-03     3.285410E+03
  3.471687E-03     3.308384E+03
  3.520031E-03     3.331522E+03
  3.569049E-03     3.354823E+03
  3.618750E-03     3.378288E+03
  3.669142E-03     3.401919E+03
  3.720237E-03     3.425717E+03
  3.772042E-03     3.449684E+03
  3.824570E-03     3.473820E+03
  3.877828E-03     3.498129E+03
  3.931829E-03     3.522611E+03
  3.986581E-03     3.547270E+03
  4.042096E-03     3.572107E+03
  4.098384E-03     3.597125E+03
  4.155455E-03     3.622324E+03
  4.213322E-03     3.647705E+03
  4.271994E-03     3.673269E+03
  4.331483E-03     3.699017E+03
  4.391801E-03     3.724948E+03
  4.452959E-03     3.751065E+03
  4.514968E-03     3.777367E+03
  4.577841E-03     3.803857E+03
  4.641589E-03     3.830534E+03
  4.706225E-03     3.857402E+03
  4.771761E-03     3.884460E+03
  4.838210E-03     3.911712E+03
  4.905584E-03     3.939158E+03
  4.973896E-03     3.966801E+03
  5.043159E-03     3.994644E+03
  5.113388E-03     4.022688E+03
  5.184594E-03     4.050937E+03
  5.256791E-03     4.079393E+03
  5.329994E-03     4.108060E+03
  5.404216E-03     4.136941E+03
  5.479472E-03     4.166037E+03
  5.555776E-03     4.195348E+03
  5.633143E-03     4.224875E+03
  5.711586E-03     4.254619E+03
  5.791123E-03     4.284580E+03
  5.871766E-03     4.314759E+03
  5.953533E-03     4.345156E+03
  6.036439E-03     4.375772E+03
  6.120498E-03     4.406609E+03
  6.205729E-03     4.437667E+03
  6.292146E-03     4.468947E+03
  6.379767E-03     4.500451E+03
  6.468608E-03     4.532182E+03
  6.558686E-03     4.564140E+03
  6.650018E-03     4.596329E+03
  6.742622E-03     4.628749E+03
  6.836516E-03     4.661405E+03
  6.931717E-03     4.694298E+03
  7.028244E-03     4.727433E+03
  7.126115E-03     4.760811E+03
  7.225349E-03     4.794435E+03
  7.325965E-03     4.828306E+03
  7.427982E-03     4.862426E+03
  7.531420E-03     4.896795E+03
  7.636298E-03     4.931416E+03
  7.742637E-03     4.966291E+03
  7.850456E-03     5.001420E+03
  7.959777E-03     5.036807E+03
  8.070620E-03     5.072454E+03
  8.183007E-03     5.108363E+03
  8.296959E-03     5.144536E+03
  8.412497E-03     5.180974E+03
  8.529644E-03     5.217680E+03
  8.648423E-03     5.254655E+03
  8.768856E-03     5.291901E+03
  8.890966E-03     5.329420E+03
  9.014776E-03     5.367214E+03
  9.140311E-03     5.405287E+03
  9.267593E-03     5.443640E+03
  9.396648E-03     5.482278E+03
  9.527500E-03     5.521202E+03
  9.660175E-03     5.560414E+03
  9.794697E-03     5.599916E+03
  9.931092E-03     5.639709E+03
  1.006939E-02     5.679795E+03
  1.020961E-02     5.720177E+03
  1.035178E-02     5.760857E+03
  1.049593E-02     5.801839E+03
  1.064209E-02     5.843123E+03
  1.079029E-02     5.884715E+03
  1.094055E-02     5.926616E+03
  1.109290E-02     5.968828E+03
  1.124737E-02     6.011353E+03
  1.140400E-02     6.054192E+03
  1.156280E-02     6.097349E+03
  1.172382E-02     6.140826E+03
  1.188708E-02     6.184624E+03
  1.205261E-02     6.228747E+03
  1.222045E-02     6.273199E+03
  1.239062E-02     6.317982E+03
  1.256317E-02     6.363099E+03
  1.273811E-02     6.408552E+03
  1.291550E-02     6.454344E+03
  1.309535E-02     6.500476E+03
  1.327771E-02     6.546952E+03
  1.346261E-02     6.593773E+03
  1.365008E-02     6.640943E+03
  1.384016E-02     6.688465E+03
  1.403289E-02     6.736342E+03
  1.422830E-02     6.784579E+03
  1.442644E-02     6.833178E+03
  1.462733E-02     6.882142E+03
  1.483103E-02     6.931471E+03
  1.503755E-02     6.981169E+03
  1.524696E-02     7.031236E+03
  1.545928E-02     7.081677E+03
  1.567455E-02     7.132492E+03
  1.589283E-02     7.183686E+03
  1.611414E-02     7.235260E+03
  1.633854E-02     7.287219E+03
  1.656606E-02     7.339565E+03
  1.679675E-02     7.392302E+03
  1.703065E-02     7.445432E+03
  1.726781E-02     7.498959E+03
  1.750827E-02     7.552885E+03
  1.775208E-02     7.607215E+03
  1.799929E-02     7.661953E+03
  1.824993E-02     7.717104E+03
  1.850407E-02     7.772671E+03
  1.876175E-02     7.828661E+03
  1.902301E-02     7.885078E+03
  1.928792E-02     7.941924E+03
  1.955651E-02     7.999202E+03
  1.982884E-02     8.056912E+03
  2.010496E-02     8.115057E+03
  2.038493E-02     8.173640E+03
  2.066880E-02     8.232662E+03
  2.095662E-02     8.292126E+03
  2.124845E-02     8.352036E+03
  2.154435E-02     8.412394E+03
  2.184436E-02     8.473204E+03
  2.214855E-02     8.534468E+03
  2.245698E-02     8.596188E+03
  2.276970E-02     8.658369E+03
  2.308678E-02     8.721011E+03
  2.340827E-02     8.784120E+03
  2.373424E-02     8.847698E+03
  2.406475E-02     8.911749E+03
  2.439986E-02     8.976278E+03
  2.473964E-02     9.041290E+03
  2.508415E-02     9.106789E+03
  2.543346E-02     9.172778E+03
  2.578763E-02     9.239261E+03
  2.614673E-02     9.306239E+03
  2.651084E-02     9.373716E+03
  2.688001E-02     9.441696E+03
  2.725433E-02     9.510183E+03
  2.763385E-02     9.579180E+03
  2.801867E-02     9.648692E+03
  2.840884E-02     9.718724E+03
  2.880444E-02     9.789281E+03
  2.920556E-02     9.860366E+03
  2.961225E-02     9.931982E+03
  3.002462E-02     1.000413E+04
  3.044272E-02     1.007682E+04
  3.086665E-02     1.015004E+04
  3.129648E-02     1.022381E+04
  3.173230E-02     1.029813E+04
  3.217418E-02     1.037299E+04
  3.262222E-02     1.044842E+04
  3.307650E-02     1.052440E+04
  3.353710E-02     1.060094E+04
  3.400412E-02     1.067806E+04
  3.447764E-02     1.075574E+04
  3.495776E-02     1.083399E+04
  3.544456E-02     1.091281E+04
  3.593814E-02     1.099221E+04
  3.643859E-02     1.107220E+04
  3.694601E-02     1.115276E+04
  3.746050E-02     1.123392E+04
  3.798215E-02     1.131567E+04
  3.851107E-02     1.139801E+04
  3.904735E-02     1.148096E+04
  3.959110E-02     1.156451E+04
  4.014242E-02     1.164868E+04
  4.070142E-02     1.173347E+04
  4.126821E-02     1.181888E+04
  4.184289E-02     1.190492E+04
  4.242556E-02     1.199160E+04
  4.301636E-02     1.207892E+04
  4.361538E-02     1.216691E+04
  4.422274E-02     1.225554E+04
  4.483856E-02     1.234483E+04
  4.546295E-02     1.243477E+04
  4.609604E-02     1.252534E+04
  4.673795E-02     1.261653E+04
  4.738880E-02     1.270835E+04
  4.804870E-02     1.280078E+04
  4.871780E-02     1.289380E+04
  4.939622E-02     1.298742E+04
  5.008408E-02     1.308161E+04
  5.078152E-02     1.317639E+04
  5.148867E-02     1.327177E+04
  5.220568E-02     1.336777E+04
  5.293266E-02     1.346443E+04
  5.366977E-02     1.356177E+04
  5.441714E-02     1.365982E+04
  5.517492E-02     1.375862E+04
  5.594326E-02     1.385820E+04
  5.672229E-02     1.395860E+04
  5.751217E-02     1.405987E+04
  5.831305E-02     1.416202E+04
  5.912508E-02     1.426505E+04
  5.994843E-02     1.436892E+04
  6.078323E-02     1.447363E+04
  6.162966E-02     1.457914E+04
  6.248788E-02     1.468544E+04
  6.335805E-02     1.479249E+04
  6.424034E-02     1.490026E+04
  6.513491E-02     1.500873E+04
  6.604194E-02     1.511786E+04
  6.696160E-02     1.522763E+04
  6.789407E-02     1.533805E+04
  6.883952E-02     1.544913E+04
  6.979814E-02     1.556089E+04
  7.077011E-02     1.567334E+04
  7.175561E-02     1.578651E+04
  7.275484E-02     1.590042E+04
  7.376798E-02     1.601509E+04
  7.479523E-02     1.613054E+04
  7.583678E-02     1.624680E+04
  7.689284E-02     1.636390E+04
  7.796360E-02     1.648184E+04
  7.904928E-02     1.660061E+04
  8.015007E-02     1.672022E+04
  8.126619E-02     1.684067E+04
  8.239786E-02     1.696195E+04
  8.354528E-02     1.708408E+04
  8.470868E-02     1.720704E+04
  8.588829E-02     1.733084E+04
  8.708431E-02     1.745548E+04
  8.829700E-02     1.758096E+04
  8.952657E-02     1.770729E+04
  9.077327E-02     1.783447E+04
  9.203732E-02     1.796250E+04
  9.331898E-02     1.809140E+04
  9.461848E-02     1.822115E+04
  9.593608E-02     1.835178E+04
  9.727203E-02     1.848329E+04
  9.862658E-02     1.861569E+04
  1.000000E-01     1.874899E+04
  1.013925E-01     1.888319E+04
  1.028045E-01     1.901830E+04
  1.042361E-01     1.915431E+04
  1.056876E-01     1.929124E+04
  1.071593E-01     1.942907E+04
  1.086516E-01     1.956781E+04
  1.101646E-01     1.970747E+04
  1.116987E-01     1.984804E+04
  1.132541E-01     1.998952E+04
  1.148312E-01     2.013193E+04
  1.164303E-01     2.027525E+04
  1.180517E-01     2.041950E+04
  1.196956E-01     2.056468E+04
  1.213624E-01     2.071077E+04
  1.230524E-01     2.085780E+04
  1.247660E-01     2.100575E+04
  1.265034E-01     2.115464E+04
  1.282650E-01     2.130446E+04
  1.300511E-01     2.145522E+04
  1.318621E-01     2.160692E+04
  1.336984E-01     2.175957E+04
  1.355602E-01     2.191318E+04
  1.374479E-01     2.206773E+04
  1.393619E-01     2.222323E+04
  1.413026E-01     2.237969E+04
  1.432703E-01     2.253711E+04
  1.452654E-01     2.269549E+04
  1.472883E-01     2.285483E+04
  1.493393E-01     2.301514E+04
  1.514189E-01     2.317643E+04
  1.535275E-01     2.333869E+04
  1.556654E-01     2.350195E+04
  1.578331E-01     2.366619E+04
  1.600310E-01     2.383142E+04
  1.622595E-01     2.399765E+04
  1.645191E-01     2.416489E+04
  1.668101E-01     2.433313E+04
  1.691330E-01     2.450239E+04
  1.714882E-01     2.467268E+04
  1.738762E-01     2.484400E+04
  1.762975E-01     2.501637E+04
  1.787526E-01     2.518980E+04
  1.812418E-01     2.536429E+04
  1.837656E-01     2.553984E+04
  1.863246E-01     2.571647E+04
  1.889193E-01     2.589417E+04
  1.915501E-01     2.607298E+04
  1.942175E-01     2.625288E+04
  1.969220E-01     2.643389E+04
  1.996642E-01     2.661604E+04
  2.024447E-01     2.679933E+04
  2.052638E-01     2.698378E+04
  2.081222E-01     2.716938E+04
  2.110203E-01     2.735617E+04
  2.139589E-01     2.754413E+04
  2.169384E-01     2.773330E+04
  2.199593E-01     2.792367E+04
  2.230223E-01     2.811527E+04
  2.261280E-01     2.830811E+04
  2.292769E-01     2.850221E+04
  2.324697E-01     2.869760E+04
  2.357069E-01     2.889428E+04
  2.389893E-01     2.909228E+04
  2.423173E-01     2.929159E+04
  2.456916E-01     2.949223E+04
  2.491130E-01     2.969423E+04
  2.525820E-01     2.989758E+04
  2.560993E-01     3.010231E+04
  2.596656E-01     3.030845E+04
  2.632815E-01     3.051600E+04
  2.669478E-01     3.072499E+04
  2.706652E-01     3.093545E+04
  2.744343E-01     3.114738E+04
  2.782559E-01     3.136081E+04
  2.821308E-01     3.157574E+04
  2.860596E-01     3.179221E+04
  2.900430E-01     3.201024E+04
  2.940820E-01     3.222984E+04
  2.981772E-01     3.245104E+04
  3.023295E-01     3.267387E+04
  3.065395E-01     3.289835E+04
  3.108082E-01     3.312453E+04
  3.151363E-01     3.335240E+04
  3.195248E-01     3.358198E+04
  3.239743E-01     3.381328E+04
  3.284857E-01     3.404632E+04
  3.330600E-01     3.428110E+04
  3.376980E-01     3.451766E+04
  3.424006E-01     3.475599E+04
  3.471687E-01     3.499613E+04
  3.520031E-01     3.523809E+04
  3.569049E-01     3.548189E+04
  3.618750E-01     3.572753E+04
  3.669142E-01     3.597502E+04
  3.720237E-01     3.622437E+04
  3.772042E-01     3.647557E+04
  3.824570E-01     3.672863E+04
  3.877828E-01     3.698355E+04
  3.931829E-01     3.724034E+04
  3.986581E-01     3.749901E+04
  4.042096E-01     3.775956E+04
  4.098384E-01     3.802200E+04
  4.155455E-01     3.828632E+04
  4.213322E-01     3.855253E+04
  4.271994E-01     3.882062E+04
  4.331483E-01     3.909059E+04
  4.391801E-01     3.936244E+04
  4.452959E-01     3.963616E+04
  4.514968E-01     3.991177E+04
  4.577841E-01     4.018925E+04
  4.641589E-01     4.046860E+04
  4.706225E-01     4.074984E+04
  4.771761E-01     4.103294E+04
  4.838210E-01     4.131790E+04
  4.905584E-01     4.160472E+04
  4.973896E-01     4.189339E+04
  5.043159E-01     4.218391E+04
  5.113388E-01     4.247626E+04
  5.184594E-01     4.277044E+04
  5.256791E-01     4.306645E+04
  5.329994E-01     4.336428E+04
  5.404216E-01     4.366393E+04
  5.479472E-01     4.396538E+04
  5.555776E-01     4.426860E+04
  5.633143E-01     4.457360E+04
  5.711586E-01     4.488033E+04
  5.791123E-01     4.518880E+04
  5.871766E-01     4.549897E+04
  5.953533E-01     4.581084E+04
  6.036439E-01     4.612437E+04
  6.120498E-01     4.643955E+04
  6.205729E-01     4.675636E+04
  6.292146E-01     4.707477E+04
  6.379767E-01     4.739475E+04
  6.468608E-01     4.771625E+04
  6.558686E-01     4.803925E+04
  6.650018E-01     4.836371E+04
  6.742622E-01     4.868958E+04
  6.836516E-01     4.901684E+04
  6.931717E-01     4.934544E+04
  7.028244E-01     4.967534E+04
  7.126115E-01     5.000649E+04
  7.225349E-01     5.033887E+04
  7.325965E-01     5.067243E+04
  7.427982E-01     5.100713E+04
  7.531420E-01     5.134295E+04
  7.636298E-01     5.167983E+04
  7.742637E-01     5.201776E+04
  7.850456E-01     5.235668E+04
  7.959777E-01     5.269656E+04
  8.070620E-01     5.303737E+04
  8.183007E-01     5.337907E+04
  8.296959E-01     5.372163E+04
  8.412497E-01     5.406503E+04
  8.529644E-01     5.440924E+04
  8.648423E-01     5.475425E+04
  8.768856E-01     5.510003E+04
  8.890966E-01     5.544658E+04
  9.014776E-01     5.579388E+04
  9.140311E-01     5.614191E+04
  9.267593E-01     5.649069E+04
  9.396648E-01     5.684019E+04
  9.527500E-01     5.719041E+04
  9.660175E-01     5.754130E+04
  9.794697E-01     5.789282E+04
  9.931092E-01     5.824496E+04
  1.006939E+00     5.859766E+04
  1.020961E+00     5.895089E+04
  1.035178E+00     5.930464E+04
  1.049593E+00     5.965887E+04
  1.064209E+00     6.001355E+04
  1.079029E+00     6.036867E+04
  1.094055E+00     6.072417E+04
  1.109290E+00     6.108000E+04
  1.124737E+00     6.143607E+04
  1.140400E+00     6.179233E+04
  1.156280E+00     6.214868E+04
  1.172382E+00     6.250508E+04
  1.188708E+00     6.286143E+04
  1.205261E+00     6.321767E+04
  1.222045E+00     6.357372E+04
  1.239062E+00     6.392951E+04
  1.256317E+00     6.428497E+04
  1.273811E+00     6.464002E+04
  1.291550E+00     6.499461E+04
  1.309535E+00     6.534865E+04
  1.327771E+00     6.570208E+04
  1.346261E+00     6.605484E+04
  1.365008E+00     6.640686E+04
  1.384016E+00     6.675808E+04
  1.403289E+00     6.710844E+04
  1.422830E+00     6.745788E+04
  1.442644E+00     6.780635E+04
  1.462733E+00     6.815377E+04
  1.483103E+00     6.850008E+04
  1.503755E+00     6.884523E+04
  1.524696E+00     6.918914E+04
  1.545928E+00     6.953178E+04
  1.567455E+00     6.987308E+04
  1.589283E+00     7.021300E+04
  1.611414E+00     7.055150E+04
  1.633854E+00     7.088854E+04
  1.656606E+00     7.122407E+04
  1.679675E+00     7.155803E+04
  1.703065E+00     7.189035E+04
  1.726781E+00     7.222096E+04
  1.750827E+00     7.254980E+04
  1.775208E+00     7.287683E+04
  1.799929E+00     7.320197E+04
  1.824993E+00     7.352519E+04
  1.850407E+00     7.384644E+04
  1.876175E+00     7.416569E+04
  1.902301E+00     7.448289E+04
  1.928792E+00     7.479799E+04
  1.955651E+00     7.511091E+04
  1.982884E+00     7.542159E+04
  2.010496E+00     7.572998E+04
  2.038493E+00     7.603602E+04
  2.066880E+00     7.633967E+04
  2.095662E+00     7.664088E+04
  2.124845E+00     7.693963E+04
  2.154435E+00     7.723589E+04
  2.184436E+00     7.752962E+04
  2.214855E+00     7.782078E+04
  2.245698E+00     7.810929E+04
  2.276970E+00     7.839511E+04
  2.308678E+00     7.867816E+04
  2.340827E+00     7.895842E+04
  2.373424E+00     7.923584E+04
  2.406475E+00     7.951038E+04
  2.439986E+00     7.978203E+04
  2.473964E+00     8.005076E+04
  2.508415E+00     8.031656E+04
  2.543346E+00     8.057938E+04
  2.578763E+00     8.083916E+04
  2.614673E+00     8.109583E+04
  2.651084E+00     8.134936E+04
  2.688001E+00     8.159969E+04
  2.725433E+00     8.184679E+04
  2.763385E+00     8.209063E+04
  2.801867E+00     8.233119E+04
  2.840884E+00     8.256847E+04
  2.880444E+00     8.280245E+04
  2.920556E+00     8.303309E+04
  2.961225E+00     8.326032E+04
  3.002462E+00     8.348410E+04
  3.044272E+00     8.370437E+04
  3.086665E+00     8.392109E+04
  3.129648E+00     8.413422E+04
  3.173230E+00     8.434374E+04
  3.217418E+00     8.454962E+04
  3.262222E+00     8.475188E+04
  3.307650E+00     8.495049E+04
  3.353710E+00     8.514543E+04
  3.400412E+00     8.533664E+04
  3.447764E+00     8.552407E+04
  3.495776E+00     8.570768E+04
  3.544456E+00     8.588744E+04
  3.593814E+00     8.606333E+04
  3.643859E+00     8.623533E+04
  3.694601E+00     8.640344E+04
  3.746050E+00     8.656766E+04
  3.798215E+00     8.672801E+04
  3.851107E+00     8.688446E+04
  3.904735E+00     8.703696E+04
  3.959110E+00     8.718549E+04
  4.014242E+00     8.732999E+04
  4.070142E+00     8.747044E+04
  4.126821E+00     8.760683E+04
  4.184289E+00     8.773914E+04
  4.242556E+00     8.786738E+04
  4.301636E+00     8.799157E+04
  4.361538E+00     8.811172E+04
  4.422274E+00     8.822783E+04
  4.483856E+00     8.833987E+04
  4.546295E+00     8.844780E+04
  4.609604E+00     8.855160E+04
  4.673795E+00     8.865127E+04
  4.738880E+00     8.874680E+04
  4.804870E+00     8.883819E+04
  4.871780E+00     8.892547E+04
  4.939622E+00     8.900868E+04
  5.008408E+00     8.908784E+04
  5.078152E+00     8.916299E+04
  5.148867E+00     8.923409E+04
  5.220568E+00     8.930112E+04
  5.293266E+00     8.936408E+04
  5.366977E+00     8.942296E+04
  5.441714E+00     8.947777E+04
  5.517492E+00     8.952853E+04
  5.594326E+00     8.957528E+04
  5.672229E+00     8.961805E+04
  5.751217E+00     8.965689E+04
  5.831305E+00     8.969185E+04
  5.912508E+00     8.972291E+04
  5.994843E+00     8.975005E+04
  6.078323E+00     8.977329E+04
  6.162966E+00     8.979263E+04
  6.248788E+00     8.980808E+04
  6.335805E+00     8.981969E+04
  6.424034E+00     8.982748E+04
  6.513491E+00     8.983151E+04
  6.604194E+00     8.983185E+04
  6.696160E+00     8.982853E+04
  6.789407E+00     8.982157E+04
  6.883952E+00     8.981095E+04
  6.979814E+00     8.979668E+04
  7.077011E+00     8.977878E+04
  7.175561E+00     8.975726E+04
  7.275484E+00     8.973216E+04
  7.376798E+00     8.970352E+04
  7.479523E+00     8.967139E+04
  7.583678E+00     8.963584E+04
  7.689284E+00     8.959691E+04
  7.796360E+00     8.955462E+04
  7.904928E+00     8.950895E+04
  8.015007E+00     8.945991E+04
  8.126619E+00     8.940752E+04
  8.239786E+00     8.935179E+04
  8.354528E+00     8.929274E+04
  8.470868E+00     8.923042E+04
  8.588829E+00     8.916486E+04
  8.708431E+00     8.909613E+04
  8.829700E+00     8.902426E+04
  8.952657E+00     8.894927E+04
  9.077327E+00     8.887116E+04
  9.203732E+00     8.878991E+04
  9.331898E+00     8.870556E+04
  9.461848E+00     8.861810E+04
  9.593608E+00     8.852757E+04
  9.727203E+00     8.843399E+04
  9.862658E+00     8.833740E+04
  1.000000E+01     8.823785E+04
  1.013925E+01     8.813539E+04
  1.028045E+01     8.803000E+04
  1.042361E+01     8.792170E+04
  1.056876E+01     8.781047E+04
  1.071593E+01     8.769633E+04
  1.086516E+01     8.757928E+04
  1.101646E+01     8.745933E+04
  1.116987E+01     8.733651E+04
  1.132541E+01     8.721085E+04
  1.148312E+01     8.708236E+04
  1.164303E+01     8.695109E+04
  1.180517E+01     8.681705E+04
  1.196956E+01     8.668023E+04
  1.213624E+01     8.654064E+04
  1.230524E+01     8.639829E+04
  1.247660E+01     8.625319E+04
  1.265034E+01     8.610536E+04
  1.282650E+01     8.595483E+04
  1.300511E+01     8.580161E+04
  1.318621E+01     8.564576E+04
  1.336984E+01     8.548729E+04
  1.355602E+01     8.532623E+04
  1.374479E+01     8.516256E+04
  1.393619E+01     8.499628E+04
  1.413026E+01     8.482741E+04
  1.432703E+01     8.465593E+04
  1.452654E+01     8.448187E+04
  1.472883E+01     8.430522E+04
  1.493393E+01     8.412602E+04
  1.514189E+01     8.394427E+04
  1.535275E+01     8.376000E+04
  1.556654E+01     8.357322E+04
  1.578331E+01     8.338394E+04
  1.600310E+01     8.319217E+04
  1.622595E+01     8.299792E+04
  1.645191E+01     8.280120E+04
  1.668101E+01     8.260203E+04
  1.691330E+01     8.240044E+04
  1.714882E+01     8.219646E+04
  1.738762E+01     8.199011E+04
  1.762975E+01     8.178144E+04
  1.787526E+01     8.157044E+04
  1.812418E+01     8.135712E+04
  1.837656E+01     8.114148E+04
  1.863246E+01     8.092350E+04
  1.889193E+01     8.070320E+04
  1.915501E+01     8.048058E+04
  1.942175E+01     8.025562E+04
  1.969220E+01     8.002835E+04
  1.996642E+01     7.979876E+04
  2.024447E+01     7.956686E+04
  2.052638E+01     7.933267E+04
  2.081222E+01     7.909619E+04
  2.110203E+01     7.885744E+04
  2.139589E+01     7.861645E+04
  2.169384E+01     7.837322E+04
  2.199593E+01     7.812779E+04
  2.230223E+01     7.788018E+04
  2.261280E+01     7.763042E+04
  2.292769E+01     7.737854E+04
  2.324697E+01     7.712458E+04
  2.357069E+01     7.686856E+04
  2.389893E+01     7.661050E+04
  2.423173E+01     7.635040E+04
  2.456916E+01     7.608829E+04
  2.491130E+01     7.582417E+04
  2.525820E+01     7.555806E+04
  2.560993E+01     7.528997E+04
  2.596656E+01     7.501994E+04
  2.632815E+01     7.474797E+04
  2.669478E+01     7.447408E+04
  2.706652E+01     7.419830E+04
  2.744343E+01     7.392066E+04
  2.782559E+01     7.364116E+04
  2.821308E+01     7.335983E+04
  2.860596E+01     7.307670E+04
  2.900430E+01     7.279179E+04
  2.940820E+01     7.250513E+04
  2.981772E+01     7.221674E+04
  3.023295E+01     7.192665E+04
  3.065395E+01     7.163490E+04
  3.108082E+01     7.134151E+04
  3.151363E+01     7.104651E+04
  3.195248E+01     7.074993E+04
  3.239743E+01     7.045178E+04
  3.284857E+01     7.015211E+04
  3.330600E+01     6.985093E+04
  3.376980E+01     6.954828E+04
  3.424006E+01     6.924419E+04
  3.471687E+01     6.893868E+04
  3.520031E+01     6.863179E+04
  3.569049E+01     6.832355E+04
  3.618750E+01     6.801398E+04
  3.669142E+01     6.770313E+04
  3.720237E+01     6.739102E+04
  3.772042E+01     6.707767E+04
  3.824570E+01     6.676312E+04
  3.877828E+01     6.644741E+04
  3.931829E+01     6.613055E+04
  3.986581E+01     6.581259E+04
  4.042096E+01     6.549355E+04
  4.098384E+01     6.517347E+04
  4.155455E+01     6.485237E+04
  4.213322E+01     6.453029E+04
  4.271994E+01     6.420726E+04
  4.331483E+01     6.388332E+04
  4.391801E+01     6.355849E+04
  4.452959E+01     6.323281E+04
  4.514968E+01     6.290631E+04
  4.577841E+01     6.257902E+04
  4.641589E+01     6.225096E+04
  4.706225E+01     6.192217E+04
  4.771761E+01     6.159269E+04
  4.838210E+01     6.126256E+04
  4.905584E+01     6.093182E+04
  4.973896E+01     6.060053E+04
  5.043159E+01     6.026873E+04
  5.113388E+01     5.993646E+04
  5.184594E+01     5.960377E+04
  5.256791E+01     5.927069E+04
  5.329994E+01     5.893728E+04
  5.404216E+01     5.860356E+04
  5.479472E+01     5.826958E+04
  5.555776E+01     5.793536E+04
  5.633143E+01     5.760096E+04
  5.711586E+01     5.726639E+04
  5.791123E+01     5.693168E+04
  5.871766E+01     5.659686E+04
  5.953533E+01     5.626195E+04
  6.036439E+01     5.592697E+04
  6.120498E+01     5.559194E+04
  6.205729E+01     5.525687E+04
  6.292146E+01     5.492180E+04
  6.379767E+01     5.458678E+04
  6.468608E+01     5.425187E+04
  6.558686E+01     5.391710E+04
  6.650018E+01     5.358254E+04
  6.742622E+01     5.324823E+04
  6.836516E+01     5.291420E+04
  6.931717E+01     5.258050E+04
  7.028244E+01     5.224717E+04
  7.126115E+01     5.191425E+04
  7.225349E+01     5.158177E+04
  7.325965E+01     5.124979E+04
  7.427982E+01     5.091834E+04
  7.531420E+01     5.058747E+04
  7.636298E+01     5.025721E+04
  7.742637E+01     4.992760E+04
  7.850456E+01     4.959867E+04
  7.959777E+01     4.927043E+04
  8.070620E+01     4.894292E+04
  8.183007E+01     4.861615E+04
  8.296959E+01     4.829014E+04
  8.412497E+01     4.796496E+04
  8.529644E+01     4.764065E+04
  8.648423E+01     4.731724E+04
  8.768856E+01     4.699478E+04
  8.890966E+01     4.667330E+04
  9.014776E+01     4.635283E+04
  9.140311E+01     4.603340E+04
  9.267593E+01     4.571503E+04
  9.396648E+01     4.539773E+04
  9.527500E+01     4.508153E+04
  9.660175E+01     4.476648E+04
  9.794697E+01     4.445263E+04
  9.931092E+01     4.414001E+04
  1.006939E+02     4.382866E+04
  1.020961E+02     4.351862E+04
  1.035178E+02     4.320991E+04
  1.049593E+02     4.290255E+04
  1.064209E+02     4.259656E+04
  1.079029E+02     4.229193E+04
  1.094055E+02     4.198871E+04
  1.109290E+02     4.168691E+04
  1.124737E+02     4.138659E+04
  1.140400E+02     4.108777E+04
  1.156280E+02     4.079047E+04
  1.172382E+02     4.049472E+04
  1.188708E+02     4.020053E+04
  1.205261E+02     3.990790E+04
  1.222045E+02     3.961683E+04
  1.239062E+02     3.932731E+04
  1.256317E+02     3.903936E+04
  1.273811E+02     3.875301E+04
  1.291550E+02     3.846832E+04
  1.309535E+02     3.818532E+04
  1.327771E+02     3.790407E+04
  1.346261E+02     3.762459E+04
  1.365008E+02     3.734691E+04
  1.384016E+02     3.707105E+04
  1.403289E+02     3.679703E+04
  1.422830E+02     3.652486E+04
  1.442644E+02     3.625454E+04
  1.462733E+02     3.598611E+04
  1.483103E+02     3.571960E+04
  1.503755E+02     3.545503E+04
  1.524696E+02     3.519241E+04
  1.545928E+02     3.493175E+04
  1.567455E+02     3.467306E+04
  1.589283E+02     3.441632E+04
  1.611414E+02     3.416150E+04
  1.633854E+02     3.390860E+04
  1.656606E+02     3.365758E+04
  1.679675E+02     3.340849E+04
  1.703065E+02     3.316135E+04
  1.726781E+02     3.291619E+04
  1.750827E+02     3.267303E+04
  1.775208E+02     3.243189E+04
  1.799929E+02     3.219278E+04
  1.824993E+02     3.195570E+04
  1.850407E+02     3.172065E+04
  1.876175E+02     3.148759E+04
  1.902301E+02     3.125653E+04
  1.928792E+02     3.102749E+04
  1.955651E+02     3.080049E+04
  1.982884E+02     3.057555E+04
  2.010496E+02     3.035269E+04
  2.038493E+02     3.013192E+04
  2.066880E+02     2.991323E+04
  2.095662E+02     2.969662E+04
  2.124845E+02     2.948206E+04
  2.154435E+02     2.926954E+04
  2.184436E+02     2.905902E+04
  2.214855E+02     2.885052E+04
  2.245698E+02     2.864407E+04
  2.276970E+02     2.843968E+04
  2.308678E+02     2.823735E+04
  2.340827E+02     2.803711E+04
  2.373424E+02     2.783892E+04
  2.406475E+02     2.764280E+04
  2.439986E+02     2.744871E+04
  2.473964E+02     2.725661E+04
  2.508415E+02     2.706649E+04
  2.543346E+02     2.687835E+04
  2.578763E+02     2.669221E+04
  2.614673E+02     2.650808E+04
  2.651084E+02     2.632597E+04
  2.688001E+02     2.614589E+04
  2.725433E+02     2.596783E+04
  2.763385E+02     2.579177E+04
  2.801867E+02     2.561769E+04
  2.840884E+02     2.544556E+04
  2.880444E+02     2.527535E+04
  2.920556E+02     2.510706E+04
  2.961225E+02     2.494070E+04
  3.002462E+02     2.477629E+04
  3.044272E+02     2.461384E+04
  3.086665E+02     2.445333E+04
  3.129648E+02     2.429477E+04
  3.173230E+02     2.413813E+04
  3.217418E+02     2.398340E+04
  3.262222E+02     2.383053E+04
  3.307650E+02     2.367950E+04
  3.353710E+02     2.353029E+04
  3.400412E+02     2.338292E+04
  3.447764E+02     2.323741E+04
  3.495776E+02     2.309374E+04
  3.544456E+02     2.295192E+04
  3.593814E+02     2.281194E+04
  3.643859E+02     2.267378E+04
  3.694601E+02     2.253741E+04
  3.746050E+02     2.240281E+04
  3.798215E+02     2.226993E+04
  3.851107E+02     2.213876E+04
  3.904735E+02     2.200931E+04
  3.959110E+02     2.188160E+04
  4.014242E+02     2.175562E+04
  4.070142E+02     2.163136E+04
  4.126821E+02     2.150883E+04
  4.184289E+02     2.138800E+04
  4.242556E+02     2.126884E+04
  4.301636E+02     2.115134E+04
  4.361538E+02     2.103544E+04
  4.422274E+02     2.092114E+04
  4.483856E+02     2.080844E+04
  4.546295E+02     2.069735E+04
  4.609604E+02     2.058786E+04
  4.673795E+02     2.047999E+04
  4.738880E+02     2.037370E+04
  4.804870E+02     2.026899E+04
  4.871780E+02     2.016584E+04
  4.939622E+02     2.006420E+04
  5.008408E+02     1.996405E+04
  5.078152E+02     1.986536E+04
  5.148867E+02     1.976815E+04
  5.220568E+02     1.967241E+04
  5.293266E+02     1.957814E+04
  5.366977E+02     1.948535E+04
  5.441714E+02     1.939401E+04
  5.517492E+02     1.930411E+04
  5.594326E+02     1.921563E+04
  5.672229E+02     1.912853E+04
  5.751217E+02     1.904279E+04
  5.831305E+02     1.895837E+04
  5.912508E+02     1.887529E+04
  5.994843E+02     1.879355E+04
  6.078323E+02     1.871315E+04
  6.162966E+02     1.863407E+04
  6.248788E+02     1.855632E+04
  6.335805E+02     1.847986E+04
  6.424034E+02     1.840470E+04
  6.513491E+02     1.833079E+04
  6.604194E+02     1.825810E+04
  6.696160E+02     1.818662E+04
  6.789407E+02     1.811633E+04
  6.883952E+02     1.804723E+04
  6.979814E+02     1.797932E+04
  7.077011E+02     1.791258E+04
  7.175561E+02     1.784700E+04
  7.275484E+02     1.778256E+04
  7.376798E+02     1.771921E+04
  7.479523E+02     1.765695E+04
  7.583678E+02     1.759571E+04
  7.689284E+02     1.753548E+04
  7.796360E+02     1.747628E+04
  7.904928E+02     1.741812E+04
  8.015007E+02     1.736103E+04
  8.126619E+02     1.730502E+04
  8.239786E+02     1.725011E+04
  8.354528E+02     1.719632E+04
  8.470868E+02     1.714366E+04
  8.588829E+02     1.709215E+04
  8.708431E+02     1.704178E+04
  8.829700E+02     1.699255E+04
  8.952657E+02     1.694435E+04
  9.077327E+02     1.689706E+04
  9.203732E+02     1.685055E+04
  9.331898E+02     1.680466E+04
  9.461848E+02     1.675923E+04
  9.593608E+02     1.671408E+04
  9.727203E+02     1.666900E+04
  9.862658E+02     1.662378E+04
  1.000000E+03     1.657818E+04
