FILE CREATED BY  : PROGRAM DPASS - VERSION 2.00
DATABASE VERSION : 21.06
DATE AND TIME    : 10/08/2022 01:03:55
PROJECTILE       : Bi
TARGET           : Ac
TARGET AT. MASS  : 2.270280E+02
TARGET DENSITY   : 1.007000E+01 g/cm^3
TABULATED OUTPUT : STOPPING FORCE VERSUS ENERGY
DATA TYPE        : SPLINE INTERPOLATED
ABSCISSA UNITS   : MeV/u
ORDINATE UNITS   : eV/nm


      E/n             S(E/n)

  1.000000E-03     8.570747E+02
  1.013925E-03     8.629075E+02
  1.028045E-03     8.688176E+02
  1.042361E-03     8.748015E+02
  1.056876E-03     8.808558E+02
  1.071593E-03     8.869765E+02
  1.086516E-03     8.931593E+02
  1.101646E-03     8.993993E+02
  1.116987E-03     9.056916E+02
  1.132541E-03     9.120303E+02
  1.148312E-03     9.184094E+02
  1.164303E-03     9.248233E+02
  1.180517E-03     9.312715E+02
  1.196956E-03     9.377554E+02
  1.213624E-03     9.442766E+02
  1.230524E-03     9.508367E+02
  1.247660E-03     9.574375E+02
  1.265034E-03     9.640812E+02
  1.282650E-03     9.707700E+02
  1.300511E-03     9.775063E+02
  1.318621E-03     9.842928E+02
  1.336984E-03     9.911321E+02
  1.355602E-03     9.980248E+02
  1.374479E-03     1.004971E+03
  1.393619E-03     1.011970E+03
  1.413026E-03     1.019022E+03
  1.432703E-03     1.026127E+03
  1.452654E-03     1.033284E+03
  1.472883E-03     1.040493E+03
  1.493393E-03     1.047754E+03
  1.514189E-03     1.055067E+03
  1.535275E-03     1.062430E+03
  1.556654E-03     1.069846E+03
  1.578331E-03     1.077313E+03
  1.600310E-03     1.084833E+03
  1.622595E-03     1.092406E+03
  1.645191E-03     1.100032E+03
  1.668101E-03     1.107713E+03
  1.691330E-03     1.115448E+03
  1.714882E-03     1.123240E+03
  1.738762E-03     1.131088E+03
  1.762975E-03     1.138994E+03
  1.787526E-03     1.146959E+03
  1.812418E-03     1.154982E+03
  1.837656E-03     1.163063E+03
  1.863246E-03     1.171204E+03
  1.889193E-03     1.179403E+03
  1.915501E-03     1.187663E+03
  1.942175E-03     1.195982E+03
  1.969220E-03     1.204362E+03
  1.996642E-03     1.212802E+03
  2.024447E-03     1.221304E+03
  2.052638E-03     1.229867E+03
  2.081222E-03     1.238493E+03
  2.110203E-03     1.247180E+03
  2.139589E-03     1.255931E+03
  2.169384E-03     1.264745E+03
  2.199593E-03     1.273623E+03
  2.230223E-03     1.282566E+03
  2.261280E-03     1.291573E+03
  2.292769E-03     1.300647E+03
  2.324697E-03     1.309786E+03
  2.357069E-03     1.318994E+03
  2.389893E-03     1.328268E+03
  2.423173E-03     1.337611E+03
  2.456916E-03     1.347022E+03
  2.491130E-03     1.356502E+03
  2.525820E-03     1.366050E+03
  2.560993E-03     1.375669E+03
  2.596656E-03     1.385358E+03
  2.632815E-03     1.395118E+03
  2.669478E-03     1.404950E+03
  2.706652E-03     1.414854E+03
  2.744343E-03     1.424831E+03
  2.782559E-03     1.434881E+03
  2.821308E-03     1.445004E+03
  2.860596E-03     1.455202E+03
  2.900430E-03     1.465474E+03
  2.940820E-03     1.475822E+03
  2.981772E-03     1.486246E+03
  3.023295E-03     1.496747E+03
  3.065395E-03     1.507325E+03
  3.108082E-03     1.517982E+03
  3.151363E-03     1.528718E+03
  3.195248E-03     1.539533E+03
  3.239743E-03     1.550429E+03
  3.284857E-03     1.561404E+03
  3.330600E-03     1.572461E+03
  3.376980E-03     1.583600E+03
  3.424006E-03     1.594821E+03
  3.471687E-03     1.606125E+03
  3.520031E-03     1.617514E+03
  3.569049E-03     1.628988E+03
  3.618750E-03     1.640548E+03
  3.669142E-03     1.652194E+03
  3.720237E-03     1.663926E+03
  3.772042E-03     1.675745E+03
  3.824570E-03     1.687652E+03
  3.877828E-03     1.699647E+03
  3.931829E-03     1.711731E+03
  3.986581E-03     1.723905E+03
  4.042096E-03     1.736169E+03
  4.098384E-03     1.748525E+03
  4.155455E-03     1.760973E+03
  4.213322E-03     1.773513E+03
  4.271994E-03     1.786147E+03
  4.331483E-03     1.798875E+03
  4.391801E-03     1.811698E+03
  4.452959E-03     1.824616E+03
  4.514968E-03     1.837632E+03
  4.577841E-03     1.850745E+03
  4.641589E-03     1.863958E+03
  4.706225E-03     1.877271E+03
  4.771761E-03     1.890685E+03
  4.838210E-03     1.904200E+03
  4.905584E-03     1.917817E+03
  4.973896E-03     1.931538E+03
  5.043159E-03     1.945362E+03
  5.113388E-03     1.959290E+03
  5.184594E-03     1.973323E+03
  5.256791E-03     1.987462E+03
  5.329994E-03     2.001709E+03
  5.404216E-03     2.016064E+03
  5.479472E-03     2.030527E+03
  5.555776E-03     2.045100E+03
  5.633143E-03     2.059784E+03
  5.711586E-03     2.074579E+03
  5.791123E-03     2.089486E+03
  5.871766E-03     2.104505E+03
  5.953533E-03     2.119639E+03
  6.036439E-03     2.134889E+03
  6.120498E-03     2.150254E+03
  6.205729E-03     2.165738E+03
  6.292146E-03     2.181340E+03
  6.379767E-03     2.197061E+03
  6.468608E-03     2.212902E+03
  6.558686E-03     2.228865E+03
  6.650018E-03     2.244949E+03
  6.742622E-03     2.261156E+03
  6.836516E-03     2.277487E+03
  6.931717E-03     2.293943E+03
  7.028244E-03     2.310525E+03
  7.126115E-03     2.327235E+03
  7.225349E-03     2.344074E+03
  7.325965E-03     2.361043E+03
  7.427982E-03     2.378141E+03
  7.531420E-03     2.395372E+03
  7.636298E-03     2.412735E+03
  7.742637E-03     2.430231E+03
  7.850456E-03     2.447863E+03
  7.959777E-03     2.465631E+03
  8.070620E-03     2.483537E+03
  8.183007E-03     2.501583E+03
  8.296959E-03     2.519769E+03
  8.412497E-03     2.538097E+03
  8.529644E-03     2.556566E+03
  8.648423E-03     2.575179E+03
  8.768856E-03     2.593936E+03
  8.890966E-03     2.612838E+03
  9.014776E-03     2.631887E+03
  9.140311E-03     2.651083E+03
  9.267593E-03     2.670428E+03
  9.396648E-03     2.689924E+03
  9.527500E-03     2.709571E+03
  9.660175E-03     2.729370E+03
  9.794697E-03     2.749324E+03
  9.931092E-03     2.769432E+03
  1.006939E-02     2.789697E+03
  1.020961E-02     2.810120E+03
  1.035178E-02     2.830701E+03
  1.049593E-02     2.851444E+03
  1.064209E-02     2.872349E+03
  1.079029E-02     2.893418E+03
  1.094055E-02     2.914654E+03
  1.109290E-02     2.936056E+03
  1.124737E-02     2.957626E+03
  1.140400E-02     2.979366E+03
  1.156280E-02     3.001276E+03
  1.172382E-02     3.023357E+03
  1.188708E-02     3.045611E+03
  1.205261E-02     3.068040E+03
  1.222045E-02     3.090645E+03
  1.239062E-02     3.113428E+03
  1.256317E-02     3.136390E+03
  1.273811E-02     3.159532E+03
  1.291550E-02     3.182856E+03
  1.309535E-02     3.206363E+03
  1.327771E-02     3.230054E+03
  1.346261E-02     3.253930E+03
  1.365008E-02     3.277994E+03
  1.384016E-02     3.302247E+03
  1.403289E-02     3.326691E+03
  1.422830E-02     3.351328E+03
  1.442644E-02     3.376159E+03
  1.462733E-02     3.401186E+03
  1.483103E-02     3.426410E+03
  1.503755E-02     3.451832E+03
  1.524696E-02     3.477454E+03
  1.545928E-02     3.503277E+03
  1.567455E-02     3.529303E+03
  1.589283E-02     3.555534E+03
  1.611414E-02     3.581972E+03
  1.633854E-02     3.608618E+03
  1.656606E-02     3.635474E+03
  1.679675E-02     3.662543E+03
  1.703065E-02     3.689824E+03
  1.726781E-02     3.717320E+03
  1.750827E-02     3.745032E+03
  1.775208E-02     3.772961E+03
  1.799929E-02     3.801110E+03
  1.824993E-02     3.829479E+03
  1.850407E-02     3.858072E+03
  1.876175E-02     3.886890E+03
  1.902301E-02     3.915935E+03
  1.928792E-02     3.945209E+03
  1.955651E-02     3.974712E+03
  1.982884E-02     4.004447E+03
  2.010496E-02     4.034415E+03
  2.038493E-02     4.064617E+03
  2.066880E-02     4.095056E+03
  2.095662E-02     4.125733E+03
  2.124845E-02     4.156650E+03
  2.154435E-02     4.187809E+03
  2.184436E-02     4.219213E+03
  2.214855E-02     4.250864E+03
  2.245698E-02     4.282761E+03
  2.276970E-02     4.314908E+03
  2.308678E-02     4.347305E+03
  2.340827E-02     4.379954E+03
  2.373424E-02     4.412857E+03
  2.406475E-02     4.446016E+03
  2.439986E-02     4.479433E+03
  2.473964E-02     4.513110E+03
  2.508415E-02     4.547049E+03
  2.543346E-02     4.581253E+03
  2.578763E-02     4.615722E+03
  2.614673E-02     4.650457E+03
  2.651084E-02     4.685461E+03
  2.688001E-02     4.720735E+03
  2.725433E-02     4.756280E+03
  2.763385E-02     4.792100E+03
  2.801867E-02     4.828195E+03
  2.840884E-02     4.864568E+03
  2.880444E-02     4.901221E+03
  2.920556E-02     4.938157E+03
  2.961225E-02     4.975376E+03
  3.002462E-02     5.012881E+03
  3.044272E-02     5.050672E+03
  3.086665E-02     5.088752E+03
  3.129648E-02     5.127124E+03
  3.173230E-02     5.165788E+03
  3.217418E-02     5.204749E+03
  3.262222E-02     5.244007E+03
  3.307650E-02     5.283566E+03
  3.353710E-02     5.323428E+03
  3.400412E-02     5.363594E+03
  3.447764E-02     5.404065E+03
  3.495776E-02     5.444843E+03
  3.544456E-02     5.485928E+03
  3.593814E-02     5.527322E+03
  3.643859E-02     5.569028E+03
  3.694601E-02     5.611047E+03
  3.746050E-02     5.653381E+03
  3.798215E-02     5.696033E+03
  3.851107E-02     5.739003E+03
  3.904735E-02     5.782295E+03
  3.959110E-02     5.825910E+03
  4.014242E-02     5.869850E+03
  4.070142E-02     5.914116E+03
  4.126821E-02     5.958713E+03
  4.184289E-02     6.003642E+03
  4.242556E-02     6.048907E+03
  4.301636E-02     6.094510E+03
  4.361538E-02     6.140455E+03
  4.422274E-02     6.186745E+03
  4.483856E-02     6.233380E+03
  4.546295E-02     6.280363E+03
  4.609604E-02     6.327694E+03
  4.673795E-02     6.375376E+03
  4.738880E-02     6.423411E+03
  4.804870E-02     6.471801E+03
  4.871780E-02     6.520547E+03
  4.939622E-02     6.569654E+03
  5.008408E-02     6.619122E+03
  5.078152E-02     6.668955E+03
  5.148867E-02     6.719155E+03
  5.220568E-02     6.769722E+03
  5.293266E-02     6.820660E+03
  5.366977E-02     6.871969E+03
  5.441714E-02     6.923652E+03
  5.517492E-02     6.975712E+03
  5.594326E-02     7.028151E+03
  5.672229E-02     7.080972E+03
  5.751217E-02     7.134180E+03
  5.831305E-02     7.187775E+03
  5.912508E-02     7.241761E+03
  5.994843E-02     7.296138E+03
  6.078323E-02     7.350909E+03
  6.162966E-02     7.406075E+03
  6.248788E-02     7.461639E+03
  6.335805E-02     7.517604E+03
  6.424034E-02     7.573973E+03
  6.513491E-02     7.630748E+03
  6.604194E-02     7.687933E+03
  6.696160E-02     7.745531E+03
  6.789407E-02     7.803543E+03
  6.883952E-02     7.861971E+03
  6.979814E-02     7.920816E+03
  7.077011E-02     7.980081E+03
  7.175561E-02     8.039766E+03
  7.275484E-02     8.099876E+03
  7.376798E-02     8.160412E+03
  7.479523E-02     8.221377E+03
  7.583678E-02     8.282774E+03
  7.689284E-02     8.344607E+03
  7.796360E-02     8.406875E+03
  7.904928E-02     8.469583E+03
  8.015007E-02     8.532729E+03
  8.126619E-02     8.596318E+03
  8.239786E-02     8.660350E+03
  8.354528E-02     8.724829E+03
  8.470868E-02     8.789756E+03
  8.588829E-02     8.855136E+03
  8.708431E-02     8.920971E+03
  8.829700E-02     8.987265E+03
  8.952657E-02     9.054019E+03
  9.077327E-02     9.121237E+03
  9.203732E-02     9.188921E+03
  9.331898E-02     9.257073E+03
  9.461848E-02     9.325697E+03
  9.593608E-02     9.394797E+03
  9.727203E-02     9.464376E+03
  9.862658E-02     9.534439E+03
  1.000000E-01     9.604990E+03
  1.013925E-01     9.676035E+03
  1.028045E-01     9.747575E+03
  1.042361E-01     9.819610E+03
  1.056876E-01     9.892141E+03
  1.071593E-01     9.965169E+03
  1.086516E-01     1.003870E+04
  1.101646E-01     1.011272E+04
  1.116987E-01     1.018725E+04
  1.132541E-01     1.026228E+04
  1.148312E-01     1.033781E+04
  1.164303E-01     1.041385E+04
  1.180517E-01     1.049040E+04
  1.196956E-01     1.056746E+04
  1.213624E-01     1.064502E+04
  1.230524E-01     1.072309E+04
  1.247660E-01     1.080166E+04
  1.265034E-01     1.088074E+04
  1.282650E-01     1.096032E+04
  1.300511E-01     1.104040E+04
  1.318621E-01     1.112100E+04
  1.336984E-01     1.120209E+04
  1.355602E-01     1.128369E+04
  1.374479E-01     1.136580E+04
  1.393619E-01     1.144841E+04
  1.413026E-01     1.153152E+04
  1.432703E-01     1.161513E+04
  1.452654E-01     1.169924E+04
  1.472883E-01     1.178386E+04
  1.493393E-01     1.186897E+04
  1.514189E-01     1.195459E+04
  1.535275E-01     1.204070E+04
  1.556654E-01     1.212732E+04
  1.578331E-01     1.221444E+04
  1.600310E-01     1.230207E+04
  1.622595E-01     1.239019E+04
  1.645191E-01     1.247882E+04
  1.668101E-01     1.256796E+04
  1.691330E-01     1.265760E+04
  1.714882E-01     1.274775E+04
  1.738762E-01     1.283841E+04
  1.762975E-01     1.292959E+04
  1.787526E-01     1.302128E+04
  1.812418E-01     1.311350E+04
  1.837656E-01     1.320624E+04
  1.863246E-01     1.329950E+04
  1.889193E-01     1.339330E+04
  1.915501E-01     1.348763E+04
  1.942175E-01     1.358249E+04
  1.969220E-01     1.367791E+04
  1.996642E-01     1.377388E+04
  2.024447E-01     1.387041E+04
  2.052638E-01     1.396751E+04
  2.081222E-01     1.406518E+04
  2.110203E-01     1.416343E+04
  2.139589E-01     1.426226E+04
  2.169384E-01     1.436169E+04
  2.199593E-01     1.446171E+04
  2.230223E-01     1.456234E+04
  2.261280E-01     1.466360E+04
  2.292769E-01     1.476548E+04
  2.324697E-01     1.486800E+04
  2.357069E-01     1.497118E+04
  2.389893E-01     1.507502E+04
  2.423173E-01     1.517954E+04
  2.456916E-01     1.528474E+04
  2.491130E-01     1.539065E+04
  2.525820E-01     1.549727E+04
  2.560993E-01     1.560463E+04
  2.596656E-01     1.571273E+04
  2.632815E-01     1.582161E+04
  2.669478E-01     1.593128E+04
  2.706652E-01     1.604176E+04
  2.744343E-01     1.615305E+04
  2.782559E-01     1.626518E+04
  2.821308E-01     1.637814E+04
  2.860596E-01     1.649196E+04
  2.900430E-01     1.660664E+04
  2.940820E-01     1.672220E+04
  2.981772E-01     1.683865E+04
  3.023295E-01     1.695601E+04
  3.065395E-01     1.707429E+04
  3.108082E-01     1.719352E+04
  3.151363E-01     1.731370E+04
  3.195248E-01     1.743484E+04
  3.239743E-01     1.755696E+04
  3.284857E-01     1.768006E+04
  3.330600E-01     1.780417E+04
  3.376980E-01     1.792928E+04
  3.424006E-01     1.805543E+04
  3.471687E-01     1.818262E+04
  3.520031E-01     1.831087E+04
  3.569049E-01     1.844020E+04
  3.618750E-01     1.857062E+04
  3.669142E-01     1.870214E+04
  3.720237E-01     1.883477E+04
  3.772042E-01     1.896853E+04
  3.824570E-01     1.910343E+04
  3.877828E-01     1.923949E+04
  3.931829E-01     1.937671E+04
  3.986581E-01     1.951512E+04
  4.042096E-01     1.965473E+04
  4.098384E-01     1.979556E+04
  4.155455E-01     1.993760E+04
  4.213322E-01     2.008088E+04
  4.271994E-01     2.022537E+04
  4.331483E-01     2.037109E+04
  4.391801E-01     2.051804E+04
  4.452959E-01     2.066621E+04
  4.514968E-01     2.081561E+04
  4.577841E-01     2.096624E+04
  4.641589E-01     2.111809E+04
  4.706225E-01     2.127117E+04
  4.771761E-01     2.142546E+04
  4.838210E-01     2.158095E+04
  4.905584E-01     2.173763E+04
  4.973896E-01     2.189548E+04
  5.043159E-01     2.205449E+04
  5.113388E-01     2.221464E+04
  5.184594E-01     2.237591E+04
  5.256791E-01     2.253828E+04
  5.329994E-01     2.270173E+04
  5.404216E-01     2.286624E+04
  5.479472E-01     2.303178E+04
  5.555776E-01     2.319833E+04
  5.633143E-01     2.336586E+04
  5.711586E-01     2.353435E+04
  5.791123E-01     2.370377E+04
  5.871766E-01     2.387410E+04
  5.953533E-01     2.404529E+04
  6.036439E-01     2.421732E+04
  6.120498E-01     2.439016E+04
  6.205729E-01     2.456376E+04
  6.292146E-01     2.473810E+04
  6.379767E-01     2.491316E+04
  6.468608E-01     2.508892E+04
  6.558686E-01     2.526536E+04
  6.650018E-01     2.544244E+04
  6.742622E-01     2.562016E+04
  6.836516E-01     2.579848E+04
  6.931717E-01     2.597737E+04
  7.028244E-01     2.615683E+04
  7.126115E-01     2.633681E+04
  7.225349E-01     2.651730E+04
  7.325965E-01     2.669827E+04
  7.427982E-01     2.687972E+04
  7.531420E-01     2.706162E+04
  7.636298E-01     2.724394E+04
  7.742637E-01     2.742668E+04
  7.850456E-01     2.760982E+04
  7.959777E-01     2.779333E+04
  8.070620E-01     2.797721E+04
  8.183007E-01     2.816143E+04
  8.296959E-01     2.834598E+04
  8.412497E-01     2.853083E+04
  8.529644E-01     2.871597E+04
  8.648423E-01     2.890136E+04
  8.768856E-01     2.908700E+04
  8.890966E-01     2.927285E+04
  9.014776E-01     2.945890E+04
  9.140311E-01     2.964513E+04
  9.267593E-01     2.983152E+04
  9.396648E-01     3.001806E+04
  9.527500E-01     3.020473E+04
  9.660175E-01     3.039151E+04
  9.794697E-01     3.057838E+04
  9.931092E-01     3.076533E+04
  1.006939E+00     3.095235E+04
  1.020961E+00     3.113942E+04
  1.035178E+00     3.132654E+04
  1.049593E+00     3.151369E+04
  1.064209E+00     3.170088E+04
  1.079029E+00     3.188809E+04
  1.094055E+00     3.207534E+04
  1.109290E+00     3.226259E+04
  1.124737E+00     3.244987E+04
  1.140400E+00     3.263715E+04
  1.156280E+00     3.282444E+04
  1.172382E+00     3.301175E+04
  1.188708E+00     3.319907E+04
  1.205261E+00     3.338643E+04
  1.222045E+00     3.357384E+04
  1.239062E+00     3.376131E+04
  1.256317E+00     3.394884E+04
  1.273811E+00     3.413642E+04
  1.291550E+00     3.432402E+04
  1.309535E+00     3.451161E+04
  1.327771E+00     3.469917E+04
  1.346261E+00     3.488669E+04
  1.365008E+00     3.507414E+04
  1.384016E+00     3.526150E+04
  1.403289E+00     3.544876E+04
  1.422830E+00     3.563590E+04
  1.442644E+00     3.582290E+04
  1.462733E+00     3.600970E+04
  1.483103E+00     3.619627E+04
  1.503755E+00     3.638254E+04
  1.524696E+00     3.656847E+04
  1.545928E+00     3.675401E+04
  1.567455E+00     3.693909E+04
  1.589283E+00     3.712367E+04
  1.611414E+00     3.730770E+04
  1.633854E+00     3.749111E+04
  1.656606E+00     3.767386E+04
  1.679675E+00     3.785590E+04
  1.703065E+00     3.803717E+04
  1.726781E+00     3.821764E+04
  1.750827E+00     3.839726E+04
  1.775208E+00     3.857598E+04
  1.799929E+00     3.875375E+04
  1.824993E+00     3.893054E+04
  1.850407E+00     3.910630E+04
  1.876175E+00     3.928099E+04
  1.902301E+00     3.945457E+04
  1.928792E+00     3.962699E+04
  1.955651E+00     3.979822E+04
  1.982884E+00     3.996822E+04
  2.010496E+00     4.013693E+04
  2.038493E+00     4.030433E+04
  2.066880E+00     4.047038E+04
  2.095662E+00     4.063505E+04
  2.124845E+00     4.079831E+04
  2.154435E+00     4.096013E+04
  2.184436E+00     4.112049E+04
  2.214855E+00     4.127935E+04
  2.245698E+00     4.143668E+04
  2.276970E+00     4.159243E+04
  2.308678E+00     4.174657E+04
  2.340827E+00     4.189909E+04
  2.373424E+00     4.204994E+04
  2.406475E+00     4.219912E+04
  2.439986E+00     4.234660E+04
  2.473964E+00     4.249238E+04
  2.508415E+00     4.263643E+04
  2.543346E+00     4.277874E+04
  2.578763E+00     4.291928E+04
  2.614673E+00     4.305802E+04
  2.651084E+00     4.319495E+04
  2.688001E+00     4.333004E+04
  2.725433E+00     4.346329E+04
  2.763385E+00     4.359469E+04
  2.801867E+00     4.372424E+04
  2.840884E+00     4.385195E+04
  2.880444E+00     4.397782E+04
  2.920556E+00     4.410185E+04
  2.961225E+00     4.422401E+04
  3.002462E+00     4.434427E+04
  3.044272E+00     4.446264E+04
  3.086665E+00     4.457909E+04
  3.129648E+00     4.469363E+04
  3.173230E+00     4.480626E+04
  3.217418E+00     4.491698E+04
  3.262222E+00     4.502582E+04
  3.307650E+00     4.513280E+04
  3.353710E+00     4.523790E+04
  3.400412E+00     4.534110E+04
  3.447764E+00     4.544240E+04
  3.495776E+00     4.554178E+04
  3.544456E+00     4.563923E+04
  3.593814E+00     4.573476E+04
  3.643859E+00     4.582836E+04
  3.694601E+00     4.592006E+04
  3.746050E+00     4.600986E+04
  3.798215E+00     4.609780E+04
  3.851107E+00     4.618386E+04
  3.904735E+00     4.626803E+04
  3.959110E+00     4.635029E+04
  4.014242E+00     4.643063E+04
  4.070142E+00     4.650904E+04
  4.126821E+00     4.658552E+04
  4.184289E+00     4.666006E+04
  4.242556E+00     4.673268E+04
  4.301636E+00     4.680339E+04
  4.361538E+00     4.687220E+04
  4.422274E+00     4.693912E+04
  4.483856E+00     4.700413E+04
  4.546295E+00     4.706720E+04
  4.609604E+00     4.712834E+04
  4.673795E+00     4.718752E+04
  4.738880E+00     4.724475E+04
  4.804870E+00     4.730002E+04
  4.871780E+00     4.735335E+04
  4.939622E+00     4.740475E+04
  5.008408E+00     4.745423E+04
  5.078152E+00     4.750179E+04
  5.148867E+00     4.754743E+04
  5.220568E+00     4.759111E+04
  5.293266E+00     4.763284E+04
  5.366977E+00     4.767260E+04
  5.441714E+00     4.771040E+04
  5.517492E+00     4.774622E+04
  5.594326E+00     4.778009E+04
  5.672229E+00     4.781200E+04
  5.751217E+00     4.784199E+04
  5.831305E+00     4.787005E+04
  5.912508E+00     4.789617E+04
  5.994843E+00     4.792033E+04
  6.078323E+00     4.794253E+04
  6.162966E+00     4.796275E+04
  6.248788E+00     4.798100E+04
  6.335805E+00     4.799727E+04
  6.424034E+00     4.801157E+04
  6.513491E+00     4.802391E+04
  6.604194E+00     4.803431E+04
  6.696160E+00     4.804278E+04
  6.789407E+00     4.804931E+04
  6.883952E+00     4.805388E+04
  6.979814E+00     4.805651E+04
  7.077011E+00     4.805719E+04
  7.175561E+00     4.805592E+04
  7.275484E+00     4.805271E+04
  7.376798E+00     4.804758E+04
  7.479523E+00     4.804055E+04
  7.583678E+00     4.803165E+04
  7.689284E+00     4.802089E+04
  7.796360E+00     4.800827E+04
  7.904928E+00     4.799378E+04
  8.015007E+00     4.797743E+04
  8.126619E+00     4.795921E+04
  8.239786E+00     4.793913E+04
  8.354528E+00     4.791719E+04
  8.470868E+00     4.789342E+04
  8.588829E+00     4.786783E+04
  8.708431E+00     4.784045E+04
  8.829700E+00     4.781129E+04
  8.952657E+00     4.778035E+04
  9.077327E+00     4.774765E+04
  9.203732E+00     4.771317E+04
  9.331898E+00     4.767693E+04
  9.461848E+00     4.763893E+04
  9.593608E+00     4.759918E+04
  9.727203E+00     4.755771E+04
  9.862658E+00     4.751454E+04
  1.000000E+01     4.746969E+04
  1.013925E+01     4.742319E+04
  1.028045E+01     4.737505E+04
  1.042361E+01     4.732525E+04
  1.056876E+01     4.727381E+04
  1.071593E+01     4.722072E+04
  1.086516E+01     4.716599E+04
  1.101646E+01     4.710964E+04
  1.116987E+01     4.705168E+04
  1.132541E+01     4.699211E+04
  1.148312E+01     4.693098E+04
  1.164303E+01     4.686829E+04
  1.180517E+01     4.680405E+04
  1.196956E+01     4.673826E+04
  1.213624E+01     4.667093E+04
  1.230524E+01     4.660205E+04
  1.247660E+01     4.653163E+04
  1.265034E+01     4.645968E+04
  1.282650E+01     4.638621E+04
  1.300511E+01     4.631124E+04
  1.318621E+01     4.623479E+04
  1.336984E+01     4.615687E+04
  1.355602E+01     4.607749E+04
  1.374479E+01     4.599665E+04
  1.393619E+01     4.591436E+04
  1.413026E+01     4.583061E+04
  1.432703E+01     4.574543E+04
  1.452654E+01     4.565881E+04
  1.472883E+01     4.557076E+04
  1.493393E+01     4.548131E+04
  1.514189E+01     4.539047E+04
  1.535275E+01     4.529826E+04
  1.556654E+01     4.520469E+04
  1.578331E+01     4.510975E+04
  1.600310E+01     4.501345E+04
  1.622595E+01     4.491579E+04
  1.645191E+01     4.481677E+04
  1.668101E+01     4.471641E+04
  1.691330E+01     4.461471E+04
  1.714882E+01     4.451168E+04
  1.738762E+01     4.440734E+04
  1.762975E+01     4.430170E+04
  1.787526E+01     4.419476E+04
  1.812418E+01     4.408653E+04
  1.837656E+01     4.397702E+04
  1.863246E+01     4.386622E+04
  1.889193E+01     4.375415E+04
  1.915501E+01     4.364081E+04
  1.942175E+01     4.352621E+04
  1.969220E+01     4.341037E+04
  1.996642E+01     4.329329E+04
  2.024447E+01     4.317500E+04
  2.052638E+01     4.305549E+04
  2.081222E+01     4.293478E+04
  2.110203E+01     4.281286E+04
  2.139589E+01     4.268974E+04
  2.169384E+01     4.256543E+04
  2.199593E+01     4.243993E+04
  2.230223E+01     4.231325E+04
  2.261280E+01     4.218540E+04
  2.292769E+01     4.205639E+04
  2.324697E+01     4.192622E+04
  2.357069E+01     4.179491E+04
  2.389893E+01     4.166247E+04
  2.423173E+01     4.152891E+04
  2.456916E+01     4.139424E+04
  2.491130E+01     4.125846E+04
  2.525820E+01     4.112160E+04
  2.560993E+01     4.098367E+04
  2.596656E+01     4.084468E+04
  2.632815E+01     4.070464E+04
  2.669478E+01     4.056359E+04
  2.706652E+01     4.042153E+04
  2.744343E+01     4.027846E+04
  2.782559E+01     4.013439E+04
  2.821308E+01     3.998932E+04
  2.860596E+01     3.984324E+04
  2.900430E+01     3.969617E+04
  2.940820E+01     3.954810E+04
  2.981772E+01     3.939904E+04
  3.023295E+01     3.924899E+04
  3.065395E+01     3.909794E+04
  3.108082E+01     3.894591E+04
  3.151363E+01     3.879292E+04
  3.195248E+01     3.863898E+04
  3.239743E+01     3.848412E+04
  3.284857E+01     3.832836E+04
  3.330600E+01     3.817173E+04
  3.376980E+01     3.801426E+04
  3.424006E+01     3.785596E+04
  3.471687E+01     3.769688E+04
  3.520031E+01     3.753704E+04
  3.569049E+01     3.737647E+04
  3.618750E+01     3.721518E+04
  3.669142E+01     3.705318E+04
  3.720237E+01     3.689047E+04
  3.772042E+01     3.672708E+04
  3.824570E+01     3.656300E+04
  3.877828E+01     3.639824E+04
  3.931829E+01     3.623280E+04
  3.986581E+01     3.606670E+04
  4.042096E+01     3.589994E+04
  4.098384E+01     3.573253E+04
  4.155455E+01     3.556447E+04
  4.213322E+01     3.539579E+04
  4.271994E+01     3.522650E+04
  4.331483E+01     3.505662E+04
  4.391801E+01     3.488617E+04
  4.452959E+01     3.471515E+04
  4.514968E+01     3.454358E+04
  4.577841E+01     3.437149E+04
  4.641589E+01     3.419888E+04
  4.706225E+01     3.402577E+04
  4.771761E+01     3.385219E+04
  4.838210E+01     3.367817E+04
  4.905584E+01     3.350374E+04
  4.973896E+01     3.332893E+04
  5.043159E+01     3.315377E+04
  5.113388E+01     3.297829E+04
  5.184594E+01     3.280254E+04
  5.256791E+01     3.262655E+04
  5.329994E+01     3.245034E+04
  5.404216E+01     3.227395E+04
  5.479472E+01     3.209740E+04
  5.555776E+01     3.192071E+04
  5.633143E+01     3.174388E+04
  5.711586E+01     3.156692E+04
  5.791123E+01     3.138984E+04
  5.871766E+01     3.121265E+04
  5.953533E+01     3.103534E+04
  6.036439E+01     3.085792E+04
  6.120498E+01     3.068039E+04
  6.205729E+01     3.050274E+04
  6.292146E+01     3.032500E+04
  6.379767E+01     3.014719E+04
  6.468608E+01     2.996934E+04
  6.558686E+01     2.979148E+04
  6.650018E+01     2.961365E+04
  6.742622E+01     2.943585E+04
  6.836516E+01     2.925813E+04
  6.931717E+01     2.908051E+04
  7.028244E+01     2.890301E+04
  7.126115E+01     2.872566E+04
  7.225349E+01     2.854848E+04
  7.325965E+01     2.837150E+04
  7.427982E+01     2.819473E+04
  7.531420E+01     2.801820E+04
  7.636298E+01     2.784192E+04
  7.742637E+01     2.766591E+04
  7.850456E+01     2.749018E+04
  7.959777E+01     2.731475E+04
  8.070620E+01     2.713961E+04
  8.183007E+01     2.696479E+04
  8.296959E+01     2.679030E+04
  8.412497E+01     2.661617E+04
  8.529644E+01     2.644241E+04
  8.648423E+01     2.626906E+04
  8.768856E+01     2.609614E+04
  8.890966E+01     2.592366E+04
  9.014776E+01     2.575165E+04
  9.140311E+01     2.558012E+04
  9.267593E+01     2.540908E+04
  9.396648E+01     2.523855E+04
  9.527500E+01     2.506854E+04
  9.660175E+01     2.489908E+04
  9.794697E+01     2.473020E+04
  9.931092E+01     2.456192E+04
  1.006939E+02     2.439426E+04
  1.020961E+02     2.422723E+04
  1.035178E+02     2.406087E+04
  1.049593E+02     2.389517E+04
  1.064209E+02     2.373015E+04
  1.079029E+02     2.356583E+04
  1.094055E+02     2.340220E+04
  1.109290E+02     2.323930E+04
  1.124737E+02     2.307715E+04
  1.140400E+02     2.291576E+04
  1.156280E+02     2.275514E+04
  1.172382E+02     2.259532E+04
  1.188708E+02     2.243630E+04
  1.205261E+02     2.227808E+04
  1.222045E+02     2.212067E+04
  1.239062E+02     2.196406E+04
  1.256317E+02     2.180826E+04
  1.273811E+02     2.165330E+04
  1.291550E+02     2.149919E+04
  1.309535E+02     2.134596E+04
  1.327771E+02     2.119362E+04
  1.346261E+02     2.104219E+04
  1.365008E+02     2.089169E+04
  1.384016E+02     2.074211E+04
  1.403289E+02     2.059346E+04
  1.422830E+02     2.044575E+04
  1.442644E+02     2.029898E+04
  1.462733E+02     2.015316E+04
  1.483103E+02     2.000832E+04
  1.503755E+02     1.986446E+04
  1.524696E+02     1.972161E+04
  1.545928E+02     1.957977E+04
  1.567455E+02     1.943894E+04
  1.589283E+02     1.929913E+04
  1.611414E+02     1.916033E+04
  1.633854E+02     1.902252E+04
  1.656606E+02     1.888571E+04
  1.679675E+02     1.874992E+04
  1.703065E+02     1.861515E+04
  1.726781E+02     1.848143E+04
  1.750827E+02     1.834877E+04
  1.775208E+02     1.821718E+04
  1.799929E+02     1.808665E+04
  1.824993E+02     1.795720E+04
  1.850407E+02     1.782881E+04
  1.876175E+02     1.770148E+04
  1.902301E+02     1.757521E+04
  1.928792E+02     1.744999E+04
  1.955651E+02     1.732586E+04
  1.982884E+02     1.720282E+04
  2.010496E+02     1.708088E+04
  2.038493E+02     1.696004E+04
  2.066880E+02     1.684030E+04
  2.095662E+02     1.672166E+04
  2.124845E+02     1.660412E+04
  2.154435E+02     1.648764E+04
  2.184436E+02     1.637224E+04
  2.214855E+02     1.625790E+04
  2.245698E+02     1.614465E+04
  2.276970E+02     1.603250E+04
  2.308678E+02     1.592146E+04
  2.340827E+02     1.581152E+04
  2.373424E+02     1.570269E+04
  2.406475E+02     1.559496E+04
  2.439986E+02     1.548833E+04
  2.473964E+02     1.538277E+04
  2.508415E+02     1.527828E+04
  2.543346E+02     1.517486E+04
  2.578763E+02     1.507252E+04
  2.614673E+02     1.497127E+04
  2.651084E+02     1.487110E+04
  2.688001E+02     1.477203E+04
  2.725433E+02     1.467404E+04
  2.763385E+02     1.457713E+04
  2.801867E+02     1.448129E+04
  2.840884E+02     1.438649E+04
  2.880444E+02     1.429271E+04
  2.920556E+02     1.419997E+04
  2.961225E+02     1.410826E+04
  3.002462E+02     1.401760E+04
  3.044272E+02     1.392800E+04
  3.086665E+02     1.383945E+04
  3.129648E+02     1.375196E+04
  3.173230E+02     1.366551E+04
  3.217418E+02     1.358010E+04
  3.262222E+02     1.349572E+04
  3.307650E+02     1.341234E+04
  3.353710E+02     1.332997E+04
  3.400412E+02     1.324861E+04
  3.447764E+02     1.316827E+04
  3.495776E+02     1.308894E+04
  3.544456E+02     1.301063E+04
  3.593814E+02     1.293333E+04
  3.643859E+02     1.285701E+04
  3.694601E+02     1.278168E+04
  3.746050E+02     1.270731E+04
  3.798215E+02     1.263387E+04
  3.851107E+02     1.256137E+04
  3.904735E+02     1.248980E+04
  3.959110E+02     1.241917E+04
  4.014242E+02     1.234948E+04
  4.070142E+02     1.228073E+04
  4.126821E+02     1.221292E+04
  4.184289E+02     1.214604E+04
  4.242556E+02     1.208007E+04
  4.301636E+02     1.201501E+04
  4.361538E+02     1.195082E+04
  4.422274E+02     1.188750E+04
  4.483856E+02     1.182507E+04
  4.546295E+02     1.176351E+04
  4.609604E+02     1.170283E+04
  4.673795E+02     1.164303E+04
  4.738880E+02     1.158411E+04
  4.804870E+02     1.152605E+04
  4.871780E+02     1.146885E+04
  4.939622E+02     1.141248E+04
  5.008408E+02     1.135692E+04
  5.078152E+02     1.130218E+04
  5.148867E+02     1.124824E+04
  5.220568E+02     1.119512E+04
  5.293266E+02     1.114281E+04
  5.366977E+02     1.109131E+04
  5.441714E+02     1.104061E+04
  5.517492E+02     1.099070E+04
  5.594326E+02     1.094158E+04
  5.672229E+02     1.089322E+04
  5.751217E+02     1.084561E+04
  5.831305E+02     1.079873E+04
  5.912508E+02     1.075258E+04
  5.994843E+02     1.070718E+04
  6.078323E+02     1.066251E+04
  6.162966E+02     1.061857E+04
  6.248788E+02     1.057536E+04
  6.335805E+02     1.053287E+04
  6.424034E+02     1.049108E+04
  6.513491E+02     1.044998E+04
  6.604194E+02     1.040956E+04
  6.696160E+02     1.036980E+04
  6.789407E+02     1.033070E+04
  6.883952E+02     1.029225E+04
  6.979814E+02     1.025445E+04
  7.077011E+02     1.021730E+04
  7.175561E+02     1.018079E+04
  7.275484E+02     1.014490E+04
  7.376798E+02     1.010962E+04
  7.479523E+02     1.007494E+04
  7.583678E+02     1.004082E+04
  7.689284E+02     1.000727E+04
  7.796360E+02     9.974275E+03
  7.904928E+02     9.941864E+03
  8.015007E+02     9.910042E+03
  8.126619E+02     9.878822E+03
  8.239786E+02     9.848212E+03
  8.354528E+02     9.818222E+03
  8.470868E+02     9.788859E+03
  8.588829E+02     9.760130E+03
  8.708431E+02     9.732039E+03
  8.829700E+02     9.704578E+03
  8.952657E+02     9.677691E+03
  9.077327E+02     9.651310E+03
  9.203732E+02     9.625360E+03
  9.331898E+02     9.599756E+03
  9.461848E+02     9.574405E+03
  9.593608E+02     9.549207E+03
  9.727203E+02     9.524049E+03
  9.862658E+02     9.498812E+03
  1.000000E+03     9.473363E+03
