FILE CREATED BY  : PROGRAM DPASS - VERSION 2.00
DATABASE VERSION : 21.06
DATE AND TIME    : 10/08/2022 01:07:34
PROJECTILE       : Po
TARGET           : At
TARGET AT. MASS  : 2.099870E+02
TARGET DENSITY   : 6.350000E+00 g/cm^3
TABULATED OUTPUT : STOPPING FORCE VERSUS ENERGY
DATA TYPE        : SPLINE INTERPOLATED
ABSCISSA UNITS   : MeV/u
ORDINATE UNITS   : eV/nm


      E/n             S(E/n)

  1.000000E-03     6.702843E+02
  1.013925E-03     6.750854E+02
  1.028045E-03     6.799504E+02
  1.042361E-03     6.848771E+02
  1.056876E-03     6.898631E+02
  1.071593E-03     6.949057E+02
  1.086516E-03     7.000017E+02
  1.101646E-03     7.051481E+02
  1.116987E-03     7.103410E+02
  1.132541E-03     7.155767E+02
  1.148312E-03     7.208508E+02
  1.164303E-03     7.261594E+02
  1.180517E-03     7.315023E+02
  1.196956E-03     7.368805E+02
  1.213624E-03     7.422953E+02
  1.230524E-03     7.477479E+02
  1.247660E-03     7.532398E+02
  1.265034E-03     7.587726E+02
  1.282650E-03     7.643477E+02
  1.300511E-03     7.699673E+02
  1.318621E-03     7.756331E+02
  1.336984E-03     7.813471E+02
  1.355602E-03     7.871100E+02
  1.374479E-03     7.929220E+02
  1.393619E-03     7.987829E+02
  1.413026E-03     8.046930E+02
  1.432703E-03     8.106523E+02
  1.452654E-03     8.166608E+02
  1.472883E-03     8.227187E+02
  1.493393E-03     8.288259E+02
  1.514189E-03     8.349826E+02
  1.535275E-03     8.411887E+02
  1.556654E-03     8.474446E+02
  1.578331E-03     8.537508E+02
  1.600310E-03     8.601077E+02
  1.622595E-03     8.665158E+02
  1.645191E-03     8.729757E+02
  1.668101E-03     8.794879E+02
  1.691330E-03     8.860532E+02
  1.714882E-03     8.926721E+02
  1.738762E-03     8.993454E+02
  1.762975E-03     9.060739E+02
  1.787526E-03     9.128582E+02
  1.812418E-03     9.196986E+02
  1.837656E-03     9.265956E+02
  1.863246E-03     9.335496E+02
  1.889193E-03     9.405611E+02
  1.915501E-03     9.476307E+02
  1.942175E-03     9.547589E+02
  1.969220E-03     9.619463E+02
  1.996642E-03     9.691936E+02
  2.024447E-03     9.765013E+02
  2.052638E-03     9.838702E+02
  2.081222E-03     9.913005E+02
  2.110203E-03     9.987928E+02
  2.139589E-03     1.006348E+03
  2.169384E-03     1.013965E+03
  2.199593E-03     1.021647E+03
  2.230223E-03     1.029392E+03
  2.261280E-03     1.037203E+03
  2.292769E-03     1.045079E+03
  2.324697E-03     1.053021E+03
  2.357069E-03     1.061030E+03
  2.389893E-03     1.069106E+03
  2.423173E-03     1.077250E+03
  2.456916E-03     1.085463E+03
  2.491130E-03     1.093745E+03
  2.525820E-03     1.102096E+03
  2.560993E-03     1.110517E+03
  2.596656E-03     1.119010E+03
  2.632815E-03     1.127574E+03
  2.669478E-03     1.136211E+03
  2.706652E-03     1.144921E+03
  2.744343E-03     1.153705E+03
  2.782559E-03     1.162563E+03
  2.821308E-03     1.171496E+03
  2.860596E-03     1.180505E+03
  2.900430E-03     1.189590E+03
  2.940820E-03     1.198752E+03
  2.981772E-03     1.207993E+03
  3.023295E-03     1.217312E+03
  3.065395E-03     1.226711E+03
  3.108082E-03     1.236190E+03
  3.151363E-03     1.245751E+03
  3.195248E-03     1.255393E+03
  3.239743E-03     1.265118E+03
  3.284857E-03     1.274925E+03
  3.330600E-03     1.284817E+03
  3.376980E-03     1.294792E+03
  3.424006E-03     1.304854E+03
  3.471687E-03     1.315001E+03
  3.520031E-03     1.325235E+03
  3.569049E-03     1.335557E+03
  3.618750E-03     1.345967E+03
  3.669142E-03     1.356467E+03
  3.720237E-03     1.367056E+03
  3.772042E-03     1.377736E+03
  3.824570E-03     1.388507E+03
  3.877828E-03     1.399371E+03
  3.931829E-03     1.410327E+03
  3.986581E-03     1.421377E+03
  4.042096E-03     1.432522E+03
  4.098384E-03     1.443762E+03
  4.155455E-03     1.455099E+03
  4.213322E-03     1.466533E+03
  4.271994E-03     1.478065E+03
  4.331483E-03     1.489695E+03
  4.391801E-03     1.501425E+03
  4.452959E-03     1.513255E+03
  4.514968E-03     1.525186E+03
  4.577841E-03     1.537219E+03
  4.641589E-03     1.549356E+03
  4.706225E-03     1.561596E+03
  4.771761E-03     1.573942E+03
  4.838210E-03     1.586393E+03
  4.905584E-03     1.598950E+03
  4.973896E-03     1.611614E+03
  5.043159E-03     1.624387E+03
  5.113388E-03     1.637267E+03
  5.184594E-03     1.650258E+03
  5.256791E-03     1.663358E+03
  5.329994E-03     1.676571E+03
  5.404216E-03     1.689895E+03
  5.479472E-03     1.703333E+03
  5.555776E-03     1.716885E+03
  5.633143E-03     1.730551E+03
  5.711586E-03     1.744333E+03
  5.791123E-03     1.758231E+03
  5.871766E-03     1.772245E+03
  5.953533E-03     1.786378E+03
  6.036439E-03     1.800630E+03
  6.120498E-03     1.815001E+03
  6.205729E-03     1.829493E+03
  6.292146E-03     1.844107E+03
  6.379767E-03     1.858843E+03
  6.468608E-03     1.873702E+03
  6.558686E-03     1.888685E+03
  6.650018E-03     1.903793E+03
  6.742622E-03     1.919025E+03
  6.836516E-03     1.934384E+03
  6.931717E-03     1.949869E+03
  7.028244E-03     1.965483E+03
  7.126115E-03     1.981225E+03
  7.225349E-03     1.997098E+03
  7.325965E-03     2.013100E+03
  7.427982E-03     2.029234E+03
  7.531420E-03     2.045499E+03
  7.636298E-03     2.061897E+03
  7.742637E-03     2.078427E+03
  7.850456E-03     2.095092E+03
  7.959777E-03     2.111892E+03
  8.070620E-03     2.128827E+03
  8.183007E-03     2.145900E+03
  8.296959E-03     2.163109E+03
  8.412497E-03     2.180457E+03
  8.529644E-03     2.197943E+03
  8.648423E-03     2.215568E+03
  8.768856E-03     2.233333E+03
  8.890966E-03     2.251239E+03
  9.014776E-03     2.269285E+03
  9.140311E-03     2.287473E+03
  9.267593E-03     2.305804E+03
  9.396648E-03     2.324278E+03
  9.527500E-03     2.342896E+03
  9.660175E-03     2.361658E+03
  9.794697E-03     2.380565E+03
  9.931092E-03     2.399618E+03
  1.006939E-02     2.418816E+03
  1.020961E-02     2.438161E+03
  1.035178E-02     2.457653E+03
  1.049593E-02     2.477293E+03
  1.064209E-02     2.497081E+03
  1.079029E-02     2.517018E+03
  1.094055E-02     2.537105E+03
  1.109290E-02     2.557342E+03
  1.124737E-02     2.577729E+03
  1.140400E-02     2.598267E+03
  1.156280E-02     2.618954E+03
  1.172382E-02     2.639793E+03
  1.188708E-02     2.660782E+03
  1.205261E-02     2.681923E+03
  1.222045E-02     2.703215E+03
  1.239062E-02     2.724659E+03
  1.256317E-02     2.746256E+03
  1.273811E-02     2.768005E+03
  1.291550E-02     2.789907E+03
  1.309535E-02     2.811960E+03
  1.327771E-02     2.834166E+03
  1.346261E-02     2.856524E+03
  1.365008E-02     2.879035E+03
  1.384016E-02     2.901698E+03
  1.403289E-02     2.924514E+03
  1.422830E-02     2.947483E+03
  1.442644E-02     2.970605E+03
  1.462733E-02     2.993880E+03
  1.483103E-02     3.017308E+03
  1.503755E-02     3.040891E+03
  1.524696E-02     3.064627E+03
  1.545928E-02     3.088517E+03
  1.567455E-02     3.112562E+03
  1.589283E-02     3.136762E+03
  1.611414E-02     3.161117E+03
  1.633854E-02     3.185629E+03
  1.656606E-02     3.210298E+03
  1.679675E-02     3.235125E+03
  1.703065E-02     3.260108E+03
  1.726781E-02     3.285249E+03
  1.750827E-02     3.310548E+03
  1.775208E-02     3.336005E+03
  1.799929E-02     3.361621E+03
  1.824993E-02     3.387396E+03
  1.850407E-02     3.413331E+03
  1.876175E-02     3.439427E+03
  1.902301E-02     3.465685E+03
  1.928792E-02     3.492105E+03
  1.955651E-02     3.518686E+03
  1.982884E-02     3.545430E+03
  2.010496E-02     3.572335E+03
  2.038493E-02     3.599404E+03
  2.066880E-02     3.626635E+03
  2.095662E-02     3.654030E+03
  2.124845E-02     3.681589E+03
  2.154435E-02     3.709313E+03
  2.184436E-02     3.737203E+03
  2.214855E-02     3.765260E+03
  2.245698E-02     3.793482E+03
  2.276970E-02     3.821871E+03
  2.308678E-02     3.850426E+03
  2.340827E-02     3.879148E+03
  2.373424E-02     3.908037E+03
  2.406475E-02     3.937094E+03
  2.439986E-02     3.966320E+03
  2.473964E-02     3.995716E+03
  2.508415E-02     4.025282E+03
  2.543346E-02     4.055020E+03
  2.578763E-02     4.084928E+03
  2.614673E-02     4.115008E+03
  2.651084E-02     4.145259E+03
  2.688001E-02     4.175683E+03
  2.725433E-02     4.206279E+03
  2.763385E-02     4.237050E+03
  2.801867E-02     4.267995E+03
  2.840884E-02     4.299117E+03
  2.880444E-02     4.330416E+03
  2.920556E-02     4.361893E+03
  2.961225E-02     4.393548E+03
  3.002462E-02     4.425380E+03
  3.044272E-02     4.457392E+03
  3.086665E-02     4.489581E+03
  3.129648E-02     4.521950E+03
  3.173230E-02     4.554498E+03
  3.217418E-02     4.587227E+03
  3.262222E-02     4.620138E+03
  3.307650E-02     4.653233E+03
  3.353710E-02     4.686510E+03
  3.400412E-02     4.719972E+03
  3.447764E-02     4.753617E+03
  3.495776E-02     4.787447E+03
  3.544456E-02     4.821461E+03
  3.593814E-02     4.855661E+03
  3.643859E-02     4.890047E+03
  3.694601E-02     4.924621E+03
  3.746050E-02     4.959384E+03
  3.798215E-02     4.994337E+03
  3.851107E-02     5.029482E+03
  3.904735E-02     5.064819E+03
  3.959110E-02     5.100347E+03
  4.014242E-02     5.136067E+03
  4.070142E-02     5.171979E+03
  4.126821E-02     5.208084E+03
  4.184289E-02     5.244384E+03
  4.242556E-02     5.280878E+03
  4.301636E-02     5.317570E+03
  4.361538E-02     5.354459E+03
  4.422274E-02     5.391549E+03
  4.483856E-02     5.428837E+03
  4.546295E-02     5.466326E+03
  4.609604E-02     5.504014E+03
  4.673795E-02     5.541903E+03
  4.738880E-02     5.579993E+03
  4.804870E-02     5.618285E+03
  4.871780E-02     5.656781E+03
  4.939622E-02     5.695482E+03
  5.008408E-02     5.734391E+03
  5.078152E-02     5.773509E+03
  5.148867E-02     5.812834E+03
  5.220568E-02     5.852368E+03
  5.293266E-02     5.892111E+03
  5.366977E-02     5.932062E+03
  5.441714E-02     5.972224E+03
  5.517492E-02     6.012596E+03
  5.594326E-02     6.053181E+03
  5.672229E-02     6.093978E+03
  5.751217E-02     6.134992E+03
  5.831305E-02     6.176222E+03
  5.912508E-02     6.217669E+03
  5.994843E-02     6.259334E+03
  6.078323E-02     6.301217E+03
  6.162966E-02     6.343319E+03
  6.248788E-02     6.385642E+03
  6.335805E-02     6.428187E+03
  6.424034E-02     6.470955E+03
  6.513491E-02     6.513950E+03
  6.604194E-02     6.557174E+03
  6.696160E-02     6.600628E+03
  6.789407E-02     6.644313E+03
  6.883952E-02     6.688228E+03
  6.979814E-02     6.732373E+03
  7.077011E-02     6.776749E+03
  7.175561E-02     6.821354E+03
  7.275484E-02     6.866191E+03
  7.376798E-02     6.911260E+03
  7.479523E-02     6.956562E+03
  7.583678E-02     7.002099E+03
  7.689284E-02     7.047871E+03
  7.796360E-02     7.093880E+03
  7.904928E-02     7.140127E+03
  8.015007E-02     7.186611E+03
  8.126619E-02     7.233334E+03
  8.239786E-02     7.280298E+03
  8.354528E-02     7.327505E+03
  8.470868E-02     7.374957E+03
  8.588829E-02     7.422657E+03
  8.708431E-02     7.470608E+03
  8.829700E-02     7.518813E+03
  8.952657E-02     7.567271E+03
  9.077327E-02     7.615982E+03
  9.203732E-02     7.664944E+03
  9.331898E-02     7.714158E+03
  9.461848E-02     7.763622E+03
  9.593608E-02     7.813337E+03
  9.727203E-02     7.863303E+03
  9.862658E-02     7.913520E+03
  1.000000E-01     7.963990E+03
  1.013925E-01     8.014713E+03
  1.028045E-01     8.065693E+03
  1.042361E-01     8.116933E+03
  1.056876E-01     8.168438E+03
  1.071593E-01     8.220213E+03
  1.086516E-01     8.272265E+03
  1.101646E-01     8.324599E+03
  1.116987E-01     8.377223E+03
  1.132541E-01     8.430147E+03
  1.148312E-01     8.483378E+03
  1.164303E-01     8.536925E+03
  1.180517E-01     8.590791E+03
  1.196956E-01     8.644974E+03
  1.213624E-01     8.699472E+03
  1.230524E-01     8.754285E+03
  1.247660E-01     8.809412E+03
  1.265034E-01     8.864852E+03
  1.282650E-01     8.920604E+03
  1.300511E-01     8.976669E+03
  1.318621E-01     9.033046E+03
  1.336984E-01     9.089734E+03
  1.355602E-01     9.146729E+03
  1.374479E-01     9.204023E+03
  1.393619E-01     9.261609E+03
  1.413026E-01     9.319480E+03
  1.432703E-01     9.377626E+03
  1.452654E-01     9.436039E+03
  1.472883E-01     9.494711E+03
  1.493393E-01     9.553632E+03
  1.514189E-01     9.612793E+03
  1.535275E-01     9.672183E+03
  1.556654E-01     9.731795E+03
  1.578331E-01     9.791623E+03
  1.600310E-01     9.851659E+03
  1.622595E-01     9.911897E+03
  1.645191E-01     9.972329E+03
  1.668101E-01     1.003295E+04
  1.691330E-01     1.009375E+04
  1.714882E-01     1.015473E+04
  1.738762E-01     1.021587E+04
  1.762975E-01     1.027717E+04
  1.787526E-01     1.033863E+04
  1.812418E-01     1.040025E+04
  1.837656E-01     1.046203E+04
  1.863246E-01     1.052396E+04
  1.889193E-01     1.058605E+04
  1.915501E-01     1.064830E+04
  1.942175E-01     1.071072E+04
  1.969220E-01     1.077330E+04
  1.996642E-01     1.083606E+04
  2.024447E-01     1.089900E+04
  2.052638E-01     1.096212E+04
  2.081222E-01     1.102546E+04
  2.110203E-01     1.108903E+04
  2.139589E-01     1.115284E+04
  2.169384E-01     1.121693E+04
  2.199593E-01     1.128132E+04
  2.230223E-01     1.134604E+04
  2.261280E-01     1.141113E+04
  2.292769E-01     1.147661E+04
  2.324697E-01     1.154252E+04
  2.357069E-01     1.160890E+04
  2.389893E-01     1.167576E+04
  2.423173E-01     1.174310E+04
  2.456916E-01     1.181095E+04
  2.491130E-01     1.187932E+04
  2.525820E-01     1.194822E+04
  2.560993E-01     1.201767E+04
  2.596656E-01     1.208770E+04
  2.632815E-01     1.215832E+04
  2.669478E-01     1.222955E+04
  2.706652E-01     1.230142E+04
  2.744343E-01     1.237393E+04
  2.782559E-01     1.244709E+04
  2.821308E-01     1.252091E+04
  2.860596E-01     1.259538E+04
  2.900430E-01     1.267053E+04
  2.940820E-01     1.274635E+04
  2.981772E-01     1.282286E+04
  3.023295E-01     1.290007E+04
  3.065395E-01     1.297798E+04
  3.108082E-01     1.305661E+04
  3.151363E-01     1.313596E+04
  3.195248E-01     1.321602E+04
  3.239743E-01     1.329681E+04
  3.284857E-01     1.337831E+04
  3.330600E-01     1.346054E+04
  3.376980E-01     1.354348E+04
  3.424006E-01     1.362716E+04
  3.471687E-01     1.371155E+04
  3.520031E-01     1.379668E+04
  3.569049E-01     1.388253E+04
  3.618750E-01     1.396910E+04
  3.669142E-01     1.405641E+04
  3.720237E-01     1.414444E+04
  3.772042E-01     1.423321E+04
  3.824570E-01     1.432271E+04
  3.877828E-01     1.441294E+04
  3.931829E-01     1.450391E+04
  3.986581E-01     1.459561E+04
  4.042096E-01     1.468805E+04
  4.098384E-01     1.478122E+04
  4.155455E-01     1.487513E+04
  4.213322E-01     1.496978E+04
  4.271994E-01     1.506516E+04
  4.331483E-01     1.516128E+04
  4.391801E-01     1.525813E+04
  4.452959E-01     1.535571E+04
  4.514968E-01     1.545402E+04
  4.577841E-01     1.555305E+04
  4.641589E-01     1.565282E+04
  4.706225E-01     1.575330E+04
  4.771761E-01     1.585450E+04
  4.838210E-01     1.595639E+04
  4.905584E-01     1.605896E+04
  4.973896E-01     1.616219E+04
  5.043159E-01     1.626606E+04
  5.113388E-01     1.637056E+04
  5.184594E-01     1.647565E+04
  5.256791E-01     1.658131E+04
  5.329994E-01     1.668753E+04
  5.404216E-01     1.679427E+04
  5.479472E-01     1.690152E+04
  5.555776E-01     1.700927E+04
  5.633143E-01     1.711749E+04
  5.711586E-01     1.722619E+04
  5.791123E-01     1.733534E+04
  5.871766E-01     1.744492E+04
  5.953533E-01     1.755493E+04
  6.036439E-01     1.766534E+04
  6.120498E-01     1.777614E+04
  6.205729E-01     1.788731E+04
  6.292146E-01     1.799884E+04
  6.379767E-01     1.811073E+04
  6.468608E-01     1.822296E+04
  6.558686E-01     1.833553E+04
  6.650018E-01     1.844842E+04
  6.742622E-01     1.856165E+04
  6.836516E-01     1.867519E+04
  6.931717E-01     1.878905E+04
  7.028244E-01     1.890322E+04
  7.126115E-01     1.901769E+04
  7.225349E-01     1.913247E+04
  7.325965E-01     1.924753E+04
  7.427982E-01     1.936287E+04
  7.531420E-01     1.947848E+04
  7.636298E-01     1.959435E+04
  7.742637E-01     1.971048E+04
  7.850456E-01     1.982685E+04
  7.959777E-01     1.994347E+04
  8.070620E-01     2.006031E+04
  8.183007E-01     2.017739E+04
  8.296959E-01     2.029468E+04
  8.412497E-01     2.041218E+04
  8.529644E-01     2.052987E+04
  8.648423E-01     2.064774E+04
  8.768856E-01     2.076578E+04
  8.890966E-01     2.088398E+04
  9.014776E-01     2.100232E+04
  9.140311E-01     2.112079E+04
  9.267593E-01     2.123939E+04
  9.396648E-01     2.135811E+04
  9.527500E-01     2.147694E+04
  9.660175E-01     2.159587E+04
  9.794697E-01     2.171489E+04
  9.931092E-01     2.183400E+04
  1.006939E+00     2.195320E+04
  1.020961E+00     2.207248E+04
  1.035178E+00     2.219184E+04
  1.049593E+00     2.231129E+04
  1.064209E+00     2.243083E+04
  1.079029E+00     2.255045E+04
  1.094055E+00     2.267017E+04
  1.109290E+00     2.278997E+04
  1.124737E+00     2.290986E+04
  1.140400E+00     2.302982E+04
  1.156280E+00     2.314986E+04
  1.172382E+00     2.326997E+04
  1.188708E+00     2.339016E+04
  1.205261E+00     2.351043E+04
  1.222045E+00     2.363079E+04
  1.239062E+00     2.375125E+04
  1.256317E+00     2.387179E+04
  1.273811E+00     2.399240E+04
  1.291550E+00     2.411304E+04
  1.309535E+00     2.423370E+04
  1.327771E+00     2.435435E+04
  1.346261E+00     2.447495E+04
  1.365008E+00     2.459548E+04
  1.384016E+00     2.471591E+04
  1.403289E+00     2.483622E+04
  1.422830E+00     2.495637E+04
  1.442644E+00     2.507633E+04
  1.462733E+00     2.519608E+04
  1.483103E+00     2.531557E+04
  1.503755E+00     2.543477E+04
  1.524696E+00     2.555365E+04
  1.545928E+00     2.567217E+04
  1.567455E+00     2.579030E+04
  1.589283E+00     2.590799E+04
  1.611414E+00     2.602521E+04
  1.633854E+00     2.614193E+04
  1.656606E+00     2.625810E+04
  1.679675E+00     2.637371E+04
  1.703065E+00     2.648872E+04
  1.726781E+00     2.660311E+04
  1.750827E+00     2.671685E+04
  1.775208E+00     2.682991E+04
  1.799929E+00     2.694228E+04
  1.824993E+00     2.705393E+04
  1.850407E+00     2.716484E+04
  1.876175E+00     2.727500E+04
  1.902301E+00     2.738437E+04
  1.928792E+00     2.749295E+04
  1.955651E+00     2.760069E+04
  1.982884E+00     2.770758E+04
  2.010496E+00     2.781360E+04
  2.038493E+00     2.791871E+04
  2.066880E+00     2.802291E+04
  2.095662E+00     2.812617E+04
  2.124845E+00     2.822848E+04
  2.154435E+00     2.832982E+04
  2.184436E+00     2.843019E+04
  2.214855E+00     2.852956E+04
  2.245698E+00     2.862791E+04
  2.276970E+00     2.872522E+04
  2.308678E+00     2.882148E+04
  2.340827E+00     2.891666E+04
  2.373424E+00     2.901077E+04
  2.406475E+00     2.910379E+04
  2.439986E+00     2.919572E+04
  2.473964E+00     2.928655E+04
  2.508415E+00     2.937629E+04
  2.543346E+00     2.946491E+04
  2.578763E+00     2.955240E+04
  2.614673E+00     2.963876E+04
  2.651084E+00     2.972395E+04
  2.688001E+00     2.980799E+04
  2.725433E+00     2.989085E+04
  2.763385E+00     2.997254E+04
  2.801867E+00     3.005305E+04
  2.840884E+00     3.013240E+04
  2.880444E+00     3.021059E+04
  2.920556E+00     3.028760E+04
  2.961225E+00     3.036343E+04
  3.002462E+00     3.043807E+04
  3.044272E+00     3.051151E+04
  3.086665E+00     3.058373E+04
  3.129648E+00     3.065475E+04
  3.173230E+00     3.072455E+04
  3.217418E+00     3.079316E+04
  3.262222E+00     3.086057E+04
  3.307650E+00     3.092680E+04
  3.353710E+00     3.099185E+04
  3.400412E+00     3.105569E+04
  3.447764E+00     3.111832E+04
  3.495776E+00     3.117972E+04
  3.544456E+00     3.123988E+04
  3.593814E+00     3.129879E+04
  3.643859E+00     3.135646E+04
  3.694601E+00     3.141288E+04
  3.746050E+00     3.146805E+04
  3.798215E+00     3.152199E+04
  3.851107E+00     3.157468E+04
  3.904735E+00     3.162613E+04
  3.959110E+00     3.167631E+04
  4.014242E+00     3.172522E+04
  4.070142E+00     3.177286E+04
  4.126821E+00     3.181923E+04
  4.184289E+00     3.186433E+04
  4.242556E+00     3.190817E+04
  4.301636E+00     3.195076E+04
  4.361538E+00     3.199212E+04
  4.422274E+00     3.203224E+04
  4.483856E+00     3.207112E+04
  4.546295E+00     3.210873E+04
  4.609604E+00     3.214507E+04
  4.673795E+00     3.218013E+04
  4.738880E+00     3.221392E+04
  4.804870E+00     3.224641E+04
  4.871780E+00     3.227762E+04
  4.939622E+00     3.230756E+04
  5.008408E+00     3.233622E+04
  5.078152E+00     3.236361E+04
  5.148867E+00     3.238972E+04
  5.220568E+00     3.241453E+04
  5.293266E+00     3.243804E+04
  5.366977E+00     3.246024E+04
  5.441714E+00     3.248113E+04
  5.517492E+00     3.250071E+04
  5.594326E+00     3.251898E+04
  5.672229E+00     3.253594E+04
  5.751217E+00     3.255161E+04
  5.831305E+00     3.256600E+04
  5.912508E+00     3.257908E+04
  5.994843E+00     3.259085E+04
  6.078323E+00     3.260132E+04
  6.162966E+00     3.261046E+04
  6.248788E+00     3.261829E+04
  6.335805E+00     3.262481E+04
  6.424034E+00     3.263001E+04
  6.513491E+00     3.263392E+04
  6.604194E+00     3.263654E+04
  6.696160E+00     3.263788E+04
  6.789407E+00     3.263793E+04
  6.883952E+00     3.263670E+04
  6.979814E+00     3.263417E+04
  7.077011E+00     3.263034E+04
  7.175561E+00     3.262522E+04
  7.275484E+00     3.261881E+04
  7.376798E+00     3.261111E+04
  7.479523E+00     3.260215E+04
  7.583678E+00     3.259193E+04
  7.689284E+00     3.258047E+04
  7.796360E+00     3.256776E+04
  7.904928E+00     3.255381E+04
  8.015007E+00     3.253860E+04
  8.126619E+00     3.252215E+04
  8.239786E+00     3.250447E+04
  8.354528E+00     3.248556E+04
  8.470868E+00     3.246542E+04
  8.588829E+00     3.244409E+04
  8.708431E+00     3.242157E+04
  8.829700E+00     3.239789E+04
  8.952657E+00     3.237304E+04
  9.077327E+00     3.234703E+04
  9.203732E+00     3.231985E+04
  9.331898E+00     3.229151E+04
  9.461848E+00     3.226202E+04
  9.593608E+00     3.223138E+04
  9.727203E+00     3.219960E+04
  9.862658E+00     3.216670E+04
  1.000000E+01     3.213270E+04
  1.013925E+01     3.209761E+04
  1.028045E+01     3.206144E+04
  1.042361E+01     3.202418E+04
  1.056876E+01     3.198584E+04
  1.071593E+01     3.194642E+04
  1.086516E+01     3.190593E+04
  1.101646E+01     3.186438E+04
  1.116987E+01     3.182177E+04
  1.132541E+01     3.177813E+04
  1.148312E+01     3.173346E+04
  1.164303E+01     3.168779E+04
  1.180517E+01     3.164111E+04
  1.196956E+01     3.159343E+04
  1.213624E+01     3.154475E+04
  1.230524E+01     3.149506E+04
  1.247660E+01     3.144438E+04
  1.265034E+01     3.139272E+04
  1.282650E+01     3.134007E+04
  1.300511E+01     3.128644E+04
  1.318621E+01     3.123186E+04
  1.336984E+01     3.117634E+04
  1.355602E+01     3.111987E+04
  1.374479E+01     3.106246E+04
  1.393619E+01     3.100411E+04
  1.413026E+01     3.094482E+04
  1.432703E+01     3.088460E+04
  1.452654E+01     3.082346E+04
  1.472883E+01     3.076140E+04
  1.493393E+01     3.069843E+04
  1.514189E+01     3.063456E+04
  1.535275E+01     3.056981E+04
  1.556654E+01     3.050418E+04
  1.578331E+01     3.043766E+04
  1.600310E+01     3.037027E+04
  1.622595E+01     3.030199E+04
  1.645191E+01     3.023284E+04
  1.668101E+01     3.016282E+04
  1.691330E+01     3.009192E+04
  1.714882E+01     3.002016E+04
  1.738762E+01     2.994754E+04
  1.762975E+01     2.987407E+04
  1.787526E+01     2.979976E+04
  1.812418E+01     2.972461E+04
  1.837656E+01     2.964862E+04
  1.863246E+01     2.957179E+04
  1.889193E+01     2.949415E+04
  1.915501E+01     2.941568E+04
  1.942175E+01     2.933640E+04
  1.969220E+01     2.925633E+04
  1.996642E+01     2.917546E+04
  2.024447E+01     2.909382E+04
  2.052638E+01     2.901141E+04
  2.081222E+01     2.892823E+04
  2.110203E+01     2.884429E+04
  2.139589E+01     2.875957E+04
  2.169384E+01     2.867409E+04
  2.199593E+01     2.858784E+04
  2.230223E+01     2.850084E+04
  2.261280E+01     2.841308E+04
  2.292769E+01     2.832456E+04
  2.324697E+01     2.823529E+04
  2.357069E+01     2.814528E+04
  2.389893E+01     2.805452E+04
  2.423173E+01     2.796303E+04
  2.456916E+01     2.787081E+04
  2.491130E+01     2.777787E+04
  2.525820E+01     2.768421E+04
  2.560993E+01     2.758984E+04
  2.596656E+01     2.749477E+04
  2.632815E+01     2.739900E+04
  2.669478E+01     2.730256E+04
  2.706652E+01     2.720544E+04
  2.744343E+01     2.710766E+04
  2.782559E+01     2.700922E+04
  2.821308E+01     2.691012E+04
  2.860596E+01     2.681038E+04
  2.900430E+01     2.670999E+04
  2.940820E+01     2.660898E+04
  2.981772E+01     2.650734E+04
  3.023295E+01     2.640510E+04
  3.065395E+01     2.630224E+04
  3.108082E+01     2.619879E+04
  3.151363E+01     2.609476E+04
  3.195248E+01     2.599015E+04
  3.239743E+01     2.588497E+04
  3.284857E+01     2.577922E+04
  3.330600E+01     2.567293E+04
  3.376980E+01     2.556610E+04
  3.424006E+01     2.545873E+04
  3.471687E+01     2.535084E+04
  3.520031E+01     2.524244E+04
  3.569049E+01     2.513354E+04
  3.618750E+01     2.502415E+04
  3.669142E+01     2.491427E+04
  3.720237E+01     2.480392E+04
  3.772042E+01     2.469311E+04
  3.824570E+01     2.458184E+04
  3.877828E+01     2.447012E+04
  3.931829E+01     2.435797E+04
  3.986581E+01     2.424539E+04
  4.042096E+01     2.413240E+04
  4.098384E+01     2.401899E+04
  4.155455E+01     2.390519E+04
  4.213322E+01     2.379101E+04
  4.271994E+01     2.367645E+04
  4.331483E+01     2.356153E+04
  4.391801E+01     2.344626E+04
  4.452959E+01     2.333065E+04
  4.514968E+01     2.321471E+04
  4.577841E+01     2.309846E+04
  4.641589E+01     2.298191E+04
  4.706225E+01     2.286506E+04
  4.771761E+01     2.274793E+04
  4.838210E+01     2.263054E+04
  4.905584E+01     2.251289E+04
  4.973896E+01     2.239501E+04
  5.043159E+01     2.227691E+04
  5.113388E+01     2.215861E+04
  5.184594E+01     2.204011E+04
  5.256791E+01     2.192143E+04
  5.329994E+01     2.180258E+04
  5.404216E+01     2.168358E+04
  5.479472E+01     2.156444E+04
  5.555776E+01     2.144517E+04
  5.633143E+01     2.132578E+04
  5.711586E+01     2.120630E+04
  5.791123E+01     2.108673E+04
  5.871766E+01     2.096708E+04
  5.953533E+01     2.084736E+04
  6.036439E+01     2.072758E+04
  6.120498E+01     2.060776E+04
  6.205729E+01     2.048789E+04
  6.292146E+01     2.036800E+04
  6.379767E+01     2.024809E+04
  6.468608E+01     2.012820E+04
  6.558686E+01     2.000832E+04
  6.650018E+01     1.988849E+04
  6.742622E+01     1.976871E+04
  6.836516E+01     1.964900E+04
  6.931717E+01     1.952937E+04
  7.028244E+01     1.940984E+04
  7.126115E+01     1.929041E+04
  7.225349E+01     1.917110E+04
  7.325965E+01     1.905192E+04
  7.427982E+01     1.893290E+04
  7.531420E+01     1.881404E+04
  7.636298E+01     1.869536E+04
  7.742637E+01     1.857686E+04
  7.850456E+01     1.845857E+04
  7.959777E+01     1.834049E+04
  8.070620E+01     1.822262E+04
  8.183007E+01     1.810497E+04
  8.296959E+01     1.798756E+04
  8.412497E+01     1.787040E+04
  8.529644E+01     1.775350E+04
  8.648423E+01     1.763689E+04
  8.768856E+01     1.752057E+04
  8.890966E+01     1.740456E+04
  9.014776E+01     1.728887E+04
  9.140311E+01     1.717351E+04
  9.267593E+01     1.705848E+04
  9.396648E+01     1.694380E+04
  9.527500E+01     1.682946E+04
  9.660175E+01     1.671550E+04
  9.794697E+01     1.660193E+04
  9.931092E+01     1.648877E+04
  1.006939E+02     1.637603E+04
  1.020961E+02     1.626373E+04
  1.035178E+02     1.615187E+04
  1.049593E+02     1.604048E+04
  1.064209E+02     1.592956E+04
  1.079029E+02     1.581912E+04
  1.094055E+02     1.570916E+04
  1.109290E+02     1.559971E+04
  1.124737E+02     1.549077E+04
  1.140400E+02     1.538236E+04
  1.156280E+02     1.527447E+04
  1.172382E+02     1.516713E+04
  1.188708E+02     1.506033E+04
  1.205261E+02     1.495408E+04
  1.222045E+02     1.484837E+04
  1.239062E+02     1.474320E+04
  1.256317E+02     1.463857E+04
  1.273811E+02     1.453450E+04
  1.291550E+02     1.443101E+04
  1.309535E+02     1.432810E+04
  1.327771E+02     1.422579E+04
  1.346261E+02     1.412410E+04
  1.365008E+02     1.402302E+04
  1.384016E+02     1.392256E+04
  1.403289E+02     1.382274E+04
  1.422830E+02     1.372354E+04
  1.442644E+02     1.362497E+04
  1.462733E+02     1.352705E+04
  1.483103E+02     1.342978E+04
  1.503755E+02     1.333318E+04
  1.524696E+02     1.323725E+04
  1.545928E+02     1.314200E+04
  1.567455E+02     1.304744E+04
  1.589283E+02     1.295355E+04
  1.611414E+02     1.286035E+04
  1.633854E+02     1.276782E+04
  1.656606E+02     1.267596E+04
  1.679675E+02     1.258477E+04
  1.703065E+02     1.249429E+04
  1.726781E+02     1.240450E+04
  1.750827E+02     1.231543E+04
  1.775208E+02     1.222707E+04
  1.799929E+02     1.213943E+04
  1.824993E+02     1.205251E+04
  1.850407E+02     1.196630E+04
  1.876175E+02     1.188081E+04
  1.902301E+02     1.179602E+04
  1.928792E+02     1.171194E+04
  1.955651E+02     1.162859E+04
  1.982884E+02     1.154597E+04
  2.010496E+02     1.146409E+04
  2.038493E+02     1.138296E+04
  2.066880E+02     1.130256E+04
  2.095662E+02     1.122291E+04
  2.124845E+02     1.114400E+04
  2.154435E+02     1.106581E+04
  2.184436E+02     1.098834E+04
  2.214855E+02     1.091160E+04
  2.245698E+02     1.083559E+04
  2.276970E+02     1.076033E+04
  2.308678E+02     1.068580E+04
  2.340827E+02     1.061203E+04
  2.373424E+02     1.053899E+04
  2.406475E+02     1.046670E+04
  2.439986E+02     1.039513E+04
  2.473964E+02     1.032429E+04
  2.508415E+02     1.025415E+04
  2.543346E+02     1.018473E+04
  2.578763E+02     1.011602E+04
  2.614673E+02     1.004804E+04
  2.651084E+02     9.980794E+03
  2.688001E+02     9.914277E+03
  2.725433E+02     9.848490E+03
  2.763385E+02     9.783429E+03
  2.801867E+02     9.719086E+03
  2.840884E+02     9.655451E+03
  2.880444E+02     9.592514E+03
  2.920556E+02     9.530275E+03
  2.961225E+02     9.468739E+03
  3.002462E+02     9.407913E+03
  3.044272E+02     9.347796E+03
  3.086665E+02     9.288390E+03
  3.129648E+02     9.229690E+03
  3.173230E+02     9.171691E+03
  3.217418E+02     9.114384E+03
  3.262222E+02     9.057757E+03
  3.307650E+02     9.001796E+03
  3.353710E+02     8.946500E+03
  3.400412E+02     8.891873E+03
  3.447764E+02     8.837921E+03
  3.495776E+02     8.784643E+03
  3.544456E+02     8.732040E+03
  3.593814E+02     8.680109E+03
  3.643859E+02     8.628843E+03
  3.694601E+02     8.578234E+03
  3.746050E+02     8.528271E+03
  3.798215E+02     8.478940E+03
  3.851107E+02     8.430238E+03
  3.904735E+02     8.382168E+03
  3.959110E+02     8.334734E+03
  4.014242E+02     8.287937E+03
  4.070142E+02     8.241775E+03
  4.126821E+02     8.196244E+03
  4.184289E+02     8.151339E+03
  4.242556E+02     8.107051E+03
  4.301636E+02     8.063368E+03
  4.361538E+02     8.020277E+03
  4.422274E+02     7.977772E+03
  4.483856E+02     7.935856E+03
  4.546295E+02     7.894532E+03
  4.609604E+02     7.853800E+03
  4.673795E+02     7.813658E+03
  4.738880E+02     7.774102E+03
  4.804870E+02     7.735127E+03
  4.871780E+02     7.696722E+03
  4.939622E+02     7.658879E+03
  5.008408E+02     7.621581E+03
  5.078152E+02     7.584824E+03
  5.148867E+02     7.548609E+03
  5.220568E+02     7.512937E+03
  5.293266E+02     7.477810E+03
  5.366977E+02     7.443224E+03
  5.441714E+02     7.409177E+03
  5.517492E+02     7.375661E+03
  5.594326E+02     7.342669E+03
  5.672229E+02     7.310191E+03
  5.751217E+02     7.278213E+03
  5.831305E+02     7.246728E+03
  5.912508E+02     7.215737E+03
  5.994843E+02     7.185242E+03
  6.078323E+02     7.155241E+03
  6.162966E+02     7.125734E+03
  6.248788E+02     7.096715E+03
  6.335805E+02     7.068181E+03
  6.424034E+02     7.040122E+03
  6.513491E+02     7.012529E+03
  6.604194E+02     6.985390E+03
  6.696160E+02     6.958696E+03
  6.789407E+02     6.932445E+03
  6.883952E+02     6.906637E+03
  6.979814E+02     6.881268E+03
  7.077011E+02     6.856333E+03
  7.175561E+02     6.831827E+03
  7.275484E+02     6.807740E+03
  7.376798E+02     6.784064E+03
  7.479523E+02     6.760783E+03
  7.583678E+02     6.737885E+03
  7.689284E+02     6.715360E+03
  7.796360E+02     6.693213E+03
  7.904928E+02     6.671453E+03
  8.015007E+02     6.650087E+03
  8.126619E+02     6.629124E+03
  8.239786E+02     6.608570E+03
  8.354528E+02     6.588431E+03
  8.470868E+02     6.568712E+03
  8.588829E+02     6.549419E+03
  8.708431E+02     6.530554E+03
  8.829700E+02     6.512111E+03
  8.952657E+02     6.494055E+03
  9.077327E+02     6.476338E+03
  9.203732E+02     6.458910E+03
  9.331898E+02     6.441715E+03
  9.461848E+02     6.424690E+03
  9.593608E+02     6.407768E+03
  9.727203E+02     6.390873E+03
  9.862658E+02     6.373924E+03
  1.000000E+03     6.356833E+03
