FILE CREATED BY  : PROGRAM DPASS - VERSION 2.00
DATABASE VERSION : 21.06
DATE AND TIME    : 10/08/2022 01:11:06
PROJECTILE       : At
TARGET           : Pt
TARGET AT. MASS  : 1.950900E+02
TARGET DENSITY   : 2.145000E+01 g/cm^3
TABULATED OUTPUT : STOPPING FORCE VERSUS ENERGY
DATA TYPE        : SPLINE INTERPOLATED
ABSCISSA UNITS   : MeV/u
ORDINATE UNITS   : eV/nm


      E/n             S(E/n)

  1.000000E-03     2.206508E+03
  1.013925E-03     2.221463E+03
  1.028045E-03     2.236615E+03
  1.042361E-03     2.251957E+03
  1.056876E-03     2.267478E+03
  1.071593E-03     2.283169E+03
  1.086516E-03     2.299018E+03
  1.101646E-03     2.315012E+03
  1.116987E-03     2.331138E+03
  1.132541E-03     2.347381E+03
  1.148312E-03     2.363725E+03
  1.164303E-03     2.380155E+03
  1.180517E-03     2.396670E+03
  1.196956E-03     2.413273E+03
  1.213624E-03     2.429969E+03
  1.230524E-03     2.446761E+03
  1.247660E-03     2.463654E+03
  1.265034E-03     2.480654E+03
  1.282650E-03     2.497765E+03
  1.300511E-03     2.514995E+03
  1.318621E-03     2.532349E+03
  1.336984E-03     2.549835E+03
  1.355602E-03     2.567454E+03
  1.374479E-03     2.585206E+03
  1.393619E-03     2.603091E+03
  1.413026E-03     2.621107E+03
  1.432703E-03     2.639255E+03
  1.452654E-03     2.657534E+03
  1.472883E-03     2.675944E+03
  1.493393E-03     2.694483E+03
  1.514189E-03     2.713152E+03
  1.535275E-03     2.731950E+03
  1.556654E-03     2.750877E+03
  1.578331E-03     2.769935E+03
  1.600310E-03     2.789123E+03
  1.622595E-03     2.808444E+03
  1.645191E-03     2.827899E+03
  1.668101E-03     2.847488E+03
  1.691330E-03     2.867214E+03
  1.714882E-03     2.887078E+03
  1.738762E-03     2.907082E+03
  1.762975E-03     2.927227E+03
  1.787526E-03     2.947516E+03
  1.812418E-03     2.967949E+03
  1.837656E-03     2.988525E+03
  1.863246E-03     3.009247E+03
  1.889193E-03     3.030115E+03
  1.915501E-03     3.051129E+03
  1.942175E-03     3.072290E+03
  1.969220E-03     3.093601E+03
  1.996642E-03     3.115061E+03
  2.024447E-03     3.136673E+03
  2.052638E-03     3.158436E+03
  2.081222E-03     3.180353E+03
  2.110203E-03     3.202424E+03
  2.139589E-03     3.224649E+03
  2.169384E-03     3.247030E+03
  2.199593E-03     3.269569E+03
  2.230223E-03     3.292265E+03
  2.261280E-03     3.315122E+03
  2.292769E-03     3.338140E+03
  2.324697E-03     3.361321E+03
  2.357069E-03     3.384667E+03
  2.389893E-03     3.408178E+03
  2.423173E-03     3.431854E+03
  2.456916E-03     3.455698E+03
  2.491130E-03     3.479709E+03
  2.525820E-03     3.503889E+03
  2.560993E-03     3.528239E+03
  2.596656E-03     3.552760E+03
  2.632815E-03     3.577454E+03
  2.669478E-03     3.602322E+03
  2.706652E-03     3.627366E+03
  2.744343E-03     3.652586E+03
  2.782559E-03     3.677984E+03
  2.821308E-03     3.703560E+03
  2.860596E-03     3.729317E+03
  2.900430E-03     3.755254E+03
  2.940820E-03     3.781375E+03
  2.981772E-03     3.807680E+03
  3.023295E-03     3.834171E+03
  3.065395E-03     3.860850E+03
  3.108082E-03     3.887720E+03
  3.151363E-03     3.914781E+03
  3.195248E-03     3.942033E+03
  3.239743E-03     3.969478E+03
  3.284857E-03     3.997117E+03
  3.330600E-03     4.024952E+03
  3.376980E-03     4.052983E+03
  3.424006E-03     4.081212E+03
  3.471687E-03     4.109642E+03
  3.520031E-03     4.138273E+03
  3.569049E-03     4.167108E+03
  3.618750E-03     4.196147E+03
  3.669142E-03     4.225392E+03
  3.720237E-03     4.254844E+03
  3.772042E-03     4.284503E+03
  3.824570E-03     4.314372E+03
  3.877828E-03     4.344452E+03
  3.931829E-03     4.374745E+03
  3.986581E-03     4.405252E+03
  4.042096E-03     4.435975E+03
  4.098384E-03     4.466917E+03
  4.155455E-03     4.498079E+03
  4.213322E-03     4.529462E+03
  4.271994E-03     4.561068E+03
  4.331483E-03     4.592897E+03
  4.391801E-03     4.624952E+03
  4.452959E-03     4.657235E+03
  4.514968E-03     4.689747E+03
  4.577841E-03     4.722490E+03
  4.641589E-03     4.755468E+03
  4.706225E-03     4.788683E+03
  4.771761E-03     4.822135E+03
  4.838210E-03     4.855827E+03
  4.905584E-03     4.889759E+03
  4.973896E-03     4.923932E+03
  5.043159E-03     4.958350E+03
  5.113388E-03     4.993012E+03
  5.184594E-03     5.027921E+03
  5.256791E-03     5.063079E+03
  5.329994E-03     5.098489E+03
  5.404216E-03     5.134153E+03
  5.479472E-03     5.170072E+03
  5.555776E-03     5.206248E+03
  5.633143E-03     5.242682E+03
  5.711586E-03     5.279375E+03
  5.791123E-03     5.316330E+03
  5.871766E-03     5.353548E+03
  5.953533E-03     5.391032E+03
  6.036439E-03     5.428783E+03
  6.120498E-03     5.466804E+03
  6.205729E-03     5.505099E+03
  6.292146E-03     5.543668E+03
  6.379767E-03     5.582514E+03
  6.468608E-03     5.621637E+03
  6.558686E-03     5.661040E+03
  6.650018E-03     5.700724E+03
  6.742622E-03     5.740692E+03
  6.836516E-03     5.780946E+03
  6.931717E-03     5.821488E+03
  7.028244E-03     5.862322E+03
  7.126115E-03     5.903450E+03
  7.225349E-03     5.944875E+03
  7.325965E-03     5.986597E+03
  7.427982E-03     6.028619E+03
  7.531420E-03     6.070941E+03
  7.636298E-03     6.113567E+03
  7.742637E-03     6.156497E+03
  7.850456E-03     6.199734E+03
  7.959777E-03     6.243281E+03
  8.070620E-03     6.287141E+03
  8.183007E-03     6.331316E+03
  8.296959E-03     6.375808E+03
  8.412497E-03     6.420620E+03
  8.529644E-03     6.465753E+03
  8.648423E-03     6.511208E+03
  8.768856E-03     6.556990E+03
  8.890966E-03     6.603098E+03
  9.014776E-03     6.649538E+03
  9.140311E-03     6.696311E+03
  9.267593E-03     6.743421E+03
  9.396648E-03     6.790871E+03
  9.527500E-03     6.838664E+03
  9.660175E-03     6.886802E+03
  9.794697E-03     6.935286E+03
  9.931092E-03     6.984119E+03
  1.006939E-02     7.033304E+03
  1.020961E-02     7.082841E+03
  1.035178E-02     7.132736E+03
  1.049593E-02     7.182990E+03
  1.064209E-02     7.233607E+03
  1.079029E-02     7.284591E+03
  1.094055E-02     7.335945E+03
  1.109290E-02     7.387670E+03
  1.124737E-02     7.439769E+03
  1.140400E-02     7.492243E+03
  1.156280E-02     7.545095E+03
  1.172382E-02     7.598329E+03
  1.188708E-02     7.651946E+03
  1.205261E-02     7.705949E+03
  1.222045E-02     7.760344E+03
  1.239062E-02     7.815132E+03
  1.256317E-02     7.870319E+03
  1.273811E-02     7.925904E+03
  1.291550E-02     7.981892E+03
  1.309535E-02     8.038283E+03
  1.327771E-02     8.095082E+03
  1.346261E-02     8.152289E+03
  1.365008E-02     8.209910E+03
  1.384016E-02     8.267946E+03
  1.403289E-02     8.326402E+03
  1.422830E-02     8.385283E+03
  1.442644E-02     8.444591E+03
  1.462733E-02     8.504330E+03
  1.483103E-02     8.564500E+03
  1.503755E-02     8.625105E+03
  1.524696E-02     8.686148E+03
  1.545928E-02     8.747631E+03
  1.567455E-02     8.809559E+03
  1.589283E-02     8.871933E+03
  1.611414E-02     8.934759E+03
  1.633854E-02     8.998042E+03
  1.656606E-02     9.061784E+03
  1.679675E-02     9.125989E+03
  1.703065E-02     9.190659E+03
  1.726781E-02     9.255795E+03
  1.750827E-02     9.321402E+03
  1.775208E-02     9.387482E+03
  1.799929E-02     9.454039E+03
  1.824993E-02     9.521075E+03
  1.850407E-02     9.588597E+03
  1.876175E-02     9.656607E+03
  1.902301E-02     9.725111E+03
  1.928792E-02     9.794110E+03
  1.955651E-02     9.863608E+03
  1.982884E-02     9.933608E+03
  2.010496E-02     1.000411E+04
  2.038493E-02     1.007512E+04
  2.066880E-02     1.014665E+04
  2.095662E-02     1.021869E+04
  2.124845E-02     1.029125E+04
  2.154435E-02     1.036434E+04
  2.184436E-02     1.043796E+04
  2.214855E-02     1.051211E+04
  2.245698E-02     1.058680E+04
  2.276970E-02     1.066202E+04
  2.308678E-02     1.073779E+04
  2.340827E-02     1.081410E+04
  2.373424E-02     1.089097E+04
  2.406475E-02     1.096838E+04
  2.439986E-02     1.104635E+04
  2.473964E-02     1.112488E+04
  2.508415E-02     1.120398E+04
  2.543346E-02     1.128365E+04
  2.578763E-02     1.136389E+04
  2.614673E-02     1.144470E+04
  2.651084E-02     1.152609E+04
  2.688001E-02     1.160807E+04
  2.725433E-02     1.169063E+04
  2.763385E-02     1.177378E+04
  2.801867E-02     1.185753E+04
  2.840884E-02     1.194188E+04
  2.880444E-02     1.202684E+04
  2.920556E-02     1.211241E+04
  2.961225E-02     1.219859E+04
  3.002462E-02     1.228539E+04
  3.044272E-02     1.237281E+04
  3.086665E-02     1.246085E+04
  3.129648E-02     1.254953E+04
  3.173230E-02     1.263883E+04
  3.217418E-02     1.272877E+04
  3.262222E-02     1.281935E+04
  3.307650E-02     1.291058E+04
  3.353710E-02     1.300247E+04
  3.400412E-02     1.309501E+04
  3.447764E-02     1.318821E+04
  3.495776E-02     1.328207E+04
  3.544456E-02     1.337659E+04
  3.593814E-02     1.347179E+04
  3.643859E-02     1.356766E+04
  3.694601E-02     1.366421E+04
  3.746050E-02     1.376145E+04
  3.798215E-02     1.385938E+04
  3.851107E-02     1.395800E+04
  3.904735E-02     1.405732E+04
  3.959110E-02     1.415735E+04
  4.014242E-02     1.425808E+04
  4.070142E-02     1.435952E+04
  4.126821E-02     1.446167E+04
  4.184289E-02     1.456455E+04
  4.242556E-02     1.466815E+04
  4.301636E-02     1.477248E+04
  4.361538E-02     1.487756E+04
  4.422274E-02     1.498337E+04
  4.483856E-02     1.508993E+04
  4.546295E-02     1.519725E+04
  4.609604E-02     1.530532E+04
  4.673795E-02     1.541414E+04
  4.738880E-02     1.552374E+04
  4.804870E-02     1.563410E+04
  4.871780E-02     1.574524E+04
  4.939622E-02     1.585716E+04
  5.008408E-02     1.596987E+04
  5.078152E-02     1.608338E+04
  5.148867E-02     1.619769E+04
  5.220568E-02     1.631280E+04
  5.293266E-02     1.642872E+04
  5.366977E-02     1.654546E+04
  5.441714E-02     1.666301E+04
  5.517492E-02     1.678138E+04
  5.594326E-02     1.690059E+04
  5.672229E-02     1.702063E+04
  5.751217E-02     1.714152E+04
  5.831305E-02     1.726326E+04
  5.912508E-02     1.738586E+04
  5.994843E-02     1.750932E+04
  6.078323E-02     1.763365E+04
  6.162966E-02     1.775884E+04
  6.248788E-02     1.788491E+04
  6.335805E-02     1.801186E+04
  6.424034E-02     1.813969E+04
  6.513491E-02     1.826843E+04
  6.604194E-02     1.839807E+04
  6.696160E-02     1.852862E+04
  6.789407E-02     1.866009E+04
  6.883952E-02     1.879248E+04
  6.979814E-02     1.892579E+04
  7.077011E-02     1.906004E+04
  7.175561E-02     1.919522E+04
  7.275484E-02     1.933135E+04
  7.376798E-02     1.946844E+04
  7.479523E-02     1.960648E+04
  7.583678E-02     1.974550E+04
  7.689284E-02     1.988550E+04
  7.796360E-02     2.002648E+04
  7.904928E-02     2.016845E+04
  8.015007E-02     2.031142E+04
  8.126619E-02     2.045538E+04
  8.239786E-02     2.060036E+04
  8.354528E-02     2.074634E+04
  8.470868E-02     2.089334E+04
  8.588829E-02     2.104138E+04
  8.708431E-02     2.119045E+04
  8.829700E-02     2.134057E+04
  8.952657E-02     2.149174E+04
  9.077327E-02     2.164397E+04
  9.203732E-02     2.179727E+04
  9.331898E-02     2.195164E+04
  9.461848E-02     2.210710E+04
  9.593608E-02     2.226364E+04
  9.727203E-02     2.242129E+04
  9.862658E-02     2.258005E+04
  1.000000E-01     2.273993E+04
  1.013925E-01     2.290095E+04
  1.028045E-01     2.306312E+04
  1.042361E-01     2.322643E+04
  1.056876E-01     2.339090E+04
  1.071593E-01     2.355652E+04
  1.086516E-01     2.372331E+04
  1.101646E-01     2.389128E+04
  1.116987E-01     2.406043E+04
  1.132541E-01     2.423077E+04
  1.148312E-01     2.440231E+04
  1.164303E-01     2.457507E+04
  1.180517E-01     2.474905E+04
  1.196956E-01     2.492425E+04
  1.213624E-01     2.510068E+04
  1.230524E-01     2.527834E+04
  1.247660E-01     2.545724E+04
  1.265034E-01     2.563738E+04
  1.282650E-01     2.581878E+04
  1.300511E-01     2.600143E+04
  1.318621E-01     2.618536E+04
  1.336984E-01     2.637057E+04
  1.355602E-01     2.655706E+04
  1.374479E-01     2.674484E+04
  1.393619E-01     2.693392E+04
  1.413026E-01     2.712430E+04
  1.432703E-01     2.731598E+04
  1.452654E-01     2.750897E+04
  1.472883E-01     2.770328E+04
  1.493393E-01     2.789892E+04
  1.514189E-01     2.809590E+04
  1.535275E-01     2.829422E+04
  1.556654E-01     2.849391E+04
  1.578331E-01     2.869495E+04
  1.600310E-01     2.889736E+04
  1.622595E-01     2.910115E+04
  1.645191E-01     2.930632E+04
  1.668101E-01     2.951288E+04
  1.691330E-01     2.972085E+04
  1.714882E-01     2.993024E+04
  1.738762E-01     3.014105E+04
  1.762975E-01     3.035330E+04
  1.787526E-01     3.056701E+04
  1.812418E-01     3.078218E+04
  1.837656E-01     3.099882E+04
  1.863246E-01     3.121695E+04
  1.889193E-01     3.143656E+04
  1.915501E-01     3.165767E+04
  1.942175E-01     3.188031E+04
  1.969220E-01     3.210447E+04
  1.996642E-01     3.233019E+04
  2.024447E-01     3.255748E+04
  2.052638E-01     3.278634E+04
  2.081222E-01     3.301680E+04
  2.110203E-01     3.324886E+04
  2.139589E-01     3.348254E+04
  2.169384E-01     3.371784E+04
  2.199593E-01     3.395479E+04
  2.230223E-01     3.419339E+04
  2.261280E-01     3.443367E+04
  2.292769E-01     3.467565E+04
  2.324697E-01     3.491934E+04
  2.357069E-01     3.516476E+04
  2.389893E-01     3.541193E+04
  2.423173E-01     3.566086E+04
  2.456916E-01     3.591157E+04
  2.491130E-01     3.616407E+04
  2.525820E-01     3.641838E+04
  2.560993E-01     3.667451E+04
  2.596656E-01     3.693250E+04
  2.632815E-01     3.719237E+04
  2.669478E-01     3.745413E+04
  2.706652E-01     3.771783E+04
  2.744343E-01     3.798345E+04
  2.782559E-01     3.825103E+04
  2.821308E-01     3.852058E+04
  2.860596E-01     3.879212E+04
  2.900430E-01     3.906566E+04
  2.940820E-01     3.934122E+04
  2.981772E-01     3.961883E+04
  3.023295E-01     3.989852E+04
  3.065395E-01     4.018031E+04
  3.108082E-01     4.046422E+04
  3.151363E-01     4.075026E+04
  3.195248E-01     4.103843E+04
  3.239743E-01     4.132875E+04
  3.284857E-01     4.162122E+04
  3.330600E-01     4.191586E+04
  3.376980E-01     4.221266E+04
  3.424006E-01     4.251165E+04
  3.471687E-01     4.281284E+04
  3.520031E-01     4.311624E+04
  3.569049E-01     4.342186E+04
  3.618750E-01     4.372970E+04
  3.669142E-01     4.403978E+04
  3.720237E-01     4.435209E+04
  3.772042E-01     4.466665E+04
  3.824570E-01     4.498347E+04
  3.877828E-01     4.530254E+04
  3.931829E-01     4.562388E+04
  3.986581E-01     4.594751E+04
  4.042096E-01     4.627342E+04
  4.098384E-01     4.660164E+04
  4.155455E-01     4.693217E+04
  4.213322E-01     4.726499E+04
  4.271994E-01     4.760011E+04
  4.331483E-01     4.793753E+04
  4.391801E-01     4.827725E+04
  4.452959E-01     4.861927E+04
  4.514968E-01     4.896358E+04
  4.577841E-01     4.931020E+04
  4.641589E-01     4.965912E+04
  4.706225E-01     5.001034E+04
  4.771761E-01     5.036385E+04
  4.838210E-01     5.071965E+04
  4.905584E-01     5.107773E+04
  4.973896E-01     5.143807E+04
  5.043159E-01     5.180066E+04
  5.113388E-01     5.216550E+04
  5.184594E-01     5.253257E+04
  5.256791E-01     5.290186E+04
  5.329994E-01     5.327337E+04
  5.404216E-01     5.364708E+04
  5.479472E-01     5.402298E+04
  5.555776E-01     5.440105E+04
  5.633143E-01     5.478127E+04
  5.711586E-01     5.516362E+04
  5.791123E-01     5.554809E+04
  5.871766E-01     5.593465E+04
  5.953533E-01     5.632328E+04
  6.036439E-01     5.671397E+04
  6.120498E-01     5.710670E+04
  6.205729E-01     5.750145E+04
  6.292146E-01     5.789819E+04
  6.379767E-01     5.829689E+04
  6.468608E-01     5.869752E+04
  6.558686E-01     5.910006E+04
  6.650018E-01     5.950446E+04
  6.742622E-01     5.991070E+04
  6.836516E-01     6.031874E+04
  6.931717E-01     6.072856E+04
  7.028244E-01     6.114011E+04
  7.126115E-01     6.155338E+04
  7.225349E-01     6.196832E+04
  7.325965E-01     6.238487E+04
  7.427982E-01     6.280299E+04
  7.531420E-01     6.322263E+04
  7.636298E-01     6.364374E+04
  7.742637E-01     6.406627E+04
  7.850456E-01     6.449016E+04
  7.959777E-01     6.491535E+04
  8.070620E-01     6.534181E+04
  8.183007E-01     6.576947E+04
  8.296959E-01     6.619828E+04
  8.412497E-01     6.662822E+04
  8.529644E-01     6.705923E+04
  8.648423E-01     6.749129E+04
  8.768856E-01     6.792435E+04
  8.890966E-01     6.835839E+04
  9.014776E-01     6.879336E+04
  9.140311E-01     6.922925E+04
  9.267593E-01     6.966603E+04
  9.396648E-01     7.010367E+04
  9.527500E-01     7.054214E+04
  9.660175E-01     7.098142E+04
  9.794697E-01     7.142149E+04
  9.931092E-01     7.186233E+04
  1.006939E+00     7.230392E+04
  1.020961E+00     7.274624E+04
  1.035178E+00     7.318930E+04
  1.049593E+00     7.363309E+04
  1.064209E+00     7.407761E+04
  1.079029E+00     7.452287E+04
  1.094055E+00     7.496885E+04
  1.109290E+00     7.541547E+04
  1.124737E+00     7.586267E+04
  1.140400E+00     7.631037E+04
  1.156280E+00     7.675851E+04
  1.172382E+00     7.720700E+04
  1.188708E+00     7.765580E+04
  1.205261E+00     7.810481E+04
  1.222045E+00     7.855398E+04
  1.239062E+00     7.900324E+04
  1.256317E+00     7.945250E+04
  1.273811E+00     7.990167E+04
  1.291550E+00     8.035062E+04
  1.309535E+00     8.079925E+04
  1.327771E+00     8.124745E+04
  1.346261E+00     8.169510E+04
  1.365008E+00     8.214209E+04
  1.384016E+00     8.258830E+04
  1.403289E+00     8.303362E+04
  1.422830E+00     8.347792E+04
  1.442644E+00     8.392111E+04
  1.462733E+00     8.436307E+04
  1.483103E+00     8.480373E+04
  1.503755E+00     8.524298E+04
  1.524696E+00     8.568075E+04
  1.545928E+00     8.611695E+04
  1.567455E+00     8.655149E+04
  1.589283E+00     8.698430E+04
  1.611414E+00     8.741531E+04
  1.633854E+00     8.784445E+04
  1.656606E+00     8.827164E+04
  1.679675E+00     8.869681E+04
  1.703065E+00     8.911986E+04
  1.726781E+00     8.954074E+04
  1.750827E+00     8.995935E+04
  1.775208E+00     9.037564E+04
  1.799929E+00     9.078954E+04
  1.824993E+00     9.120100E+04
  1.850407E+00     9.160997E+04
  1.876175E+00     9.201642E+04
  1.902301E+00     9.242030E+04
  1.928792E+00     9.282153E+04
  1.955651E+00     9.322003E+04
  1.982884E+00     9.361573E+04
  2.010496E+00     9.400854E+04
  2.038493E+00     9.439841E+04
  2.066880E+00     9.478528E+04
  2.095662E+00     9.516911E+04
  2.124845E+00     9.554984E+04
  2.154435E+00     9.592745E+04
  2.184436E+00     9.630191E+04
  2.214855E+00     9.667316E+04
  2.245698E+00     9.704112E+04
  2.276970E+00     9.740573E+04
  2.308678E+00     9.776694E+04
  2.340827E+00     9.812471E+04
  2.373424E+00     9.847900E+04
  2.406475E+00     9.882979E+04
  2.439986E+00     9.917707E+04
  2.473964E+00     9.952082E+04
  2.508415E+00     9.986106E+04
  2.543346E+00     1.001977E+05
  2.578763E+00     1.005307E+05
  2.614673E+00     1.008600E+05
  2.651084E+00     1.011855E+05
  2.688001E+00     1.015072E+05
  2.725433E+00     1.018250E+05
  2.763385E+00     1.021389E+05
  2.801867E+00     1.024488E+05
  2.840884E+00     1.027548E+05
  2.880444E+00     1.030569E+05
  2.920556E+00     1.033550E+05
  2.961225E+00     1.036490E+05
  3.002462E+00     1.039388E+05
  3.044272E+00     1.042246E+05
  3.086665E+00     1.045061E+05
  3.129648E+00     1.047834E+05
  3.173230E+00     1.050565E+05
  3.217418E+00     1.053254E+05
  3.262222E+00     1.055901E+05
  3.307650E+00     1.058506E+05
  3.353710E+00     1.061068E+05
  3.400412E+00     1.063588E+05
  3.447764E+00     1.066064E+05
  3.495776E+00     1.068495E+05
  3.544456E+00     1.070882E+05
  3.593814E+00     1.073225E+05
  3.643859E+00     1.075521E+05
  3.694601E+00     1.077773E+05
  3.746050E+00     1.079979E+05
  3.798215E+00     1.082140E+05
  3.851107E+00     1.084255E+05
  3.904735E+00     1.086324E+05
  3.959110E+00     1.088346E+05
  4.014242E+00     1.090321E+05
  4.070142E+00     1.092248E+05
  4.126821E+00     1.094127E+05
  4.184289E+00     1.095958E+05
  4.242556E+00     1.097741E+05
  4.301636E+00     1.099477E+05
  4.361538E+00     1.101164E+05
  4.422274E+00     1.102804E+05
  4.483856E+00     1.104396E+05
  4.546295E+00     1.105938E+05
  4.609604E+00     1.107432E+05
  4.673795E+00     1.108876E+05
  4.738880E+00     1.110270E+05
  4.804870E+00     1.111615E+05
  4.871780E+00     1.112911E+05
  4.939622E+00     1.114157E+05
  5.008408E+00     1.115354E+05
  5.078152E+00     1.116502E+05
  5.148867E+00     1.117601E+05
  5.220568E+00     1.118650E+05
  5.293266E+00     1.119649E+05
  5.366977E+00     1.120598E+05
  5.441714E+00     1.121497E+05
  5.517492E+00     1.122345E+05
  5.594326E+00     1.123144E+05
  5.672229E+00     1.123894E+05
  5.751217E+00     1.124594E+05
  5.831305E+00     1.125245E+05
  5.912508E+00     1.125848E+05
  5.994843E+00     1.126401E+05
  6.078323E+00     1.126905E+05
  6.162966E+00     1.127360E+05
  6.248788E+00     1.127766E+05
  6.335805E+00     1.128122E+05
  6.424034E+00     1.128430E+05
  6.513491E+00     1.128690E+05
  6.604194E+00     1.128903E+05
  6.696160E+00     1.129068E+05
  6.789407E+00     1.129187E+05
  6.883952E+00     1.129258E+05
  6.979814E+00     1.129283E+05
  7.077011E+00     1.129260E+05
  7.175561E+00     1.129191E+05
  7.275484E+00     1.129075E+05
  7.376798E+00     1.128913E+05
  7.479523E+00     1.128706E+05
  7.583678E+00     1.128454E+05
  7.689284E+00     1.128158E+05
  7.796360E+00     1.127818E+05
  7.904928E+00     1.127433E+05
  8.015007E+00     1.127005E+05
  8.126619E+00     1.126532E+05
  8.239786E+00     1.126015E+05
  8.354528E+00     1.125455E+05
  8.470868E+00     1.124851E+05
  8.588829E+00     1.124205E+05
  8.708431E+00     1.123517E+05
  8.829700E+00     1.122788E+05
  8.952657E+00     1.122017E+05
  9.077327E+00     1.121205E+05
  9.203732E+00     1.120351E+05
  9.331898E+00     1.119457E+05
  9.461848E+00     1.118522E+05
  9.593608E+00     1.117546E+05
  9.727203E+00     1.116530E+05
  9.862658E+00     1.115476E+05
  1.000000E+01     1.114382E+05
  1.013925E+01     1.113250E+05
  1.028045E+01     1.112081E+05
  1.042361E+01     1.110873E+05
  1.056876E+01     1.109628E+05
  1.071593E+01     1.108345E+05
  1.086516E+01     1.107024E+05
  1.101646E+01     1.105666E+05
  1.116987E+01     1.104271E+05
  1.132541E+01     1.102840E+05
  1.148312E+01     1.101372E+05
  1.164303E+01     1.099869E+05
  1.180517E+01     1.098330E+05
  1.196956E+01     1.096756E+05
  1.213624E+01     1.095147E+05
  1.230524E+01     1.093502E+05
  1.247660E+01     1.091822E+05
  1.265034E+01     1.090108E+05
  1.282650E+01     1.088358E+05
  1.300511E+01     1.086574E+05
  1.318621E+01     1.084756E+05
  1.336984E+01     1.082904E+05
  1.355602E+01     1.081019E+05
  1.374479E+01     1.079100E+05
  1.393619E+01     1.077148E+05
  1.413026E+01     1.075162E+05
  1.432703E+01     1.073143E+05
  1.452654E+01     1.071090E+05
  1.472883E+01     1.069003E+05
  1.493393E+01     1.066883E+05
  1.514189E+01     1.064730E+05
  1.535275E+01     1.062545E+05
  1.556654E+01     1.060327E+05
  1.578331E+01     1.058076E+05
  1.600310E+01     1.055793E+05
  1.622595E+01     1.053477E+05
  1.645191E+01     1.051130E+05
  1.668101E+01     1.048750E+05
  1.691330E+01     1.046339E+05
  1.714882E+01     1.043897E+05
  1.738762E+01     1.041425E+05
  1.762975E+01     1.038922E+05
  1.787526E+01     1.036388E+05
  1.812418E+01     1.033825E+05
  1.837656E+01     1.031232E+05
  1.863246E+01     1.028609E+05
  1.889193E+01     1.025956E+05
  1.915501E+01     1.023273E+05
  1.942175E+01     1.020560E+05
  1.969220E+01     1.017818E+05
  1.996642E+01     1.015046E+05
  2.024447E+01     1.012246E+05
  2.052638E+01     1.009416E+05
  2.081222E+01     1.006558E+05
  2.110203E+01     1.003671E+05
  2.139589E+01     1.000755E+05
  2.169384E+01     9.978105E+04
  2.199593E+01     9.948380E+04
  2.230223E+01     9.918375E+04
  2.261280E+01     9.888091E+04
  2.292769E+01     9.857532E+04
  2.324697E+01     9.826701E+04
  2.357069E+01     9.795601E+04
  2.389893E+01     9.764232E+04
  2.423173E+01     9.732598E+04
  2.456916E+01     9.700699E+04
  2.491130E+01     9.668539E+04
  2.525820E+01     9.636119E+04
  2.560993E+01     9.603443E+04
  2.596656E+01     9.570514E+04
  2.632815E+01     9.537335E+04
  2.669478E+01     9.503909E+04
  2.706652E+01     9.470240E+04
  2.744343E+01     9.436330E+04
  2.782559E+01     9.402182E+04
  2.821308E+01     9.367797E+04
  2.860596E+01     9.333179E+04
  2.900430E+01     9.298330E+04
  2.940820E+01     9.263254E+04
  2.981772E+01     9.227953E+04
  3.023295E+01     9.192431E+04
  3.065395E+01     9.156692E+04
  3.108082E+01     9.120738E+04
  3.151363E+01     9.084573E+04
  3.195248E+01     9.048199E+04
  3.239743E+01     9.011618E+04
  3.284857E+01     8.974833E+04
  3.330600E+01     8.937846E+04
  3.376980E+01     8.900662E+04
  3.424006E+01     8.863281E+04
  3.471687E+01     8.825708E+04
  3.520031E+01     8.787946E+04
  3.569049E+01     8.749996E+04
  3.618750E+01     8.711865E+04
  3.669142E+01     8.673555E+04
  3.720237E+01     8.635072E+04
  3.772042E+01     8.596420E+04
  3.824570E+01     8.557604E+04
  3.877828E+01     8.518628E+04
  3.931829E+01     8.479499E+04
  3.986581E+01     8.440220E+04
  4.042096E+01     8.400797E+04
  4.098384E+01     8.361235E+04
  4.155455E+01     8.321538E+04
  4.213322E+01     8.281708E+04
  4.271994E+01     8.241749E+04
  4.331483E+01     8.201664E+04
  4.391801E+01     8.161455E+04
  4.452959E+01     8.121125E+04
  4.514968E+01     8.080677E+04
  4.577841E+01     8.040113E+04
  4.641589E+01     7.999435E+04
  4.706225E+01     7.958645E+04
  4.771761E+01     7.917750E+04
  4.838210E+01     7.876754E+04
  4.905584E+01     7.835665E+04
  4.973896E+01     7.794489E+04
  5.043159E+01     7.753231E+04
  5.113388E+01     7.711899E+04
  5.184594E+01     7.670499E+04
  5.256791E+01     7.629037E+04
  5.329994E+01     7.587520E+04
  5.404216E+01     7.545953E+04
  5.479472E+01     7.504342E+04
  5.555776E+01     7.462691E+04
  5.633143E+01     7.421003E+04
  5.711586E+01     7.379283E+04
  5.791123E+01     7.337534E+04
  5.871766E+01     7.295758E+04
  5.953533E+01     7.253959E+04
  6.036439E+01     7.212138E+04
  6.120498E+01     7.170297E+04
  6.205729E+01     7.128439E+04
  6.292146E+01     7.086567E+04
  6.379767E+01     7.044688E+04
  6.468608E+01     7.002808E+04
  6.558686E+01     6.960932E+04
  6.650018E+01     6.919067E+04
  6.742622E+01     6.877217E+04
  6.836516E+01     6.835387E+04
  6.931717E+01     6.793583E+04
  7.028244E+01     6.751809E+04
  7.126115E+01     6.710068E+04
  7.225349E+01     6.668367E+04
  7.325965E+01     6.626711E+04
  7.427982E+01     6.585109E+04
  7.531420E+01     6.543564E+04
  7.636298E+01     6.502084E+04
  7.742637E+01     6.460673E+04
  7.850456E+01     6.419336E+04
  7.959777E+01     6.378079E+04
  8.070620E+01     6.336904E+04
  8.183007E+01     6.295817E+04
  8.296959E+01     6.254821E+04
  8.412497E+01     6.213923E+04
  8.529644E+01     6.173126E+04
  8.648423E+01     6.132436E+04
  8.768856E+01     6.091858E+04
  8.890966E+01     6.051393E+04
  9.014776E+01     6.011046E+04
  9.140311E+01     5.970817E+04
  9.267593E+01     5.930710E+04
  9.396648E+01     5.890724E+04
  9.527500E+01     5.850864E+04
  9.660175E+01     5.811134E+04
  9.794697E+01     5.771541E+04
  9.931092E+01     5.732089E+04
  1.006939E+02     5.692783E+04
  1.020961E+02     5.653627E+04
  1.035178E+02     5.614624E+04
  1.049593E+02     5.575777E+04
  1.064209E+02     5.537087E+04
  1.079029E+02     5.498556E+04
  1.094055E+02     5.460186E+04
  1.109290E+02     5.421985E+04
  1.124737E+02     5.383955E+04
  1.140400E+02     5.346104E+04
  1.156280E+02     5.308434E+04
  1.172382E+02     5.270950E+04
  1.188708E+02     5.233654E+04
  1.205261E+02     5.196548E+04
  1.222045E+02     5.159633E+04
  1.239062E+02     5.122910E+04
  1.256317E+02     5.086381E+04
  1.273811E+02     5.050052E+04
  1.291550E+02     5.013926E+04
  1.309535E+02     4.978010E+04
  1.327771E+02     4.942307E+04
  1.346261E+02     4.906820E+04
  1.365008E+02     4.871551E+04
  1.384016E+02     4.836502E+04
  1.403289E+02     4.801674E+04
  1.422830E+02     4.767066E+04
  1.442644E+02     4.732680E+04
  1.462733E+02     4.698518E+04
  1.483103E+02     4.664586E+04
  1.503755E+02     4.630886E+04
  1.524696E+02     4.597422E+04
  1.545928E+02     4.564194E+04
  1.567455E+02     4.531203E+04
  1.589283E+02     4.498449E+04
  1.611414E+02     4.465931E+04
  1.633854E+02     4.433646E+04
  1.656606E+02     4.401592E+04
  1.679675E+02     4.369776E+04
  1.703065E+02     4.338201E+04
  1.726781E+02     4.306872E+04
  1.750827E+02     4.275794E+04
  1.775208E+02     4.244969E+04
  1.799929E+02     4.214399E+04
  1.824993E+02     4.184087E+04
  1.850407E+02     4.154031E+04
  1.876175E+02     4.124233E+04
  1.902301E+02     4.094691E+04
  1.928792E+02     4.065407E+04
  1.955651E+02     4.036384E+04
  1.982884E+02     4.007623E+04
  2.010496E+02     3.979125E+04
  2.038493E+02     3.950887E+04
  2.066880E+02     3.922909E+04
  2.095662E+02     3.895187E+04
  2.124845E+02     3.867717E+04
  2.154435E+02     3.840493E+04
  2.184436E+02     3.813510E+04
  2.214855E+02     3.786771E+04
  2.245698E+02     3.760279E+04
  2.276970E+02     3.734037E+04
  2.308678E+02     3.708048E+04
  2.340827E+02     3.682315E+04
  2.373424E+02     3.656836E+04
  2.406475E+02     3.631614E+04
  2.439986E+02     3.606646E+04
  2.473964E+02     3.581930E+04
  2.508415E+02     3.557465E+04
  2.543346E+02     3.533252E+04
  2.578763E+02     3.509294E+04
  2.614673E+02     3.485592E+04
  2.651084E+02     3.462148E+04
  2.688001E+02     3.438962E+04
  2.725433E+02     3.416034E+04
  2.763385E+02     3.393361E+04
  2.801867E+02     3.370941E+04
  2.840884E+02     3.348770E+04
  2.880444E+02     3.326843E+04
  2.920556E+02     3.305161E+04
  2.961225E+02     3.283727E+04
  3.002462E+02     3.262540E+04
  3.044272E+02     3.241602E+04
  3.086665E+02     3.220913E+04
  3.129648E+02     3.200470E+04
  3.173230E+02     3.180273E+04
  3.217418E+02     3.160317E+04
  3.262222E+02     3.140598E+04
  3.307650E+02     3.121111E+04
  3.353710E+02     3.101855E+04
  3.400412E+02     3.082831E+04
  3.447764E+02     3.064041E+04
  3.495776E+02     3.045485E+04
  3.544456E+02     3.027161E+04
  3.593814E+02     3.009068E+04
  3.643859E+02     2.991203E+04
  3.694601E+02     2.973563E+04
  3.746050E+02     2.956143E+04
  3.798215E+02     2.938938E+04
  3.851107E+02     2.921946E+04
  3.904735E+02     2.905170E+04
  3.959110E+02     2.888613E+04
  4.014242E+02     2.872275E+04
  4.070142E+02     2.856159E+04
  4.126821E+02     2.840263E+04
  4.184289E+02     2.824588E+04
  4.242556E+02     2.809132E+04
  4.301636E+02     2.793893E+04
  4.361538E+02     2.778868E+04
  4.422274E+02     2.764057E+04
  4.483856E+02     2.749459E+04
  4.546295E+02     2.735074E+04
  4.609604E+02     2.720902E+04
  4.673795E+02     2.706940E+04
  4.738880E+02     2.693186E+04
  4.804870E+02     2.679638E+04
  4.871780E+02     2.666289E+04
  4.939622E+02     2.653136E+04
  5.008408E+02     2.640171E+04
  5.078152E+02     2.627391E+04
  5.148867E+02     2.614797E+04
  5.220568E+02     2.602390E+04
  5.293266E+02     2.590170E+04
  5.366977E+02     2.578137E+04
  5.441714E+02     2.566288E+04
  5.517492E+02     2.554623E+04
  5.594326E+02     2.543139E+04
  5.672229E+02     2.531833E+04
  5.751217E+02     2.520699E+04
  5.831305E+02     2.509736E+04
  5.912508E+02     2.498945E+04
  5.994843E+02     2.488325E+04
  6.078323E+02     2.477877E+04
  6.162966E+02     2.467600E+04
  6.248788E+02     2.457493E+04
  6.335805E+02     2.447555E+04
  6.424034E+02     2.437782E+04
  6.513491E+02     2.428172E+04
  6.604194E+02     2.418721E+04
  6.696160E+02     2.409425E+04
  6.789407E+02     2.400284E+04
  6.883952E+02     2.391298E+04
  6.979814E+02     2.382465E+04
  7.077011E+02     2.373784E+04
  7.175561E+02     2.365253E+04
  7.275484E+02     2.356868E+04
  7.376798E+02     2.348627E+04
  7.479523E+02     2.340524E+04
  7.583678E+02     2.332555E+04
  7.689284E+02     2.324715E+04
  7.796360E+02     2.317008E+04
  7.904928E+02     2.309436E+04
  8.015007E+02     2.302001E+04
  8.126619E+02     2.294707E+04
  8.239786E+02     2.287555E+04
  8.354528E+02     2.280548E+04
  8.470868E+02     2.273687E+04
  8.588829E+02     2.266974E+04
  8.708431E+02     2.260411E+04
  8.829700E+02     2.253994E+04
  8.952657E+02     2.247712E+04
  9.077327E+02     2.241547E+04
  9.203732E+02     2.235484E+04
  9.331898E+02     2.229501E+04
  9.461848E+02     2.223577E+04
  9.593608E+02     2.217689E+04
  9.727203E+02     2.211811E+04
  9.862658E+02     2.205914E+04
  1.000000E+03     2.199967E+04
