FILE CREATED BY  : PROGRAM DPASS - VERSION 2.00
DATABASE VERSION : 21.06
DATE AND TIME    : 10/08/2022 01:11:50
PROJECTILE       : Rn
TARGET           : Be
TARGET AT. MASS  : 9.012180E+00
TARGET DENSITY   : 1.848000E+00 g/cm^3
TABULATED OUTPUT : STOPPING FORCE VERSUS ENERGY
DATA TYPE        : SPLINE INTERPOLATED
ABSCISSA UNITS   : MeV/u
ORDINATE UNITS   : eV/nm


      E/n             S(E/n)

  1.000000E-03     5.832211E+02
  1.013925E-03     5.872232E+02
  1.028045E-03     5.912783E+02
  1.042361E-03     5.953841E+02
  1.056876E-03     5.995382E+02
  1.071593E-03     6.037379E+02
  1.086516E-03     6.079802E+02
  1.101646E-03     6.122619E+02
  1.116987E-03     6.165795E+02
  1.132541E-03     6.209290E+02
  1.148312E-03     6.253064E+02
  1.164303E-03     6.297077E+02
  1.180517E-03     6.341326E+02
  1.196956E-03     6.385821E+02
  1.213624E-03     6.430572E+02
  1.230524E-03     6.475590E+02
  1.247660E-03     6.520888E+02
  1.265034E-03     6.566480E+02
  1.282650E-03     6.612380E+02
  1.300511E-03     6.658605E+02
  1.318621E-03     6.705173E+02
  1.336984E-03     6.752101E+02
  1.355602E-03     6.799395E+02
  1.374479E-03     6.847053E+02
  1.393619E-03     6.895075E+02
  1.413026E-03     6.943461E+02
  1.432703E-03     6.992209E+02
  1.452654E-03     7.041318E+02
  1.472883E-03     7.090787E+02
  1.493393E-03     7.140616E+02
  1.514189E-03     7.190803E+02
  1.535275E-03     7.241348E+02
  1.556654E-03     7.292250E+02
  1.578331E-03     7.343515E+02
  1.600310E-03     7.395143E+02
  1.622595E-03     7.447139E+02
  1.645191E-03     7.499506E+02
  1.668101E-03     7.552249E+02
  1.691330E-03     7.605371E+02
  1.714882E-03     7.658878E+02
  1.738762E-03     7.712775E+02
  1.762975E-03     7.767067E+02
  1.787526E-03     7.821759E+02
  1.812418E-03     7.876851E+02
  1.837656E-03     7.932347E+02
  1.863246E-03     7.988249E+02
  1.889193E-03     8.044560E+02
  1.915501E-03     8.101282E+02
  1.942175E-03     8.158418E+02
  1.969220E-03     8.215973E+02
  1.996642E-03     8.273951E+02
  2.024447E-03     8.332354E+02
  2.052638E-03     8.391188E+02
  2.081222E-03     8.450454E+02
  2.110203E-03     8.510154E+02
  2.139589E-03     8.570292E+02
  2.169384E-03     8.630872E+02
  2.199593E-03     8.691896E+02
  2.230223E-03     8.753368E+02
  2.261280E-03     8.815293E+02
  2.292769E-03     8.877675E+02
  2.324697E-03     8.940520E+02
  2.357069E-03     9.003830E+02
  2.389893E-03     9.067610E+02
  2.423173E-03     9.131862E+02
  2.456916E-03     9.196590E+02
  2.491130E-03     9.261797E+02
  2.525820E-03     9.327486E+02
  2.560993E-03     9.393663E+02
  2.596656E-03     9.460332E+02
  2.632815E-03     9.527498E+02
  2.669478E-03     9.595167E+02
  2.706652E-03     9.663343E+02
  2.744343E-03     9.732030E+02
  2.782559E-03     9.801231E+02
  2.821308E-03     9.870949E+02
  2.860596E-03     9.941187E+02
  2.900430E-03     1.001195E+03
  2.940820E-03     1.008324E+03
  2.981772E-03     1.015507E+03
  3.023295E-03     1.022744E+03
  3.065395E-03     1.030035E+03
  3.108082E-03     1.037382E+03
  3.151363E-03     1.044784E+03
  3.195248E-03     1.052241E+03
  3.239743E-03     1.059755E+03
  3.284857E-03     1.067326E+03
  3.330600E-03     1.074953E+03
  3.376980E-03     1.082638E+03
  3.424006E-03     1.090382E+03
  3.471687E-03     1.098183E+03
  3.520031E-03     1.106045E+03
  3.569049E-03     1.113966E+03
  3.618750E-03     1.121948E+03
  3.669142E-03     1.129990E+03
  3.720237E-03     1.138093E+03
  3.772042E-03     1.146259E+03
  3.824570E-03     1.154486E+03
  3.877828E-03     1.162776E+03
  3.931829E-03     1.171130E+03
  3.986581E-03     1.179547E+03
  4.042096E-03     1.188029E+03
  4.098384E-03     1.196577E+03
  4.155455E-03     1.205191E+03
  4.213322E-03     1.213871E+03
  4.271994E-03     1.222617E+03
  4.331483E-03     1.231432E+03
  4.391801E-03     1.240314E+03
  4.452959E-03     1.249266E+03
  4.514968E-03     1.258286E+03
  4.577841E-03     1.267377E+03
  4.641589E-03     1.276539E+03
  4.706225E-03     1.285773E+03
  4.771761E-03     1.295079E+03
  4.838210E-03     1.304458E+03
  4.905584E-03     1.313911E+03
  4.973896E-03     1.323437E+03
  5.043159E-03     1.333038E+03
  5.113388E-03     1.342714E+03
  5.184594E-03     1.352466E+03
  5.256791E-03     1.362295E+03
  5.329994E-03     1.372200E+03
  5.404216E-03     1.382184E+03
  5.479472E-03     1.392247E+03
  5.555776E-03     1.402389E+03
  5.633143E-03     1.412611E+03
  5.711586E-03     1.422913E+03
  5.791123E-03     1.433297E+03
  5.871766E-03     1.443763E+03
  5.953533E-03     1.454312E+03
  6.036439E-03     1.464944E+03
  6.120498E-03     1.475662E+03
  6.205729E-03     1.486465E+03
  6.292146E-03     1.497354E+03
  6.379767E-03     1.508331E+03
  6.468608E-03     1.519396E+03
  6.558686E-03     1.530549E+03
  6.650018E-03     1.541792E+03
  6.742622E-03     1.553125E+03
  6.836516E-03     1.564548E+03
  6.931717E-03     1.576064E+03
  7.028244E-03     1.587673E+03
  7.126115E-03     1.599376E+03
  7.225349E-03     1.611174E+03
  7.325965E-03     1.623068E+03
  7.427982E-03     1.635058E+03
  7.531420E-03     1.647146E+03
  7.636298E-03     1.659331E+03
  7.742637E-03     1.671616E+03
  7.850456E-03     1.684001E+03
  7.959777E-03     1.696486E+03
  8.070620E-03     1.709074E+03
  8.183007E-03     1.721765E+03
  8.296959E-03     1.734560E+03
  8.412497E-03     1.747461E+03
  8.529644E-03     1.760467E+03
  8.648423E-03     1.773580E+03
  8.768856E-03     1.786800E+03
  8.890966E-03     1.800129E+03
  9.014776E-03     1.813568E+03
  9.140311E-03     1.827117E+03
  9.267593E-03     1.840778E+03
  9.396648E-03     1.854553E+03
  9.527500E-03     1.868441E+03
  9.660175E-03     1.882445E+03
  9.794697E-03     1.896565E+03
  9.931092E-03     1.910801E+03
  1.006939E-02     1.925156E+03
  1.020961E-02     1.939630E+03
  1.035178E-02     1.954224E+03
  1.049593E-02     1.968939E+03
  1.064209E-02     1.983777E+03
  1.079029E-02     1.998740E+03
  1.094055E-02     2.013828E+03
  1.109290E-02     2.029042E+03
  1.124737E-02     2.044384E+03
  1.140400E-02     2.059854E+03
  1.156280E-02     2.075453E+03
  1.172382E-02     2.091183E+03
  1.188708E-02     2.107044E+03
  1.205261E-02     2.123039E+03
  1.222045E-02     2.139168E+03
  1.239062E-02     2.155433E+03
  1.256317E-02     2.171835E+03
  1.273811E-02     2.188375E+03
  1.291550E-02     2.205054E+03
  1.309535E-02     2.221874E+03
  1.327771E-02     2.238835E+03
  1.346261E-02     2.255939E+03
  1.365008E-02     2.273186E+03
  1.384016E-02     2.290579E+03
  1.403289E-02     2.308119E+03
  1.422830E-02     2.325806E+03
  1.442644E-02     2.343644E+03
  1.462733E-02     2.361632E+03
  1.483103E-02     2.379772E+03
  1.503755E-02     2.398065E+03
  1.524696E-02     2.416513E+03
  1.545928E-02     2.435115E+03
  1.567455E-02     2.453874E+03
  1.589283E-02     2.472792E+03
  1.611414E-02     2.491869E+03
  1.633854E-02     2.511107E+03
  1.656606E-02     2.530508E+03
  1.679675E-02     2.550073E+03
  1.703065E-02     2.569802E+03
  1.726781E-02     2.589698E+03
  1.750827E-02     2.609761E+03
  1.775208E-02     2.629992E+03
  1.799929E-02     2.650394E+03
  1.824993E-02     2.670966E+03
  1.850407E-02     2.691712E+03
  1.876175E-02     2.712632E+03
  1.902301E-02     2.733728E+03
  1.928792E-02     2.755001E+03
  1.955651E-02     2.776452E+03
  1.982884E-02     2.798083E+03
  2.010496E-02     2.819894E+03
  2.038493E-02     2.841888E+03
  2.066880E-02     2.864064E+03
  2.095662E-02     2.886425E+03
  2.124845E-02     2.908973E+03
  2.154435E-02     2.931708E+03
  2.184436E-02     2.954633E+03
  2.214855E-02     2.977749E+03
  2.245698E-02     3.001056E+03
  2.276970E-02     3.024555E+03
  2.308678E-02     3.048249E+03
  2.340827E-02     3.072138E+03
  2.373424E-02     3.096223E+03
  2.406475E-02     3.120506E+03
  2.439986E-02     3.144988E+03
  2.473964E-02     3.169671E+03
  2.508415E-02     3.194556E+03
  2.543346E-02     3.219645E+03
  2.578763E-02     3.244938E+03
  2.614673E-02     3.270437E+03
  2.651084E-02     3.296142E+03
  2.688001E-02     3.322055E+03
  2.725433E-02     3.348177E+03
  2.763385E-02     3.374510E+03
  2.801867E-02     3.401054E+03
  2.840884E-02     3.427812E+03
  2.880444E-02     3.454785E+03
  2.920556E-02     3.481974E+03
  2.961225E-02     3.509381E+03
  3.002462E-02     3.537005E+03
  3.044272E-02     3.564847E+03
  3.086665E-02     3.592910E+03
  3.129648E-02     3.621193E+03
  3.173230E-02     3.649699E+03
  3.217418E-02     3.678427E+03
  3.262222E-02     3.707380E+03
  3.307650E-02     3.736559E+03
  3.353710E-02     3.765965E+03
  3.400412E-02     3.795598E+03
  3.447764E-02     3.825458E+03
  3.495776E-02     3.855547E+03
  3.544456E-02     3.885865E+03
  3.593814E-02     3.916412E+03
  3.643859E-02     3.947190E+03
  3.694601E-02     3.978198E+03
  3.746050E-02     4.009439E+03
  3.798215E-02     4.040913E+03
  3.851107E-02     4.072619E+03
  3.904735E-02     4.104560E+03
  3.959110E-02     4.136734E+03
  4.014242E-02     4.169141E+03
  4.070142E-02     4.201782E+03
  4.126821E-02     4.234657E+03
  4.184289E-02     4.267766E+03
  4.242556E-02     4.301110E+03
  4.301636E-02     4.334688E+03
  4.361538E-02     4.368502E+03
  4.422274E-02     4.402550E+03
  4.483856E-02     4.436834E+03
  4.546295E-02     4.471351E+03
  4.609604E-02     4.506102E+03
  4.673795E-02     4.541085E+03
  4.738880E-02     4.576302E+03
  4.804870E-02     4.611750E+03
  4.871780E-02     4.647430E+03
  4.939622E-02     4.683341E+03
  5.008408E-02     4.719484E+03
  5.078152E-02     4.755856E+03
  5.148867E-02     4.792458E+03
  5.220568E-02     4.829287E+03
  5.293266E-02     4.866342E+03
  5.366977E-02     4.903622E+03
  5.441714E-02     4.941127E+03
  5.517492E-02     4.978853E+03
  5.594326E-02     5.016802E+03
  5.672229E-02     5.054970E+03
  5.751217E-02     5.093357E+03
  5.831305E-02     5.131961E+03
  5.912508E-02     5.170780E+03
  5.994843E-02     5.209812E+03
  6.078323E-02     5.249053E+03
  6.162966E-02     5.288502E+03
  6.248788E-02     5.328157E+03
  6.335805E-02     5.368013E+03
  6.424034E-02     5.408070E+03
  6.513491E-02     5.448324E+03
  6.604194E-02     5.488773E+03
  6.696160E-02     5.529415E+03
  6.789407E-02     5.570248E+03
  6.883952E-02     5.611272E+03
  6.979814E-02     5.652486E+03
  7.077011E-02     5.693888E+03
  7.175561E-02     5.735479E+03
  7.275484E-02     5.777258E+03
  7.376798E-02     5.819225E+03
  7.479523E-02     5.861380E+03
  7.583678E-02     5.903724E+03
  7.689284E-02     5.946257E+03
  7.796360E-02     5.988978E+03
  7.904928E-02     6.031884E+03
  8.015007E-02     6.074974E+03
  8.126619E-02     6.118248E+03
  8.239786E-02     6.161703E+03
  8.354528E-02     6.205339E+03
  8.470868E-02     6.249155E+03
  8.588829E-02     6.293152E+03
  8.708431E-02     6.337327E+03
  8.829700E-02     6.381683E+03
  8.952657E-02     6.426213E+03
  9.077327E-02     6.470917E+03
  9.203732E-02     6.515788E+03
  9.331898E-02     6.560825E+03
  9.461848E-02     6.606023E+03
  9.593608E-02     6.651379E+03
  9.727203E-02     6.696889E+03
  9.862658E-02     6.742551E+03
  1.000000E-01     6.788362E+03
  1.013925E-01     6.834317E+03
  1.028045E-01     6.880413E+03
  1.042361E-01     6.926644E+03
  1.056876E-01     6.973004E+03
  1.071593E-01     7.019489E+03
  1.086516E-01     7.066094E+03
  1.101646E-01     7.112812E+03
  1.116987E-01     7.159640E+03
  1.132541E-01     7.206572E+03
  1.148312E-01     7.253603E+03
  1.164303E-01     7.300729E+03
  1.180517E-01     7.347945E+03
  1.196956E-01     7.395246E+03
  1.213624E-01     7.442627E+03
  1.230524E-01     7.490083E+03
  1.247660E-01     7.537611E+03
  1.265034E-01     7.585207E+03
  1.282650E-01     7.632867E+03
  1.300511E-01     7.680587E+03
  1.318621E-01     7.728364E+03
  1.336984E-01     7.776197E+03
  1.355602E-01     7.824080E+03
  1.374479E-01     7.872011E+03
  1.393619E-01     7.919986E+03
  1.413026E-01     7.968003E+03
  1.432703E-01     8.016058E+03
  1.452654E-01     8.064149E+03
  1.472883E-01     8.112276E+03
  1.493393E-01     8.160438E+03
  1.514189E-01     8.208633E+03
  1.535275E-01     8.256863E+03
  1.556654E-01     8.305127E+03
  1.578331E-01     8.353422E+03
  1.600310E-01     8.401747E+03
  1.622595E-01     8.450103E+03
  1.645191E-01     8.498490E+03
  1.668101E-01     8.546907E+03
  1.691330E-01     8.595358E+03
  1.714882E-01     8.643845E+03
  1.738762E-01     8.692372E+03
  1.762975E-01     8.740942E+03
  1.787526E-01     8.789559E+03
  1.812418E-01     8.838224E+03
  1.837656E-01     8.886937E+03
  1.863246E-01     8.935701E+03
  1.889193E-01     8.984520E+03
  1.915501E-01     9.033398E+03
  1.942175E-01     9.082341E+03
  1.969220E-01     9.131354E+03
  1.996642E-01     9.180446E+03
  2.024447E-01     9.229626E+03
  2.052638E-01     9.278899E+03
  2.081222E-01     9.328270E+03
  2.110203E-01     9.377743E+03
  2.139589E-01     9.427322E+03
  2.169384E-01     9.477016E+03
  2.199593E-01     9.526831E+03
  2.230223E-01     9.576777E+03
  2.261280E-01     9.626862E+03
  2.292769E-01     9.677100E+03
  2.324697E-01     9.727503E+03
  2.357069E-01     9.778081E+03
  2.389893E-01     9.828840E+03
  2.423173E-01     9.879789E+03
  2.456916E-01     9.930937E+03
  2.491130E-01     9.982292E+03
  2.525820E-01     1.003387E+04
  2.560993E-01     1.008567E+04
  2.596656E-01     1.013772E+04
  2.632815E-01     1.019003E+04
  2.669478E-01     1.024262E+04
  2.706652E-01     1.029549E+04
  2.744343E-01     1.034867E+04
  2.782559E-01     1.040217E+04
  2.821308E-01     1.045598E+04
  2.860596E-01     1.051014E+04
  2.900430E-01     1.056466E+04
  2.940820E-01     1.061954E+04
  2.981772E-01     1.067481E+04
  3.023295E-01     1.073049E+04
  3.065395E-01     1.078661E+04
  3.108082E-01     1.084317E+04
  3.151363E-01     1.090019E+04
  3.195248E-01     1.095769E+04
  3.239743E-01     1.101568E+04
  3.284857E-01     1.107419E+04
  3.330600E-01     1.113322E+04
  3.376980E-01     1.119279E+04
  3.424006E-01     1.125293E+04
  3.471687E-01     1.131366E+04
  3.520031E-01     1.137500E+04
  3.569049E-01     1.143698E+04
  3.618750E-01     1.149960E+04
  3.669142E-01     1.156289E+04
  3.720237E-01     1.162686E+04
  3.772042E-01     1.169152E+04
  3.824570E-01     1.175689E+04
  3.877828E-01     1.182300E+04
  3.931829E-01     1.188985E+04
  3.986581E-01     1.195747E+04
  4.042096E-01     1.202588E+04
  4.098384E-01     1.209510E+04
  4.155455E-01     1.216513E+04
  4.213322E-01     1.223595E+04
  4.271994E-01     1.230756E+04
  4.331483E-01     1.237995E+04
  4.391801E-01     1.245311E+04
  4.452959E-01     1.252703E+04
  4.514968E-01     1.260169E+04
  4.577841E-01     1.267707E+04
  4.641589E-01     1.275317E+04
  4.706225E-01     1.282995E+04
  4.771761E-01     1.290742E+04
  4.838210E-01     1.298555E+04
  4.905584E-01     1.306432E+04
  4.973896E-01     1.314372E+04
  5.043159E-01     1.322373E+04
  5.113388E-01     1.330433E+04
  5.184594E-01     1.338550E+04
  5.256791E-01     1.346720E+04
  5.329994E-01     1.354942E+04
  5.404216E-01     1.363213E+04
  5.479472E-01     1.371530E+04
  5.555776E-01     1.379893E+04
  5.633143E-01     1.388298E+04
  5.711586E-01     1.396744E+04
  5.791123E-01     1.405229E+04
  5.871766E-01     1.413751E+04
  5.953533E-01     1.422306E+04
  6.036439E-01     1.430893E+04
  6.120498E-01     1.439509E+04
  6.205729E-01     1.448151E+04
  6.292146E-01     1.456817E+04
  6.379767E-01     1.465504E+04
  6.468608E-01     1.474211E+04
  6.558686E-01     1.482935E+04
  6.650018E-01     1.491674E+04
  6.742622E-01     1.500426E+04
  6.836516E-01     1.509188E+04
  6.931717E-01     1.517957E+04
  7.028244E-01     1.526732E+04
  7.126115E-01     1.535508E+04
  7.225349E-01     1.544285E+04
  7.325965E-01     1.553061E+04
  7.427982E-01     1.561833E+04
  7.531420E-01     1.570602E+04
  7.636298E-01     1.579363E+04
  7.742637E-01     1.588118E+04
  7.850456E-01     1.596863E+04
  7.959777E-01     1.605597E+04
  8.070620E-01     1.614319E+04
  8.183007E-01     1.623028E+04
  8.296959E-01     1.631721E+04
  8.412497E-01     1.640398E+04
  8.529644E-01     1.649057E+04
  8.648423E-01     1.657695E+04
  8.768856E-01     1.666313E+04
  8.890966E-01     1.674907E+04
  9.014776E-01     1.683477E+04
  9.140311E-01     1.692021E+04
  9.267593E-01     1.700539E+04
  9.396648E-01     1.709029E+04
  9.527500E-01     1.717490E+04
  9.660175E-01     1.725919E+04
  9.794697E-01     1.734315E+04
  9.931092E-01     1.742677E+04
  1.006939E+00     1.751003E+04
  1.020961E+00     1.759290E+04
  1.035178E+00     1.767539E+04
  1.049593E+00     1.775747E+04
  1.064209E+00     1.783912E+04
  1.079029E+00     1.792035E+04
  1.094055E+00     1.800114E+04
  1.109290E+00     1.808146E+04
  1.124737E+00     1.816129E+04
  1.140400E+00     1.824063E+04
  1.156280E+00     1.831945E+04
  1.172382E+00     1.839774E+04
  1.188708E+00     1.847549E+04
  1.205261E+00     1.855267E+04
  1.222045E+00     1.862928E+04
  1.239062E+00     1.870531E+04
  1.256317E+00     1.878074E+04
  1.273811E+00     1.885556E+04
  1.291550E+00     1.892975E+04
  1.309535E+00     1.900328E+04
  1.327771E+00     1.907615E+04
  1.346261E+00     1.914834E+04
  1.365008E+00     1.921983E+04
  1.384016E+00     1.929062E+04
  1.403289E+00     1.936068E+04
  1.422830E+00     1.943002E+04
  1.442644E+00     1.949863E+04
  1.462733E+00     1.956647E+04
  1.483103E+00     1.963355E+04
  1.503755E+00     1.969983E+04
  1.524696E+00     1.976532E+04
  1.545928E+00     1.982998E+04
  1.567455E+00     1.989382E+04
  1.589283E+00     1.995682E+04
  1.611414E+00     2.001898E+04
  1.633854E+00     2.008029E+04
  1.656606E+00     2.014074E+04
  1.679675E+00     2.020032E+04
  1.703065E+00     2.025901E+04
  1.726781E+00     2.031680E+04
  1.750827E+00     2.037368E+04
  1.775208E+00     2.042964E+04
  1.799929E+00     2.048467E+04
  1.824993E+00     2.053877E+04
  1.850407E+00     2.059193E+04
  1.876175E+00     2.064414E+04
  1.902301E+00     2.069542E+04
  1.928792E+00     2.074575E+04
  1.955651E+00     2.079511E+04
  1.982884E+00     2.084349E+04
  2.010496E+00     2.089089E+04
  2.038493E+00     2.093730E+04
  2.066880E+00     2.098271E+04
  2.095662E+00     2.102712E+04
  2.124845E+00     2.107053E+04
  2.154435E+00     2.111294E+04
  2.184436E+00     2.115436E+04
  2.214855E+00     2.119478E+04
  2.245698E+00     2.123419E+04
  2.276970E+00     2.127258E+04
  2.308678E+00     2.130994E+04
  2.340827E+00     2.134628E+04
  2.373424E+00     2.138158E+04
  2.406475E+00     2.141586E+04
  2.439986E+00     2.144911E+04
  2.473964E+00     2.148134E+04
  2.508415E+00     2.151257E+04
  2.543346E+00     2.154278E+04
  2.578763E+00     2.157197E+04
  2.614673E+00     2.160014E+04
  2.651084E+00     2.162727E+04
  2.688001E+00     2.165337E+04
  2.725433E+00     2.167844E+04
  2.763385E+00     2.170248E+04
  2.801867E+00     2.172549E+04
  2.840884E+00     2.174750E+04
  2.880444E+00     2.176851E+04
  2.920556E+00     2.178852E+04
  2.961225E+00     2.180752E+04
  3.002462E+00     2.182551E+04
  3.044272E+00     2.184247E+04
  3.086665E+00     2.185843E+04
  3.129648E+00     2.187336E+04
  3.173230E+00     2.188728E+04
  3.217418E+00     2.190020E+04
  3.262222E+00     2.191212E+04
  3.307650E+00     2.192306E+04
  3.353710E+00     2.193302E+04
  3.400412E+00     2.194199E+04
  3.447764E+00     2.194997E+04
  3.495776E+00     2.195697E+04
  3.544456E+00     2.196299E+04
  3.593814E+00     2.196803E+04
  3.643859E+00     2.197210E+04
  3.694601E+00     2.197521E+04
  3.746050E+00     2.197738E+04
  3.798215E+00     2.197863E+04
  3.851107E+00     2.197895E+04
  3.904735E+00     2.197835E+04
  3.959110E+00     2.197681E+04
  4.014242E+00     2.197434E+04
  4.070142E+00     2.197093E+04
  4.126821E+00     2.196658E+04
  4.184289E+00     2.196131E+04
  4.242556E+00     2.195510E+04
  4.301636E+00     2.194798E+04
  4.361538E+00     2.193995E+04
  4.422274E+00     2.193101E+04
  4.483856E+00     2.192116E+04
  4.546295E+00     2.191041E+04
  4.609604E+00     2.189875E+04
  4.673795E+00     2.188619E+04
  4.738880E+00     2.187273E+04
  4.804870E+00     2.185839E+04
  4.871780E+00     2.184317E+04
  4.939622E+00     2.182708E+04
  5.008408E+00     2.181014E+04
  5.078152E+00     2.179236E+04
  5.148867E+00     2.177374E+04
  5.220568E+00     2.175427E+04
  5.293266E+00     2.173396E+04
  5.366977E+00     2.171281E+04
  5.441714E+00     2.169082E+04
  5.517492E+00     2.166800E+04
  5.594326E+00     2.164435E+04
  5.672229E+00     2.161989E+04
  5.751217E+00     2.159463E+04
  5.831305E+00     2.156857E+04
  5.912508E+00     2.154171E+04
  5.994843E+00     2.151405E+04
  6.078323E+00     2.148560E+04
  6.162966E+00     2.145635E+04
  6.248788E+00     2.142630E+04
  6.335805E+00     2.139547E+04
  6.424034E+00     2.136385E+04
  6.513491E+00     2.133145E+04
  6.604194E+00     2.129828E+04
  6.696160E+00     2.126436E+04
  6.789407E+00     2.122968E+04
  6.883952E+00     2.119424E+04
  6.979814E+00     2.115804E+04
  7.077011E+00     2.112110E+04
  7.175561E+00     2.108341E+04
  7.275484E+00     2.104498E+04
  7.376798E+00     2.100582E+04
  7.479523E+00     2.096595E+04
  7.583678E+00     2.092537E+04
  7.689284E+00     2.088409E+04
  7.796360E+00     2.084212E+04
  7.904928E+00     2.079944E+04
  8.015007E+00     2.075607E+04
  8.126619E+00     2.071200E+04
  8.239786E+00     2.066724E+04
  8.354528E+00     2.062178E+04
  8.470868E+00     2.057563E+04
  8.588829E+00     2.052880E+04
  8.708431E+00     2.048129E+04
  8.829700E+00     2.043310E+04
  8.952657E+00     2.038424E+04
  9.077327E+00     2.033472E+04
  9.203732E+00     2.028453E+04
  9.331898E+00     2.023369E+04
  9.461848E+00     2.018219E+04
  9.593608E+00     2.013006E+04
  9.727203E+00     2.007729E+04
  9.862658E+00     2.002390E+04
  1.000000E+01     1.996990E+04
  1.013925E+01     1.991529E+04
  1.028045E+01     1.986010E+04
  1.042361E+01     1.980430E+04
  1.056876E+01     1.974792E+04
  1.071593E+01     1.969095E+04
  1.086516E+01     1.963339E+04
  1.101646E+01     1.957525E+04
  1.116987E+01     1.951654E+04
  1.132541E+01     1.945726E+04
  1.148312E+01     1.939741E+04
  1.164303E+01     1.933701E+04
  1.180517E+01     1.927606E+04
  1.196956E+01     1.921456E+04
  1.213624E+01     1.915252E+04
  1.230524E+01     1.908993E+04
  1.247660E+01     1.902682E+04
  1.265034E+01     1.896318E+04
  1.282650E+01     1.889901E+04
  1.300511E+01     1.883434E+04
  1.318621E+01     1.876916E+04
  1.336984E+01     1.870348E+04
  1.355602E+01     1.863732E+04
  1.374479E+01     1.857066E+04
  1.393619E+01     1.850353E+04
  1.413026E+01     1.843592E+04
  1.432703E+01     1.836784E+04
  1.452654E+01     1.829930E+04
  1.472883E+01     1.823030E+04
  1.493393E+01     1.816085E+04
  1.514189E+01     1.809096E+04
  1.535275E+01     1.802064E+04
  1.556654E+01     1.794988E+04
  1.578331E+01     1.787871E+04
  1.600310E+01     1.780713E+04
  1.622595E+01     1.773513E+04
  1.645191E+01     1.766274E+04
  1.668101E+01     1.758995E+04
  1.691330E+01     1.751678E+04
  1.714882E+01     1.744324E+04
  1.738762E+01     1.736932E+04
  1.762975E+01     1.729505E+04
  1.787526E+01     1.722043E+04
  1.812418E+01     1.714546E+04
  1.837656E+01     1.707015E+04
  1.863246E+01     1.699451E+04
  1.889193E+01     1.691854E+04
  1.915501E+01     1.684225E+04
  1.942175E+01     1.676564E+04
  1.969220E+01     1.668872E+04
  1.996642E+01     1.661150E+04
  2.024447E+01     1.653398E+04
  2.052638E+01     1.645617E+04
  2.081222E+01     1.637808E+04
  2.110203E+01     1.629972E+04
  2.139589E+01     1.622110E+04
  2.169384E+01     1.614222E+04
  2.199593E+01     1.606310E+04
  2.230223E+01     1.598374E+04
  2.261280E+01     1.590416E+04
  2.292769E+01     1.582437E+04
  2.324697E+01     1.574437E+04
  2.357069E+01     1.566418E+04
  2.389893E+01     1.558380E+04
  2.423173E+01     1.550324E+04
  2.456916E+01     1.542250E+04
  2.491130E+01     1.534159E+04
  2.525820E+01     1.526052E+04
  2.560993E+01     1.517930E+04
  2.596656E+01     1.509792E+04
  2.632815E+01     1.501639E+04
  2.669478E+01     1.493472E+04
  2.706652E+01     1.485291E+04
  2.744343E+01     1.477097E+04
  2.782559E+01     1.468892E+04
  2.821308E+01     1.460675E+04
  2.860596E+01     1.452450E+04
  2.900430E+01     1.444216E+04
  2.940820E+01     1.435974E+04
  2.981772E+01     1.427726E+04
  3.023295E+01     1.419473E+04
  3.065395E+01     1.411215E+04
  3.108082E+01     1.402953E+04
  3.151363E+01     1.394689E+04
  3.195248E+01     1.386423E+04
  3.239743E+01     1.378156E+04
  3.284857E+01     1.369888E+04
  3.330600E+01     1.361622E+04
  3.376980E+01     1.353357E+04
  3.424006E+01     1.345094E+04
  3.471687E+01     1.336834E+04
  3.520031E+01     1.328576E+04
  3.569049E+01     1.320323E+04
  3.618750E+01     1.312073E+04
  3.669142E+01     1.303829E+04
  3.720237E+01     1.295591E+04
  3.772042E+01     1.287361E+04
  3.824570E+01     1.279138E+04
  3.877828E+01     1.270924E+04
  3.931829E+01     1.262719E+04
  3.986581E+01     1.254523E+04
  4.042096E+01     1.246338E+04
  4.098384E+01     1.238163E+04
  4.155455E+01     1.229999E+04
  4.213322E+01     1.221848E+04
  4.271994E+01     1.213711E+04
  4.331483E+01     1.205588E+04
  4.391801E+01     1.197481E+04
  4.452959E+01     1.189391E+04
  4.514968E+01     1.181319E+04
  4.577841E+01     1.173265E+04
  4.641589E+01     1.165229E+04
  4.706225E+01     1.157213E+04
  4.771761E+01     1.149217E+04
  4.838210E+01     1.141242E+04
  4.905584E+01     1.133290E+04
  4.973896E+01     1.125360E+04
  5.043159E+01     1.117454E+04
  5.113388E+01     1.109571E+04
  5.184594E+01     1.101712E+04
  5.256791E+01     1.093878E+04
  5.329994E+01     1.086068E+04
  5.404216E+01     1.078283E+04
  5.479472E+01     1.070523E+04
  5.555776E+01     1.062789E+04
  5.633143E+01     1.055082E+04
  5.711586E+01     1.047403E+04
  5.791123E+01     1.039753E+04
  5.871766E+01     1.032132E+04
  5.953533E+01     1.024542E+04
  6.036439E+01     1.016981E+04
  6.120498E+01     1.009451E+04
  6.205729E+01     1.001952E+04
  6.292146E+01     9.944840E+03
  6.379767E+01     9.870482E+03
  6.468608E+01     9.796457E+03
  6.558686E+01     9.722771E+03
  6.650018E+01     9.649432E+03
  6.742622E+01     9.576445E+03
  6.836516E+01     9.503813E+03
  6.931717E+01     9.431539E+03
  7.028244E+01     9.359621E+03
  7.126115E+01     9.288060E+03
  7.225349E+01     9.216861E+03
  7.325965E+01     9.146032E+03
  7.427982E+01     9.075582E+03
  7.531420E+01     9.005517E+03
  7.636298E+01     8.935841E+03
  7.742637E+01     8.866558E+03
  7.850456E+01     8.797669E+03
  7.959777E+01     8.729175E+03
  8.070620E+01     8.661072E+03
  8.183007E+01     8.593358E+03
  8.296959E+01     8.526035E+03
  8.412497E+01     8.459113E+03
  8.529644E+01     8.392600E+03
  8.648423E+01     8.326501E+03
  8.768856E+01     8.260823E+03
  8.890966E+01     8.195568E+03
  9.014776E+01     8.130738E+03
  9.140311E+01     8.066334E+03
  9.267593E+01     8.002354E+03
  9.396648E+01     7.938792E+03
  9.527500E+01     7.875653E+03
  9.660175E+01     7.812942E+03
  9.794697E+01     7.750668E+03
  9.931092E+01     7.688834E+03
  1.006939E+02     7.627445E+03
  1.020961E+02     7.566502E+03
  1.035178E+02     7.506006E+03
  1.049593E+02     7.445954E+03
  1.064209E+02     7.386343E+03
  1.079029E+02     7.327166E+03
  1.094055E+02     7.268423E+03
  1.109290E+02     7.210122E+03
  1.124737E+02     7.152267E+03
  1.140400E+02     7.094863E+03
  1.156280E+02     7.037914E+03
  1.172382E+02     6.981421E+03
  1.188708E+02     6.925384E+03
  1.205261E+02     6.869799E+03
  1.222045E+02     6.814663E+03
  1.239062E+02     6.759968E+03
  1.256317E+02     6.705713E+03
  1.273811E+02     6.651904E+03
  1.291550E+02     6.598545E+03
  1.309535E+02     6.545641E+03
  1.327771E+02     6.493195E+03
  1.346261E+02     6.441207E+03
  1.365008E+02     6.389676E+03
  1.384016E+02     6.338599E+03
  1.403289E+02     6.287972E+03
  1.422830E+02     6.237787E+03
  1.442644E+02     6.188040E+03
  1.462733E+02     6.138735E+03
  1.483103E+02     6.089879E+03
  1.503755E+02     6.041472E+03
  1.524696E+02     5.993518E+03
  1.545928E+02     5.946016E+03
  1.567455E+02     5.898964E+03
  1.589283E+02     5.852358E+03
  1.611414E+02     5.806193E+03
  1.633854E+02     5.760460E+03
  1.656606E+02     5.715154E+03
  1.679675E+02     5.670278E+03
  1.703065E+02     5.625836E+03
  1.726781E+02     5.581831E+03
  1.750827E+02     5.538264E+03
  1.775208E+02     5.495135E+03
  1.799929E+02     5.452440E+03
  1.824993E+02     5.410177E+03
  1.850407E+02     5.368338E+03
  1.876175E+02     5.326916E+03
  1.902301E+02     5.285905E+03
  1.928792E+02     5.245306E+03
  1.955651E+02     5.205123E+03
  1.982884E+02     5.165359E+03
  2.010496E+02     5.126015E+03
  2.038493E+02     5.087090E+03
  2.066880E+02     5.048582E+03
  2.095662E+02     5.010487E+03
  2.124845E+02     4.972800E+03
  2.154435E+02     4.935512E+03
  2.184436E+02     4.898618E+03
  2.214855E+02     4.862117E+03
  2.245698E+02     4.826013E+03
  2.276970E+02     4.790308E+03
  2.308678E+02     4.755001E+03
  2.340827E+02     4.720093E+03
  2.373424E+02     4.685579E+03
  2.406475E+02     4.651456E+03
  2.439986E+02     4.617719E+03
  2.473964E+02     4.584357E+03
  2.508415E+02     4.551365E+03
  2.543346E+02     4.518741E+03
  2.578763E+02     4.486488E+03
  2.614673E+02     4.454609E+03
  2.651084E+02     4.423104E+03
  2.688001E+02     4.391970E+03
  2.725433E+02     4.361207E+03
  2.763385E+02     4.330810E+03
  2.801867E+02     4.300774E+03
  2.840884E+02     4.271090E+03
  2.880444E+02     4.241752E+03
  2.920556E+02     4.212758E+03
  2.961225E+02     4.184110E+03
  3.002462E+02     4.155811E+03
  3.044272E+02     4.127859E+03
  3.086665E+02     4.100254E+03
  3.129648E+02     4.072993E+03
  3.173230E+02     4.046072E+03
  3.217418E+02     4.019485E+03
  3.262222E+02     3.993225E+03
  3.307650E+02     3.967285E+03
  3.353710E+02     3.941662E+03
  3.400412E+02     3.916359E+03
  3.447764E+02     3.891377E+03
  3.495776E+02     3.866716E+03
  3.544456E+02     3.842376E+03
  3.593814E+02     3.818355E+03
  3.643859E+02     3.794648E+03
  3.694601E+02     3.771253E+03
  3.746050E+02     3.748161E+03
  3.798215E+02     3.725367E+03
  3.851107E+02     3.702869E+03
  3.904735E+02     3.680666E+03
  3.959110E+02     3.658761E+03
  4.014242E+02     3.637154E+03
  4.070142E+02     3.615842E+03
  4.126821E+02     3.594823E+03
  4.184289E+02     3.574095E+03
  4.242556E+02     3.553651E+03
  4.301636E+02     3.533486E+03
  4.361538E+02     3.513593E+03
  4.422274E+02     3.493968E+03
  4.483856E+02     3.474612E+03
  4.546295E+02     3.455528E+03
  4.609604E+02     3.436714E+03
  4.673795E+02     3.418170E+03
  4.738880E+02     3.399894E+03
  4.804870E+02     3.381882E+03
  4.871780E+02     3.364132E+03
  4.939622E+02     3.346638E+03
  5.008408E+02     3.329392E+03
  5.078152E+02     3.312393E+03
  5.148867E+02     3.295641E+03
  5.220568E+02     3.279137E+03
  5.293266E+02     3.262880E+03
  5.366977E+02     3.246871E+03
  5.441714E+02     3.231107E+03
  5.517492E+02     3.215586E+03
  5.594326E+02     3.200303E+03
  5.672229E+02     3.185255E+03
  5.751217E+02     3.170434E+03
  5.831305E+02     3.155838E+03
  5.912508E+02     3.141468E+03
  5.994843E+02     3.127323E+03
  6.078323E+02     3.113404E+03
  6.162966E+02     3.099710E+03
  6.248788E+02     3.086239E+03
  6.335805E+02     3.072988E+03
  6.424034E+02     3.059954E+03
  6.513491E+02     3.047133E+03
  6.604194E+02     3.034519E+03
  6.696160E+02     3.022108E+03
  6.789407E+02     3.009901E+03
  6.883952E+02     2.997898E+03
  6.979814E+02     2.986098E+03
  7.077011E+02     2.974501E+03
  7.175561E+02     2.963106E+03
  7.275484E+02     2.951908E+03
  7.376798E+02     2.940907E+03
  7.479523E+02     2.930096E+03
  7.583678E+02     2.919472E+03
  7.689284E+02     2.909030E+03
  7.796360E+02     2.898775E+03
  7.904928E+02     2.888709E+03
  8.015007E+02     2.878835E+03
  8.126619E+02     2.869157E+03
  8.239786E+02     2.859678E+03
  8.354528E+02     2.850399E+03
  8.470868E+02     2.841323E+03
  8.588829E+02     2.832450E+03
  8.708431E+02     2.823783E+03
  8.829700E+02     2.815317E+03
  8.952657E+02     2.807035E+03
  9.077327E+02     2.798916E+03
  9.203732E+02     2.790936E+03
  9.331898E+02     2.783068E+03
  9.461848E+02     2.775282E+03
  9.593608E+02     2.767548E+03
  9.727203E+02     2.759830E+03
  9.862658E+02     2.752090E+03
  1.000000E+03     2.744286E+03
