FILE CREATED BY  : PROGRAM DPASS - VERSION 2.00
DATABASE VERSION : 21.06
DATE AND TIME    : 10/08/2022 01:15:25
PROJECTILE       : Rn
TARGET           : Th
TARGET AT. MASS  : 2.320389E+02
TARGET DENSITY   : 1.172400E+01 g/cm^3
TABULATED OUTPUT : STOPPING FORCE VERSUS ENERGY
DATA TYPE        : SPLINE INTERPOLATED
ABSCISSA UNITS   : MeV/u
ORDINATE UNITS   : eV/nm


      E/n             S(E/n)

  1.000000E-03     1.033385E+03
  1.013925E-03     1.040409E+03
  1.028045E-03     1.047526E+03
  1.042361E-03     1.054731E+03
  1.056876E-03     1.062022E+03
  1.071593E-03     1.069393E+03
  1.086516E-03     1.076838E+03
  1.101646E-03     1.084352E+03
  1.116987E-03     1.091929E+03
  1.132541E-03     1.099562E+03
  1.148312E-03     1.107243E+03
  1.164303E-03     1.114966E+03
  1.180517E-03     1.122730E+03
  1.196956E-03     1.130537E+03
  1.213624E-03     1.138389E+03
  1.230524E-03     1.146287E+03
  1.247660E-03     1.154234E+03
  1.265034E-03     1.162232E+03
  1.282650E-03     1.170284E+03
  1.300511E-03     1.178393E+03
  1.318621E-03     1.186561E+03
  1.336984E-03     1.194793E+03
  1.355602E-03     1.203088E+03
  1.374479E-03     1.211447E+03
  1.393619E-03     1.219869E+03
  1.413026E-03     1.228355E+03
  1.432703E-03     1.236904E+03
  1.452654E-03     1.245515E+03
  1.472883E-03     1.254190E+03
  1.493393E-03     1.262926E+03
  1.514189E-03     1.271725E+03
  1.535275E-03     1.280586E+03
  1.556654E-03     1.289509E+03
  1.578331E-03     1.298495E+03
  1.600310E-03     1.307543E+03
  1.622595E-03     1.316656E+03
  1.645191E-03     1.325832E+03
  1.668101E-03     1.335074E+03
  1.691330E-03     1.344382E+03
  1.714882E-03     1.353757E+03
  1.738762E-03     1.363199E+03
  1.762975E-03     1.372709E+03
  1.787526E-03     1.382290E+03
  1.812418E-03     1.391939E+03
  1.837656E-03     1.401658E+03
  1.863246E-03     1.411448E+03
  1.889193E-03     1.421308E+03
  1.915501E-03     1.431239E+03
  1.942175E-03     1.441241E+03
  1.969220E-03     1.451315E+03
  1.996642E-03     1.461462E+03
  2.024447E-03     1.471681E+03
  2.052638E-03     1.481974E+03
  2.081222E-03     1.492341E+03
  2.110203E-03     1.502783E+03
  2.139589E-03     1.513299E+03
  2.169384E-03     1.523891E+03
  2.199593E-03     1.534560E+03
  2.230223E-03     1.545305E+03
  2.261280E-03     1.556128E+03
  2.292769E-03     1.567030E+03
  2.324697E-03     1.578011E+03
  2.357069E-03     1.589073E+03
  2.389893E-03     1.600215E+03
  2.423173E-03     1.611439E+03
  2.456916E-03     1.622744E+03
  2.491130E-03     1.634131E+03
  2.525820E-03     1.645601E+03
  2.560993E-03     1.657153E+03
  2.596656E-03     1.668790E+03
  2.632815E-03     1.680511E+03
  2.669478E-03     1.692318E+03
  2.706652E-03     1.704211E+03
  2.744343E-03     1.716190E+03
  2.782559E-03     1.728256E+03
  2.821308E-03     1.740410E+03
  2.860596E-03     1.752652E+03
  2.900430E-03     1.764983E+03
  2.940820E-03     1.777404E+03
  2.981772E-03     1.789916E+03
  3.023295E-03     1.802519E+03
  3.065395E-03     1.815215E+03
  3.108082E-03     1.828004E+03
  3.151363E-03     1.840887E+03
  3.195248E-03     1.853865E+03
  3.239743E-03     1.866938E+03
  3.284857E-03     1.880106E+03
  3.330600E-03     1.893371E+03
  3.376980E-03     1.906732E+03
  3.424006E-03     1.920191E+03
  3.471687E-03     1.933749E+03
  3.520031E-03     1.947406E+03
  3.569049E-03     1.961164E+03
  3.618750E-03     1.975022E+03
  3.669142E-03     1.988982E+03
  3.720237E-03     2.003045E+03
  3.772042E-03     2.017210E+03
  3.824570E-03     2.031480E+03
  3.877828E-03     2.045854E+03
  3.931829E-03     2.060335E+03
  3.986581E-03     2.074923E+03
  4.042096E-03     2.089619E+03
  4.098384E-03     2.104425E+03
  4.155455E-03     2.119341E+03
  4.213322E-03     2.134368E+03
  4.271994E-03     2.149506E+03
  4.331483E-03     2.164756E+03
  4.391801E-03     2.180120E+03
  4.452959E-03     2.195597E+03
  4.514968E-03     2.211188E+03
  4.577841E-03     2.226896E+03
  4.641589E-03     2.242720E+03
  4.706225E-03     2.258661E+03
  4.771761E-03     2.274722E+03
  4.838210E-03     2.290902E+03
  4.905584E-03     2.307202E+03
  4.973896E-03     2.323623E+03
  5.043159E-03     2.340166E+03
  5.113388E-03     2.356832E+03
  5.184594E-03     2.373623E+03
  5.256791E-03     2.390540E+03
  5.329994E-03     2.407583E+03
  5.404216E-03     2.424755E+03
  5.479472E-03     2.442057E+03
  5.555776E-03     2.459488E+03
  5.633143E-03     2.477051E+03
  5.711586E-03     2.494745E+03
  5.791123E-03     2.512572E+03
  5.871766E-03     2.530532E+03
  5.953533E-03     2.548627E+03
  6.036439E-03     2.566859E+03
  6.120498E-03     2.585227E+03
  6.205729E-03     2.603734E+03
  6.292146E-03     2.622381E+03
  6.379767E-03     2.641169E+03
  6.468608E-03     2.660098E+03
  6.558686E-03     2.679169E+03
  6.650018E-03     2.698384E+03
  6.742622E-03     2.717743E+03
  6.836516E-03     2.737249E+03
  6.931717E-03     2.756903E+03
  7.028244E-03     2.776705E+03
  7.126115E-03     2.796658E+03
  7.225349E-03     2.816763E+03
  7.325965E-03     2.837021E+03
  7.427982E-03     2.857433E+03
  7.531420E-03     2.877999E+03
  7.636298E-03     2.898722E+03
  7.742637E-03     2.919602E+03
  7.850456E-03     2.940641E+03
  7.959777E-03     2.961841E+03
  8.070620E-03     2.983202E+03
  8.183007E-03     3.004727E+03
  8.296959E-03     3.026417E+03
  8.412497E-03     3.048273E+03
  8.529644E-03     3.070296E+03
  8.648423E-03     3.092487E+03
  8.768856E-03     3.114847E+03
  8.890966E-03     3.137378E+03
  9.014776E-03     3.160080E+03
  9.140311E-03     3.182955E+03
  9.267593E-03     3.206005E+03
  9.396648E-03     3.229232E+03
  9.527500E-03     3.252636E+03
  9.660175E-03     3.276220E+03
  9.794697E-03     3.299984E+03
  9.931092E-03     3.323931E+03
  1.006939E-02     3.348061E+03
  1.020961E-02     3.372378E+03
  1.035178E-02     3.396882E+03
  1.049593E-02     3.421576E+03
  1.064209E-02     3.446462E+03
  1.079029E-02     3.471543E+03
  1.094055E-02     3.496820E+03
  1.109290E-02     3.522295E+03
  1.124737E-02     3.547969E+03
  1.140400E-02     3.573842E+03
  1.156280E-02     3.599915E+03
  1.172382E-02     3.626190E+03
  1.188708E-02     3.652669E+03
  1.205261E-02     3.679352E+03
  1.222045E-02     3.706241E+03
  1.239062E-02     3.733337E+03
  1.256317E-02     3.760644E+03
  1.273811E-02     3.788160E+03
  1.291550E-02     3.815889E+03
  1.309535E-02     3.843832E+03
  1.327771E-02     3.871990E+03
  1.346261E-02     3.900366E+03
  1.365008E-02     3.928961E+03
  1.384016E-02     3.957777E+03
  1.403289E-02     3.986818E+03
  1.422830E-02     4.016085E+03
  1.442644E-02     4.045581E+03
  1.462733E-02     4.075308E+03
  1.483103E-02     4.105266E+03
  1.503755E-02     4.135457E+03
  1.524696E-02     4.165883E+03
  1.545928E-02     4.196545E+03
  1.567455E-02     4.227447E+03
  1.589283E-02     4.258588E+03
  1.611414E-02     4.289973E+03
  1.633854E-02     4.321603E+03
  1.656606E-02     4.353481E+03
  1.679675E-02     4.385608E+03
  1.703065E-02     4.417985E+03
  1.726781E-02     4.450615E+03
  1.750827E-02     4.483498E+03
  1.775208E-02     4.516637E+03
  1.799929E-02     4.550034E+03
  1.824993E-02     4.583690E+03
  1.850407E-02     4.617608E+03
  1.876175E-02     4.651791E+03
  1.902301E-02     4.686241E+03
  1.928792E-02     4.720960E+03
  1.955651E-02     4.755948E+03
  1.982884E-02     4.791209E+03
  2.010496E-02     4.826743E+03
  2.038493E-02     4.862553E+03
  2.066880E-02     4.898641E+03
  2.095662E-02     4.935009E+03
  2.124845E-02     4.971659E+03
  2.154435E-02     5.008596E+03
  2.184436E-02     5.045820E+03
  2.214855E-02     5.083334E+03
  2.245698E-02     5.121140E+03
  2.276970E-02     5.159238E+03
  2.308678E-02     5.197632E+03
  2.340827E-02     5.236322E+03
  2.373424E-02     5.275312E+03
  2.406475E-02     5.314603E+03
  2.439986E-02     5.354198E+03
  2.473964E-02     5.394100E+03
  2.508415E-02     5.434311E+03
  2.543346E-02     5.474833E+03
  2.578763E-02     5.515668E+03
  2.614673E-02     5.556817E+03
  2.651084E-02     5.598283E+03
  2.688001E-02     5.640067E+03
  2.725433E-02     5.682171E+03
  2.763385E-02     5.724599E+03
  2.801867E-02     5.767351E+03
  2.840884E-02     5.810432E+03
  2.880444E-02     5.853844E+03
  2.920556E-02     5.897589E+03
  2.961225E-02     5.941669E+03
  3.002462E-02     5.986085E+03
  3.044272E-02     6.030840E+03
  3.086665E-02     6.075937E+03
  3.129648E-02     6.121376E+03
  3.173230E-02     6.167162E+03
  3.217418E-02     6.213297E+03
  3.262222E-02     6.259784E+03
  3.307650E-02     6.306627E+03
  3.353710E-02     6.353827E+03
  3.400412E-02     6.401386E+03
  3.447764E-02     6.449306E+03
  3.495776E-02     6.497589E+03
  3.544456E-02     6.546235E+03
  3.593814E-02     6.595249E+03
  3.643859E-02     6.644631E+03
  3.694601E-02     6.694384E+03
  3.746050E-02     6.744512E+03
  3.798215E-02     6.795017E+03
  3.851107E-02     6.845900E+03
  3.904735E-02     6.897165E+03
  3.959110E-02     6.948813E+03
  4.014242E-02     7.000847E+03
  4.070142E-02     7.053268E+03
  4.126821E-02     7.106079E+03
  4.184289E-02     7.159284E+03
  4.242556E-02     7.212885E+03
  4.301636E-02     7.266885E+03
  4.361538E-02     7.321289E+03
  4.422274E-02     7.376099E+03
  4.483856E-02     7.431316E+03
  4.546295E-02     7.486943E+03
  4.609604E-02     7.542981E+03
  4.673795E-02     7.599433E+03
  4.738880E-02     7.656301E+03
  4.804870E-02     7.713587E+03
  4.871780E-02     7.771294E+03
  4.939622E-02     7.829426E+03
  5.008408E-02     7.887986E+03
  5.078152E-02     7.946976E+03
  5.148867E-02     8.006399E+03
  5.220568E-02     8.066257E+03
  5.293266E-02     8.126552E+03
  5.366977E-02     8.187287E+03
  5.441714E-02     8.248465E+03
  5.517492E-02     8.310089E+03
  5.594326E-02     8.372162E+03
  5.672229E-02     8.434689E+03
  5.751217E-02     8.497673E+03
  5.831305E-02     8.561119E+03
  5.912508E-02     8.625026E+03
  5.994843E-02     8.689398E+03
  6.078323E-02     8.754237E+03
  6.162966E-02     8.819543E+03
  6.248788E-02     8.885320E+03
  6.335805E-02     8.951571E+03
  6.424034E-02     9.018298E+03
  6.513491E-02     9.085504E+03
  6.604194E-02     9.153194E+03
  6.696160E-02     9.221369E+03
  6.789407E-02     9.290033E+03
  6.883952E-02     9.359186E+03
  6.979814E-02     9.428833E+03
  7.077011E-02     9.498974E+03
  7.175561E-02     9.569613E+03
  7.275484E-02     9.640753E+03
  7.376798E-02     9.712397E+03
  7.479523E-02     9.784550E+03
  7.583678E-02     9.857216E+03
  7.689284E-02     9.930398E+03
  7.796360E-02     1.000410E+04
  7.904928E-02     1.007832E+04
  8.015007E-02     1.015306E+04
  8.126619E-02     1.022832E+04
  8.239786E-02     1.030411E+04
  8.354528E-02     1.038042E+04
  8.470868E-02     1.045727E+04
  8.588829E-02     1.053464E+04
  8.708431E-02     1.061256E+04
  8.829700E-02     1.069101E+04
  8.952657E-02     1.077001E+04
  9.077327E-02     1.084954E+04
  9.203732E-02     1.092963E+04
  9.331898E-02     1.101027E+04
  9.461848E-02     1.109146E+04
  9.593608E-02     1.117320E+04
  9.727203E-02     1.125551E+04
  9.862658E-02     1.133838E+04
  1.000000E-01     1.142183E+04
  1.013925E-01     1.150585E+04
  1.028045E-01     1.159045E+04
  1.042361E-01     1.167563E+04
  1.056876E-01     1.176140E+04
  1.071593E-01     1.184774E+04
  1.086516E-01     1.193467E+04
  1.101646E-01     1.202219E+04
  1.116987E-01     1.211030E+04
  1.132541E-01     1.219900E+04
  1.148312E-01     1.228830E+04
  1.164303E-01     1.237820E+04
  1.180517E-01     1.246870E+04
  1.196956E-01     1.255980E+04
  1.213624E-01     1.265150E+04
  1.230524E-01     1.274380E+04
  1.247660E-01     1.283670E+04
  1.265034E-01     1.293020E+04
  1.282650E-01     1.302429E+04
  1.300511E-01     1.311899E+04
  1.318621E-01     1.321429E+04
  1.336984E-01     1.331018E+04
  1.355602E-01     1.340668E+04
  1.374479E-01     1.350378E+04
  1.393619E-01     1.360147E+04
  1.413026E-01     1.369977E+04
  1.432703E-01     1.379866E+04
  1.452654E-01     1.389814E+04
  1.472883E-01     1.399822E+04
  1.493393E-01     1.409890E+04
  1.514189E-01     1.420017E+04
  1.535275E-01     1.430205E+04
  1.556654E-01     1.440452E+04
  1.578331E-01     1.450759E+04
  1.600310E-01     1.461125E+04
  1.622595E-01     1.471552E+04
  1.645191E-01     1.482038E+04
  1.668101E-01     1.492584E+04
  1.691330E-01     1.503191E+04
  1.714882E-01     1.513859E+04
  1.738762E-01     1.524587E+04
  1.762975E-01     1.535377E+04
  1.787526E-01     1.546228E+04
  1.812418E-01     1.557141E+04
  1.837656E-01     1.568116E+04
  1.863246E-01     1.579154E+04
  1.889193E-01     1.590254E+04
  1.915501E-01     1.601419E+04
  1.942175E-01     1.612647E+04
  1.969220E-01     1.623940E+04
  1.996642E-01     1.635298E+04
  2.024447E-01     1.646723E+04
  2.052638E-01     1.658216E+04
  2.081222E-01     1.669776E+04
  2.110203E-01     1.681404E+04
  2.139589E-01     1.693101E+04
  2.169384E-01     1.704868E+04
  2.199593E-01     1.716706E+04
  2.230223E-01     1.728615E+04
  2.261280E-01     1.740597E+04
  2.292769E-01     1.752653E+04
  2.324697E-01     1.764785E+04
  2.357069E-01     1.776993E+04
  2.389893E-01     1.789278E+04
  2.423173E-01     1.801642E+04
  2.456916E-01     1.814086E+04
  2.491130E-01     1.826611E+04
  2.525820E-01     1.839219E+04
  2.560993E-01     1.851911E+04
  2.596656E-01     1.864689E+04
  2.632815E-01     1.877555E+04
  2.669478E-01     1.890511E+04
  2.706652E-01     1.903558E+04
  2.744343E-01     1.916699E+04
  2.782559E-01     1.929935E+04
  2.821308E-01     1.943266E+04
  2.860596E-01     1.956696E+04
  2.900430E-01     1.970224E+04
  2.940820E-01     1.983855E+04
  2.981772E-01     1.997589E+04
  3.023295E-01     2.011428E+04
  3.065395E-01     2.025376E+04
  3.108082E-01     2.039435E+04
  3.151363E-01     2.053605E+04
  3.195248E-01     2.067888E+04
  3.239743E-01     2.082284E+04
  3.284857E-01     2.096795E+04
  3.330600E-01     2.111422E+04
  3.376980E-01     2.126166E+04
  3.424006E-01     2.141029E+04
  3.471687E-01     2.156013E+04
  3.520031E-01     2.171119E+04
  3.569049E-01     2.186349E+04
  3.618750E-01     2.201703E+04
  3.669142E-01     2.217183E+04
  3.720237E-01     2.232791E+04
  3.772042E-01     2.248527E+04
  3.824570E-01     2.264393E+04
  3.877828E-01     2.280390E+04
  3.931829E-01     2.296519E+04
  3.986581E-01     2.312784E+04
  4.042096E-01     2.329184E+04
  4.098384E-01     2.345722E+04
  4.155455E-01     2.362399E+04
  4.213322E-01     2.379214E+04
  4.271994E-01     2.396169E+04
  4.331483E-01     2.413264E+04
  4.391801E-01     2.430500E+04
  4.452959E-01     2.447877E+04
  4.514968E-01     2.465395E+04
  4.577841E-01     2.483056E+04
  4.641589E-01     2.500860E+04
  4.706225E-01     2.518808E+04
  4.771761E-01     2.536898E+04
  4.838210E-01     2.555131E+04
  4.905584E-01     2.573505E+04
  4.973896E-01     2.592019E+04
  5.043159E-01     2.610673E+04
  5.113388E-01     2.629465E+04
  5.184594E-01     2.648394E+04
  5.256791E-01     2.667459E+04
  5.329994E-01     2.686658E+04
  5.404216E-01     2.705990E+04
  5.479472E-01     2.725452E+04
  5.555776E-01     2.745043E+04
  5.633143E-01     2.764759E+04
  5.711586E-01     2.784598E+04
  5.791123E-01     2.804557E+04
  5.871766E-01     2.824632E+04
  5.953533E-01     2.844822E+04
  6.036439E-01     2.865121E+04
  6.120498E-01     2.885527E+04
  6.205729E-01     2.906036E+04
  6.292146E-01     2.926644E+04
  6.379767E-01     2.947349E+04
  6.468608E-01     2.968147E+04
  6.558686E-01     2.989037E+04
  6.650018E-01     3.010014E+04
  6.742622E-01     3.031076E+04
  6.836516E-01     3.052219E+04
  6.931717E-01     3.073439E+04
  7.028244E-01     3.094733E+04
  7.126115E-01     3.116098E+04
  7.225349E-01     3.137529E+04
  7.325965E-01     3.159026E+04
  7.427982E-01     3.180584E+04
  7.531420E-01     3.202201E+04
  7.636298E-01     3.223874E+04
  7.742637E-01     3.245601E+04
  7.850456E-01     3.267379E+04
  7.959777E-01     3.289205E+04
  8.070620E-01     3.311076E+04
  8.183007E-01     3.332990E+04
  8.296959E-01     3.354944E+04
  8.412497E-01     3.376934E+04
  8.529644E-01     3.398959E+04
  8.648423E-01     3.421015E+04
  8.768856E-01     3.443099E+04
  8.890966E-01     3.465209E+04
  9.014776E-01     3.487342E+04
  9.140311E-01     3.509495E+04
  9.267593E-01     3.531667E+04
  9.396648E-01     3.553855E+04
  9.527500E-01     3.576055E+04
  9.660175E-01     3.598268E+04
  9.794697E-01     3.620490E+04
  9.931092E-01     3.642720E+04
  1.006939E+00     3.664957E+04
  1.020961E+00     3.687199E+04
  1.035178E+00     3.709445E+04
  1.049593E+00     3.731694E+04
  1.064209E+00     3.753947E+04
  1.079029E+00     3.776202E+04
  1.094055E+00     3.798461E+04
  1.109290E+00     3.820721E+04
  1.124737E+00     3.842983E+04
  1.140400E+00     3.865247E+04
  1.156280E+00     3.887513E+04
  1.172382E+00     3.909783E+04
  1.188708E+00     3.932057E+04
  1.205261E+00     3.954337E+04
  1.222045E+00     3.976626E+04
  1.239062E+00     3.998927E+04
  1.256317E+00     4.021239E+04
  1.273811E+00     4.043563E+04
  1.291550E+00     4.065896E+04
  1.309535E+00     4.088236E+04
  1.327771E+00     4.110582E+04
  1.346261E+00     4.132933E+04
  1.365008E+00     4.155289E+04
  1.384016E+00     4.177648E+04
  1.403289E+00     4.200011E+04
  1.422830E+00     4.222378E+04
  1.442644E+00     4.244746E+04
  1.462733E+00     4.267111E+04
  1.483103E+00     4.289467E+04
  1.503755E+00     4.311808E+04
  1.524696E+00     4.334127E+04
  1.545928E+00     4.356418E+04
  1.567455E+00     4.378676E+04
  1.589283E+00     4.400893E+04
  1.611414E+00     4.423063E+04
  1.633854E+00     4.445180E+04
  1.656606E+00     4.467236E+04
  1.679675E+00     4.489226E+04
  1.703065E+00     4.511143E+04
  1.726781E+00     4.532981E+04
  1.750827E+00     4.554732E+04
  1.775208E+00     4.576392E+04
  1.799929E+00     4.597952E+04
  1.824993E+00     4.619408E+04
  1.850407E+00     4.640751E+04
  1.876175E+00     4.661977E+04
  1.902301E+00     4.683078E+04
  1.928792E+00     4.704049E+04
  1.955651E+00     4.724885E+04
  1.982884E+00     4.745580E+04
  2.010496E+00     4.766129E+04
  2.038493E+00     4.786527E+04
  2.066880E+00     4.806770E+04
  2.095662E+00     4.826852E+04
  2.124845E+00     4.846770E+04
  2.154435E+00     4.866520E+04
  2.184436E+00     4.886098E+04
  2.214855E+00     4.905500E+04
  2.245698E+00     4.924720E+04
  2.276970E+00     4.943754E+04
  2.308678E+00     4.962599E+04
  2.340827E+00     4.981250E+04
  2.373424E+00     4.999703E+04
  2.406475E+00     5.017957E+04
  2.439986E+00     5.036009E+04
  2.473964E+00     5.053857E+04
  2.508415E+00     5.071498E+04
  2.543346E+00     5.088931E+04
  2.578763E+00     5.106151E+04
  2.614673E+00     5.123155E+04
  2.651084E+00     5.139940E+04
  2.688001E+00     5.156504E+04
  2.725433E+00     5.172846E+04
  2.763385E+00     5.188965E+04
  2.801867E+00     5.204859E+04
  2.840884E+00     5.220530E+04
  2.880444E+00     5.235979E+04
  2.920556E+00     5.251203E+04
  2.961225E+00     5.266200E+04
  3.002462E+00     5.280967E+04
  3.044272E+00     5.295503E+04
  3.086665E+00     5.309806E+04
  3.129648E+00     5.323877E+04
  3.173230E+00     5.337715E+04
  3.217418E+00     5.351322E+04
  3.262222E+00     5.364698E+04
  3.307650E+00     5.377848E+04
  3.353710E+00     5.390769E+04
  3.400412E+00     5.403460E+04
  3.447764E+00     5.415918E+04
  3.495776E+00     5.428143E+04
  3.544456E+00     5.440135E+04
  3.593814E+00     5.451892E+04
  3.643859E+00     5.463416E+04
  3.694601E+00     5.474708E+04
  3.746050E+00     5.485771E+04
  3.798215E+00     5.496608E+04
  3.851107E+00     5.507219E+04
  3.904735E+00     5.517601E+04
  3.959110E+00     5.527753E+04
  4.014242E+00     5.537674E+04
  4.070142E+00     5.547363E+04
  4.126821E+00     5.556820E+04
  4.184289E+00     5.566046E+04
  4.242556E+00     5.575042E+04
  4.301636E+00     5.583811E+04
  4.361538E+00     5.592355E+04
  4.422274E+00     5.600675E+04
  4.483856E+00     5.608768E+04
  4.546295E+00     5.616632E+04
  4.609604E+00     5.624267E+04
  4.673795E+00     5.631670E+04
  4.738880E+00     5.638843E+04
  4.804870E+00     5.645784E+04
  4.871780E+00     5.652495E+04
  4.939622E+00     5.658977E+04
  5.008408E+00     5.665233E+04
  5.078152E+00     5.671262E+04
  5.148867E+00     5.677064E+04
  5.220568E+00     5.682635E+04
  5.293266E+00     5.687976E+04
  5.366977E+00     5.693084E+04
  5.441714E+00     5.697961E+04
  5.517492E+00     5.702605E+04
  5.594326E+00     5.707019E+04
  5.672229E+00     5.711203E+04
  5.751217E+00     5.715161E+04
  5.831305E+00     5.718892E+04
  5.912508E+00     5.722395E+04
  5.994843E+00     5.725667E+04
  6.078323E+00     5.728709E+04
  6.162966E+00     5.731519E+04
  6.248788E+00     5.734095E+04
  6.335805E+00     5.736440E+04
  6.424034E+00     5.738552E+04
  6.513491E+00     5.740434E+04
  6.604194E+00     5.742087E+04
  6.696160E+00     5.743512E+04
  6.789407E+00     5.744708E+04
  6.883952E+00     5.745673E+04
  6.979814E+00     5.746408E+04
  7.077011E+00     5.746912E+04
  7.175561E+00     5.747185E+04
  7.275484E+00     5.747227E+04
  7.376798E+00     5.747041E+04
  7.479523E+00     5.746627E+04
  7.583678E+00     5.745989E+04
  7.689284E+00     5.745129E+04
  7.796360E+00     5.744046E+04
  7.904928E+00     5.742739E+04
  8.015007E+00     5.741207E+04
  8.126619E+00     5.739452E+04
  8.239786E+00     5.737474E+04
  8.354528E+00     5.735273E+04
  8.470868E+00     5.732852E+04
  8.588829E+00     5.730212E+04
  8.708431E+00     5.727357E+04
  8.829700E+00     5.724289E+04
  8.952657E+00     5.721008E+04
  9.077327E+00     5.717514E+04
  9.203732E+00     5.713807E+04
  9.331898E+00     5.709886E+04
  9.461848E+00     5.705754E+04
  9.593608E+00     5.701410E+04
  9.727203E+00     5.696858E+04
  9.862658E+00     5.692099E+04
  1.000000E+01     5.687136E+04
  1.013925E+01     5.681973E+04
  1.028045E+01     5.676608E+04
  1.042361E+01     5.671044E+04
  1.056876E+01     5.665278E+04
  1.071593E+01     5.659313E+04
  1.086516E+01     5.653150E+04
  1.101646E+01     5.646788E+04
  1.116987E+01     5.640232E+04
  1.132541E+01     5.633482E+04
  1.148312E+01     5.626542E+04
  1.164303E+01     5.619415E+04
  1.180517E+01     5.612101E+04
  1.196956E+01     5.604600E+04
  1.213624E+01     5.596912E+04
  1.230524E+01     5.589037E+04
  1.247660E+01     5.580977E+04
  1.265034E+01     5.572733E+04
  1.282650E+01     5.564305E+04
  1.300511E+01     5.555696E+04
  1.318621E+01     5.546908E+04
  1.336984E+01     5.537944E+04
  1.355602E+01     5.528804E+04
  1.374479E+01     5.519488E+04
  1.393619E+01     5.509997E+04
  1.413026E+01     5.500331E+04
  1.432703E+01     5.490492E+04
  1.452654E+01     5.480481E+04
  1.472883E+01     5.470299E+04
  1.493393E+01     5.459948E+04
  1.514189E+01     5.449431E+04
  1.535275E+01     5.438751E+04
  1.556654E+01     5.427907E+04
  1.578331E+01     5.416901E+04
  1.600310E+01     5.405731E+04
  1.622595E+01     5.394399E+04
  1.645191E+01     5.382905E+04
  1.668101E+01     5.371249E+04
  1.691330E+01     5.359433E+04
  1.714882E+01     5.347457E+04
  1.738762E+01     5.335324E+04
  1.762975E+01     5.323034E+04
  1.787526E+01     5.310588E+04
  1.812418E+01     5.297987E+04
  1.837656E+01     5.285232E+04
  1.863246E+01     5.272323E+04
  1.889193E+01     5.259261E+04
  1.915501E+01     5.246048E+04
  1.942175E+01     5.232683E+04
  1.969220E+01     5.219170E+04
  1.996642E+01     5.205509E+04
  2.024447E+01     5.191703E+04
  2.052638E+01     5.177753E+04
  2.081222E+01     5.163659E+04
  2.110203E+01     5.149422E+04
  2.139589E+01     5.135043E+04
  2.169384E+01     5.120521E+04
  2.199593E+01     5.105858E+04
  2.230223E+01     5.091056E+04
  2.261280E+01     5.076114E+04
  2.292769E+01     5.061034E+04
  2.324697E+01     5.045819E+04
  2.357069E+01     5.030468E+04
  2.389893E+01     5.014983E+04
  2.423173E+01     4.999364E+04
  2.456916E+01     4.983613E+04
  2.491130E+01     4.967729E+04
  2.525820E+01     4.951715E+04
  2.560993E+01     4.935571E+04
  2.596656E+01     4.919299E+04
  2.632815E+01     4.902900E+04
  2.669478E+01     4.886375E+04
  2.706652E+01     4.869727E+04
  2.744343E+01     4.852955E+04
  2.782559E+01     4.836062E+04
  2.821308E+01     4.819047E+04
  2.860596E+01     4.801913E+04
  2.900430E+01     4.784661E+04
  2.940820E+01     4.767292E+04
  2.981772E+01     4.749807E+04
  3.023295E+01     4.732209E+04
  3.065395E+01     4.714498E+04
  3.108082E+01     4.696676E+04
  3.151363E+01     4.678746E+04
  3.195248E+01     4.660707E+04
  3.239743E+01     4.642562E+04
  3.284857E+01     4.624312E+04
  3.330600E+01     4.605959E+04
  3.376980E+01     4.587503E+04
  3.424006E+01     4.568948E+04
  3.471687E+01     4.550294E+04
  3.520031E+01     4.531544E+04
  3.569049E+01     4.512699E+04
  3.618750E+01     4.493761E+04
  3.669142E+01     4.474732E+04
  3.720237E+01     4.455613E+04
  3.772042E+01     4.436406E+04
  3.824570E+01     4.417112E+04
  3.877828E+01     4.397735E+04
  3.931829E+01     4.378274E+04
  3.986581E+01     4.358733E+04
  4.042096E+01     4.339113E+04
  4.098384E+01     4.319416E+04
  4.155455E+01     4.299644E+04
  4.213322E+01     4.279798E+04
  4.271994E+01     4.259880E+04
  4.331483E+01     4.239893E+04
  4.391801E+01     4.219838E+04
  4.452959E+01     4.199716E+04
  4.514968E+01     4.179530E+04
  4.577841E+01     4.159282E+04
  4.641589E+01     4.138971E+04
  4.706225E+01     4.118602E+04
  4.771761E+01     4.098175E+04
  4.838210E+01     4.077695E+04
  4.905584E+01     4.057163E+04
  4.973896E+01     4.036583E+04
  5.043159E+01     4.015957E+04
  5.113388E+01     3.995288E+04
  5.184594E+01     3.974580E+04
  5.256791E+01     3.953835E+04
  5.329994E+01     3.933055E+04
  5.404216E+01     3.912243E+04
  5.479472E+01     3.891403E+04
  5.555776E+01     3.870535E+04
  5.633143E+01     3.849642E+04
  5.711586E+01     3.828726E+04
  5.791123E+01     3.807787E+04
  5.871766E+01     3.786828E+04
  5.953533E+01     3.765850E+04
  6.036439E+01     3.744854E+04
  6.120498E+01     3.723841E+04
  6.205729E+01     3.702812E+04
  6.292146E+01     3.681770E+04
  6.379767E+01     3.660717E+04
  6.468608E+01     3.639656E+04
  6.558686E+01     3.618592E+04
  6.650018E+01     3.597526E+04
  6.742622E+01     3.576462E+04
  6.836516E+01     3.555402E+04
  6.931717E+01     3.534349E+04
  7.028244E+01     3.513306E+04
  7.126115E+01     3.492275E+04
  7.225349E+01     3.471258E+04
  7.325965E+01     3.450259E+04
  7.427982E+01     3.429279E+04
  7.531420E+01     3.408322E+04
  7.636298E+01     3.387390E+04
  7.742637E+01     3.366483E+04
  7.850456E+01     3.345605E+04
  7.959777E+01     3.324756E+04
  8.070620E+01     3.303937E+04
  8.183007E+01     3.283151E+04
  8.296959E+01     3.262398E+04
  8.412497E+01     3.241684E+04
  8.529644E+01     3.221012E+04
  8.648423E+01     3.200385E+04
  8.768856E+01     3.179808E+04
  8.890966E+01     3.159283E+04
  9.014776E+01     3.138814E+04
  9.140311E+01     3.118403E+04
  9.267593E+01     3.098055E+04
  9.396648E+01     3.077770E+04
  9.527500E+01     3.057553E+04
  9.660175E+01     3.037404E+04
  9.794697E+01     3.017325E+04
  9.931092E+01     2.997319E+04
  1.006939E+02     2.977386E+04
  1.020961E+02     2.957527E+04
  1.035178E+02     2.937742E+04
  1.049593E+02     2.918031E+04
  1.064209E+02     2.898393E+04
  1.079029E+02     2.878828E+04
  1.094055E+02     2.859335E+04
  1.109290E+02     2.839918E+04
  1.124737E+02     2.820579E+04
  1.140400E+02     2.801322E+04
  1.156280E+02     2.782149E+04
  1.172382E+02     2.763062E+04
  1.188708E+02     2.744063E+04
  1.205261E+02     2.725154E+04
  1.222045E+02     2.706334E+04
  1.239062E+02     2.687607E+04
  1.256317E+02     2.668971E+04
  1.273811E+02     2.650432E+04
  1.291550E+02     2.631991E+04
  1.309535E+02     2.613651E+04
  1.327771E+02     2.595414E+04
  1.346261E+02     2.577282E+04
  1.365008E+02     2.559256E+04
  1.384016E+02     2.541339E+04
  1.403289E+02     2.523529E+04
  1.422830E+02     2.505828E+04
  1.442644E+02     2.488236E+04
  1.462733E+02     2.470755E+04
  1.483103E+02     2.453388E+04
  1.503755E+02     2.436136E+04
  1.524696E+02     2.419000E+04
  1.545928E+02     2.401982E+04
  1.567455E+02     2.385081E+04
  1.589283E+02     2.368299E+04
  1.611414E+02     2.351633E+04
  1.633854E+02     2.335084E+04
  1.656606E+02     2.318650E+04
  1.679675E+02     2.302333E+04
  1.703065E+02     2.286136E+04
  1.726781E+02     2.270061E+04
  1.750827E+02     2.254109E+04
  1.775208E+02     2.238282E+04
  1.799929E+02     2.222579E+04
  1.824993E+02     2.207001E+04
  1.850407E+02     2.191548E+04
  1.876175E+02     2.176218E+04
  1.902301E+02     2.161012E+04
  1.928792E+02     2.145930E+04
  1.955651E+02     2.130975E+04
  1.982884E+02     2.116148E+04
  2.010496E+02     2.101449E+04
  2.038493E+02     2.086880E+04
  2.066880E+02     2.072440E+04
  2.095662E+02     2.058129E+04
  2.124845E+02     2.043946E+04
  2.154435E+02     2.029888E+04
  2.184436E+02     2.015956E+04
  2.214855E+02     2.002149E+04
  2.245698E+02     1.988470E+04
  2.276970E+02     1.974920E+04
  2.308678E+02     1.961501E+04
  2.340827E+02     1.948212E+04
  2.373424E+02     1.935054E+04
  2.406475E+02     1.922027E+04
  2.439986E+02     1.909130E+04
  2.473964E+02     1.896361E+04
  2.508415E+02     1.883720E+04
  2.543346E+02     1.871206E+04
  2.578763E+02     1.858821E+04
  2.614673E+02     1.846565E+04
  2.651084E+02     1.834440E+04
  2.688001E+02     1.822446E+04
  2.725433E+02     1.810581E+04
  2.763385E+02     1.798845E+04
  2.801867E+02     1.787236E+04
  2.840884E+02     1.775752E+04
  2.880444E+02     1.764391E+04
  2.920556E+02     1.753153E+04
  2.961225E+02     1.742038E+04
  3.002462E+02     1.731049E+04
  3.044272E+02     1.720186E+04
  3.086665E+02     1.709448E+04
  3.129648E+02     1.698835E+04
  3.173230E+02     1.688347E+04
  3.217418E+02     1.677981E+04
  3.262222E+02     1.667737E+04
  3.307650E+02     1.657612E+04
  3.353710E+02     1.647605E+04
  3.400412E+02     1.637718E+04
  3.447764E+02     1.627952E+04
  3.495776E+02     1.618306E+04
  3.544456E+02     1.608781E+04
  3.593814E+02     1.599375E+04
  3.643859E+02     1.590089E+04
  3.694601E+02     1.580920E+04
  3.746050E+02     1.571867E+04
  3.798215E+02     1.562926E+04
  3.851107E+02     1.554098E+04
  3.904735E+02     1.545383E+04
  3.959110E+02     1.536782E+04
  4.014242E+02     1.528295E+04
  4.070142E+02     1.519922E+04
  4.126821E+02     1.511662E+04
  4.184289E+02     1.503513E+04
  4.242556E+02     1.495476E+04
  4.301636E+02     1.487547E+04
  4.361538E+02     1.479725E+04
  4.422274E+02     1.472007E+04
  4.483856E+02     1.464396E+04
  4.546295E+02     1.456891E+04
  4.609604E+02     1.449492E+04
  4.673795E+02     1.442200E+04
  4.738880E+02     1.435013E+04
  4.804870E+02     1.427931E+04
  4.871780E+02     1.420951E+04
  4.939622E+02     1.414073E+04
  5.008408E+02     1.407294E+04
  5.078152E+02     1.400612E+04
  5.148867E+02     1.394027E+04
  5.220568E+02     1.387541E+04
  5.293266E+02     1.381154E+04
  5.366977E+02     1.374864E+04
  5.441714E+02     1.368671E+04
  5.517492E+02     1.362574E+04
  5.594326E+02     1.356572E+04
  5.672229E+02     1.350663E+04
  5.751217E+02     1.344844E+04
  5.831305E+02     1.339113E+04
  5.912508E+02     1.333472E+04
  5.994843E+02     1.327920E+04
  6.078323E+02     1.322458E+04
  6.162966E+02     1.317084E+04
  6.248788E+02     1.311799E+04
  6.335805E+02     1.306601E+04
  6.424034E+02     1.301488E+04
  6.513491E+02     1.296460E+04
  6.604194E+02     1.291513E+04
  6.696160E+02     1.286647E+04
  6.789407E+02     1.281860E+04
  6.883952E+02     1.277153E+04
  6.979814E+02     1.272526E+04
  7.077011E+02     1.267977E+04
  7.175561E+02     1.263506E+04
  7.275484E+02     1.259110E+04
  7.376798E+02     1.254789E+04
  7.479523E+02     1.250541E+04
  7.583678E+02     1.246361E+04
  7.689284E+02     1.242250E+04
  7.796360E+02     1.238208E+04
  7.904928E+02     1.234237E+04
  8.015007E+02     1.230337E+04
  8.126619E+02     1.226511E+04
  8.239786E+02     1.222759E+04
  8.354528E+02     1.219083E+04
  8.470868E+02     1.215483E+04
  8.588829E+02     1.211961E+04
  8.708431E+02     1.208516E+04
  8.829700E+02     1.205149E+04
  8.952657E+02     1.201851E+04
  9.077327E+02     1.198615E+04
  9.203732E+02     1.195432E+04
  9.331898E+02     1.192291E+04
  9.461848E+02     1.189181E+04
  9.593608E+02     1.186089E+04
  9.727203E+02     1.183002E+04
  9.862658E+02     1.179905E+04
  1.000000E+03     1.176782E+04
