FILE CREATED BY  : PROGRAM DPASS - VERSION 2.00
DATABASE VERSION : 21.06
DATE AND TIME    : 10/08/2022 01:15:52
PROJECTILE       : Fr
TARGET           : F 
TARGET AT. MASS  : 1.899840E+01
TARGET DENSITY   : 1.696000E-03 g/cm^3
TABULATED OUTPUT : STOPPING FORCE VERSUS ENERGY
DATA TYPE        : SPLINE INTERPOLATED
ABSCISSA UNITS   : MeV/u
ORDINATE UNITS   : eV/nm


      E/n             S(E/n)

  1.000000E-03     4.507870E-01
  1.013925E-03     4.538341E-01
  1.028045E-03     4.569214E-01
  1.042361E-03     4.600471E-01
  1.056876E-03     4.632094E-01
  1.071593E-03     4.664060E-01
  1.086516E-03     4.696346E-01
  1.101646E-03     4.728926E-01
  1.116987E-03     4.761771E-01
  1.132541E-03     4.794851E-01
  1.148312E-03     4.828133E-01
  1.164303E-03     4.861585E-01
  1.180517E-03     4.895206E-01
  1.196956E-03     4.929001E-01
  1.213624E-03     4.962978E-01
  1.230524E-03     4.997147E-01
  1.247660E-03     5.031516E-01
  1.265034E-03     5.066095E-01
  1.282650E-03     5.100897E-01
  1.300511E-03     5.135933E-01
  1.318621E-03     5.171218E-01
  1.336984E-03     5.206764E-01
  1.355602E-03     5.242575E-01
  1.374479E-03     5.278650E-01
  1.393619E-03     5.314988E-01
  1.413026E-03     5.351589E-01
  1.432703E-03     5.388451E-01
  1.452654E-03     5.425574E-01
  1.472883E-03     5.462956E-01
  1.493393E-03     5.500596E-01
  1.514189E-03     5.538493E-01
  1.535275E-03     5.576647E-01
  1.556654E-03     5.615057E-01
  1.578331E-03     5.653726E-01
  1.600310E-03     5.692655E-01
  1.622595E-03     5.731847E-01
  1.645191E-03     5.771303E-01
  1.668101E-03     5.811027E-01
  1.691330E-03     5.851022E-01
  1.714882E-03     5.891290E-01
  1.738762E-03     5.931836E-01
  1.762975E-03     5.972663E-01
  1.787526E-03     6.013773E-01
  1.812418E-03     6.055168E-01
  1.837656E-03     6.096849E-01
  1.863246E-03     6.138817E-01
  1.889193E-03     6.181074E-01
  1.915501E-03     6.223620E-01
  1.942175E-03     6.266459E-01
  1.969220E-03     6.309592E-01
  1.996642E-03     6.353022E-01
  2.024447E-03     6.396752E-01
  2.052638E-03     6.440782E-01
  2.081222E-03     6.485115E-01
  2.110203E-03     6.529752E-01
  2.139589E-03     6.574695E-01
  2.169384E-03     6.619946E-01
  2.199593E-03     6.665506E-01
  2.230223E-03     6.711378E-01
  2.261280E-03     6.757566E-01
  2.292769E-03     6.804071E-01
  2.324697E-03     6.850898E-01
  2.357069E-03     6.898048E-01
  2.389893E-03     6.945523E-01
  2.423173E-03     6.993326E-01
  2.456916E-03     7.041457E-01
  2.491130E-03     7.089920E-01
  2.525820E-03     7.138717E-01
  2.560993E-03     7.187851E-01
  2.596656E-03     7.237325E-01
  2.632815E-03     7.287141E-01
  2.669478E-03     7.337305E-01
  2.706652E-03     7.387819E-01
  2.744343E-03     7.438683E-01
  2.782559E-03     7.489896E-01
  2.821308E-03     7.541461E-01
  2.860596E-03     7.593377E-01
  2.900430E-03     7.645645E-01
  2.940820E-03     7.698266E-01
  2.981772E-03     7.751240E-01
  3.023295E-03     7.804570E-01
  3.065395E-03     7.858256E-01
  3.108082E-03     7.912300E-01
  3.151363E-03     7.966707E-01
  3.195248E-03     8.021482E-01
  3.239743E-03     8.076629E-01
  3.284857E-03     8.132156E-01
  3.330600E-03     8.188068E-01
  3.376980E-03     8.244372E-01
  3.424006E-03     8.301076E-01
  3.471687E-03     8.358189E-01
  3.520031E-03     8.415720E-01
  3.569049E-03     8.473675E-01
  3.618750E-03     8.532055E-01
  3.669142E-03     8.590859E-01
  3.720237E-03     8.650085E-01
  3.772042E-03     8.709731E-01
  3.824570E-03     8.769796E-01
  3.877828E-03     8.830279E-01
  3.931829E-03     8.891178E-01
  3.986581E-03     8.952492E-01
  4.042096E-03     9.014218E-01
  4.098384E-03     9.076357E-01
  4.155455E-03     9.138910E-01
  4.213322E-03     9.201882E-01
  4.271994E-03     9.265276E-01
  4.331483E-03     9.329098E-01
  4.391801E-03     9.393352E-01
  4.452959E-03     9.458044E-01
  4.514968E-03     9.523180E-01
  4.577841E-03     9.588767E-01
  4.641589E-03     9.654812E-01
  4.706225E-03     9.721324E-01
  4.771761E-03     9.788303E-01
  4.838210E-03     9.855753E-01
  4.905584E-03     9.923674E-01
  4.973896E-03     9.992070E-01
  5.043159E-03     1.006094E+00
  5.113388E-03     1.013029E+00
  5.184594E-03     1.020013E+00
  5.256791E-03     1.027044E+00
  5.329994E-03     1.034125E+00
  5.404216E-03     1.041256E+00
  5.479472E-03     1.048435E+00
  5.555776E-03     1.055665E+00
  5.633143E-03     1.062945E+00
  5.711586E-03     1.070275E+00
  5.791123E-03     1.077656E+00
  5.871766E-03     1.085088E+00
  5.953533E-03     1.092571E+00
  6.036439E-03     1.100107E+00
  6.120498E-03     1.107695E+00
  6.205729E-03     1.115337E+00
  6.292146E-03     1.123032E+00
  6.379767E-03     1.130780E+00
  6.468608E-03     1.138583E+00
  6.558686E-03     1.146440E+00
  6.650018E-03     1.154351E+00
  6.742622E-03     1.162318E+00
  6.836516E-03     1.170341E+00
  6.931717E-03     1.178419E+00
  7.028244E-03     1.186554E+00
  7.126115E-03     1.194747E+00
  7.225349E-03     1.202997E+00
  7.325965E-03     1.211305E+00
  7.427982E-03     1.219671E+00
  7.531420E-03     1.228096E+00
  7.636298E-03     1.236580E+00
  7.742637E-03     1.245122E+00
  7.850456E-03     1.253725E+00
  7.959777E-03     1.262388E+00
  8.070620E-03     1.271111E+00
  8.183007E-03     1.279896E+00
  8.296959E-03     1.288743E+00
  8.412497E-03     1.297652E+00
  8.529644E-03     1.306623E+00
  8.648423E-03     1.315657E+00
  8.768856E-03     1.324754E+00
  8.890966E-03     1.333915E+00
  9.014776E-03     1.343141E+00
  9.140311E-03     1.352431E+00
  9.267593E-03     1.361786E+00
  9.396648E-03     1.371208E+00
  9.527500E-03     1.380696E+00
  9.660175E-03     1.390251E+00
  9.794697E-03     1.399874E+00
  9.931092E-03     1.409564E+00
  1.006939E-02     1.419323E+00
  1.020961E-02     1.429150E+00
  1.035178E-02     1.439047E+00
  1.049593E-02     1.449014E+00
  1.064209E-02     1.459051E+00
  1.079029E-02     1.469160E+00
  1.094055E-02     1.479340E+00
  1.109290E-02     1.489594E+00
  1.124737E-02     1.499919E+00
  1.140400E-02     1.510319E+00
  1.156280E-02     1.520791E+00
  1.172382E-02     1.531338E+00
  1.188708E-02     1.541960E+00
  1.205261E-02     1.552657E+00
  1.222045E-02     1.563430E+00
  1.239062E-02     1.574280E+00
  1.256317E-02     1.585208E+00
  1.273811E-02     1.596214E+00
  1.291550E-02     1.607298E+00
  1.309535E-02     1.618461E+00
  1.327771E-02     1.629704E+00
  1.346261E-02     1.641027E+00
  1.365008E-02     1.652431E+00
  1.384016E-02     1.663917E+00
  1.403289E-02     1.675485E+00
  1.422830E-02     1.687137E+00
  1.442644E-02     1.698873E+00
  1.462733E-02     1.710694E+00
  1.483103E-02     1.722599E+00
  1.503755E-02     1.734591E+00
  1.524696E-02     1.746669E+00
  1.545928E-02     1.758834E+00
  1.567455E-02     1.771087E+00
  1.589283E-02     1.783429E+00
  1.611414E-02     1.795860E+00
  1.633854E-02     1.808381E+00
  1.656606E-02     1.820994E+00
  1.679675E-02     1.833699E+00
  1.703065E-02     1.846497E+00
  1.726781E-02     1.859388E+00
  1.750827E-02     1.872372E+00
  1.775208E-02     1.885452E+00
  1.799929E-02     1.898626E+00
  1.824993E-02     1.911897E+00
  1.850407E-02     1.925266E+00
  1.876175E-02     1.938733E+00
  1.902301E-02     1.952300E+00
  1.928792E-02     1.965967E+00
  1.955651E-02     1.979735E+00
  1.982884E-02     1.993604E+00
  2.010496E-02     2.007577E+00
  2.038493E-02     2.021652E+00
  2.066880E-02     2.035833E+00
  2.095662E-02     2.050119E+00
  2.124845E-02     2.064512E+00
  2.154435E-02     2.079012E+00
  2.184436E-02     2.093623E+00
  2.214855E-02     2.108343E+00
  2.245698E-02     2.123174E+00
  2.276970E-02     2.138117E+00
  2.308678E-02     2.153173E+00
  2.340827E-02     2.168341E+00
  2.373424E-02     2.183625E+00
  2.406475E-02     2.199023E+00
  2.439986E-02     2.214539E+00
  2.473964E-02     2.230172E+00
  2.508415E-02     2.245925E+00
  2.543346E-02     2.261797E+00
  2.578763E-02     2.277791E+00
  2.614673E-02     2.293908E+00
  2.651084E-02     2.310147E+00
  2.688001E-02     2.326510E+00
  2.725433E-02     2.342999E+00
  2.763385E-02     2.359615E+00
  2.801867E-02     2.376359E+00
  2.840884E-02     2.393233E+00
  2.880444E-02     2.410238E+00
  2.920556E-02     2.427376E+00
  2.961225E-02     2.444647E+00
  3.002462E-02     2.462053E+00
  3.044272E-02     2.479594E+00
  3.086665E-02     2.497271E+00
  3.129648E-02     2.515087E+00
  3.173230E-02     2.533042E+00
  3.217418E-02     2.551137E+00
  3.262222E-02     2.569375E+00
  3.307650E-02     2.587756E+00
  3.353710E-02     2.606283E+00
  3.400412E-02     2.624955E+00
  3.447764E-02     2.643774E+00
  3.495776E-02     2.662741E+00
  3.544456E-02     2.681857E+00
  3.593814E-02     2.701123E+00
  3.643859E-02     2.720541E+00
  3.694601E-02     2.740112E+00
  3.746050E-02     2.759837E+00
  3.798215E-02     2.779718E+00
  3.851107E-02     2.799757E+00
  3.904735E-02     2.819953E+00
  3.959110E-02     2.840309E+00
  4.014242E-02     2.860825E+00
  4.070142E-02     2.881503E+00
  4.126821E-02     2.902343E+00
  4.184289E-02     2.923348E+00
  4.242556E-02     2.944518E+00
  4.301636E-02     2.965855E+00
  4.361538E-02     2.987361E+00
  4.422274E-02     3.009037E+00
  4.483856E-02     3.030885E+00
  4.546295E-02     3.052907E+00
  4.609604E-02     3.075104E+00
  4.673795E-02     3.097478E+00
  4.738880E-02     3.120031E+00
  4.804870E-02     3.142766E+00
  4.871780E-02     3.165684E+00
  4.939622E-02     3.188788E+00
  5.008408E-02     3.212081E+00
  5.078152E-02     3.235566E+00
  5.148867E-02     3.259244E+00
  5.220568E-02     3.283119E+00
  5.293266E-02     3.307193E+00
  5.366977E-02     3.331469E+00
  5.441714E-02     3.355951E+00
  5.517492E-02     3.380642E+00
  5.594326E-02     3.405546E+00
  5.672229E-02     3.430666E+00
  5.751217E-02     3.456008E+00
  5.831305E-02     3.481574E+00
  5.912508E-02     3.507368E+00
  5.994843E-02     3.533392E+00
  6.078323E-02     3.559648E+00
  6.162966E-02     3.586140E+00
  6.248788E-02     3.612871E+00
  6.335805E-02     3.639844E+00
  6.424034E-02     3.667063E+00
  6.513491E-02     3.694531E+00
  6.604194E-02     3.722252E+00
  6.696160E-02     3.750230E+00
  6.789407E-02     3.778464E+00
  6.883952E-02     3.806956E+00
  6.979814E-02     3.835706E+00
  7.077011E-02     3.864714E+00
  7.175561E-02     3.893981E+00
  7.275484E-02     3.923506E+00
  7.376798E-02     3.953290E+00
  7.479523E-02     3.983334E+00
  7.583678E-02     4.013636E+00
  7.689284E-02     4.044198E+00
  7.796360E-02     4.075018E+00
  7.904928E-02     4.106096E+00
  8.015007E-02     4.137431E+00
  8.126619E-02     4.169022E+00
  8.239786E-02     4.200869E+00
  8.354528E-02     4.232969E+00
  8.470868E-02     4.265323E+00
  8.588829E-02     4.297929E+00
  8.708431E-02     4.330784E+00
  8.829700E-02     4.363889E+00
  8.952657E-02     4.397241E+00
  9.077327E-02     4.430840E+00
  9.203732E-02     4.464686E+00
  9.331898E-02     4.498776E+00
  9.461848E-02     4.533110E+00
  9.593608E-02     4.567687E+00
  9.727203E-02     4.602505E+00
  9.862658E-02     4.637564E+00
  1.000000E-01     4.672862E+00
  1.013925E-01     4.708397E+00
  1.028045E-01     4.744169E+00
  1.042361E-01     4.780177E+00
  1.056876E-01     4.816419E+00
  1.071593E-01     4.852895E+00
  1.086516E-01     4.889604E+00
  1.101646E-01     4.926544E+00
  1.116987E-01     4.963715E+00
  1.132541E-01     5.001116E+00
  1.148312E-01     5.038746E+00
  1.164303E-01     5.076603E+00
  1.180517E-01     5.114688E+00
  1.196956E-01     5.152998E+00
  1.213624E-01     5.191531E+00
  1.230524E-01     5.230288E+00
  1.247660E-01     5.269265E+00
  1.265034E-01     5.308463E+00
  1.282650E-01     5.347880E+00
  1.300511E-01     5.387515E+00
  1.318621E-01     5.427366E+00
  1.336984E-01     5.467434E+00
  1.355602E-01     5.507716E+00
  1.374479E-01     5.548210E+00
  1.393619E-01     5.588917E+00
  1.413026E-01     5.629833E+00
  1.432703E-01     5.670959E+00
  1.452654E-01     5.712293E+00
  1.472883E-01     5.753834E+00
  1.493393E-01     5.795581E+00
  1.514189E-01     5.837534E+00
  1.535275E-01     5.879692E+00
  1.556654E-01     5.922054E+00
  1.578331E-01     5.964618E+00
  1.600310E-01     6.007385E+00
  1.622595E-01     6.050351E+00
  1.645191E-01     6.093517E+00
  1.668101E-01     6.136883E+00
  1.691330E-01     6.180446E+00
  1.714882E-01     6.224208E+00
  1.738762E-01     6.268168E+00
  1.762975E-01     6.312327E+00
  1.787526E-01     6.356684E+00
  1.812418E-01     6.401239E+00
  1.837656E-01     6.445991E+00
  1.863246E-01     6.490940E+00
  1.889193E-01     6.536086E+00
  1.915501E-01     6.581429E+00
  1.942175E-01     6.626971E+00
  1.969220E-01     6.672711E+00
  1.996642E-01     6.718653E+00
  2.024447E-01     6.764797E+00
  2.052638E-01     6.811144E+00
  2.081222E-01     6.857696E+00
  2.110203E-01     6.904453E+00
  2.139589E-01     6.951415E+00
  2.169384E-01     6.998584E+00
  2.199593E-01     7.045963E+00
  2.230223E-01     7.093553E+00
  2.261280E-01     7.141357E+00
  2.292769E-01     7.189379E+00
  2.324697E-01     7.237623E+00
  2.357069E-01     7.286091E+00
  2.389893E-01     7.334785E+00
  2.423173E-01     7.383707E+00
  2.456916E-01     7.432859E+00
  2.491130E-01     7.482242E+00
  2.525820E-01     7.531861E+00
  2.560993E-01     7.581719E+00
  2.596656E-01     7.631820E+00
  2.632815E-01     7.682170E+00
  2.669478E-01     7.732773E+00
  2.706652E-01     7.783633E+00
  2.744343E-01     7.834754E+00
  2.782559E-01     7.886136E+00
  2.821308E-01     7.937782E+00
  2.860596E-01     7.989695E+00
  2.900430E-01     8.041877E+00
  2.940820E-01     8.094334E+00
  2.981772E-01     8.147069E+00
  3.023295E-01     8.200087E+00
  3.065395E-01     8.253394E+00
  3.108082E-01     8.306996E+00
  3.151363E-01     8.360894E+00
  3.195248E-01     8.415090E+00
  3.239743E-01     8.469588E+00
  3.284857E-01     8.524391E+00
  3.330600E-01     8.579502E+00
  3.376980E-01     8.634925E+00
  3.424006E-01     8.690667E+00
  3.471687E-01     8.746732E+00
  3.520031E-01     8.803126E+00
  3.569049E-01     8.859856E+00
  3.618750E-01     8.916925E+00
  3.669142E-01     8.974335E+00
  3.720237E-01     9.032091E+00
  3.772042E-01     9.090196E+00
  3.824570E-01     9.148657E+00
  3.877828E-01     9.207478E+00
  3.931829E-01     9.266664E+00
  3.986581E-01     9.326224E+00
  4.042096E-01     9.386165E+00
  4.098384E-01     9.446493E+00
  4.155455E-01     9.507214E+00
  4.213322E-01     9.568330E+00
  4.271994E-01     9.629848E+00
  4.331483E-01     9.691772E+00
  4.391801E-01     9.754107E+00
  4.452959E-01     9.816860E+00
  4.514968E-01     9.880039E+00
  4.577841E-01     9.943651E+00
  4.641589E-01     1.000770E+01
  4.706225E-01     1.007221E+01
  4.771761E-01     1.013716E+01
  4.838210E-01     1.020257E+01
  4.905584E-01     1.026843E+01
  4.973896E-01     1.033475E+01
  5.043159E-01     1.040153E+01
  5.113388E-01     1.046877E+01
  5.184594E-01     1.053648E+01
  5.256791E-01     1.060465E+01
  5.329994E-01     1.067329E+01
  5.404216E-01     1.074241E+01
  5.479472E-01     1.081199E+01
  5.555776E-01     1.088204E+01
  5.633143E-01     1.095255E+01
  5.711586E-01     1.102351E+01
  5.791123E-01     1.109491E+01
  5.871766E-01     1.116675E+01
  5.953533E-01     1.123902E+01
  6.036439E-01     1.131171E+01
  6.120498E-01     1.138481E+01
  6.205729E-01     1.145832E+01
  6.292146E-01     1.153221E+01
  6.379767E-01     1.160648E+01
  6.468608E-01     1.168112E+01
  6.558686E-01     1.175610E+01
  6.650018E-01     1.183141E+01
  6.742622E-01     1.190704E+01
  6.836516E-01     1.198297E+01
  6.931717E-01     1.205917E+01
  7.028244E-01     1.213563E+01
  7.126115E-01     1.221233E+01
  7.225349E-01     1.228926E+01
  7.325965E-01     1.236638E+01
  7.427982E-01     1.244367E+01
  7.531420E-01     1.252113E+01
  7.636298E-01     1.259872E+01
  7.742637E-01     1.267643E+01
  7.850456E-01     1.275423E+01
  7.959777E-01     1.283208E+01
  8.070620E-01     1.290998E+01
  8.183007E-01     1.298789E+01
  8.296959E-01     1.306579E+01
  8.412497E-01     1.314365E+01
  8.529644E-01     1.322146E+01
  8.648423E-01     1.329919E+01
  8.768856E-01     1.337683E+01
  8.890966E-01     1.345435E+01
  9.014776E-01     1.353172E+01
  9.140311E-01     1.360893E+01
  9.267593E-01     1.368595E+01
  9.396648E-01     1.376276E+01
  9.527500E-01     1.383934E+01
  9.660175E-01     1.391566E+01
  9.794697E-01     1.399170E+01
  9.931092E-01     1.406745E+01
  1.006939E+00     1.414289E+01
  1.020961E+00     1.421799E+01
  1.035178E+00     1.429274E+01
  1.049593E+00     1.436712E+01
  1.064209E+00     1.444112E+01
  1.079029E+00     1.451470E+01
  1.094055E+00     1.458786E+01
  1.109290E+00     1.466057E+01
  1.124737E+00     1.473283E+01
  1.140400E+00     1.480461E+01
  1.156280E+00     1.487590E+01
  1.172382E+00     1.494669E+01
  1.188708E+00     1.501695E+01
  1.205261E+00     1.508669E+01
  1.222045E+00     1.515589E+01
  1.239062E+00     1.522453E+01
  1.256317E+00     1.529262E+01
  1.273811E+00     1.536013E+01
  1.291550E+00     1.542705E+01
  1.309535E+00     1.549336E+01
  1.327771E+00     1.555907E+01
  1.346261E+00     1.562414E+01
  1.365008E+00     1.568859E+01
  1.384016E+00     1.575239E+01
  1.403289E+00     1.581554E+01
  1.422830E+00     1.587805E+01
  1.442644E+00     1.593991E+01
  1.462733E+00     1.600110E+01
  1.483103E+00     1.606161E+01
  1.503755E+00     1.612144E+01
  1.524696E+00     1.618058E+01
  1.545928E+00     1.623902E+01
  1.567455E+00     1.629676E+01
  1.589283E+00     1.635379E+01
  1.611414E+00     1.641012E+01
  1.633854E+00     1.646575E+01
  1.656606E+00     1.652069E+01
  1.679675E+00     1.657491E+01
  1.703065E+00     1.662843E+01
  1.726781E+00     1.668122E+01
  1.750827E+00     1.673329E+01
  1.775208E+00     1.678463E+01
  1.799929E+00     1.683524E+01
  1.824993E+00     1.688513E+01
  1.850407E+00     1.693430E+01
  1.876175E+00     1.698276E+01
  1.902301E+00     1.703051E+01
  1.928792E+00     1.707754E+01
  1.955651E+00     1.712386E+01
  1.982884E+00     1.716944E+01
  2.010496E+00     1.721429E+01
  2.038493E+00     1.725840E+01
  2.066880E+00     1.730177E+01
  2.095662E+00     1.734440E+01
  2.124845E+00     1.738630E+01
  2.154435E+00     1.742746E+01
  2.184436E+00     1.746790E+01
  2.214855E+00     1.750761E+01
  2.245698E+00     1.754658E+01
  2.276970E+00     1.758482E+01
  2.308678E+00     1.762233E+01
  2.340827E+00     1.765911E+01
  2.373424E+00     1.769516E+01
  2.406475E+00     1.773049E+01
  2.439986E+00     1.776511E+01
  2.473964E+00     1.779904E+01
  2.508415E+00     1.783229E+01
  2.543346E+00     1.786485E+01
  2.578763E+00     1.789672E+01
  2.614673E+00     1.792788E+01
  2.651084E+00     1.795834E+01
  2.688001E+00     1.798808E+01
  2.725433E+00     1.801711E+01
  2.763385E+00     1.804542E+01
  2.801867E+00     1.807301E+01
  2.840884E+00     1.809989E+01
  2.880444E+00     1.812607E+01
  2.920556E+00     1.815153E+01
  2.961225E+00     1.817627E+01
  3.002462E+00     1.820030E+01
  3.044272E+00     1.822362E+01
  3.086665E+00     1.824621E+01
  3.129648E+00     1.826810E+01
  3.173230E+00     1.828928E+01
  3.217418E+00     1.830975E+01
  3.262222E+00     1.832955E+01
  3.307650E+00     1.834866E+01
  3.353710E+00     1.836710E+01
  3.400412E+00     1.838486E+01
  3.447764E+00     1.840192E+01
  3.495776E+00     1.841829E+01
  3.544456E+00     1.843397E+01
  3.593814E+00     1.844894E+01
  3.643859E+00     1.846321E+01
  3.694601E+00     1.847679E+01
  3.746050E+00     1.848966E+01
  3.798215E+00     1.850185E+01
  3.851107E+00     1.851334E+01
  3.904735E+00     1.852414E+01
  3.959110E+00     1.853424E+01
  4.014242E+00     1.854364E+01
  4.070142E+00     1.855233E+01
  4.126821E+00     1.856034E+01
  4.184289E+00     1.856765E+01
  4.242556E+00     1.857427E+01
  4.301636E+00     1.858021E+01
  4.361538E+00     1.858548E+01
  4.422274E+00     1.859009E+01
  4.483856E+00     1.859402E+01
  4.546295E+00     1.859727E+01
  4.609604E+00     1.859984E+01
  4.673795E+00     1.860172E+01
  4.738880E+00     1.860292E+01
  4.804870E+00     1.860343E+01
  4.871780E+00     1.860325E+01
  4.939622E+00     1.860239E+01
  5.008408E+00     1.860085E+01
  5.078152E+00     1.859863E+01
  5.148867E+00     1.859573E+01
  5.220568E+00     1.859214E+01
  5.293266E+00     1.858787E+01
  5.366977E+00     1.858290E+01
  5.441714E+00     1.857724E+01
  5.517492E+00     1.857089E+01
  5.594326E+00     1.856385E+01
  5.672229E+00     1.855613E+01
  5.751217E+00     1.854774E+01
  5.831305E+00     1.853867E+01
  5.912508E+00     1.852892E+01
  5.994843E+00     1.851849E+01
  6.078323E+00     1.850737E+01
  6.162966E+00     1.849557E+01
  6.248788E+00     1.848308E+01
  6.335805E+00     1.846992E+01
  6.424034E+00     1.845606E+01
  6.513491E+00     1.844154E+01
  6.604194E+00     1.842634E+01
  6.696160E+00     1.841047E+01
  6.789407E+00     1.839393E+01
  6.883952E+00     1.837672E+01
  6.979814E+00     1.835883E+01
  7.077011E+00     1.834026E+01
  7.175561E+00     1.832102E+01
  7.275484E+00     1.830110E+01
  7.376798E+00     1.828051E+01
  7.479523E+00     1.825925E+01
  7.583678E+00     1.823732E+01
  7.689284E+00     1.821473E+01
  7.796360E+00     1.819148E+01
  7.904928E+00     1.816757E+01
  8.015007E+00     1.814299E+01
  8.126619E+00     1.811775E+01
  8.239786E+00     1.809184E+01
  8.354528E+00     1.806527E+01
  8.470868E+00     1.803804E+01
  8.588829E+00     1.801016E+01
  8.708431E+00     1.798164E+01
  8.829700E+00     1.795247E+01
  8.952657E+00     1.792266E+01
  9.077327E+00     1.789220E+01
  9.203732E+00     1.786111E+01
  9.331898E+00     1.782937E+01
  9.461848E+00     1.779699E+01
  9.593608E+00     1.776397E+01
  9.727203E+00     1.773031E+01
  9.862658E+00     1.769603E+01
  1.000000E+01     1.766112E+01
  1.013925E+01     1.762560E+01
  1.028045E+01     1.758945E+01
  1.042361E+01     1.755270E+01
  1.056876E+01     1.751532E+01
  1.071593E+01     1.747733E+01
  1.086516E+01     1.743873E+01
  1.101646E+01     1.739952E+01
  1.116987E+01     1.735971E+01
  1.132541E+01     1.731930E+01
  1.148312E+01     1.727830E+01
  1.164303E+01     1.723671E+01
  1.180517E+01     1.719455E+01
  1.196956E+01     1.715180E+01
  1.213624E+01     1.710847E+01
  1.230524E+01     1.706458E+01
  1.247660E+01     1.702011E+01
  1.265034E+01     1.697508E+01
  1.282650E+01     1.692950E+01
  1.300511E+01     1.688337E+01
  1.318621E+01     1.683669E+01
  1.336984E+01     1.678949E+01
  1.355602E+01     1.674175E+01
  1.374479E+01     1.669349E+01
  1.393619E+01     1.664470E+01
  1.413026E+01     1.659538E+01
  1.432703E+01     1.654553E+01
  1.452654E+01     1.649515E+01
  1.472883E+01     1.644425E+01
  1.493393E+01     1.639283E+01
  1.514189E+01     1.634089E+01
  1.535275E+01     1.628843E+01
  1.556654E+01     1.623545E+01
  1.578331E+01     1.618197E+01
  1.600310E+01     1.612800E+01
  1.622595E+01     1.607352E+01
  1.645191E+01     1.601856E+01
  1.668101E+01     1.596313E+01
  1.691330E+01     1.590722E+01
  1.714882E+01     1.585086E+01
  1.738762E+01     1.579405E+01
  1.762975E+01     1.573680E+01
  1.787526E+01     1.567913E+01
  1.812418E+01     1.562103E+01
  1.837656E+01     1.556251E+01
  1.863246E+01     1.550357E+01
  1.889193E+01     1.544421E+01
  1.915501E+01     1.538444E+01
  1.942175E+01     1.532427E+01
  1.969220E+01     1.526368E+01
  1.996642E+01     1.520270E+01
  2.024447E+01     1.514133E+01
  2.052638E+01     1.507956E+01
  2.081222E+01     1.501741E+01
  2.110203E+01     1.495489E+01
  2.139589E+01     1.489199E+01
  2.169384E+01     1.482873E+01
  2.199593E+01     1.476512E+01
  2.230223E+01     1.470116E+01
  2.261280E+01     1.463686E+01
  2.292769E+01     1.457224E+01
  2.324697E+01     1.450729E+01
  2.357069E+01     1.444203E+01
  2.389893E+01     1.437647E+01
  2.423173E+01     1.431061E+01
  2.456916E+01     1.424445E+01
  2.491130E+01     1.417800E+01
  2.525820E+01     1.411127E+01
  2.560993E+01     1.404427E+01
  2.596656E+01     1.397699E+01
  2.632815E+01     1.390945E+01
  2.669478E+01     1.384166E+01
  2.706652E+01     1.377361E+01
  2.744343E+01     1.370532E+01
  2.782559E+01     1.363679E+01
  2.821308E+01     1.356803E+01
  2.860596E+01     1.349906E+01
  2.900430E+01     1.342987E+01
  2.940820E+01     1.336047E+01
  2.981772E+01     1.329088E+01
  3.023295E+01     1.322111E+01
  3.065395E+01     1.315115E+01
  3.108082E+01     1.308102E+01
  3.151363E+01     1.301072E+01
  3.195248E+01     1.294027E+01
  3.239743E+01     1.286967E+01
  3.284857E+01     1.279892E+01
  3.330600E+01     1.272804E+01
  3.376980E+01     1.265704E+01
  3.424006E+01     1.258591E+01
  3.471687E+01     1.251467E+01
  3.520031E+01     1.244332E+01
  3.569049E+01     1.237187E+01
  3.618750E+01     1.230033E+01
  3.669142E+01     1.222871E+01
  3.720237E+01     1.215701E+01
  3.772042E+01     1.208525E+01
  3.824570E+01     1.201343E+01
  3.877828E+01     1.194156E+01
  3.931829E+01     1.186966E+01
  3.986581E+01     1.179773E+01
  4.042096E+01     1.172577E+01
  4.098384E+01     1.165379E+01
  4.155455E+01     1.158181E+01
  4.213322E+01     1.150982E+01
  4.271994E+01     1.143785E+01
  4.331483E+01     1.136589E+01
  4.391801E+01     1.129396E+01
  4.452959E+01     1.122207E+01
  4.514968E+01     1.115021E+01
  4.577841E+01     1.107839E+01
  4.641589E+01     1.100663E+01
  4.706225E+01     1.093491E+01
  4.771761E+01     1.086326E+01
  4.838210E+01     1.079169E+01
  4.905584E+01     1.072020E+01
  4.973896E+01     1.064880E+01
  5.043159E+01     1.057749E+01
  5.113388E+01     1.050630E+01
  5.184594E+01     1.043522E+01
  5.256791E+01     1.036426E+01
  5.329994E+01     1.029343E+01
  5.404216E+01     1.022273E+01
  5.479472E+01     1.015217E+01
  5.555776E+01     1.008175E+01
  5.633143E+01     1.001150E+01
  5.711586E+01     9.941408E+00
  5.791123E+01     9.871491E+00
  5.871766E+01     9.801753E+00
  5.953533E+01     9.732200E+00
  6.036439E+01     9.662836E+00
  6.120498E+01     9.593664E+00
  6.205729E+01     9.524687E+00
  6.292146E+01     9.455913E+00
  6.379767E+01     9.387352E+00
  6.468608E+01     9.319012E+00
  6.558686E+01     9.250904E+00
  6.650018E+01     9.183034E+00
  6.742622E+01     9.115408E+00
  6.836516E+01     9.048034E+00
  6.931717E+01     8.980914E+00
  7.028244E+01     8.914052E+00
  7.126115E+01     8.847450E+00
  7.225349E+01     8.781115E+00
  7.325965E+01     8.715056E+00
  7.427982E+01     8.649282E+00
  7.531420E+01     8.583799E+00
  7.636298E+01     8.518614E+00
  7.742637E+01     8.453732E+00
  7.850456E+01     8.389157E+00
  7.959777E+01     8.324890E+00
  8.070620E+01     8.260933E+00
  8.183007E+01     8.197284E+00
  8.296959E+01     8.133950E+00
  8.412497E+01     8.070938E+00
  8.529644E+01     8.008256E+00
  8.648423E+01     7.945911E+00
  8.768856E+01     7.883908E+00
  8.890966E+01     7.822251E+00
  9.014776E+01     7.760943E+00
  9.140311E+01     7.699985E+00
  9.267593E+01     7.639376E+00
  9.396648E+01     7.579114E+00
  9.527500E+01     7.519204E+00
  9.660175E+01     7.459652E+00
  9.794697E+01     7.400468E+00
  9.931092E+01     7.341659E+00
  1.006939E+02     7.283230E+00
  1.020961E+02     7.225185E+00
  1.035178E+02     7.167527E+00
  1.049593E+02     7.110258E+00
  1.064209E+02     7.053377E+00
  1.079029E+02     6.996883E+00
  1.094055E+02     6.940777E+00
  1.109290E+02     6.885065E+00
  1.124737E+02     6.829754E+00
  1.140400E+02     6.774847E+00
  1.156280E+02     6.720348E+00
  1.172382E+02     6.666258E+00
  1.188708E+02     6.612576E+00
  1.205261E+02     6.559301E+00
  1.222045E+02     6.506429E+00
  1.239062E+02     6.453953E+00
  1.256317E+02     6.401871E+00
  1.273811E+02     6.350191E+00
  1.291550E+02     6.298920E+00
  1.309535E+02     6.248061E+00
  1.327771E+02     6.197619E+00
  1.346261E+02     6.147597E+00
  1.365008E+02     6.097995E+00
  1.384016E+02     6.048812E+00
  1.403289E+02     6.000047E+00
  1.422830E+02     5.951693E+00
  1.442644E+02     5.903751E+00
  1.462733E+02     5.856223E+00
  1.483103E+02     5.809115E+00
  1.503755E+02     5.762429E+00
  1.524696E+02     5.716167E+00
  1.545928E+02     5.670328E+00
  1.567455E+02     5.624912E+00
  1.589283E+02     5.579914E+00
  1.611414E+02     5.535329E+00
  1.633854E+02     5.491149E+00
  1.656606E+02     5.447369E+00
  1.679675E+02     5.403994E+00
  1.703065E+02     5.361028E+00
  1.726781E+02     5.318474E+00
  1.750827E+02     5.276337E+00
  1.775208E+02     5.234615E+00
  1.799929E+02     5.193310E+00
  1.824993E+02     5.152418E+00
  1.850407E+02     5.111936E+00
  1.876175E+02     5.071857E+00
  1.902301E+02     5.032178E+00
  1.928792E+02     4.992900E+00
  1.955651E+02     4.954028E+00
  1.982884E+02     4.915564E+00
  2.010496E+02     4.877509E+00
  2.038493E+02     4.839863E+00
  2.066880E+02     4.802623E+00
  2.095662E+02     4.765786E+00
  2.124845E+02     4.729347E+00
  2.154435E+02     4.693297E+00
  2.184436E+02     4.657631E+00
  2.214855E+02     4.622350E+00
  2.245698E+02     4.587455E+00
  2.276970E+02     4.552949E+00
  2.308678E+02     4.518831E+00
  2.340827E+02     4.485100E+00
  2.373424E+02     4.451753E+00
  2.406475E+02     4.418786E+00
  2.439986E+02     4.386192E+00
  2.473964E+02     4.353963E+00
  2.508415E+02     4.322090E+00
  2.543346E+02     4.290576E+00
  2.578763E+02     4.259421E+00
  2.614673E+02     4.228629E+00
  2.651084E+02     4.198201E+00
  2.688001E+02     4.168135E+00
  2.725433E+02     4.138431E+00
  2.763385E+02     4.109085E+00
  2.801867E+02     4.080093E+00
  2.840884E+02     4.051449E+00
  2.880444E+02     4.023144E+00
  2.920556E+02     3.995180E+00
  2.961225E+02     3.967558E+00
  3.002462E+02     3.940278E+00
  3.044272E+02     3.913341E+00
  3.086665E+02     3.886745E+00
  3.129648E+02     3.860488E+00
  3.173230E+02     3.834565E+00
  3.217418E+02     3.808970E+00
  3.262222E+02     3.783696E+00
  3.307650E+02     3.758735E+00
  3.353710E+02     3.734085E+00
  3.400412E+02     3.709748E+00
  3.447764E+02     3.685726E+00
  3.495776E+02     3.662019E+00
  3.544456E+02     3.638626E+00
  3.593814E+02     3.615544E+00
  3.643859E+02     3.592771E+00
  3.694601E+02     3.570302E+00
  3.746050E+02     3.548131E+00
  3.798215E+02     3.526251E+00
  3.851107E+02     3.504659E+00
  3.904735E+02     3.483358E+00
  3.959110E+02     3.462348E+00
  4.014242E+02     3.441629E+00
  4.070142E+02     3.421200E+00
  4.126821E+02     3.401058E+00
  4.184289E+02     3.381200E+00
  4.242556E+02     3.361621E+00
  4.301636E+02     3.342316E+00
  4.361538E+02     3.323277E+00
  4.422274E+02     3.304502E+00
  4.483856E+02     3.285991E+00
  4.546295E+02     3.267746E+00
  4.609604E+02     3.249766E+00
  4.673795E+02     3.232051E+00
  4.738880E+02     3.214598E+00
  4.804870E+02     3.197404E+00
  4.871780E+02     3.180466E+00
  4.939622E+02     3.163778E+00
  5.008408E+02     3.147334E+00
  5.078152E+02     3.131130E+00
  5.148867E+02     3.115168E+00
  5.220568E+02     3.099448E+00
  5.293266E+02     3.083970E+00
  5.366977E+02     3.068733E+00
  5.441714E+02     3.053735E+00
  5.517492E+02     3.038973E+00
  5.594326E+02     3.024444E+00
  5.672229E+02     3.010142E+00
  5.751217E+02     2.996062E+00
  5.831305E+02     2.982201E+00
  5.912508E+02     2.968558E+00
  5.994843E+02     2.955135E+00
  6.078323E+02     2.941931E+00
  6.162966E+02     2.928946E+00
  6.248788E+02     2.916177E+00
  6.335805E+02     2.903623E+00
  6.424034E+02     2.891279E+00
  6.513491E+02     2.879142E+00
  6.604194E+02     2.867206E+00
  6.696160E+02     2.855468E+00
  6.789407E+02     2.843927E+00
  6.883952E+02     2.832583E+00
  6.979814E+02     2.821437E+00
  7.077011E+02     2.810486E+00
  7.175561E+02     2.799728E+00
  7.275484E+02     2.789162E+00
  7.376798E+02     2.778783E+00
  7.479523E+02     2.768587E+00
  7.583678E+02     2.758568E+00
  7.689284E+02     2.748723E+00
  7.796360E+02     2.739054E+00
  7.904928E+02     2.729566E+00
  8.015007E+02     2.720260E+00
  8.126619E+02     2.711141E+00
  8.239786E+02     2.702209E+00
  8.354528E+02     2.693468E+00
  8.470868E+02     2.684919E+00
  8.588829E+02     2.676564E+00
  8.708431E+02     2.668403E+00
  8.829700E+02     2.660433E+00
  8.952657E+02     2.652638E+00
  9.077327E+02     2.644997E+00
  9.203732E+02     2.637489E+00
  9.331898E+02     2.630086E+00
  9.461848E+02     2.622763E+00
  9.593608E+02     2.615489E+00
  9.727203E+02     2.608230E+00
  9.862658E+02     2.600951E+00
  1.000000E+03     2.593612E+00
