FILE CREATED BY  : PROGRAM DPASS - VERSION 2.00
DATABASE VERSION : 21.06
DATE AND TIME    : 10/08/2022 01:22:44
PROJECTILE       : Ra
TARGET           : Pb
TARGET AT. MASS  : 2.072000E+02
TARGET DENSITY   : 1.135000E+01 g/cm^3
TABULATED OUTPUT : STOPPING FORCE VERSUS ENERGY
DATA TYPE        : SPLINE INTERPOLATED
ABSCISSA UNITS   : MeV/u
ORDINATE UNITS   : eV/nm


      E/n             S(E/n)

  1.000000E-03     1.127410E+03
  1.013925E-03     1.135076E+03
  1.028045E-03     1.142844E+03
  1.042361E-03     1.150708E+03
  1.056876E-03     1.158665E+03
  1.071593E-03     1.166709E+03
  1.086516E-03     1.174835E+03
  1.101646E-03     1.183035E+03
  1.116987E-03     1.191304E+03
  1.132541E-03     1.199634E+03
  1.148312E-03     1.208017E+03
  1.164303E-03     1.216445E+03
  1.180517E-03     1.224917E+03
  1.196956E-03     1.233436E+03
  1.213624E-03     1.242003E+03
  1.230524E-03     1.250621E+03
  1.247660E-03     1.259292E+03
  1.265034E-03     1.268019E+03
  1.282650E-03     1.276804E+03
  1.300511E-03     1.285650E+03
  1.318621E-03     1.294562E+03
  1.336984E-03     1.303542E+03
  1.355602E-03     1.312591E+03
  1.374479E-03     1.321710E+03
  1.393619E-03     1.330897E+03
  1.413026E-03     1.340153E+03
  1.432703E-03     1.349479E+03
  1.452654E-03     1.358872E+03
  1.472883E-03     1.368334E+03
  1.493393E-03     1.377864E+03
  1.514189E-03     1.387462E+03
  1.535275E-03     1.397128E+03
  1.556654E-03     1.406862E+03
  1.578331E-03     1.416664E+03
  1.600310E-03     1.426535E+03
  1.622595E-03     1.436476E+03
  1.645191E-03     1.446487E+03
  1.668101E-03     1.456568E+03
  1.691330E-03     1.466722E+03
  1.714882E-03     1.476949E+03
  1.738762E-03     1.487249E+03
  1.762975E-03     1.497623E+03
  1.787526E-03     1.508073E+03
  1.812418E-03     1.518599E+03
  1.837656E-03     1.529200E+03
  1.863246E-03     1.539878E+03
  1.889193E-03     1.550633E+03
  1.915501E-03     1.561465E+03
  1.942175E-03     1.572375E+03
  1.969220E-03     1.583363E+03
  1.996642E-03     1.594431E+03
  2.024447E-03     1.605578E+03
  2.052638E-03     1.616806E+03
  2.081222E-03     1.628115E+03
  2.110203E-03     1.639505E+03
  2.139589E-03     1.650976E+03
  2.169384E-03     1.662531E+03
  2.199593E-03     1.674168E+03
  2.230223E-03     1.685890E+03
  2.261280E-03     1.697696E+03
  2.292769E-03     1.709587E+03
  2.324697E-03     1.721565E+03
  2.357069E-03     1.733631E+03
  2.389893E-03     1.745784E+03
  2.423173E-03     1.758025E+03
  2.456916E-03     1.770355E+03
  2.491130E-03     1.782774E+03
  2.525820E-03     1.795283E+03
  2.560993E-03     1.807882E+03
  2.596656E-03     1.820573E+03
  2.632815E-03     1.833356E+03
  2.669478E-03     1.846232E+03
  2.706652E-03     1.859203E+03
  2.744343E-03     1.872267E+03
  2.782559E-03     1.885427E+03
  2.821308E-03     1.898682E+03
  2.860596E-03     1.912034E+03
  2.900430E-03     1.925483E+03
  2.940820E-03     1.939030E+03
  2.981772E-03     1.952676E+03
  3.023295E-03     1.966422E+03
  3.065395E-03     1.980269E+03
  3.108082E-03     1.994218E+03
  3.151363E-03     2.008270E+03
  3.195248E-03     2.022425E+03
  3.239743E-03     2.036684E+03
  3.284857E-03     2.051047E+03
  3.330600E-03     2.065515E+03
  3.376980E-03     2.080089E+03
  3.424006E-03     2.094770E+03
  3.471687E-03     2.109559E+03
  3.520031E-03     2.124456E+03
  3.569049E-03     2.139463E+03
  3.618750E-03     2.154581E+03
  3.669142E-03     2.169809E+03
  3.720237E-03     2.185150E+03
  3.772042E-03     2.200603E+03
  3.824570E-03     2.216170E+03
  3.877828E-03     2.231852E+03
  3.931829E-03     2.247649E+03
  3.986581E-03     2.263564E+03
  4.042096E-03     2.279596E+03
  4.098384E-03     2.295748E+03
  4.155455E-03     2.312020E+03
  4.213322E-03     2.328413E+03
  4.271994E-03     2.344928E+03
  4.331483E-03     2.361565E+03
  4.391801E-03     2.378325E+03
  4.452959E-03     2.395209E+03
  4.514968E-03     2.412219E+03
  4.577841E-03     2.429355E+03
  4.641589E-03     2.446619E+03
  4.706225E-03     2.464011E+03
  4.771761E-03     2.481534E+03
  4.838210E-03     2.499186E+03
  4.905584E-03     2.516970E+03
  4.973896E-03     2.534887E+03
  5.043159E-03     2.552937E+03
  5.113388E-03     2.571121E+03
  5.184594E-03     2.589441E+03
  5.256791E-03     2.607898E+03
  5.329994E-03     2.626493E+03
  5.404216E-03     2.645229E+03
  5.479472E-03     2.664105E+03
  5.555776E-03     2.683123E+03
  5.633143E-03     2.702284E+03
  5.711586E-03     2.721589E+03
  5.791123E-03     2.741038E+03
  5.871766E-03     2.760634E+03
  5.953533E-03     2.780376E+03
  6.036439E-03     2.800268E+03
  6.120498E-03     2.820310E+03
  6.205729E-03     2.840504E+03
  6.292146E-03     2.860850E+03
  6.379767E-03     2.881351E+03
  6.468608E-03     2.902007E+03
  6.558686E-03     2.922818E+03
  6.650018E-03     2.943787E+03
  6.742622E-03     2.964914E+03
  6.836516E-03     2.986202E+03
  6.931717E-03     3.007650E+03
  7.028244E-03     3.029262E+03
  7.126115E-03     3.051038E+03
  7.225349E-03     3.072981E+03
  7.325965E-03     3.095090E+03
  7.427982E-03     3.117368E+03
  7.531420E-03     3.139815E+03
  7.636298E-03     3.162432E+03
  7.742637E-03     3.185221E+03
  7.850456E-03     3.208184E+03
  7.959777E-03     3.231322E+03
  8.070620E-03     3.254637E+03
  8.183007E-03     3.278130E+03
  8.296959E-03     3.301803E+03
  8.412497E-03     3.325658E+03
  8.529644E-03     3.349695E+03
  8.648423E-03     3.373916E+03
  8.768856E-03     3.398322E+03
  8.890966E-03     3.422915E+03
  9.014776E-03     3.447696E+03
  9.140311E-03     3.472667E+03
  9.267593E-03     3.497830E+03
  9.396648E-03     3.523187E+03
  9.527500E-03     3.548739E+03
  9.660175E-03     3.574489E+03
  9.794697E-03     3.600436E+03
  9.931092E-03     3.626583E+03
  1.006939E-02     3.652930E+03
  1.020961E-02     3.679480E+03
  1.035178E-02     3.706233E+03
  1.049593E-02     3.733192E+03
  1.064209E-02     3.760358E+03
  1.079029E-02     3.787734E+03
  1.094055E-02     3.815321E+03
  1.109290E-02     3.843120E+03
  1.124737E-02     3.871134E+03
  1.140400E-02     3.899364E+03
  1.156280E-02     3.927811E+03
  1.172382E-02     3.956477E+03
  1.188708E-02     3.985365E+03
  1.205261E-02     4.014476E+03
  1.222045E-02     4.043813E+03
  1.239062E-02     4.073379E+03
  1.256317E-02     4.103176E+03
  1.273811E-02     4.133204E+03
  1.291550E-02     4.163466E+03
  1.309535E-02     4.193962E+03
  1.327771E-02     4.224694E+03
  1.346261E-02     4.255664E+03
  1.365008E-02     4.286874E+03
  1.384016E-02     4.318325E+03
  1.403289E-02     4.350019E+03
  1.422830E-02     4.381958E+03
  1.442644E-02     4.414145E+03
  1.462733E-02     4.446581E+03
  1.483103E-02     4.479268E+03
  1.503755E-02     4.512206E+03
  1.524696E-02     4.545399E+03
  1.545928E-02     4.578847E+03
  1.567455E-02     4.612553E+03
  1.589283E-02     4.646519E+03
  1.611414E-02     4.680748E+03
  1.633854E-02     4.715241E+03
  1.656606E-02     4.750002E+03
  1.679675E-02     4.785033E+03
  1.703065E-02     4.820333E+03
  1.726781E-02     4.855906E+03
  1.750827E-02     4.891753E+03
  1.775208E-02     4.927876E+03
  1.799929E-02     4.964277E+03
  1.824993E-02     5.000959E+03
  1.850407E-02     5.037923E+03
  1.876175E-02     5.075172E+03
  1.902301E-02     5.112710E+03
  1.928792E-02     5.150537E+03
  1.955651E-02     5.188655E+03
  1.982884E-02     5.227066E+03
  2.010496E-02     5.265772E+03
  2.038493E-02     5.304774E+03
  2.066880E-02     5.344074E+03
  2.095662E-02     5.383676E+03
  2.124845E-02     5.423580E+03
  2.154435E-02     5.463791E+03
  2.184436E-02     5.504310E+03
  2.214855E-02     5.545139E+03
  2.245698E-02     5.586279E+03
  2.276970E-02     5.627733E+03
  2.308678E-02     5.669502E+03
  2.340827E-02     5.711589E+03
  2.373424E-02     5.753994E+03
  2.406475E-02     5.796720E+03
  2.439986E-02     5.839771E+03
  2.473964E-02     5.883148E+03
  2.508415E-02     5.926854E+03
  2.543346E-02     5.970892E+03
  2.578763E-02     6.015261E+03
  2.614673E-02     6.059965E+03
  2.651084E-02     6.105005E+03
  2.688001E-02     6.150382E+03
  2.725433E-02     6.196100E+03
  2.763385E-02     6.242159E+03
  2.801867E-02     6.288563E+03
  2.840884E-02     6.335315E+03
  2.880444E-02     6.382416E+03
  2.920556E-02     6.429870E+03
  2.961225E-02     6.477677E+03
  3.002462E-02     6.525838E+03
  3.044272E-02     6.574356E+03
  3.086665E-02     6.623232E+03
  3.129648E-02     6.672469E+03
  3.173230E-02     6.722067E+03
  3.217418E-02     6.772031E+03
  3.262222E-02     6.822362E+03
  3.307650E-02     6.873063E+03
  3.353710E-02     6.924136E+03
  3.400412E-02     6.975583E+03
  3.447764E-02     7.027403E+03
  3.495776E-02     7.079601E+03
  3.544456E-02     7.132176E+03
  3.593814E-02     7.185130E+03
  3.643859E-02     7.238467E+03
  3.694601E-02     7.292188E+03
  3.746050E-02     7.346296E+03
  3.798215E-02     7.400793E+03
  3.851107E-02     7.455682E+03
  3.904735E-02     7.510963E+03
  3.959110E-02     7.566639E+03
  4.014242E-02     7.622712E+03
  4.070142E-02     7.679182E+03
  4.126821E-02     7.736053E+03
  4.184289E-02     7.793326E+03
  4.242556E-02     7.851005E+03
  4.301636E-02     7.909092E+03
  4.361538E-02     7.967591E+03
  4.422274E-02     8.026503E+03
  4.483856E-02     8.085830E+03
  4.546295E-02     8.145573E+03
  4.609604E-02     8.205734E+03
  4.673795E-02     8.266314E+03
  4.738880E-02     8.327315E+03
  4.804870E-02     8.388738E+03
  4.871780E-02     8.450587E+03
  4.939622E-02     8.512864E+03
  5.008408E-02     8.575572E+03
  5.078152E-02     8.638714E+03
  5.148867E-02     8.702289E+03
  5.220568E-02     8.766301E+03
  5.293266E-02     8.830750E+03
  5.366977E-02     8.895639E+03
  5.441714E-02     8.960970E+03
  5.517492E-02     9.026745E+03
  5.594326E-02     9.092968E+03
  5.672229E-02     9.159642E+03
  5.751217E-02     9.226769E+03
  5.831305E-02     9.294354E+03
  5.912508E-02     9.362397E+03
  5.994843E-02     9.430900E+03
  6.078323E-02     9.499865E+03
  6.162966E-02     9.569292E+03
  6.248788E-02     9.639186E+03
  6.335805E-02     9.709547E+03
  6.424034E-02     9.780380E+03
  6.513491E-02     9.851687E+03
  6.604194E-02     9.923472E+03
  6.696160E-02     9.995738E+03
  6.789407E-02     1.006849E+04
  6.883952E-02     1.014172E+04
  6.979814E-02     1.021544E+04
  7.077011E-02     1.028965E+04
  7.175561E-02     1.036435E+04
  7.275484E-02     1.043954E+04
  7.376798E-02     1.051523E+04
  7.479523E-02     1.059142E+04
  7.583678E-02     1.066811E+04
  7.689284E-02     1.074532E+04
  7.796360E-02     1.082303E+04
  7.904928E-02     1.090126E+04
  8.015007E-02     1.098000E+04
  8.126619E-02     1.105925E+04
  8.239786E-02     1.113902E+04
  8.354528E-02     1.121932E+04
  8.470868E-02     1.130013E+04
  8.588829E-02     1.138147E+04
  8.708431E-02     1.146334E+04
  8.829700E-02     1.154574E+04
  8.952657E-02     1.162868E+04
  9.077327E-02     1.171216E+04
  9.203732E-02     1.179619E+04
  9.331898E-02     1.188075E+04
  9.461848E-02     1.196587E+04
  9.593608E-02     1.205154E+04
  9.727203E-02     1.213778E+04
  9.862658E-02     1.222457E+04
  1.000000E-01     1.231194E+04
  1.013925E-01     1.239989E+04
  1.028045E-01     1.248842E+04
  1.042361E-01     1.257754E+04
  1.056876E-01     1.266724E+04
  1.071593E-01     1.275753E+04
  1.086516E-01     1.284842E+04
  1.101646E-01     1.293990E+04
  1.116987E-01     1.303200E+04
  1.132541E-01     1.312470E+04
  1.148312E-01     1.321801E+04
  1.164303E-01     1.331195E+04
  1.180517E-01     1.340652E+04
  1.196956E-01     1.350171E+04
  1.213624E-01     1.359752E+04
  1.230524E-01     1.369397E+04
  1.247660E-01     1.379105E+04
  1.265034E-01     1.388875E+04
  1.282650E-01     1.398709E+04
  1.300511E-01     1.408607E+04
  1.318621E-01     1.418569E+04
  1.336984E-01     1.428596E+04
  1.355602E-01     1.438687E+04
  1.374479E-01     1.448843E+04
  1.393619E-01     1.459063E+04
  1.413026E-01     1.469348E+04
  1.432703E-01     1.479698E+04
  1.452654E-01     1.490112E+04
  1.472883E-01     1.500591E+04
  1.493393E-01     1.511136E+04
  1.514189E-01     1.521746E+04
  1.535275E-01     1.532421E+04
  1.556654E-01     1.543163E+04
  1.578331E-01     1.553970E+04
  1.600310E-01     1.564842E+04
  1.622595E-01     1.575781E+04
  1.645191E-01     1.586785E+04
  1.668101E-01     1.597855E+04
  1.691330E-01     1.608992E+04
  1.714882E-01     1.620194E+04
  1.738762E-01     1.631464E+04
  1.762975E-01     1.642800E+04
  1.787526E-01     1.654203E+04
  1.812418E-01     1.665673E+04
  1.837656E-01     1.677211E+04
  1.863246E-01     1.688815E+04
  1.889193E-01     1.700486E+04
  1.915501E-01     1.712225E+04
  1.942175E-01     1.724032E+04
  1.969220E-01     1.735906E+04
  1.996642E-01     1.747849E+04
  2.024447E-01     1.759861E+04
  2.052638E-01     1.771941E+04
  2.081222E-01     1.784091E+04
  2.110203E-01     1.796311E+04
  2.139589E-01     1.808601E+04
  2.169384E-01     1.820962E+04
  2.199593E-01     1.833395E+04
  2.230223E-01     1.845900E+04
  2.261280E-01     1.858478E+04
  2.292769E-01     1.871131E+04
  2.324697E-01     1.883860E+04
  2.357069E-01     1.896665E+04
  2.389893E-01     1.909548E+04
  2.423173E-01     1.922511E+04
  2.456916E-01     1.935553E+04
  2.491130E-01     1.948678E+04
  2.525820E-01     1.961886E+04
  2.560993E-01     1.975179E+04
  2.596656E-01     1.988560E+04
  2.632815E-01     2.002031E+04
  2.669478E-01     2.015593E+04
  2.706652E-01     2.029251E+04
  2.744343E-01     2.043004E+04
  2.782559E-01     2.056856E+04
  2.821308E-01     2.070808E+04
  2.860596E-01     2.084863E+04
  2.900430E-01     2.099023E+04
  2.940820E-01     2.113292E+04
  2.981772E-01     2.127671E+04
  3.023295E-01     2.142165E+04
  3.065395E-01     2.156777E+04
  3.108082E-01     2.171509E+04
  3.151363E-01     2.186363E+04
  3.195248E-01     2.201341E+04
  3.239743E-01     2.216442E+04
  3.284857E-01     2.231668E+04
  3.330600E-01     2.247021E+04
  3.376980E-01     2.262501E+04
  3.424006E-01     2.278111E+04
  3.471687E-01     2.293851E+04
  3.520031E-01     2.309724E+04
  3.569049E-01     2.325730E+04
  3.618750E-01     2.341870E+04
  3.669142E-01     2.358144E+04
  3.720237E-01     2.374554E+04
  3.772042E-01     2.391100E+04
  3.824570E-01     2.407781E+04
  3.877828E-01     2.424599E+04
  3.931829E-01     2.441554E+04
  3.986581E-01     2.458647E+04
  4.042096E-01     2.475878E+04
  4.098384E-01     2.493248E+04
  4.155455E-01     2.510757E+04
  4.213322E-01     2.528404E+04
  4.271994E-01     2.546189E+04
  4.331483E-01     2.564112E+04
  4.391801E-01     2.582172E+04
  4.452959E-01     2.600369E+04
  4.514968E-01     2.618702E+04
  4.577841E-01     2.637172E+04
  4.641589E-01     2.655777E+04
  4.706225E-01     2.674516E+04
  4.771761E-01     2.693390E+04
  4.838210E-01     2.712394E+04
  4.905584E-01     2.731529E+04
  4.973896E-01     2.750792E+04
  5.043159E-01     2.770180E+04
  5.113388E-01     2.789692E+04
  5.184594E-01     2.809325E+04
  5.256791E-01     2.829077E+04
  5.329994E-01     2.848945E+04
  5.404216E-01     2.868926E+04
  5.479472E-01     2.889019E+04
  5.555776E-01     2.909222E+04
  5.633143E-01     2.929533E+04
  5.711586E-01     2.949950E+04
  5.791123E-01     2.970471E+04
  5.871766E-01     2.991094E+04
  5.953533E-01     3.011817E+04
  6.036439E-01     3.032639E+04
  6.120498E-01     3.053557E+04
  6.205729E-01     3.074569E+04
  6.292146E-01     3.095672E+04
  6.379767E-01     3.116867E+04
  6.468608E-01     3.138150E+04
  6.558686E-01     3.159520E+04
  6.650018E-01     3.180977E+04
  6.742622E-01     3.202517E+04
  6.836516E-01     3.224141E+04
  6.931717E-01     3.245845E+04
  7.028244E-01     3.267629E+04
  7.126115E-01     3.289492E+04
  7.225349E-01     3.311432E+04
  7.325965E-01     3.333447E+04
  7.427982E-01     3.355535E+04
  7.531420E-01     3.377695E+04
  7.636298E-01     3.399925E+04
  7.742637E-01     3.422224E+04
  7.850456E-01     3.444590E+04
  7.959777E-01     3.467023E+04
  8.070620E-01     3.489520E+04
  8.183007E-01     3.512081E+04
  8.296959E-01     3.534702E+04
  8.412497E-01     3.557381E+04
  8.529644E-01     3.580113E+04
  8.648423E-01     3.602893E+04
  8.768856E-01     3.625718E+04
  8.890966E-01     3.648583E+04
  9.014776E-01     3.671485E+04
  9.140311E-01     3.694418E+04
  9.267593E-01     3.717377E+04
  9.396648E-01     3.740359E+04
  9.527500E-01     3.763362E+04
  9.660175E-01     3.786387E+04
  9.794697E-01     3.809436E+04
  9.931092E-01     3.832510E+04
  1.006939E+00     3.855612E+04
  1.020961E+00     3.878745E+04
  1.035178E+00     3.901913E+04
  1.049593E+00     3.925121E+04
  1.064209E+00     3.948373E+04
  1.079029E+00     3.971675E+04
  1.094055E+00     3.995028E+04
  1.109290E+00     4.018432E+04
  1.124737E+00     4.041883E+04
  1.140400E+00     4.065378E+04
  1.156280E+00     4.088916E+04
  1.172382E+00     4.112495E+04
  1.188708E+00     4.136112E+04
  1.205261E+00     4.159765E+04
  1.222045E+00     4.183452E+04
  1.239062E+00     4.207172E+04
  1.256317E+00     4.230922E+04
  1.273811E+00     4.254695E+04
  1.291550E+00     4.278485E+04
  1.309535E+00     4.302286E+04
  1.327771E+00     4.326091E+04
  1.346261E+00     4.349892E+04
  1.365008E+00     4.373684E+04
  1.384016E+00     4.397458E+04
  1.403289E+00     4.421207E+04
  1.422830E+00     4.444923E+04
  1.442644E+00     4.468600E+04
  1.462733E+00     4.492230E+04
  1.483103E+00     4.515809E+04
  1.503755E+00     4.539329E+04
  1.524696E+00     4.562785E+04
  1.545928E+00     4.586170E+04
  1.567455E+00     4.609478E+04
  1.589283E+00     4.632704E+04
  1.611414E+00     4.655842E+04
  1.633854E+00     4.678885E+04
  1.656606E+00     4.701827E+04
  1.679675E+00     4.724663E+04
  1.703065E+00     4.747387E+04
  1.726781E+00     4.769994E+04
  1.750827E+00     4.792479E+04
  1.775208E+00     4.814836E+04
  1.799929E+00     4.837061E+04
  1.824993E+00     4.859149E+04
  1.850407E+00     4.881096E+04
  1.876175E+00     4.902897E+04
  1.902301E+00     4.924550E+04
  1.928792E+00     4.946048E+04
  1.955651E+00     4.967389E+04
  1.982884E+00     4.988569E+04
  2.010496E+00     5.009583E+04
  2.038493E+00     5.030429E+04
  2.066880E+00     5.051104E+04
  2.095662E+00     5.071605E+04
  2.124845E+00     5.091933E+04
  2.154435E+00     5.112084E+04
  2.184436E+00     5.132059E+04
  2.214855E+00     5.151853E+04
  2.245698E+00     5.171464E+04
  2.276970E+00     5.190887E+04
  2.308678E+00     5.210119E+04
  2.340827E+00     5.229159E+04
  2.373424E+00     5.248005E+04
  2.406475E+00     5.266654E+04
  2.439986E+00     5.285106E+04
  2.473964E+00     5.303362E+04
  2.508415E+00     5.321422E+04
  2.543346E+00     5.339282E+04
  2.578763E+00     5.356939E+04
  2.614673E+00     5.374391E+04
  2.651084E+00     5.391635E+04
  2.688001E+00     5.408670E+04
  2.725433E+00     5.425494E+04
  2.763385E+00     5.442107E+04
  2.801867E+00     5.458509E+04
  2.840884E+00     5.474701E+04
  2.880444E+00     5.490684E+04
  2.920556E+00     5.506456E+04
  2.961225E+00     5.522013E+04
  3.002462E+00     5.537353E+04
  3.044272E+00     5.552474E+04
  3.086665E+00     5.567373E+04
  3.129648E+00     5.582050E+04
  3.173230E+00     5.596505E+04
  3.217418E+00     5.610736E+04
  3.262222E+00     5.624745E+04
  3.307650E+00     5.638534E+04
  3.353710E+00     5.652100E+04
  3.400412E+00     5.665441E+04
  3.447764E+00     5.678555E+04
  3.495776E+00     5.691438E+04
  3.544456E+00     5.704090E+04
  3.593814E+00     5.716510E+04
  3.643859E+00     5.728697E+04
  3.694601E+00     5.740652E+04
  3.746050E+00     5.752376E+04
  3.798215E+00     5.763870E+04
  3.851107E+00     5.775134E+04
  3.904735E+00     5.786164E+04
  3.959110E+00     5.796959E+04
  4.014242E+00     5.807515E+04
  4.070142E+00     5.817832E+04
  4.126821E+00     5.827908E+04
  4.184289E+00     5.837743E+04
  4.242556E+00     5.847338E+04
  4.301636E+00     5.856692E+04
  4.361538E+00     5.865809E+04
  4.422274E+00     5.874686E+04
  4.483856E+00     5.883321E+04
  4.546295E+00     5.891712E+04
  4.609604E+00     5.899856E+04
  4.673795E+00     5.907751E+04
  4.738880E+00     5.915395E+04
  4.804870E+00     5.922790E+04
  4.871780E+00     5.929933E+04
  4.939622E+00     5.936826E+04
  5.008408E+00     5.943470E+04
  5.078152E+00     5.949865E+04
  5.148867E+00     5.956009E+04
  5.220568E+00     5.961898E+04
  5.293266E+00     5.967533E+04
  5.366977E+00     5.972912E+04
  5.441714E+00     5.978034E+04
  5.517492E+00     5.982900E+04
  5.594326E+00     5.987510E+04
  5.672229E+00     5.991867E+04
  5.751217E+00     5.995972E+04
  5.831305E+00     5.999826E+04
  5.912508E+00     6.003428E+04
  5.994843E+00     6.006775E+04
  6.078323E+00     6.009868E+04
  6.162966E+00     6.012704E+04
  6.248788E+00     6.015284E+04
  6.335805E+00     6.017609E+04
  6.424034E+00     6.019680E+04
  6.513491E+00     6.021498E+04
  6.604194E+00     6.023066E+04
  6.696160E+00     6.024386E+04
  6.789407E+00     6.025457E+04
  6.883952E+00     6.026278E+04
  6.979814E+00     6.026848E+04
  7.077011E+00     6.027169E+04
  7.175561E+00     6.027240E+04
  7.275484E+00     6.027063E+04
  7.376798E+00     6.026641E+04
  7.479523E+00     6.025975E+04
  7.583678E+00     6.025070E+04
  7.689284E+00     6.023928E+04
  7.796360E+00     6.022550E+04
  7.904928E+00     6.020934E+04
  8.015007E+00     6.019080E+04
  8.126619E+00     6.016991E+04
  8.239786E+00     6.014666E+04
  8.354528E+00     6.012107E+04
  8.470868E+00     6.009317E+04
  8.588829E+00     6.006300E+04
  8.708431E+00     6.003058E+04
  8.829700E+00     5.999595E+04
  8.952657E+00     5.995912E+04
  9.077327E+00     5.992007E+04
  9.203732E+00     5.987880E+04
  9.331898E+00     5.983533E+04
  9.461848E+00     5.978967E+04
  9.593608E+00     5.974182E+04
  9.727203E+00     5.969180E+04
  9.862658E+00     5.963965E+04
  1.000000E+01     5.958538E+04
  1.013925E+01     5.952904E+04
  1.028045E+01     5.947063E+04
  1.042361E+01     5.941016E+04
  1.056876E+01     5.934763E+04
  1.071593E+01     5.928306E+04
  1.086516E+01     5.921647E+04
  1.101646E+01     5.914788E+04
  1.116987E+01     5.907731E+04
  1.132541E+01     5.900481E+04
  1.148312E+01     5.893041E+04
  1.164303E+01     5.885415E+04
  1.180517E+01     5.877602E+04
  1.196956E+01     5.869598E+04
  1.213624E+01     5.861402E+04
  1.230524E+01     5.853010E+04
  1.247660E+01     5.844420E+04
  1.265034E+01     5.835629E+04
  1.282650E+01     5.826635E+04
  1.300511E+01     5.817435E+04
  1.318621E+01     5.808027E+04
  1.336984E+01     5.798410E+04
  1.355602E+01     5.788587E+04
  1.374479E+01     5.778563E+04
  1.393619E+01     5.768347E+04
  1.413026E+01     5.757946E+04
  1.432703E+01     5.747368E+04
  1.452654E+01     5.736624E+04
  1.472883E+01     5.725723E+04
  1.493393E+01     5.714679E+04
  1.514189E+01     5.703503E+04
  1.535275E+01     5.692209E+04
  1.556654E+01     5.680797E+04
  1.578331E+01     5.669261E+04
  1.600310E+01     5.657595E+04
  1.622595E+01     5.645791E+04
  1.645191E+01     5.633841E+04
  1.668101E+01     5.621736E+04
  1.691330E+01     5.609467E+04
  1.714882E+01     5.597026E+04
  1.738762E+01     5.584401E+04
  1.762975E+01     5.571581E+04
  1.787526E+01     5.558565E+04
  1.812418E+01     5.545356E+04
  1.837656E+01     5.531958E+04
  1.863246E+01     5.518376E+04
  1.889193E+01     5.504614E+04
  1.915501E+01     5.490679E+04
  1.942175E+01     5.476577E+04
  1.969220E+01     5.462316E+04
  1.996642E+01     5.447903E+04
  2.024447E+01     5.433346E+04
  2.052638E+01     5.418651E+04
  2.081222E+01     5.403816E+04
  2.110203E+01     5.388842E+04
  2.139589E+01     5.373727E+04
  2.169384E+01     5.358472E+04
  2.199593E+01     5.343077E+04
  2.230223E+01     5.327541E+04
  2.261280E+01     5.311863E+04
  2.292769E+01     5.296045E+04
  2.324697E+01     5.280085E+04
  2.357069E+01     5.263985E+04
  2.389893E+01     5.247743E+04
  2.423173E+01     5.231361E+04
  2.456916E+01     5.214839E+04
  2.491130E+01     5.198178E+04
  2.525820E+01     5.181377E+04
  2.560993E+01     5.164439E+04
  2.596656E+01     5.147363E+04
  2.632815E+01     5.130151E+04
  2.669478E+01     5.112803E+04
  2.706652E+01     5.095322E+04
  2.744343E+01     5.077707E+04
  2.782559E+01     5.059962E+04
  2.821308E+01     5.042088E+04
  2.860596E+01     5.024088E+04
  2.900430E+01     5.005963E+04
  2.940820E+01     4.987717E+04
  2.981772E+01     4.969351E+04
  3.023295E+01     4.950869E+04
  3.065395E+01     4.932274E+04
  3.108082E+01     4.913567E+04
  3.151363E+01     4.894752E+04
  3.195248E+01     4.875827E+04
  3.239743E+01     4.856794E+04
  3.284857E+01     4.837653E+04
  3.330600E+01     4.818407E+04
  3.376980E+01     4.799055E+04
  3.424006E+01     4.779598E+04
  3.471687E+01     4.760037E+04
  3.520031E+01     4.740374E+04
  3.569049E+01     4.720608E+04
  3.618750E+01     4.700743E+04
  3.669142E+01     4.680780E+04
  3.720237E+01     4.660722E+04
  3.772042E+01     4.640572E+04
  3.824570E+01     4.620331E+04
  3.877828E+01     4.600003E+04
  3.931829E+01     4.579590E+04
  3.986581E+01     4.559094E+04
  4.042096E+01     4.538520E+04
  4.098384E+01     4.517869E+04
  4.155455E+01     4.497143E+04
  4.213322E+01     4.476344E+04
  4.271994E+01     4.455474E+04
  4.331483E+01     4.434534E+04
  4.391801E+01     4.413526E+04
  4.452959E+01     4.392450E+04
  4.514968E+01     4.371309E+04
  4.577841E+01     4.350103E+04
  4.641589E+01     4.328835E+04
  4.706225E+01     4.307504E+04
  4.771761E+01     4.286114E+04
  4.838210E+01     4.264668E+04
  4.905584E+01     4.243169E+04
  4.973896E+01     4.221620E+04
  5.043159E+01     4.200023E+04
  5.113388E+01     4.178383E+04
  5.184594E+01     4.156701E+04
  5.256791E+01     4.134982E+04
  5.329994E+01     4.113228E+04
  5.404216E+01     4.091442E+04
  5.479472E+01     4.069626E+04
  5.555776E+01     4.047783E+04
  5.633143E+01     4.025916E+04
  5.711586E+01     4.004026E+04
  5.791123E+01     3.982115E+04
  5.871766E+01     3.960184E+04
  5.953533E+01     3.938237E+04
  6.036439E+01     3.916273E+04
  6.120498E+01     3.894295E+04
  6.205729E+01     3.872304E+04
  6.292146E+01     3.850301E+04
  6.379767E+01     3.828291E+04
  6.468608E+01     3.806275E+04
  6.558686E+01     3.784256E+04
  6.650018E+01     3.762236E+04
  6.742622E+01     3.740219E+04
  6.836516E+01     3.718206E+04
  6.931717E+01     3.696199E+04
  7.028244E+01     3.674201E+04
  7.126115E+01     3.652212E+04
  7.225349E+01     3.630235E+04
  7.325965E+01     3.608275E+04
  7.427982E+01     3.586334E+04
  7.531420E+01     3.564417E+04
  7.636298E+01     3.542525E+04
  7.742637E+01     3.520662E+04
  7.850456E+01     3.498831E+04
  7.959777E+01     3.477035E+04
  8.070620E+01     3.455277E+04
  8.183007E+01     3.433557E+04
  8.296959E+01     3.411880E+04
  8.412497E+01     3.390249E+04
  8.529644E+01     3.368666E+04
  8.648423E+01     3.347133E+04
  8.768856E+01     3.325654E+04
  8.890966E+01     3.304231E+04
  9.014776E+01     3.282866E+04
  9.140311E+01     3.261560E+04
  9.267593E+01     3.240314E+04
  9.396648E+01     3.219129E+04
  9.527500E+01     3.198008E+04
  9.660175E+01     3.176953E+04
  9.794697E+01     3.155967E+04
  9.931092E+01     3.135052E+04
  1.006939E+02     3.114210E+04
  1.020961E+02     3.093442E+04
  1.035178E+02     3.072751E+04
  1.049593E+02     3.052136E+04
  1.064209E+02     3.031599E+04
  1.079029E+02     3.011139E+04
  1.094055E+02     2.990758E+04
  1.109290E+02     2.970459E+04
  1.124737E+02     2.950245E+04
  1.140400E+02     2.930118E+04
  1.156280E+02     2.910082E+04
  1.172382E+02     2.890138E+04
  1.188708E+02     2.870288E+04
  1.205261E+02     2.850534E+04
  1.222045E+02     2.830875E+04
  1.239062E+02     2.811314E+04
  1.256317E+02     2.791851E+04
  1.273811E+02     2.772488E+04
  1.291550E+02     2.753230E+04
  1.309535E+02     2.734077E+04
  1.327771E+02     2.715031E+04
  1.346261E+02     2.696095E+04
  1.365008E+02     2.677269E+04
  1.384016E+02     2.658555E+04
  1.403289E+02     2.639951E+04
  1.422830E+02     2.621458E+04
  1.442644E+02     2.603076E+04
  1.462733E+02     2.584807E+04
  1.483103E+02     2.566656E+04
  1.503755E+02     2.548623E+04
  1.524696E+02     2.530710E+04
  1.545928E+02     2.512920E+04
  1.567455E+02     2.495254E+04
  1.589283E+02     2.477712E+04
  1.611414E+02     2.460293E+04
  1.633854E+02     2.442999E+04
  1.656606E+02     2.425829E+04
  1.679675E+02     2.408784E+04
  1.703065E+02     2.391867E+04
  1.726781E+02     2.375080E+04
  1.750827E+02     2.358422E+04
  1.775208E+02     2.341895E+04
  1.799929E+02     2.325498E+04
  1.824993E+02     2.309232E+04
  1.850407E+02     2.293095E+04
  1.876175E+02     2.277085E+04
  1.902301E+02     2.261200E+04
  1.928792E+02     2.245444E+04
  1.955651E+02     2.229817E+04
  1.982884E+02     2.214322E+04
  2.010496E+02     2.198960E+04
  2.038493E+02     2.183732E+04
  2.066880E+02     2.168638E+04
  2.095662E+02     2.153679E+04
  2.124845E+02     2.138854E+04
  2.154435E+02     2.124162E+04
  2.184436E+02     2.109602E+04
  2.214855E+02     2.095175E+04
  2.245698E+02     2.080883E+04
  2.276970E+02     2.066727E+04
  2.308678E+02     2.052708E+04
  2.340827E+02     2.038826E+04
  2.373424E+02     2.025081E+04
  2.406475E+02     2.011473E+04
  2.439986E+02     1.998000E+04
  2.473964E+02     1.984660E+04
  2.508415E+02     1.971452E+04
  2.543346E+02     1.958375E+04
  2.578763E+02     1.945433E+04
  2.614673E+02     1.932625E+04
  2.651084E+02     1.919951E+04
  2.688001E+02     1.907414E+04
  2.725433E+02     1.895010E+04
  2.763385E+02     1.882741E+04
  2.801867E+02     1.870604E+04
  2.840884E+02     1.858598E+04
  2.880444E+02     1.846719E+04
  2.920556E+02     1.834969E+04
  2.961225E+02     1.823348E+04
  3.002462E+02     1.811858E+04
  3.044272E+02     1.800499E+04
  3.086665E+02     1.789271E+04
  3.129648E+02     1.778174E+04
  3.173230E+02     1.767207E+04
  3.217418E+02     1.756368E+04
  3.262222E+02     1.745656E+04
  3.307650E+02     1.735069E+04
  3.353710E+02     1.724605E+04
  3.400412E+02     1.714267E+04
  3.447764E+02     1.704055E+04
  3.495776E+02     1.693968E+04
  3.544456E+02     1.684008E+04
  3.593814E+02     1.674173E+04
  3.643859E+02     1.664463E+04
  3.694601E+02     1.654875E+04
  3.746050E+02     1.645407E+04
  3.798215E+02     1.636058E+04
  3.851107E+02     1.626826E+04
  3.904735E+02     1.617711E+04
  3.959110E+02     1.608716E+04
  4.014242E+02     1.599839E+04
  4.070142E+02     1.591081E+04
  4.126821E+02     1.582441E+04
  4.184289E+02     1.573918E+04
  4.242556E+02     1.565510E+04
  4.301636E+02     1.557215E+04
  4.361538E+02     1.549031E+04
  4.422274E+02     1.540956E+04
  4.483856E+02     1.532992E+04
  4.546295E+02     1.525139E+04
  4.609604E+02     1.517397E+04
  4.673795E+02     1.509765E+04
  4.738880E+02     1.502244E+04
  4.804870E+02     1.494832E+04
  4.871780E+02     1.487527E+04
  4.939622E+02     1.480328E+04
  5.008408E+02     1.473232E+04
  5.078152E+02     1.466237E+04
  5.148867E+02     1.459346E+04
  5.220568E+02     1.452557E+04
  5.293266E+02     1.445871E+04
  5.366977E+02     1.439287E+04
  5.441714E+02     1.432805E+04
  5.517492E+02     1.426423E+04
  5.594326E+02     1.420140E+04
  5.672229E+02     1.413955E+04
  5.751217E+02     1.407864E+04
  5.831305E+02     1.401866E+04
  5.912508E+02     1.395961E+04
  5.994843E+02     1.390150E+04
  6.078323E+02     1.384433E+04
  6.162966E+02     1.378808E+04
  6.248788E+02     1.373277E+04
  6.335805E+02     1.367836E+04
  6.424034E+02     1.362486E+04
  6.513491E+02     1.357224E+04
  6.604194E+02     1.352048E+04
  6.696160E+02     1.346956E+04
  6.789407E+02     1.341948E+04
  6.883952E+02     1.337024E+04
  6.979814E+02     1.332183E+04
  7.077011E+02     1.327424E+04
  7.175561E+02     1.322747E+04
  7.275484E+02     1.318149E+04
  7.376798E+02     1.313630E+04
  7.479523E+02     1.309185E+04
  7.583678E+02     1.304814E+04
  7.689284E+02     1.300513E+04
  7.796360E+02     1.296285E+04
  7.904928E+02     1.292130E+04
  8.015007E+02     1.288051E+04
  8.126619E+02     1.284048E+04
  8.239786E+02     1.280123E+04
  8.354528E+02     1.276277E+04
  8.470868E+02     1.272511E+04
  8.588829E+02     1.268826E+04
  8.708431E+02     1.265222E+04
  8.829700E+02     1.261699E+04
  8.952657E+02     1.258249E+04
  9.077327E+02     1.254863E+04
  9.203732E+02     1.251533E+04
  9.331898E+02     1.248246E+04
  9.461848E+02     1.244992E+04
  9.593608E+02     1.241757E+04
  9.727203E+02     1.238527E+04
  9.862658E+02     1.235286E+04
  1.000000E+03     1.232019E+04
