FILE CREATED BY  : PROGRAM DPASS - VERSION 2.00
DATABASE VERSION : 21.06
DATE AND TIME    : 10/08/2022 01:23:11
PROJECTILE       : Ac
TARGET           : H 
TARGET AT. MASS  : 1.007900E+00
TARGET DENSITY   : 8.990000E-05 g/cm^3
TABULATED OUTPUT : STOPPING FORCE VERSUS ENERGY
DATA TYPE        : SPLINE INTERPOLATED
ABSCISSA UNITS   : MeV/u
ORDINATE UNITS   : eV/nm


      E/n             S(E/n)

  1.000000E-03     9.396840E-02
  1.013925E-03     9.460889E-02
  1.028045E-03     9.525786E-02
  1.042361E-03     9.591495E-02
  1.056876E-03     9.657975E-02
  1.071593E-03     9.725183E-02
  1.086516E-03     9.793071E-02
  1.101646E-03     9.861586E-02
  1.116987E-03     9.930672E-02
  1.132541E-03     1.000027E-01
  1.148312E-03     1.007030E-01
  1.164303E-03     1.014071E-01
  1.180517E-03     1.021150E-01
  1.196956E-03     1.028267E-01
  1.213624E-03     1.035424E-01
  1.230524E-03     1.042624E-01
  1.247660E-03     1.049868E-01
  1.265034E-03     1.057159E-01
  1.282650E-03     1.064498E-01
  1.300511E-03     1.071888E-01
  1.318621E-03     1.079333E-01
  1.336984E-03     1.086835E-01
  1.355602E-03     1.094395E-01
  1.374479E-03     1.102013E-01
  1.393619E-03     1.109689E-01
  1.413026E-03     1.117423E-01
  1.432703E-03     1.125214E-01
  1.452654E-03     1.133062E-01
  1.472883E-03     1.140968E-01
  1.493393E-03     1.148932E-01
  1.514189E-03     1.156953E-01
  1.535275E-03     1.165031E-01
  1.556654E-03     1.173166E-01
  1.578331E-03     1.181360E-01
  1.600310E-03     1.189612E-01
  1.622595E-03     1.197922E-01
  1.645191E-03     1.206293E-01
  1.668101E-03     1.214724E-01
  1.691330E-03     1.223216E-01
  1.714882E-03     1.231770E-01
  1.738762E-03     1.240386E-01
  1.762975E-03     1.249067E-01
  1.787526E-03     1.257811E-01
  1.812418E-03     1.266621E-01
  1.837656E-03     1.275495E-01
  1.863246E-03     1.284435E-01
  1.889193E-03     1.293440E-01
  1.915501E-03     1.302512E-01
  1.942175E-03     1.311650E-01
  1.969220E-03     1.320855E-01
  1.996642E-03     1.330128E-01
  2.024447E-03     1.339470E-01
  2.052638E-03     1.348880E-01
  2.081222E-03     1.358360E-01
  2.110203E-03     1.367909E-01
  2.139589E-03     1.377530E-01
  2.169384E-03     1.387221E-01
  2.199593E-03     1.396984E-01
  2.230223E-03     1.406820E-01
  2.261280E-03     1.416729E-01
  2.292769E-03     1.426713E-01
  2.324697E-03     1.436771E-01
  2.357069E-03     1.446906E-01
  2.389893E-03     1.457117E-01
  2.423173E-03     1.467406E-01
  2.456916E-03     1.477771E-01
  2.491130E-03     1.488215E-01
  2.525820E-03     1.498738E-01
  2.560993E-03     1.509340E-01
  2.596656E-03     1.520022E-01
  2.632815E-03     1.530785E-01
  2.669478E-03     1.541630E-01
  2.706652E-03     1.552558E-01
  2.744343E-03     1.563568E-01
  2.782559E-03     1.574663E-01
  2.821308E-03     1.585841E-01
  2.860596E-03     1.597105E-01
  2.900430E-03     1.608454E-01
  2.940820E-03     1.619890E-01
  2.981772E-03     1.631412E-01
  3.023295E-03     1.643024E-01
  3.065395E-03     1.654724E-01
  3.108082E-03     1.666514E-01
  3.151363E-03     1.678395E-01
  3.195248E-03     1.690366E-01
  3.239743E-03     1.702430E-01
  3.284857E-03     1.714585E-01
  3.330600E-03     1.726834E-01
  3.376980E-03     1.739176E-01
  3.424006E-03     1.751612E-01
  3.471687E-03     1.764143E-01
  3.520031E-03     1.776771E-01
  3.569049E-03     1.789496E-01
  3.618750E-03     1.802318E-01
  3.669142E-03     1.815238E-01
  3.720237E-03     1.828257E-01
  3.772042E-03     1.841375E-01
  3.824570E-03     1.854594E-01
  3.877828E-03     1.867914E-01
  3.931829E-03     1.881335E-01
  3.986581E-03     1.894859E-01
  4.042096E-03     1.908488E-01
  4.098384E-03     1.922221E-01
  4.155455E-03     1.936059E-01
  4.213322E-03     1.950003E-01
  4.271994E-03     1.964053E-01
  4.331483E-03     1.978210E-01
  4.391801E-03     1.992474E-01
  4.452959E-03     2.006846E-01
  4.514968E-03     2.021326E-01
  4.577841E-03     2.035916E-01
  4.641589E-03     2.050616E-01
  4.706225E-03     2.065427E-01
  4.771761E-03     2.080349E-01
  4.838210E-03     2.095383E-01
  4.905584E-03     2.110528E-01
  4.973896E-03     2.125786E-01
  5.043159E-03     2.141157E-01
  5.113388E-03     2.156641E-01
  5.184594E-03     2.172239E-01
  5.256791E-03     2.187951E-01
  5.329994E-03     2.203779E-01
  5.404216E-03     2.219722E-01
  5.479472E-03     2.235782E-01
  5.555776E-03     2.251957E-01
  5.633143E-03     2.268249E-01
  5.711586E-03     2.284657E-01
  5.791123E-03     2.301182E-01
  5.871766E-03     2.317824E-01
  5.953533E-03     2.334583E-01
  6.036439E-03     2.351459E-01
  6.120498E-03     2.368453E-01
  6.205729E-03     2.385565E-01
  6.292146E-03     2.402795E-01
  6.379767E-03     2.420144E-01
  6.468608E-03     2.437611E-01
  6.558686E-03     2.455196E-01
  6.650018E-03     2.472899E-01
  6.742622E-03     2.490721E-01
  6.836516E-03     2.508662E-01
  6.931717E-03     2.526722E-01
  7.028244E-03     2.544900E-01
  7.126115E-03     2.563199E-01
  7.225349E-03     2.581616E-01
  7.325965E-03     2.600153E-01
  7.427982E-03     2.618809E-01
  7.531420E-03     2.637584E-01
  7.636298E-03     2.656477E-01
  7.742637E-03     2.675489E-01
  7.850456E-03     2.694619E-01
  7.959777E-03     2.713867E-01
  8.070620E-03     2.733234E-01
  8.183007E-03     2.752718E-01
  8.296959E-03     2.772321E-01
  8.412497E-03     2.792042E-01
  8.529644E-03     2.811880E-01
  8.648423E-03     2.831836E-01
  8.768856E-03     2.851909E-01
  8.890966E-03     2.872099E-01
  9.014776E-03     2.892406E-01
  9.140311E-03     2.912831E-01
  9.267593E-03     2.933372E-01
  9.396648E-03     2.954032E-01
  9.527500E-03     2.974809E-01
  9.660175E-03     2.995704E-01
  9.794697E-03     3.016716E-01
  9.931092E-03     3.037845E-01
  1.006939E-02     3.059093E-01
  1.020961E-02     3.080458E-01
  1.035178E-02     3.101942E-01
  1.049593E-02     3.123545E-01
  1.064209E-02     3.145267E-01
  1.079029E-02     3.167110E-01
  1.094055E-02     3.189073E-01
  1.109290E-02     3.211158E-01
  1.124737E-02     3.233363E-01
  1.140400E-02     3.255691E-01
  1.156280E-02     3.278141E-01
  1.172382E-02     3.300715E-01
  1.188708E-02     3.323412E-01
  1.205261E-02     3.346235E-01
  1.222045E-02     3.369184E-01
  1.239062E-02     3.392261E-01
  1.256317E-02     3.415467E-01
  1.273811E-02     3.438803E-01
  1.291550E-02     3.462270E-01
  1.309535E-02     3.485869E-01
  1.327771E-02     3.509601E-01
  1.346261E-02     3.533468E-01
  1.365008E-02     3.557471E-01
  1.384016E-02     3.581612E-01
  1.403289E-02     3.605893E-01
  1.422830E-02     3.630317E-01
  1.442644E-02     3.654886E-01
  1.462733E-02     3.679601E-01
  1.483103E-02     3.704463E-01
  1.503755E-02     3.729475E-01
  1.524696E-02     3.754638E-01
  1.545928E-02     3.779954E-01
  1.567455E-02     3.805426E-01
  1.589283E-02     3.831056E-01
  1.611414E-02     3.856848E-01
  1.633854E-02     3.882803E-01
  1.656606E-02     3.908926E-01
  1.679675E-02     3.935219E-01
  1.703065E-02     3.961683E-01
  1.726781E-02     3.988320E-01
  1.750827E-02     4.015132E-01
  1.775208E-02     4.042123E-01
  1.799929E-02     4.069295E-01
  1.824993E-02     4.096651E-01
  1.850407E-02     4.124195E-01
  1.876175E-02     4.151931E-01
  1.902301E-02     4.179862E-01
  1.928792E-02     4.207990E-01
  1.955651E-02     4.236318E-01
  1.982884E-02     4.264848E-01
  2.010496E-02     4.293582E-01
  2.038493E-02     4.322523E-01
  2.066880E-02     4.351674E-01
  2.095662E-02     4.381039E-01
  2.124845E-02     4.410621E-01
  2.154435E-02     4.440424E-01
  2.184436E-02     4.470452E-01
  2.214855E-02     4.500708E-01
  2.245698E-02     4.531192E-01
  2.276970E-02     4.561909E-01
  2.308678E-02     4.592860E-01
  2.340827E-02     4.624048E-01
  2.373424E-02     4.655475E-01
  2.406475E-02     4.687147E-01
  2.439986E-02     4.719065E-01
  2.473964E-02     4.751233E-01
  2.508415E-02     4.783656E-01
  2.543346E-02     4.816336E-01
  2.578763E-02     4.849274E-01
  2.614673E-02     4.882473E-01
  2.651084E-02     4.915936E-01
  2.688001E-02     4.949663E-01
  2.725433E-02     4.983659E-01
  2.763385E-02     5.017926E-01
  2.801867E-02     5.052467E-01
  2.840884E-02     5.087286E-01
  2.880444E-02     5.122385E-01
  2.920556E-02     5.157767E-01
  2.961225E-02     5.193434E-01
  3.002462E-02     5.229388E-01
  3.044272E-02     5.265630E-01
  3.086665E-02     5.302163E-01
  3.129648E-02     5.338989E-01
  3.173230E-02     5.376111E-01
  3.217418E-02     5.413530E-01
  3.262222E-02     5.451251E-01
  3.307650E-02     5.489276E-01
  3.353710E-02     5.527607E-01
  3.400412E-02     5.566246E-01
  3.447764E-02     5.605193E-01
  3.495776E-02     5.644451E-01
  3.544456E-02     5.684022E-01
  3.593814E-02     5.723907E-01
  3.643859E-02     5.764108E-01
  3.694601E-02     5.804628E-01
  3.746050E-02     5.845469E-01
  3.798215E-02     5.886633E-01
  3.851107E-02     5.928123E-01
  3.904735E-02     5.969938E-01
  3.959110E-02     6.012081E-01
  4.014242E-02     6.054553E-01
  4.070142E-02     6.097354E-01
  4.126821E-02     6.140487E-01
  4.184289E-02     6.183953E-01
  4.242556E-02     6.227755E-01
  4.301636E-02     6.271892E-01
  4.361538E-02     6.316369E-01
  4.422274E-02     6.361185E-01
  4.483856E-02     6.406343E-01
  4.546295E-02     6.451842E-01
  4.609604E-02     6.497684E-01
  4.673795E-02     6.543870E-01
  4.738880E-02     6.590401E-01
  4.804870E-02     6.637278E-01
  4.871780E-02     6.684502E-01
  4.939622E-02     6.732076E-01
  5.008408E-02     6.780001E-01
  5.078152E-02     6.828278E-01
  5.148867E-02     6.876907E-01
  5.220568E-02     6.925889E-01
  5.293266E-02     6.975224E-01
  5.366977E-02     7.024912E-01
  5.441714E-02     7.074955E-01
  5.517492E-02     7.125354E-01
  5.594326E-02     7.176108E-01
  5.672229E-02     7.227219E-01
  5.751217E-02     7.278688E-01
  5.831305E-02     7.330517E-01
  5.912508E-02     7.382704E-01
  5.994843E-02     7.435252E-01
  6.078323E-02     7.488160E-01
  6.162966E-02     7.541430E-01
  6.248788E-02     7.595062E-01
  6.335805E-02     7.649058E-01
  6.424034E-02     7.703418E-01
  6.513491E-02     7.758144E-01
  6.604194E-02     7.813238E-01
  6.696160E-02     7.868701E-01
  6.789407E-02     7.924531E-01
  6.883952E-02     7.980725E-01
  6.979814E-02     8.037282E-01
  7.077011E-02     8.094199E-01
  7.175561E-02     8.151474E-01
  7.275484E-02     8.209105E-01
  7.376798E-02     8.267089E-01
  7.479523E-02     8.325425E-01
  7.583678E-02     8.384110E-01
  7.689284E-02     8.443142E-01
  7.796360E-02     8.502524E-01
  7.904928E-02     8.562258E-01
  8.015007E-02     8.622348E-01
  8.126619E-02     8.682797E-01
  8.239786E-02     8.743610E-01
  8.354528E-02     8.804790E-01
  8.470868E-02     8.866343E-01
  8.588829E-02     8.928276E-01
  8.708431E-02     8.990595E-01
  8.829700E-02     9.053304E-01
  8.952657E-02     9.116400E-01
  9.077327E-02     9.179878E-01
  9.203732E-02     9.243732E-01
  9.331898E-02     9.307955E-01
  9.461848E-02     9.372542E-01
  9.593608E-02     9.437486E-01
  9.727203E-02     9.502781E-01
  9.862658E-02     9.568420E-01
  1.000000E-01     9.634394E-01
  1.013925E-01     9.700699E-01
  1.028045E-01     9.767331E-01
  1.042361E-01     9.834290E-01
  1.056876E-01     9.901576E-01
  1.071593E-01     9.969188E-01
  1.086516E-01     1.003713E+00
  1.101646E-01     1.010540E+00
  1.116987E-01     1.017399E+00
  1.132541E-01     1.024292E+00
  1.148312E-01     1.031218E+00
  1.164303E-01     1.038178E+00
  1.180517E-01     1.045171E+00
  1.196956E-01     1.052196E+00
  1.213624E-01     1.059254E+00
  1.230524E-01     1.066344E+00
  1.247660E-01     1.073464E+00
  1.265034E-01     1.080616E+00
  1.282650E-01     1.087797E+00
  1.300511E-01     1.095009E+00
  1.318621E-01     1.102249E+00
  1.336984E-01     1.109518E+00
  1.355602E-01     1.116816E+00
  1.374479E-01     1.124141E+00
  1.393619E-01     1.131493E+00
  1.413026E-01     1.138871E+00
  1.432703E-01     1.146275E+00
  1.452654E-01     1.153703E+00
  1.472883E-01     1.161156E+00
  1.493393E-01     1.168633E+00
  1.514189E-01     1.176132E+00
  1.535275E-01     1.183654E+00
  1.556654E-01     1.191198E+00
  1.578331E-01     1.198762E+00
  1.600310E-01     1.206346E+00
  1.622595E-01     1.213948E+00
  1.645191E-01     1.221567E+00
  1.668101E-01     1.229202E+00
  1.691330E-01     1.236852E+00
  1.714882E-01     1.244516E+00
  1.738762E-01     1.252193E+00
  1.762975E-01     1.259881E+00
  1.787526E-01     1.267579E+00
  1.812418E-01     1.275286E+00
  1.837656E-01     1.283001E+00
  1.863246E-01     1.290722E+00
  1.889193E-01     1.298449E+00
  1.915501E-01     1.306180E+00
  1.942175E-01     1.313913E+00
  1.969220E-01     1.321648E+00
  1.996642E-01     1.329384E+00
  2.024447E-01     1.337118E+00
  2.052638E-01     1.344851E+00
  2.081222E-01     1.352581E+00
  2.110203E-01     1.360309E+00
  2.139589E-01     1.368033E+00
  2.169384E-01     1.375754E+00
  2.199593E-01     1.383471E+00
  2.230223E-01     1.391184E+00
  2.261280E-01     1.398893E+00
  2.292769E-01     1.406598E+00
  2.324697E-01     1.414300E+00
  2.357069E-01     1.421999E+00
  2.389893E-01     1.429697E+00
  2.423173E-01     1.437395E+00
  2.456916E-01     1.445096E+00
  2.491130E-01     1.452802E+00
  2.525820E-01     1.460516E+00
  2.560993E-01     1.468240E+00
  2.596656E-01     1.475978E+00
  2.632815E-01     1.483734E+00
  2.669478E-01     1.491511E+00
  2.706652E-01     1.499314E+00
  2.744343E-01     1.507146E+00
  2.782559E-01     1.515011E+00
  2.821308E-01     1.522911E+00
  2.860596E-01     1.530851E+00
  2.900430E-01     1.538837E+00
  2.940820E-01     1.546872E+00
  2.981772E-01     1.554963E+00
  3.023295E-01     1.563115E+00
  3.065395E-01     1.571334E+00
  3.108082E-01     1.579627E+00
  3.151363E-01     1.587997E+00
  3.195248E-01     1.596446E+00
  3.239743E-01     1.604977E+00
  3.284857E-01     1.613596E+00
  3.330600E-01     1.622304E+00
  3.376980E-01     1.631107E+00
  3.424006E-01     1.640009E+00
  3.471687E-01     1.649014E+00
  3.520031E-01     1.658128E+00
  3.569049E-01     1.667355E+00
  3.618750E-01     1.676697E+00
  3.669142E-01     1.686154E+00
  3.720237E-01     1.695728E+00
  3.772042E-01     1.705420E+00
  3.824570E-01     1.715233E+00
  3.877828E-01     1.725166E+00
  3.931829E-01     1.735222E+00
  3.986581E-01     1.745401E+00
  4.042096E-01     1.755706E+00
  4.098384E-01     1.766137E+00
  4.155455E-01     1.776693E+00
  4.213322E-01     1.787373E+00
  4.271994E-01     1.798177E+00
  4.331483E-01     1.809102E+00
  4.391801E-01     1.820146E+00
  4.452959E-01     1.831309E+00
  4.514968E-01     1.842587E+00
  4.577841E-01     1.853978E+00
  4.641589E-01     1.865479E+00
  4.706225E-01     1.877088E+00
  4.771761E-01     1.888801E+00
  4.838210E-01     1.900614E+00
  4.905584E-01     1.912524E+00
  4.973896E-01     1.924526E+00
  5.043159E-01     1.936615E+00
  5.113388E-01     1.948787E+00
  5.184594E-01     1.961036E+00
  5.256791E-01     1.973356E+00
  5.329994E-01     1.985740E+00
  5.404216E-01     1.998183E+00
  5.479472E-01     2.010678E+00
  5.555776E-01     2.023223E+00
  5.633143E-01     2.035810E+00
  5.711586E-01     2.048437E+00
  5.791123E-01     2.061096E+00
  5.871766E-01     2.073783E+00
  5.953533E-01     2.086491E+00
  6.036439E-01     2.099213E+00
  6.120498E-01     2.111943E+00
  6.205729E-01     2.124673E+00
  6.292146E-01     2.137399E+00
  6.379767E-01     2.150117E+00
  6.468608E-01     2.162821E+00
  6.558686E-01     2.175509E+00
  6.650018E-01     2.188175E+00
  6.742622E-01     2.200814E+00
  6.836516E-01     2.213423E+00
  6.931717E-01     2.225995E+00
  7.028244E-01     2.238527E+00
  7.126115E-01     2.251013E+00
  7.225349E-01     2.263448E+00
  7.325965E-01     2.275829E+00
  7.427982E-01     2.288154E+00
  7.531420E-01     2.300418E+00
  7.636298E-01     2.312617E+00
  7.742637E-01     2.324750E+00
  7.850456E-01     2.336811E+00
  7.959777E-01     2.348799E+00
  8.070620E-01     2.360710E+00
  8.183007E-01     2.372540E+00
  8.296959E-01     2.384287E+00
  8.412497E-01     2.395948E+00
  8.529644E-01     2.407520E+00
  8.648423E-01     2.419001E+00
  8.768856E-01     2.430387E+00
  8.890966E-01     2.441678E+00
  9.014776E-01     2.452869E+00
  9.140311E-01     2.463960E+00
  9.267593E-01     2.474950E+00
  9.396648E-01     2.485836E+00
  9.527500E-01     2.496616E+00
  9.660175E-01     2.507288E+00
  9.794697E-01     2.517850E+00
  9.931092E-01     2.528300E+00
  1.006939E+00     2.538635E+00
  1.020961E+00     2.548853E+00
  1.035178E+00     2.558954E+00
  1.049593E+00     2.568936E+00
  1.064209E+00     2.578799E+00
  1.079029E+00     2.588541E+00
  1.094055E+00     2.598162E+00
  1.109290E+00     2.607660E+00
  1.124737E+00     2.617033E+00
  1.140400E+00     2.626279E+00
  1.156280E+00     2.635397E+00
  1.172382E+00     2.644386E+00
  1.188708E+00     2.653246E+00
  1.205261E+00     2.661976E+00
  1.222045E+00     2.670576E+00
  1.239062E+00     2.679047E+00
  1.256317E+00     2.687388E+00
  1.273811E+00     2.695599E+00
  1.291550E+00     2.703676E+00
  1.309535E+00     2.711620E+00
  1.327771E+00     2.719429E+00
  1.346261E+00     2.727102E+00
  1.365008E+00     2.734638E+00
  1.384016E+00     2.742039E+00
  1.403289E+00     2.749305E+00
  1.422830E+00     2.756436E+00
  1.442644E+00     2.763432E+00
  1.462733E+00     2.770293E+00
  1.483103E+00     2.777018E+00
  1.503755E+00     2.783604E+00
  1.524696E+00     2.790052E+00
  1.545928E+00     2.796361E+00
  1.567455E+00     2.802531E+00
  1.589283E+00     2.808563E+00
  1.611414E+00     2.814457E+00
  1.633854E+00     2.820215E+00
  1.656606E+00     2.825839E+00
  1.679675E+00     2.831325E+00
  1.703065E+00     2.836675E+00
  1.726781E+00     2.841886E+00
  1.750827E+00     2.846958E+00
  1.775208E+00     2.851892E+00
  1.799929E+00     2.856686E+00
  1.824993E+00     2.861343E+00
  1.850407E+00     2.865863E+00
  1.876175E+00     2.870247E+00
  1.902301E+00     2.874497E+00
  1.928792E+00     2.878612E+00
  1.955651E+00     2.882590E+00
  1.982884E+00     2.886433E+00
  2.010496E+00     2.890138E+00
  2.038493E+00     2.893707E+00
  2.066880E+00     2.897140E+00
  2.095662E+00     2.900437E+00
  2.124845E+00     2.903600E+00
  2.154435E+00     2.906631E+00
  2.184436E+00     2.909530E+00
  2.214855E+00     2.912298E+00
  2.245698E+00     2.914934E+00
  2.276970E+00     2.917437E+00
  2.308678E+00     2.919806E+00
  2.340827E+00     2.922043E+00
  2.373424E+00     2.924146E+00
  2.406475E+00     2.926117E+00
  2.439986E+00     2.927957E+00
  2.473964E+00     2.929668E+00
  2.508415E+00     2.931250E+00
  2.543346E+00     2.932703E+00
  2.578763E+00     2.934028E+00
  2.614673E+00     2.935225E+00
  2.651084E+00     2.936292E+00
  2.688001E+00     2.937231E+00
  2.725433E+00     2.938042E+00
  2.763385E+00     2.938726E+00
  2.801867E+00     2.939285E+00
  2.840884E+00     2.939721E+00
  2.880444E+00     2.940036E+00
  2.920556E+00     2.940230E+00
  2.961225E+00     2.940302E+00
  3.002462E+00     2.940252E+00
  3.044272E+00     2.940079E+00
  3.086665E+00     2.939783E+00
  3.129648E+00     2.939365E+00
  3.173230E+00     2.938826E+00
  3.217418E+00     2.938166E+00
  3.262222E+00     2.937386E+00
  3.307650E+00     2.936488E+00
  3.353710E+00     2.935471E+00
  3.400412E+00     2.934337E+00
  3.447764E+00     2.933084E+00
  3.495776E+00     2.931713E+00
  3.544456E+00     2.930225E+00
  3.593814E+00     2.928620E+00
  3.643859E+00     2.926898E+00
  3.694601E+00     2.925062E+00
  3.746050E+00     2.923113E+00
  3.798215E+00     2.921053E+00
  3.851107E+00     2.918883E+00
  3.904735E+00     2.916602E+00
  3.959110E+00     2.914210E+00
  4.014242E+00     2.911707E+00
  4.070142E+00     2.909094E+00
  4.126821E+00     2.906371E+00
  4.184289E+00     2.903540E+00
  4.242556E+00     2.900600E+00
  4.301636E+00     2.897554E+00
  4.361538E+00     2.894403E+00
  4.422274E+00     2.891147E+00
  4.483856E+00     2.887787E+00
  4.546295E+00     2.884323E+00
  4.609604E+00     2.880754E+00
  4.673795E+00     2.877082E+00
  4.738880E+00     2.873307E+00
  4.804870E+00     2.869429E+00
  4.871780E+00     2.865450E+00
  4.939622E+00     2.861372E+00
  5.008408E+00     2.857194E+00
  5.078152E+00     2.852920E+00
  5.148867E+00     2.848547E+00
  5.220568E+00     2.844078E+00
  5.293266E+00     2.839511E+00
  5.366977E+00     2.834847E+00
  5.441714E+00     2.830087E+00
  5.517492E+00     2.825232E+00
  5.594326E+00     2.820282E+00
  5.672229E+00     2.815239E+00
  5.751217E+00     2.810104E+00
  5.831305E+00     2.804878E+00
  5.912508E+00     2.799561E+00
  5.994843E+00     2.794154E+00
  6.078323E+00     2.788656E+00
  6.162966E+00     2.783069E+00
  6.248788E+00     2.777392E+00
  6.335805E+00     2.771627E+00
  6.424034E+00     2.765774E+00
  6.513491E+00     2.759835E+00
  6.604194E+00     2.753811E+00
  6.696160E+00     2.747703E+00
  6.789407E+00     2.741512E+00
  6.883952E+00     2.735237E+00
  6.979814E+00     2.728879E+00
  7.077011E+00     2.722439E+00
  7.175561E+00     2.715918E+00
  7.275484E+00     2.709316E+00
  7.376798E+00     2.702634E+00
  7.479523E+00     2.695874E+00
  7.583678E+00     2.689036E+00
  7.689284E+00     2.682123E+00
  7.796360E+00     2.675134E+00
  7.904928E+00     2.668070E+00
  8.015007E+00     2.660931E+00
  8.126619E+00     2.653717E+00
  8.239786E+00     2.646430E+00
  8.354528E+00     2.639070E+00
  8.470868E+00     2.631639E+00
  8.588829E+00     2.624136E+00
  8.708431E+00     2.616562E+00
  8.829700E+00     2.608920E+00
  8.952657E+00     2.601210E+00
  9.077327E+00     2.593431E+00
  9.203732E+00     2.585585E+00
  9.331898E+00     2.577673E+00
  9.461848E+00     2.569695E+00
  9.593608E+00     2.561652E+00
  9.727203E+00     2.553544E+00
  9.862658E+00     2.545374E+00
  1.000000E+01     2.537142E+00
  1.013925E+01     2.528849E+00
  1.028045E+01     2.520497E+00
  1.042361E+01     2.512084E+00
  1.056876E+01     2.503613E+00
  1.071593E+01     2.495083E+00
  1.086516E+01     2.486496E+00
  1.101646E+01     2.477852E+00
  1.116987E+01     2.469151E+00
  1.132541E+01     2.460396E+00
  1.148312E+01     2.451586E+00
  1.164303E+01     2.442723E+00
  1.180517E+01     2.433807E+00
  1.196956E+01     2.424840E+00
  1.213624E+01     2.415821E+00
  1.230524E+01     2.406752E+00
  1.247660E+01     2.397634E+00
  1.265034E+01     2.388468E+00
  1.282650E+01     2.379254E+00
  1.300511E+01     2.369994E+00
  1.318621E+01     2.360689E+00
  1.336984E+01     2.351339E+00
  1.355602E+01     2.341946E+00
  1.374479E+01     2.332510E+00
  1.393619E+01     2.323032E+00
  1.413026E+01     2.313513E+00
  1.432703E+01     2.303953E+00
  1.452654E+01     2.294354E+00
  1.472883E+01     2.284716E+00
  1.493393E+01     2.275039E+00
  1.514189E+01     2.265325E+00
  1.535275E+01     2.255573E+00
  1.556654E+01     2.245786E+00
  1.578331E+01     2.235964E+00
  1.600310E+01     2.226108E+00
  1.622595E+01     2.216220E+00
  1.645191E+01     2.206299E+00
  1.668101E+01     2.196347E+00
  1.691330E+01     2.186366E+00
  1.714882E+01     2.176356E+00
  1.738762E+01     2.166318E+00
  1.762975E+01     2.156253E+00
  1.787526E+01     2.146162E+00
  1.812418E+01     2.136046E+00
  1.837656E+01     2.125906E+00
  1.863246E+01     2.115743E+00
  1.889193E+01     2.105558E+00
  1.915501E+01     2.095350E+00
  1.942175E+01     2.085123E+00
  1.969220E+01     2.074874E+00
  1.996642E+01     2.064607E+00
  2.024447E+01     2.054320E+00
  2.052638E+01     2.044015E+00
  2.081222E+01     2.033694E+00
  2.110203E+01     2.023356E+00
  2.139589E+01     2.013003E+00
  2.169384E+01     2.002636E+00
  2.199593E+01     1.992257E+00
  2.230223E+01     1.981865E+00
  2.261280E+01     1.971461E+00
  2.292769E+01     1.961047E+00
  2.324697E+01     1.950623E+00
  2.357069E+01     1.940189E+00
  2.389893E+01     1.929748E+00
  2.423173E+01     1.919299E+00
  2.456916E+01     1.908845E+00
  2.491130E+01     1.898386E+00
  2.525820E+01     1.887922E+00
  2.560993E+01     1.877456E+00
  2.596656E+01     1.866986E+00
  2.632815E+01     1.856515E+00
  2.669478E+01     1.846043E+00
  2.706652E+01     1.835570E+00
  2.744343E+01     1.825097E+00
  2.782559E+01     1.814625E+00
  2.821308E+01     1.804157E+00
  2.860596E+01     1.793691E+00
  2.900430E+01     1.783230E+00
  2.940820E+01     1.772774E+00
  2.981772E+01     1.762324E+00
  3.023295E+01     1.751879E+00
  3.065395E+01     1.741441E+00
  3.108082E+01     1.731009E+00
  3.151363E+01     1.720586E+00
  3.195248E+01     1.710172E+00
  3.239743E+01     1.699769E+00
  3.284857E+01     1.689378E+00
  3.330600E+01     1.679000E+00
  3.376980E+01     1.668636E+00
  3.424006E+01     1.658287E+00
  3.471687E+01     1.647953E+00
  3.520031E+01     1.637636E+00
  3.569049E+01     1.627335E+00
  3.618750E+01     1.617051E+00
  3.669142E+01     1.606787E+00
  3.720237E+01     1.596542E+00
  3.772042E+01     1.586318E+00
  3.824570E+01     1.576115E+00
  3.877828E+01     1.565933E+00
  3.931829E+01     1.555774E+00
  3.986581E+01     1.545636E+00
  4.042096E+01     1.535521E+00
  4.098384E+01     1.525427E+00
  4.155455E+01     1.515357E+00
  4.213322E+01     1.505311E+00
  4.271994E+01     1.495290E+00
  4.331483E+01     1.485296E+00
  4.391801E+01     1.475330E+00
  4.452959E+01     1.465392E+00
  4.514968E+01     1.455483E+00
  4.577841E+01     1.445603E+00
  4.641589E+01     1.435753E+00
  4.706225E+01     1.425932E+00
  4.771761E+01     1.416142E+00
  4.838210E+01     1.406385E+00
  4.905584E+01     1.396660E+00
  4.973896E+01     1.386969E+00
  5.043159E+01     1.377312E+00
  5.113388E+01     1.367691E+00
  5.184594E+01     1.358105E+00
  5.256791E+01     1.348554E+00
  5.329994E+01     1.339039E+00
  5.404216E+01     1.329560E+00
  5.479472E+01     1.320117E+00
  5.555776E+01     1.310711E+00
  5.633143E+01     1.301344E+00
  5.711586E+01     1.292016E+00
  5.791123E+01     1.282728E+00
  5.871766E+01     1.273481E+00
  5.953533E+01     1.264275E+00
  6.036439E+01     1.255110E+00
  6.120498E+01     1.245985E+00
  6.205729E+01     1.236902E+00
  6.292146E+01     1.227859E+00
  6.379767E+01     1.218860E+00
  6.468608E+01     1.209903E+00
  6.558686E+01     1.200991E+00
  6.650018E+01     1.192124E+00
  6.742622E+01     1.183301E+00
  6.836516E+01     1.174525E+00
  6.931717E+01     1.165793E+00
  7.028244E+01     1.157106E+00
  7.126115E+01     1.148464E+00
  7.225349E+01     1.139867E+00
  7.325965E+01     1.131317E+00
  7.427982E+01     1.122813E+00
  7.531420E+01     1.114357E+00
  7.636298E+01     1.105949E+00
  7.742637E+01     1.097590E+00
  7.850456E+01     1.089280E+00
  7.959777E+01     1.081019E+00
  8.070620E+01     1.072806E+00
  8.183007E+01     1.064641E+00
  8.296959E+01     1.056525E+00
  8.412497E+01     1.048457E+00
  8.529644E+01     1.040440E+00
  8.648423E+01     1.032474E+00
  8.768856E+01     1.024559E+00
  8.890966E+01     1.016695E+00
  9.014776E+01     1.008884E+00
  9.140311E+01     1.001123E+00
  9.267593E+01     9.934142E-01
  9.396648E+01     9.857555E-01
  9.527500E+01     9.781474E-01
  9.660175E+01     9.705906E-01
  9.794697E+01     9.630860E-01
  9.931092E+01     9.556341E-01
  1.006939E+02     9.482353E-01
  1.020961E+02     9.408897E-01
  1.035178E+02     9.335972E-01
  1.049593E+02     9.263576E-01
  1.064209E+02     9.191701E-01
  1.079029E+02     9.120341E-01
  1.094055E+02     9.049494E-01
  1.109290E+02     8.979167E-01
  1.124737E+02     8.909367E-01
  1.140400E+02     8.840100E-01
  1.156280E+02     8.771368E-01
  1.172382E+02     8.703173E-01
  1.188708E+02     8.635514E-01
  1.205261E+02     8.568387E-01
  1.222045E+02     8.501786E-01
  1.239062E+02     8.435703E-01
  1.256317E+02     8.370134E-01
  1.273811E+02     8.305087E-01
  1.291550E+02     8.240568E-01
  1.309535E+02     8.176582E-01
  1.327771E+02     8.113133E-01
  1.346261E+02     8.050221E-01
  1.365008E+02     7.987846E-01
  1.384016E+02     7.926004E-01
  1.403289E+02     7.864689E-01
  1.422830E+02     7.803894E-01
  1.442644E+02     7.743613E-01
  1.462733E+02     7.683852E-01
  1.483103E+02     7.624616E-01
  1.503755E+02     7.565909E-01
  1.524696E+02     7.507731E-01
  1.545928E+02     7.450082E-01
  1.567455E+02     7.392961E-01
  1.589283E+02     7.336360E-01
  1.611414E+02     7.280274E-01
  1.633854E+02     7.224692E-01
  1.656606E+02     7.169607E-01
  1.679675E+02     7.115023E-01
  1.703065E+02     7.060945E-01
  1.726781E+02     7.007377E-01
  1.750827E+02     6.954321E-01
  1.775208E+02     6.901776E-01
  1.799929E+02     6.849740E-01
  1.824993E+02     6.798210E-01
  1.850407E+02     6.747178E-01
  1.876175E+02     6.696635E-01
  1.902301E+02     6.646573E-01
  1.928792E+02     6.596997E-01
  1.955651E+02     6.547910E-01
  1.982884E+02     6.499315E-01
  2.010496E+02     6.451213E-01
  2.038493E+02     6.403603E-01
  2.066880E+02     6.356484E-01
  2.095662E+02     6.309850E-01
  2.124845E+02     6.263693E-01
  2.154435E+02     6.218006E-01
  2.184436E+02     6.172780E-01
  2.214855E+02     6.128015E-01
  2.245698E+02     6.083717E-01
  2.276970E+02     6.039887E-01
  2.308678E+02     5.996526E-01
  2.340827E+02     5.953634E-01
  2.373424E+02     5.911208E-01
  2.406475E+02     5.869243E-01
  2.439986E+02     5.827732E-01
  2.473964E+02     5.786667E-01
  2.508415E+02     5.746038E-01
  2.543346E+02     5.705847E-01
  2.578763E+02     5.666096E-01
  2.614673E+02     5.626788E-01
  2.651084E+02     5.587922E-01
  2.688001E+02     5.549499E-01
  2.725433E+02     5.511515E-01
  2.763385E+02     5.473966E-01
  2.801867E+02     5.436845E-01
  2.840884E+02     5.400143E-01
  2.880444E+02     5.363852E-01
  2.920556E+02     5.327971E-01
  2.961225E+02     5.292503E-01
  3.002462E+02     5.257449E-01
  3.044272E+02     5.222809E-01
  3.086665E+02     5.188584E-01
  3.129648E+02     5.154770E-01
  3.173230E+02     5.121362E-01
  3.217418E+02     5.088355E-01
  3.262222E+02     5.055741E-01
  3.307650E+02     5.023509E-01
  3.353710E+02     4.991659E-01
  3.400412E+02     4.960194E-01
  3.447764E+02     4.929114E-01
  3.495776E+02     4.898420E-01
  3.544456E+02     4.868112E-01
  3.593814E+02     4.838186E-01
  3.643859E+02     4.808638E-01
  3.694601E+02     4.779463E-01
  3.746050E+02     4.750654E-01
  3.798215E+02     4.722201E-01
  3.851107E+02     4.694101E-01
  3.904735E+02     4.666359E-01
  3.959110E+02     4.638973E-01
  4.014242E+02     4.611946E-01
  4.070142E+02     4.585275E-01
  4.126821E+02     4.558959E-01
  4.184289E+02     4.532992E-01
  4.242556E+02     4.507371E-01
  4.301636E+02     4.482088E-01
  4.361538E+02     4.457135E-01
  4.422274E+02     4.432509E-01
  4.483856E+02     4.408211E-01
  4.546295E+02     4.384242E-01
  4.609604E+02     4.360604E-01
  4.673795E+02     4.337294E-01
  4.738880E+02     4.314311E-01
  4.804870E+02     4.291652E-01
  4.871780E+02     4.269311E-01
  4.939622E+02     4.247282E-01
  5.008408E+02     4.225557E-01
  5.078152E+02     4.204134E-01
  5.148867E+02     4.183012E-01
  5.220568E+02     4.162194E-01
  5.293266E+02     4.141680E-01
  5.366977E+02     4.121468E-01
  5.441714E+02     4.101557E-01
  5.517492E+02     4.081944E-01
  5.594326E+02     4.062623E-01
  5.672229E+02     4.043590E-01
  5.751217E+02     4.024838E-01
  5.831305E+02     4.006361E-01
  5.912508E+02     3.988162E-01
  5.994843E+02     3.970240E-01
  6.078323E+02     3.952595E-01
  6.162966E+02     3.935227E-01
  6.248788E+02     3.918132E-01
  6.335805E+02     3.901308E-01
  6.424034E+02     3.884750E-01
  6.513491E+02     3.868453E-01
  6.604194E+02     3.852408E-01
  6.696160E+02     3.836612E-01
  6.789407E+02     3.821066E-01
  6.883952E+02     3.805770E-01
  6.979814E+02     3.790725E-01
  7.077011E+02     3.775930E-01
  7.175561E+02     3.761383E-01
  7.275484E+02     3.747082E-01
  7.376798E+02     3.733025E-01
  7.479523E+02     3.719205E-01
  7.583678E+02     3.705619E-01
  7.689284E+02     3.692262E-01
  7.796360E+02     3.679138E-01
  7.904928E+02     3.666253E-01
  8.015007E+02     3.653610E-01
  8.126619E+02     3.641213E-01
  8.239786E+02     3.629066E-01
  8.354528E+02     3.617172E-01
  8.470868E+02     3.605534E-01
  8.588829E+02     3.594153E-01
  8.708431E+02     3.583031E-01
  8.829700E+02     3.572164E-01
  8.952657E+02     3.561531E-01
  9.077327E+02     3.551102E-01
  9.203732E+02     3.540849E-01
  9.331898E+02     3.530737E-01
  9.461848E+02     3.520729E-01
  9.593608E+02     3.510785E-01
  9.727203E+02     3.500859E-01
  9.862658E+02     3.490904E-01
  1.000000E+03     3.480867E-01
