FILE CREATED BY  : PROGRAM DPASS - VERSION 2.00
DATABASE VERSION : 21.06
DATE AND TIME    : 10/08/2022 01:23:29
PROJECTILE       : Ac
TARGET           : O 
TARGET AT. MASS  : 1.599940E+01
TARGET DENSITY   : 1.429000E-03 g/cm^3
TABULATED OUTPUT : STOPPING FORCE VERSUS ENERGY
DATA TYPE        : SPLINE INTERPOLATED
ABSCISSA UNITS   : MeV/u
ORDINATE UNITS   : eV/nm


      E/n             S(E/n)

  1.000000E-03     4.331879E-01
  1.013925E-03     4.361164E-01
  1.028045E-03     4.390836E-01
  1.042361E-03     4.420879E-01
  1.056876E-03     4.451273E-01
  1.071593E-03     4.481998E-01
  1.086516E-03     4.513032E-01
  1.101646E-03     4.544350E-01
  1.116987E-03     4.575926E-01
  1.132541E-03     4.607730E-01
  1.148312E-03     4.639730E-01
  1.164303E-03     4.671898E-01
  1.180517E-03     4.704230E-01
  1.196956E-03     4.736732E-01
  1.213624E-03     4.769410E-01
  1.230524E-03     4.802272E-01
  1.247660E-03     4.835326E-01
  1.265034E-03     4.868580E-01
  1.282650E-03     4.902044E-01
  1.300511E-03     4.935729E-01
  1.318621E-03     4.969646E-01
  1.336984E-03     5.003807E-01
  1.355602E-03     5.038215E-01
  1.374479E-03     5.072871E-01
  1.393619E-03     5.107775E-01
  1.413026E-03     5.142927E-01
  1.432703E-03     5.178327E-01
  1.452654E-03     5.213977E-01
  1.472883E-03     5.249876E-01
  1.493393E-03     5.286025E-01
  1.514189E-03     5.322425E-01
  1.535275E-03     5.359077E-01
  1.556654E-03     5.395982E-01
  1.578331E-03     5.433140E-01
  1.600310E-03     5.470553E-01
  1.622595E-03     5.508222E-01
  1.645191E-03     5.546149E-01
  1.668101E-03     5.584336E-01
  1.691330E-03     5.622784E-01
  1.714882E-03     5.661496E-01
  1.738762E-03     5.700474E-01
  1.762975E-03     5.739721E-01
  1.787526E-03     5.779239E-01
  1.812418E-03     5.819029E-01
  1.837656E-03     5.859092E-01
  1.863246E-03     5.899430E-01
  1.889193E-03     5.940046E-01
  1.915501E-03     5.980941E-01
  1.942175E-03     6.022118E-01
  1.969220E-03     6.063579E-01
  1.996642E-03     6.105327E-01
  2.024447E-03     6.147366E-01
  2.052638E-03     6.189698E-01
  2.081222E-03     6.232324E-01
  2.110203E-03     6.275244E-01
  2.139589E-03     6.318461E-01
  2.169384E-03     6.361974E-01
  2.199593E-03     6.405788E-01
  2.230223E-03     6.449902E-01
  2.261280E-03     6.494319E-01
  2.292769E-03     6.539042E-01
  2.324697E-03     6.584072E-01
  2.357069E-03     6.629413E-01
  2.389893E-03     6.675066E-01
  2.423173E-03     6.721032E-01
  2.456916E-03     6.767314E-01
  2.491130E-03     6.813914E-01
  2.525820E-03     6.860835E-01
  2.560993E-03     6.908079E-01
  2.596656E-03     6.955650E-01
  2.632815E-03     7.003551E-01
  2.669478E-03     7.051786E-01
  2.706652E-03     7.100359E-01
  2.744343E-03     7.149270E-01
  2.782559E-03     7.198521E-01
  2.821308E-03     7.248114E-01
  2.860596E-03     7.298050E-01
  2.900430E-03     7.348332E-01
  2.940820E-03     7.398961E-01
  2.981772E-03     7.449941E-01
  3.023295E-03     7.501274E-01
  3.065395E-03     7.552964E-01
  3.108082E-03     7.605013E-01
  3.151363E-03     7.657423E-01
  3.195248E-03     7.710196E-01
  3.239743E-03     7.763335E-01
  3.284857E-03     7.816842E-01
  3.330600E-03     7.870719E-01
  3.376980E-03     7.924970E-01
  3.424006E-03     7.979598E-01
  3.471687E-03     8.034607E-01
  3.520031E-03     8.090002E-01
  3.569049E-03     8.145785E-01
  3.618750E-03     8.201959E-01
  3.669142E-03     8.258526E-01
  3.720237E-03     8.315486E-01
  3.772042E-03     8.372844E-01
  3.824570E-03     8.430601E-01
  3.877828E-03     8.488759E-01
  3.931829E-03     8.547323E-01
  3.986581E-03     8.606294E-01
  4.042096E-03     8.665678E-01
  4.098384E-03     8.725478E-01
  4.155455E-03     8.785696E-01
  4.213322E-03     8.846335E-01
  4.271994E-03     8.907398E-01
  4.331483E-03     8.968889E-01
  4.391801E-03     9.030810E-01
  4.452959E-03     9.093167E-01
  4.514968E-03     9.155963E-01
  4.577841E-03     9.219203E-01
  4.641589E-03     9.282893E-01
  4.706225E-03     9.347038E-01
  4.771761E-03     9.411641E-01
  4.838210E-03     9.476701E-01
  4.905584E-03     9.542223E-01
  4.973896E-03     9.608206E-01
  5.043159E-03     9.674655E-01
  5.113388E-03     9.741571E-01
  5.184594E-03     9.808957E-01
  5.256791E-03     9.876816E-01
  5.329994E-03     9.945153E-01
  5.404216E-03     1.001397E+00
  5.479472E-03     1.008327E+00
  5.555776E-03     1.015306E+00
  5.633143E-03     1.022334E+00
  5.711586E-03     1.029411E+00
  5.791123E-03     1.036538E+00
  5.871766E-03     1.043716E+00
  5.953533E-03     1.050944E+00
  6.036439E-03     1.058224E+00
  6.120498E-03     1.065556E+00
  6.205729E-03     1.072941E+00
  6.292146E-03     1.080379E+00
  6.379767E-03     1.087871E+00
  6.468608E-03     1.095416E+00
  6.558686E-03     1.103015E+00
  6.650018E-03     1.110669E+00
  6.742622E-03     1.118377E+00
  6.836516E-03     1.126141E+00
  6.931717E-03     1.133960E+00
  7.028244E-03     1.141836E+00
  7.126115E-03     1.149768E+00
  7.225349E-03     1.157757E+00
  7.325965E-03     1.165804E+00
  7.427982E-03     1.173909E+00
  7.531420E-03     1.182071E+00
  7.636298E-03     1.190292E+00
  7.742637E-03     1.198573E+00
  7.850456E-03     1.206912E+00
  7.959777E-03     1.215312E+00
  8.070620E-03     1.223772E+00
  8.183007E-03     1.232294E+00
  8.296959E-03     1.240878E+00
  8.412497E-03     1.249523E+00
  8.529644E-03     1.258231E+00
  8.648423E-03     1.267003E+00
  8.768856E-03     1.275837E+00
  8.890966E-03     1.284736E+00
  9.014776E-03     1.293699E+00
  9.140311E-03     1.302728E+00
  9.267593E-03     1.311822E+00
  9.396648E-03     1.320983E+00
  9.527500E-03     1.330212E+00
  9.660175E-03     1.339508E+00
  9.794697E-03     1.348872E+00
  9.931092E-03     1.358305E+00
  1.006939E-02     1.367806E+00
  1.020961E-02     1.377377E+00
  1.035178E-02     1.387018E+00
  1.049593E-02     1.396729E+00
  1.064209E-02     1.406512E+00
  1.079029E-02     1.416367E+00
  1.094055E-02     1.426294E+00
  1.109290E-02     1.436294E+00
  1.124737E-02     1.446368E+00
  1.140400E-02     1.456516E+00
  1.156280E-02     1.466738E+00
  1.172382E-02     1.477036E+00
  1.188708E-02     1.487410E+00
  1.205261E-02     1.497861E+00
  1.222045E-02     1.508389E+00
  1.239062E-02     1.518996E+00
  1.256317E-02     1.529682E+00
  1.273811E-02     1.540448E+00
  1.291550E-02     1.551294E+00
  1.309535E-02     1.562222E+00
  1.327771E-02     1.573230E+00
  1.346261E-02     1.584321E+00
  1.365008E-02     1.595494E+00
  1.384016E-02     1.606751E+00
  1.403289E-02     1.618093E+00
  1.422830E-02     1.629519E+00
  1.442644E-02     1.641032E+00
  1.462733E-02     1.652632E+00
  1.483103E-02     1.664318E+00
  1.503755E-02     1.676093E+00
  1.524696E-02     1.687956E+00
  1.545928E-02     1.699908E+00
  1.567455E-02     1.711951E+00
  1.589283E-02     1.724084E+00
  1.611414E-02     1.736310E+00
  1.633854E-02     1.748628E+00
  1.656606E-02     1.761041E+00
  1.679675E-02     1.773548E+00
  1.703065E-02     1.786150E+00
  1.726781E-02     1.798849E+00
  1.750827E-02     1.811643E+00
  1.775208E-02     1.824536E+00
  1.799929E-02     1.837527E+00
  1.824993E-02     1.850616E+00
  1.850407E-02     1.863807E+00
  1.876175E-02     1.877098E+00
  1.902301E-02     1.890492E+00
  1.928792E-02     1.903989E+00
  1.955651E-02     1.917590E+00
  1.982884E-02     1.931295E+00
  2.010496E-02     1.945106E+00
  2.038493E-02     1.959023E+00
  2.066880E-02     1.973048E+00
  2.095662E-02     1.987181E+00
  2.124845E-02     2.001423E+00
  2.154435E-02     2.015776E+00
  2.184436E-02     2.030240E+00
  2.214855E-02     2.044817E+00
  2.245698E-02     2.059508E+00
  2.276970E-02     2.074313E+00
  2.308678E-02     2.089232E+00
  2.340827E-02     2.104268E+00
  2.373424E-02     2.119420E+00
  2.406475E-02     2.134690E+00
  2.439986E-02     2.150079E+00
  2.473964E-02     2.165589E+00
  2.508415E-02     2.181220E+00
  2.543346E-02     2.196973E+00
  2.578763E-02     2.212850E+00
  2.614673E-02     2.228850E+00
  2.651084E-02     2.244976E+00
  2.688001E-02     2.261227E+00
  2.725433E-02     2.277604E+00
  2.763385E-02     2.294110E+00
  2.801867E-02     2.310745E+00
  2.840884E-02     2.327510E+00
  2.880444E-02     2.344407E+00
  2.920556E-02     2.361436E+00
  2.961225E-02     2.378599E+00
  3.002462E-02     2.395896E+00
  3.044272E-02     2.413329E+00
  3.086665E-02     2.430897E+00
  3.129648E-02     2.448602E+00
  3.173230E-02     2.466446E+00
  3.217418E-02     2.484428E+00
  3.262222E-02     2.502552E+00
  3.307650E-02     2.520817E+00
  3.353710E-02     2.539226E+00
  3.400412E-02     2.557778E+00
  3.447764E-02     2.576477E+00
  3.495776E-02     2.595321E+00
  3.544456E-02     2.614314E+00
  3.593814E-02     2.633456E+00
  3.643859E-02     2.652748E+00
  3.694601E-02     2.672193E+00
  3.746050E-02     2.691793E+00
  3.798215E-02     2.711549E+00
  3.851107E-02     2.731463E+00
  3.904735E-02     2.751536E+00
  3.959110E-02     2.771772E+00
  4.014242E-02     2.792172E+00
  4.070142E-02     2.812738E+00
  4.126821E-02     2.833473E+00
  4.184289E-02     2.854380E+00
  4.242556E-02     2.875461E+00
  4.301636E-02     2.896719E+00
  4.361538E-02     2.918159E+00
  4.422274E-02     2.939782E+00
  4.483856E-02     2.961593E+00
  4.546295E-02     2.983592E+00
  4.609604E-02     3.005784E+00
  4.673795E-02     3.028172E+00
  4.738880E-02     3.050760E+00
  4.804870E-02     3.073551E+00
  4.871780E-02     3.096549E+00
  4.939622E-02     3.119758E+00
  5.008408E-02     3.143184E+00
  5.078152E-02     3.166829E+00
  5.148867E-02     3.190697E+00
  5.220568E-02     3.214789E+00
  5.293266E-02     3.239109E+00
  5.366977E-02     3.263659E+00
  5.441714E-02     3.288441E+00
  5.517492E-02     3.313459E+00
  5.594326E-02     3.338717E+00
  5.672229E-02     3.364216E+00
  5.751217E-02     3.389962E+00
  5.831305E-02     3.415955E+00
  5.912508E-02     3.442198E+00
  5.994843E-02     3.468689E+00
  6.078323E-02     3.495431E+00
  6.162966E-02     3.522422E+00
  6.248788E-02     3.549663E+00
  6.335805E-02     3.577154E+00
  6.424034E-02     3.604895E+00
  6.513491E-02     3.632886E+00
  6.604194E-02     3.661128E+00
  6.696160E-02     3.689618E+00
  6.789407E-02     3.718358E+00
  6.883952E-02     3.747344E+00
  6.979814E-02     3.776576E+00
  7.077011E-02     3.806053E+00
  7.175561E-02     3.835772E+00
  7.275484E-02     3.865733E+00
  7.376798E-02     3.895932E+00
  7.479523E-02     3.926367E+00
  7.583678E-02     3.957037E+00
  7.689284E-02     3.987938E+00
  7.796360E-02     4.019069E+00
  7.904928E-02     4.050429E+00
  8.015007E-02     4.082015E+00
  8.126619E-02     4.113828E+00
  8.239786E-02     4.145863E+00
  8.354528E-02     4.178120E+00
  8.470868E-02     4.210596E+00
  8.588829E-02     4.243290E+00
  8.708431E-02     4.276198E+00
  8.829700E-02     4.309319E+00
  8.952657E-02     4.342651E+00
  9.077327E-02     4.376193E+00
  9.203732E-02     4.409943E+00
  9.331898E-02     4.443900E+00
  9.461848E-02     4.478063E+00
  9.593608E-02     4.512430E+00
  9.727203E-02     4.547000E+00
  9.862658E-02     4.581771E+00
  1.000000E-01     4.616742E+00
  1.013925E-01     4.651912E+00
  1.028045E-01     4.687279E+00
  1.042361E-01     4.722842E+00
  1.056876E-01     4.758599E+00
  1.071593E-01     4.794549E+00
  1.086516E-01     4.830691E+00
  1.101646E-01     4.867023E+00
  1.116987E-01     4.903545E+00
  1.132541E-01     4.940255E+00
  1.148312E-01     4.977153E+00
  1.164303E-01     5.014238E+00
  1.180517E-01     5.051507E+00
  1.196956E-01     5.088959E+00
  1.213624E-01     5.126593E+00
  1.230524E-01     5.164407E+00
  1.247660E-01     5.202399E+00
  1.265034E-01     5.240569E+00
  1.282650E-01     5.278913E+00
  1.300511E-01     5.317433E+00
  1.318621E-01     5.356126E+00
  1.336984E-01     5.394991E+00
  1.355602E-01     5.434028E+00
  1.374479E-01     5.473233E+00
  1.393619E-01     5.512607E+00
  1.413026E-01     5.552146E+00
  1.432703E-01     5.591849E+00
  1.452654E-01     5.631716E+00
  1.472883E-01     5.671746E+00
  1.493393E-01     5.711936E+00
  1.514189E-01     5.752288E+00
  1.535275E-01     5.792800E+00
  1.556654E-01     5.833472E+00
  1.578331E-01     5.874301E+00
  1.600310E-01     5.915285E+00
  1.622595E-01     5.956424E+00
  1.645191E-01     5.997716E+00
  1.668101E-01     6.039160E+00
  1.691330E-01     6.080755E+00
  1.714882E-01     6.122502E+00
  1.738762E-01     6.164399E+00
  1.762975E-01     6.206447E+00
  1.787526E-01     6.248645E+00
  1.812418E-01     6.290993E+00
  1.837656E-01     6.333490E+00
  1.863246E-01     6.376135E+00
  1.889193E-01     6.418928E+00
  1.915501E-01     6.461870E+00
  1.942175E-01     6.504961E+00
  1.969220E-01     6.548202E+00
  1.996642E-01     6.591596E+00
  2.024447E-01     6.635144E+00
  2.052638E-01     6.678847E+00
  2.081222E-01     6.722704E+00
  2.110203E-01     6.766717E+00
  2.139589E-01     6.810885E+00
  2.169384E-01     6.855209E+00
  2.199593E-01     6.899690E+00
  2.230223E-01     6.944332E+00
  2.261280E-01     6.989135E+00
  2.292769E-01     7.034103E+00
  2.324697E-01     7.079239E+00
  2.357069E-01     7.124546E+00
  2.389893E-01     7.170025E+00
  2.423173E-01     7.215675E+00
  2.456916E-01     7.261499E+00
  2.491130E-01     7.307498E+00
  2.525820E-01     7.353673E+00
  2.560993E-01     7.400029E+00
  2.596656E-01     7.446569E+00
  2.632815E-01     7.493296E+00
  2.669478E-01     7.540215E+00
  2.706652E-01     7.587331E+00
  2.744343E-01     7.634644E+00
  2.782559E-01     7.682157E+00
  2.821308E-01     7.729873E+00
  2.860596E-01     7.777794E+00
  2.900430E-01     7.825925E+00
  2.940820E-01     7.874269E+00
  2.981772E-01     7.922832E+00
  3.023295E-01     7.971619E+00
  3.065395E-01     8.020638E+00
  3.108082E-01     8.069894E+00
  3.151363E-01     8.119391E+00
  3.195248E-01     8.169131E+00
  3.239743E-01     8.219120E+00
  3.284857E-01     8.269361E+00
  3.330600E-01     8.319861E+00
  3.376980E-01     8.370626E+00
  3.424006E-01     8.421663E+00
  3.471687E-01     8.472979E+00
  3.520031E-01     8.524583E+00
  3.569049E-01     8.576484E+00
  3.618750E-01     8.628688E+00
  3.669142E-01     8.681201E+00
  3.720237E-01     8.734030E+00
  3.772042E-01     8.787184E+00
  3.824570E-01     8.840670E+00
  3.877828E-01     8.894498E+00
  3.931829E-01     8.948680E+00
  3.986581E-01     9.003226E+00
  4.042096E-01     9.058149E+00
  4.098384E-01     9.113461E+00
  4.155455E-01     9.169168E+00
  4.213322E-01     9.225277E+00
  4.271994E-01     9.281794E+00
  4.331483E-01     9.338726E+00
  4.391801E-01     9.396079E+00
  4.452959E-01     9.453864E+00
  4.514968E-01     9.512088E+00
  4.577841E-01     9.570762E+00
  4.641589E-01     9.629896E+00
  4.706225E-01     9.689500E+00
  4.771761E-01     9.749576E+00
  4.838210E-01     9.810123E+00
  4.905584E-01     9.871143E+00
  4.973896E-01     9.932635E+00
  5.043159E-01     9.994598E+00
  5.113388E-01     1.005703E+01
  5.184594E-01     1.011994E+01
  5.256791E-01     1.018332E+01
  5.329994E-01     1.024717E+01
  5.404216E-01     1.031150E+01
  5.479472E-01     1.037628E+01
  5.555776E-01     1.044153E+01
  5.633143E-01     1.050722E+01
  5.711586E-01     1.057334E+01
  5.791123E-01     1.063989E+01
  5.871766E-01     1.070685E+01
  5.953533E-01     1.077422E+01
  6.036439E-01     1.084196E+01
  6.120498E-01     1.091008E+01
  6.205729E-01     1.097856E+01
  6.292146E-01     1.104738E+01
  6.379767E-01     1.111652E+01
  6.468608E-01     1.118597E+01
  6.558686E-01     1.125571E+01
  6.650018E-01     1.132572E+01
  6.742622E-01     1.139598E+01
  6.836516E-01     1.146646E+01
  6.931717E-01     1.153716E+01
  7.028244E-01     1.160803E+01
  7.126115E-01     1.167906E+01
  7.225349E-01     1.175023E+01
  7.325965E-01     1.182152E+01
  7.427982E-01     1.189290E+01
  7.531420E-01     1.196435E+01
  7.636298E-01     1.203586E+01
  7.742637E-01     1.210740E+01
  7.850456E-01     1.217895E+01
  7.959777E-01     1.225049E+01
  8.070620E-01     1.232198E+01
  8.183007E-01     1.239341E+01
  8.296959E-01     1.246475E+01
  8.412497E-01     1.253598E+01
  8.529644E-01     1.260709E+01
  8.648423E-01     1.267805E+01
  8.768856E-01     1.274884E+01
  8.890966E-01     1.281944E+01
  9.014776E-01     1.288984E+01
  9.140311E-01     1.296001E+01
  9.267593E-01     1.302994E+01
  9.396648E-01     1.309959E+01
  9.527500E-01     1.316896E+01
  9.660175E-01     1.323802E+01
  9.794697E-01     1.330677E+01
  9.931092E-01     1.337518E+01
  1.006939E+00     1.344323E+01
  1.020961E+00     1.351093E+01
  1.035178E+00     1.357824E+01
  1.049593E+00     1.364516E+01
  1.064209E+00     1.371167E+01
  1.079029E+00     1.377776E+01
  1.094055E+00     1.384343E+01
  1.109290E+00     1.390865E+01
  1.124737E+00     1.397341E+01
  1.140400E+00     1.403770E+01
  1.156280E+00     1.410151E+01
  1.172382E+00     1.416483E+01
  1.188708E+00     1.422764E+01
  1.205261E+00     1.428995E+01
  1.222045E+00     1.435173E+01
  1.239062E+00     1.441300E+01
  1.256317E+00     1.447374E+01
  1.273811E+00     1.453394E+01
  1.291550E+00     1.459359E+01
  1.309535E+00     1.465269E+01
  1.327771E+00     1.471121E+01
  1.346261E+00     1.476917E+01
  1.365008E+00     1.482654E+01
  1.384016E+00     1.488334E+01
  1.403289E+00     1.493955E+01
  1.422830E+00     1.499519E+01
  1.442644E+00     1.505025E+01
  1.462733E+00     1.510471E+01
  1.483103E+00     1.515858E+01
  1.503755E+00     1.521184E+01
  1.524696E+00     1.526449E+01
  1.545928E+00     1.531653E+01
  1.567455E+00     1.536795E+01
  1.589283E+00     1.541875E+01
  1.611414E+00     1.546894E+01
  1.633854E+00     1.551852E+01
  1.656606E+00     1.556748E+01
  1.679675E+00     1.561584E+01
  1.703065E+00     1.566357E+01
  1.726781E+00     1.571067E+01
  1.750827E+00     1.575715E+01
  1.775208E+00     1.580299E+01
  1.799929E+00     1.584819E+01
  1.824993E+00     1.589276E+01
  1.850407E+00     1.593671E+01
  1.876175E+00     1.598004E+01
  1.902301E+00     1.602275E+01
  1.928792E+00     1.606483E+01
  1.955651E+00     1.610630E+01
  1.982884E+00     1.614712E+01
  2.010496E+00     1.618732E+01
  2.038493E+00     1.622687E+01
  2.066880E+00     1.626578E+01
  2.095662E+00     1.630406E+01
  2.124845E+00     1.634171E+01
  2.154435E+00     1.637873E+01
  2.184436E+00     1.641514E+01
  2.214855E+00     1.645092E+01
  2.245698E+00     1.648607E+01
  2.276970E+00     1.652059E+01
  2.308678E+00     1.655448E+01
  2.340827E+00     1.658772E+01
  2.373424E+00     1.662033E+01
  2.406475E+00     1.665231E+01
  2.439986E+00     1.668365E+01
  2.473964E+00     1.671437E+01
  2.508415E+00     1.674447E+01
  2.543346E+00     1.677396E+01
  2.578763E+00     1.680282E+01
  2.614673E+00     1.683105E+01
  2.651084E+00     1.685865E+01
  2.688001E+00     1.688561E+01
  2.725433E+00     1.691194E+01
  2.763385E+00     1.693764E+01
  2.801867E+00     1.696271E+01
  2.840884E+00     1.698716E+01
  2.880444E+00     1.701099E+01
  2.920556E+00     1.703421E+01
  2.961225E+00     1.705680E+01
  3.002462E+00     1.707877E+01
  3.044272E+00     1.710010E+01
  3.086665E+00     1.712080E+01
  3.129648E+00     1.714086E+01
  3.173230E+00     1.716028E+01
  3.217418E+00     1.717908E+01
  3.262222E+00     1.719724E+01
  3.307650E+00     1.721478E+01
  3.353710E+00     1.723170E+01
  3.400412E+00     1.724799E+01
  3.447764E+00     1.726364E+01
  3.495776E+00     1.727865E+01
  3.544456E+00     1.729302E+01
  3.593814E+00     1.730674E+01
  3.643859E+00     1.731982E+01
  3.694601E+00     1.733226E+01
  3.746050E+00     1.734406E+01
  3.798215E+00     1.735523E+01
  3.851107E+00     1.736577E+01
  3.904735E+00     1.737566E+01
  3.959110E+00     1.738492E+01
  4.014242E+00     1.739352E+01
  4.070142E+00     1.740147E+01
  4.126821E+00     1.740877E+01
  4.184289E+00     1.741541E+01
  4.242556E+00     1.742140E+01
  4.301636E+00     1.742675E+01
  4.361538E+00     1.743145E+01
  4.422274E+00     1.743550E+01
  4.483856E+00     1.743891E+01
  4.546295E+00     1.744167E+01
  4.609604E+00     1.744376E+01
  4.673795E+00     1.744520E+01
  4.738880E+00     1.744598E+01
  4.804870E+00     1.744611E+01
  4.871780E+00     1.744557E+01
  4.939622E+00     1.744439E+01
  5.008408E+00     1.744256E+01
  5.078152E+00     1.744008E+01
  5.148867E+00     1.743696E+01
  5.220568E+00     1.743318E+01
  5.293266E+00     1.742874E+01
  5.366977E+00     1.742364E+01
  5.441714E+00     1.741789E+01
  5.517492E+00     1.741147E+01
  5.594326E+00     1.740440E+01
  5.672229E+00     1.739668E+01
  5.751217E+00     1.738831E+01
  5.831305E+00     1.737929E+01
  5.912508E+00     1.736962E+01
  5.994843E+00     1.735929E+01
  6.078323E+00     1.734831E+01
  6.162966E+00     1.733667E+01
  6.248788E+00     1.732438E+01
  6.335805E+00     1.731143E+01
  6.424034E+00     1.729783E+01
  6.513491E+00     1.728357E+01
  6.604194E+00     1.726868E+01
  6.696160E+00     1.725314E+01
  6.789407E+00     1.723696E+01
  6.883952E+00     1.722014E+01
  6.979814E+00     1.720267E+01
  7.077011E+00     1.718456E+01
  7.175561E+00     1.716580E+01
  7.275484E+00     1.714640E+01
  7.376798E+00     1.712637E+01
  7.479523E+00     1.710570E+01
  7.583678E+00     1.708441E+01
  7.689284E+00     1.706250E+01
  7.796360E+00     1.703997E+01
  7.904928E+00     1.701681E+01
  8.015007E+00     1.699303E+01
  8.126619E+00     1.696863E+01
  8.239786E+00     1.694361E+01
  8.354528E+00     1.691796E+01
  8.470868E+00     1.689171E+01
  8.588829E+00     1.686484E+01
  8.708431E+00     1.683737E+01
  8.829700E+00     1.680930E+01
  8.952657E+00     1.678063E+01
  9.077327E+00     1.675136E+01
  9.203732E+00     1.672149E+01
  9.331898E+00     1.669103E+01
  9.461848E+00     1.665997E+01
  9.593608E+00     1.662833E+01
  9.727203E+00     1.659609E+01
  9.862658E+00     1.656328E+01
  1.000000E+01     1.652989E+01
  1.013925E+01     1.649594E+01
  1.028045E+01     1.646142E+01
  1.042361E+01     1.642633E+01
  1.056876E+01     1.639068E+01
  1.071593E+01     1.635446E+01
  1.086516E+01     1.631769E+01
  1.101646E+01     1.628035E+01
  1.116987E+01     1.624247E+01
  1.132541E+01     1.620403E+01
  1.148312E+01     1.616505E+01
  1.164303E+01     1.612554E+01
  1.180517E+01     1.608549E+01
  1.196956E+01     1.604491E+01
  1.213624E+01     1.600380E+01
  1.230524E+01     1.596217E+01
  1.247660E+01     1.592001E+01
  1.265034E+01     1.587734E+01
  1.282650E+01     1.583416E+01
  1.300511E+01     1.579048E+01
  1.318621E+01     1.574629E+01
  1.336984E+01     1.570162E+01
  1.355602E+01     1.565647E+01
  1.374479E+01     1.561083E+01
  1.393619E+01     1.556471E+01
  1.413026E+01     1.551812E+01
  1.432703E+01     1.547104E+01
  1.452654E+01     1.542350E+01
  1.472883E+01     1.537548E+01
  1.493393E+01     1.532700E+01
  1.514189E+01     1.527806E+01
  1.535275E+01     1.522867E+01
  1.556654E+01     1.517883E+01
  1.578331E+01     1.512854E+01
  1.600310E+01     1.507781E+01
  1.622595E+01     1.502664E+01
  1.645191E+01     1.497504E+01
  1.668101E+01     1.492302E+01
  1.691330E+01     1.487057E+01
  1.714882E+01     1.481771E+01
  1.738762E+01     1.476444E+01
  1.762975E+01     1.471077E+01
  1.787526E+01     1.465671E+01
  1.812418E+01     1.460225E+01
  1.837656E+01     1.454741E+01
  1.863246E+01     1.449219E+01
  1.889193E+01     1.443660E+01
  1.915501E+01     1.438063E+01
  1.942175E+01     1.432430E+01
  1.969220E+01     1.426760E+01
  1.996642E+01     1.421056E+01
  2.024447E+01     1.415317E+01
  2.052638E+01     1.409543E+01
  2.081222E+01     1.403736E+01
  2.110203E+01     1.397896E+01
  2.139589E+01     1.392023E+01
  2.169384E+01     1.386119E+01
  2.199593E+01     1.380183E+01
  2.230223E+01     1.374217E+01
  2.261280E+01     1.368220E+01
  2.292769E+01     1.362194E+01
  2.324697E+01     1.356140E+01
  2.357069E+01     1.350057E+01
  2.389893E+01     1.343947E+01
  2.423173E+01     1.337810E+01
  2.456916E+01     1.331646E+01
  2.491130E+01     1.325456E+01
  2.525820E+01     1.319240E+01
  2.560993E+01     1.312999E+01
  2.596656E+01     1.306733E+01
  2.632815E+01     1.300443E+01
  2.669478E+01     1.294130E+01
  2.706652E+01     1.287793E+01
  2.744343E+01     1.281433E+01
  2.782559E+01     1.275053E+01
  2.821308E+01     1.268651E+01
  2.860596E+01     1.262230E+01
  2.900430E+01     1.255790E+01
  2.940820E+01     1.249331E+01
  2.981772E+01     1.242856E+01
  3.023295E+01     1.236365E+01
  3.065395E+01     1.229858E+01
  3.108082E+01     1.223337E+01
  3.151363E+01     1.216802E+01
  3.195248E+01     1.210255E+01
  3.239743E+01     1.203694E+01
  3.284857E+01     1.197122E+01
  3.330600E+01     1.190538E+01
  3.376980E+01     1.183943E+01
  3.424006E+01     1.177338E+01
  3.471687E+01     1.170722E+01
  3.520031E+01     1.164096E+01
  3.569049E+01     1.157461E+01
  3.618750E+01     1.150818E+01
  3.669142E+01     1.144166E+01
  3.720237E+01     1.137507E+01
  3.772042E+01     1.130843E+01
  3.824570E+01     1.124172E+01
  3.877828E+01     1.117497E+01
  3.931829E+01     1.110819E+01
  3.986581E+01     1.104136E+01
  4.042096E+01     1.097451E+01
  4.098384E+01     1.090764E+01
  4.155455E+01     1.084076E+01
  4.213322E+01     1.077388E+01
  4.271994E+01     1.070700E+01
  4.331483E+01     1.064015E+01
  4.391801E+01     1.057332E+01
  4.452959E+01     1.050652E+01
  4.514968E+01     1.043977E+01
  4.577841E+01     1.037306E+01
  4.641589E+01     1.030642E+01
  4.706225E+01     1.023983E+01
  4.771761E+01     1.017332E+01
  4.838210E+01     1.010689E+01
  4.905584E+01     1.004054E+01
  4.973896E+01     9.974289E+00
  5.043159E+01     9.908132E+00
  5.113388E+01     9.842077E+00
  5.184594E+01     9.776128E+00
  5.256791E+01     9.710288E+00
  5.329994E+01     9.644558E+00
  5.404216E+01     9.578940E+00
  5.479472E+01     9.513442E+00
  5.555776E+01     9.448073E+00
  5.633143E+01     9.382843E+00
  5.711586E+01     9.317760E+00
  5.791123E+01     9.252831E+00
  5.871766E+01     9.188065E+00
  5.953533E+01     9.123466E+00
  6.036439E+01     9.059041E+00
  6.120498E+01     8.994793E+00
  6.205729E+01     8.930727E+00
  6.292146E+01     8.866850E+00
  6.379767E+01     8.803170E+00
  6.468608E+01     8.739696E+00
  6.558686E+01     8.676435E+00
  6.650018E+01     8.613392E+00
  6.742622E+01     8.550572E+00
  6.836516E+01     8.487980E+00
  6.931717E+01     8.425619E+00
  7.028244E+01     8.363489E+00
  7.126115E+01     8.301592E+00
  7.225349E+01     8.239935E+00
  7.325965E+01     8.178525E+00
  7.427982E+01     8.117371E+00
  7.531420E+01     8.056480E+00
  7.636298E+01     7.995860E+00
  7.742637E+01     7.935514E+00
  7.850456E+01     7.875448E+00
  7.959777E+01     7.815664E+00
  8.070620E+01     7.756164E+00
  8.183007E+01     7.696948E+00
  8.296959E+01     7.638022E+00
  8.412497E+01     7.579393E+00
  8.529644E+01     7.521068E+00
  8.648423E+01     7.463054E+00
  8.768856E+01     7.405357E+00
  8.890966E+01     7.347978E+00
  9.014776E+01     7.290923E+00
  9.140311E+01     7.234191E+00
  9.267593E+01     7.177781E+00
  9.396648E+01     7.121693E+00
  9.527500E+01     7.065930E+00
  9.660175E+01     7.010498E+00
  9.794697E+01     6.955404E+00
  9.931092E+01     6.900655E+00
  1.006939E+02     6.846254E+00
  1.020961E+02     6.792205E+00
  1.035178E+02     6.738509E+00
  1.049593E+02     6.685167E+00
  1.064209E+02     6.632177E+00
  1.079029E+02     6.579536E+00
  1.094055E+02     6.527247E+00
  1.109290E+02     6.475314E+00
  1.124737E+02     6.423745E+00
  1.140400E+02     6.372544E+00
  1.156280E+02     6.321715E+00
  1.172382E+02     6.271259E+00
  1.188708E+02     6.221179E+00
  1.205261E+02     6.171473E+00
  1.222045E+02     6.122138E+00
  1.239062E+02     6.073171E+00
  1.256317E+02     6.024570E+00
  1.273811E+02     5.976342E+00
  1.291550E+02     5.928492E+00
  1.309535E+02     5.881025E+00
  1.327771E+02     5.833942E+00
  1.346261E+02     5.787247E+00
  1.365008E+02     5.740938E+00
  1.384016E+02     5.695015E+00
  1.403289E+02     5.649474E+00
  1.422830E+02     5.604311E+00
  1.442644E+02     5.559522E+00
  1.462733E+02     5.515114E+00
  1.483103E+02     5.471090E+00
  1.503755E+02     5.427454E+00
  1.524696E+02     5.384208E+00
  1.545928E+02     5.341354E+00
  1.567455E+02     5.298891E+00
  1.589283E+02     5.256816E+00
  1.611414E+02     5.215126E+00
  1.633854E+02     5.173815E+00
  1.656606E+02     5.132878E+00
  1.679675E+02     5.092321E+00
  1.703065E+02     5.052146E+00
  1.726781E+02     5.012356E+00
  1.750827E+02     4.972953E+00
  1.775208E+02     4.933938E+00
  1.799929E+02     4.895307E+00
  1.824993E+02     4.857060E+00
  1.850407E+02     4.819190E+00
  1.876175E+02     4.781691E+00
  1.902301E+02     4.744558E+00
  1.928792E+02     4.707794E+00
  1.955651E+02     4.671402E+00
  1.982884E+02     4.635384E+00
  2.010496E+02     4.599742E+00
  2.038493E+02     4.564475E+00
  2.066880E+02     4.529582E+00
  2.095662E+02     4.495060E+00
  2.124845E+02     4.460903E+00
  2.154435E+02     4.427106E+00
  2.184436E+02     4.393662E+00
  2.214855E+02     4.360573E+00
  2.245698E+02     4.327841E+00
  2.276970E+02     4.295469E+00
  2.308678E+02     4.263457E+00
  2.340827E+02     4.231804E+00
  2.373424E+02     4.200510E+00
  2.406475E+02     4.169569E+00
  2.439986E+02     4.138977E+00
  2.473964E+02     4.108727E+00
  2.508415E+02     4.078813E+00
  2.543346E+02     4.049235E+00
  2.578763E+02     4.019996E+00
  2.614673E+02     3.991096E+00
  2.651084E+02     3.962536E+00
  2.688001E+02     3.934316E+00
  2.725433E+02     3.906433E+00
  2.763385E+02     3.878884E+00
  2.801867E+02     3.851664E+00
  2.840884E+02     3.824766E+00
  2.880444E+02     3.798183E+00
  2.920556E+02     3.771915E+00
  2.961225E+02     3.745963E+00
  3.002462E+02     3.720330E+00
  3.044272E+02     3.695015E+00
  3.086665E+02     3.670017E+00
  3.129648E+02     3.645334E+00
  3.173230E+02     3.620964E+00
  3.217418E+02     3.596900E+00
  3.262222E+02     3.573137E+00
  3.307650E+02     3.549668E+00
  3.353710E+02     3.526492E+00
  3.400412E+02     3.503610E+00
  3.447764E+02     3.481023E+00
  3.495776E+02     3.458731E+00
  3.544456E+02     3.436732E+00
  3.593814E+02     3.415026E+00
  3.643859E+02     3.393608E+00
  3.694601E+02     3.372473E+00
  3.746050E+02     3.351615E+00
  3.798215E+02     3.331028E+00
  3.851107E+02     3.310710E+00
  3.904735E+02     3.290661E+00
  3.959110E+02     3.270884E+00
  4.014242E+02     3.251377E+00
  4.070142E+02     3.232141E+00
  4.126821E+02     3.213173E+00
  4.184289E+02     3.194471E+00
  4.242556E+02     3.176030E+00
  4.301636E+02     3.157846E+00
  4.361538E+02     3.139911E+00
  4.422274E+02     3.122225E+00
  4.483856E+02     3.104787E+00
  4.546295E+02     3.087599E+00
  4.609604E+02     3.070660E+00
  4.673795E+02     3.053969E+00
  4.738880E+02     3.037525E+00
  4.804870E+02     3.021325E+00
  4.871780E+02     3.005364E+00
  4.939622E+02     2.989637E+00
  5.008408E+02     2.974139E+00
  5.078152E+02     2.958866E+00
  5.148867E+02     2.943820E+00
  5.220568E+02     2.929001E+00
  5.293266E+02     2.914408E+00
  5.366977E+02     2.900041E+00
  5.441714E+02     2.885899E+00
  5.517492E+02     2.871978E+00
  5.594326E+02     2.858275E+00
  5.672229E+02     2.844785E+00
  5.751217E+02     2.831504E+00
  5.831305E+02     2.818428E+00
  5.912508E+02     2.805556E+00
  5.994843E+02     2.792891E+00
  6.078323E+02     2.780431E+00
  6.162966E+02     2.768177E+00
  6.248788E+02     2.756125E+00
  6.335805E+02     2.744275E+00
  6.424034E+02     2.732622E+00
  6.513491E+02     2.721163E+00
  6.604194E+02     2.709892E+00
  6.696160E+02     2.698807E+00
  6.789407E+02     2.687906E+00
  6.883952E+02     2.677192E+00
  6.979814E+02     2.666662E+00
  7.077011E+02     2.656315E+00
  7.175561E+02     2.646151E+00
  7.275484E+02     2.636167E+00
  7.376798E+02     2.626359E+00
  7.479523E+02     2.616723E+00
  7.583678E+02     2.607255E+00
  7.689284E+02     2.597951E+00
  7.796360E+02     2.588814E+00
  7.904928E+02     2.579847E+00
  8.015007E+02     2.571052E+00
  8.126619E+02     2.562433E+00
  8.239786E+02     2.553992E+00
  8.354528E+02     2.545730E+00
  8.470868E+02     2.537650E+00
  8.588829E+02     2.529753E+00
  8.708431E+02     2.522039E+00
  8.829700E+02     2.514505E+00
  8.952657E+02     2.507136E+00
  9.077327E+02     2.499913E+00
  9.203732E+02     2.492815E+00
  9.331898E+02     2.485816E+00
  9.461848E+02     2.478893E+00
  9.593608E+02     2.472015E+00
  9.727203E+02     2.465152E+00
  9.862658E+02     2.458270E+00
  1.000000E+03     2.451331E+00
