FILE CREATED BY  : PROGRAM DPASS - VERSION 2.00
DATABASE VERSION : 21.06
DATE AND TIME    : 09/08/2022 20:13:29
PROJECTILE       : O 
TARGET           : C 
TARGET AT. MASS  : 1.201100E+01
TARGET DENSITY   : 2.260000E+00 g/cm^3
TABULATED OUTPUT : STOPPING FORCE VERSUS ENERGY
DATA TYPE        : SPLINE INTERPOLATED
ABSCISSA UNITS   : MeV/u
ORDINATE UNITS   : eV/nm


      E/n             S(E/n)

  1.000000E-03     2.247735E+02
  1.013925E-03     2.262893E+02
  1.028045E-03     2.278252E+02
  1.042361E-03     2.293803E+02
  1.056876E-03     2.309537E+02
  1.071593E-03     2.325443E+02
  1.086516E-03     2.341511E+02
  1.101646E-03     2.357727E+02
  1.116987E-03     2.374080E+02
  1.132541E-03     2.390553E+02
  1.148312E-03     2.407131E+02
  1.164303E-03     2.423800E+02
  1.180517E-03     2.440558E+02
  1.196956E-03     2.457409E+02
  1.213624E-03     2.474356E+02
  1.230524E-03     2.491405E+02
  1.247660E-03     2.508561E+02
  1.265034E-03     2.525827E+02
  1.282650E-03     2.543211E+02
  1.300511E-03     2.560719E+02
  1.318621E-03     2.578357E+02
  1.336984E-03     2.596132E+02
  1.355602E-03     2.614047E+02
  1.374479E-03     2.632101E+02
  1.393619E-03     2.650294E+02
  1.413026E-03     2.668625E+02
  1.432703E-03     2.687095E+02
  1.452654E-03     2.705703E+02
  1.472883E-03     2.724448E+02
  1.493393E-03     2.743331E+02
  1.514189E-03     2.762351E+02
  1.535275E-03     2.781508E+02
  1.556654E-03     2.800801E+02
  1.578331E-03     2.820234E+02
  1.600310E-03     2.839806E+02
  1.622595E-03     2.859519E+02
  1.645191E-03     2.879374E+02
  1.668101E-03     2.899374E+02
  1.691330E-03     2.919519E+02
  1.714882E-03     2.939813E+02
  1.738762E-03     2.960257E+02
  1.762975E-03     2.980853E+02
  1.787526E-03     3.001604E+02
  1.812418E-03     3.022509E+02
  1.837656E-03     3.043570E+02
  1.863246E-03     3.064787E+02
  1.889193E-03     3.086163E+02
  1.915501E-03     3.107697E+02
  1.942175E-03     3.129393E+02
  1.969220E-03     3.151250E+02
  1.996642E-03     3.173271E+02
  2.024447E-03     3.195457E+02
  2.052638E-03     3.217810E+02
  2.081222E-03     3.240331E+02
  2.110203E-03     3.263020E+02
  2.139589E-03     3.285878E+02
  2.169384E-03     3.308908E+02
  2.199593E-03     3.332109E+02
  2.230223E-03     3.355483E+02
  2.261280E-03     3.379032E+02
  2.292769E-03     3.402758E+02
  2.324697E-03     3.426661E+02
  2.357069E-03     3.450744E+02
  2.389893E-03     3.475008E+02
  2.423173E-03     3.499455E+02
  2.456916E-03     3.524085E+02
  2.491130E-03     3.548901E+02
  2.525820E-03     3.573905E+02
  2.560993E-03     3.599098E+02
  2.596656E-03     3.624484E+02
  2.632815E-03     3.650063E+02
  2.669478E-03     3.675840E+02
  2.706652E-03     3.701815E+02
  2.744343E-03     3.727990E+02
  2.782559E-03     3.754367E+02
  2.821308E-03     3.780946E+02
  2.860596E-03     3.807730E+02
  2.900430E-03     3.834719E+02
  2.940820E-03     3.861916E+02
  2.981772E-03     3.889321E+02
  3.023295E-03     3.916939E+02
  3.065395E-03     3.944769E+02
  3.108082E-03     3.972815E+02
  3.151363E-03     4.001077E+02
  3.195248E-03     4.029558E+02
  3.239743E-03     4.058259E+02
  3.284857E-03     4.087182E+02
  3.330600E-03     4.116328E+02
  3.376980E-03     4.145701E+02
  3.424006E-03     4.175302E+02
  3.471687E-03     4.205134E+02
  3.520031E-03     4.235199E+02
  3.569049E-03     4.265500E+02
  3.618750E-03     4.296039E+02
  3.669142E-03     4.326817E+02
  3.720237E-03     4.357835E+02
  3.772042E-03     4.389097E+02
  3.824570E-03     4.420604E+02
  3.877828E-03     4.452358E+02
  3.931829E-03     4.484362E+02
  3.986581E-03     4.516618E+02
  4.042096E-03     4.549129E+02
  4.098384E-03     4.581898E+02
  4.155455E-03     4.614927E+02
  4.213322E-03     4.648217E+02
  4.271994E-03     4.681770E+02
  4.331483E-03     4.715590E+02
  4.391801E-03     4.749677E+02
  4.452959E-03     4.784035E+02
  4.514968E-03     4.818667E+02
  4.577841E-03     4.853575E+02
  4.641589E-03     4.888762E+02
  4.706225E-03     4.924232E+02
  4.771761E-03     4.959986E+02
  4.838210E-03     4.996027E+02
  4.905584E-03     5.032357E+02
  4.973896E-03     5.068977E+02
  5.043159E-03     5.105891E+02
  5.113388E-03     5.143101E+02
  5.184594E-03     5.180609E+02
  5.256791E-03     5.218419E+02
  5.329994E-03     5.256534E+02
  5.404216E-03     5.294957E+02
  5.479472E-03     5.333690E+02
  5.555776E-03     5.372737E+02
  5.633143E-03     5.412098E+02
  5.711586E-03     5.451778E+02
  5.791123E-03     5.491779E+02
  5.871766E-03     5.532103E+02
  5.953533E-03     5.572756E+02
  6.036439E-03     5.613739E+02
  6.120498E-03     5.655056E+02
  6.205729E-03     5.696712E+02
  6.292146E-03     5.738710E+02
  6.379767E-03     5.781051E+02
  6.468608E-03     5.823739E+02
  6.558686E-03     5.866775E+02
  6.650018E-03     5.910163E+02
  6.742622E-03     5.953907E+02
  6.836516E-03     5.998008E+02
  6.931717E-03     6.042471E+02
  7.028244E-03     6.087299E+02
  7.126115E-03     6.132496E+02
  7.225349E-03     6.178066E+02
  7.325965E-03     6.224011E+02
  7.427982E-03     6.270334E+02
  7.531420E-03     6.317038E+02
  7.636298E-03     6.364127E+02
  7.742637E-03     6.411603E+02
  7.850456E-03     6.459471E+02
  7.959777E-03     6.507735E+02
  8.070620E-03     6.556398E+02
  8.183007E-03     6.605467E+02
  8.296959E-03     6.654943E+02
  8.412497E-03     6.704829E+02
  8.529644E-03     6.755130E+02
  8.648423E-03     6.805848E+02
  8.768856E-03     6.856985E+02
  8.890966E-03     6.908547E+02
  9.014776E-03     6.960536E+02
  9.140311E-03     7.012956E+02
  9.267593E-03     7.065813E+02
  9.396648E-03     7.119110E+02
  9.527500E-03     7.172851E+02
  9.660175E-03     7.227040E+02
  9.794697E-03     7.281679E+02
  9.931092E-03     7.336772E+02
  1.006939E-02     7.392323E+02
  1.020961E-02     7.448336E+02
  1.035178E-02     7.504814E+02
  1.049593E-02     7.561763E+02
  1.064209E-02     7.619187E+02
  1.079029E-02     7.677091E+02
  1.094055E-02     7.735480E+02
  1.109290E-02     7.794355E+02
  1.124737E-02     7.853722E+02
  1.140400E-02     7.913583E+02
  1.156280E-02     7.973941E+02
  1.172382E-02     8.034802E+02
  1.188708E-02     8.096168E+02
  1.205261E-02     8.158045E+02
  1.222045E-02     8.220437E+02
  1.239062E-02     8.283349E+02
  1.256317E-02     8.346786E+02
  1.273811E-02     8.410750E+02
  1.291550E-02     8.475246E+02
  1.309535E-02     8.540277E+02
  1.327771E-02     8.605848E+02
  1.346261E-02     8.671961E+02
  1.365008E-02     8.738623E+02
  1.384016E-02     8.805837E+02
  1.403289E-02     8.873609E+02
  1.422830E-02     8.941943E+02
  1.442644E-02     9.010846E+02
  1.462733E-02     9.080320E+02
  1.483103E-02     9.150368E+02
  1.503755E-02     9.220994E+02
  1.524696E-02     9.292202E+02
  1.545928E-02     9.363996E+02
  1.567455E-02     9.436379E+02
  1.589283E-02     9.509357E+02
  1.611414E-02     9.582934E+02
  1.633854E-02     9.657116E+02
  1.656606E-02     9.731905E+02
  1.679675E-02     9.807308E+02
  1.703065E-02     9.883325E+02
  1.726781E-02     9.959962E+02
  1.750827E-02     1.003722E+03
  1.775208E-02     1.011511E+03
  1.799929E-02     1.019363E+03
  1.824993E-02     1.027278E+03
  1.850407E-02     1.035257E+03
  1.876175E-02     1.043301E+03
  1.902301E-02     1.051410E+03
  1.928792E-02     1.059585E+03
  1.955651E-02     1.067825E+03
  1.982884E-02     1.076131E+03
  2.010496E-02     1.084503E+03
  2.038493E-02     1.092942E+03
  2.066880E-02     1.101448E+03
  2.095662E-02     1.110022E+03
  2.124845E-02     1.118663E+03
  2.154435E-02     1.127373E+03
  2.184436E-02     1.136152E+03
  2.214855E-02     1.144999E+03
  2.245698E-02     1.153916E+03
  2.276970E-02     1.162903E+03
  2.308678E-02     1.171959E+03
  2.340827E-02     1.181086E+03
  2.373424E-02     1.190283E+03
  2.406475E-02     1.199550E+03
  2.439986E-02     1.208888E+03
  2.473964E-02     1.218298E+03
  2.508415E-02     1.227780E+03
  2.543346E-02     1.237333E+03
  2.578763E-02     1.246959E+03
  2.614673E-02     1.256656E+03
  2.651084E-02     1.266426E+03
  2.688001E-02     1.276269E+03
  2.725433E-02     1.286184E+03
  2.763385E-02     1.296172E+03
  2.801867E-02     1.306233E+03
  2.840884E-02     1.316368E+03
  2.880444E-02     1.326576E+03
  2.920556E-02     1.336858E+03
  2.961225E-02     1.347214E+03
  3.002462E-02     1.357644E+03
  3.044272E-02     1.368147E+03
  3.086665E-02     1.378723E+03
  3.129648E-02     1.389373E+03
  3.173230E-02     1.400096E+03
  3.217418E-02     1.410893E+03
  3.262222E-02     1.421763E+03
  3.307650E-02     1.432706E+03
  3.353710E-02     1.443723E+03
  3.400412E-02     1.454812E+03
  3.447764E-02     1.465974E+03
  3.495776E-02     1.477208E+03
  3.544456E-02     1.488514E+03
  3.593814E-02     1.499891E+03
  3.643859E-02     1.511339E+03
  3.694601E-02     1.522859E+03
  3.746050E-02     1.534448E+03
  3.798215E-02     1.546108E+03
  3.851107E-02     1.557838E+03
  3.904735E-02     1.569637E+03
  3.959110E-02     1.581503E+03
  4.014242E-02     1.593437E+03
  4.070142E-02     1.605437E+03
  4.126821E-02     1.617503E+03
  4.184289E-02     1.629633E+03
  4.242556E-02     1.641827E+03
  4.301636E-02     1.654084E+03
  4.361538E-02     1.666402E+03
  4.422274E-02     1.678781E+03
  4.483856E-02     1.691220E+03
  4.546295E-02     1.703717E+03
  4.609604E-02     1.716271E+03
  4.673795E-02     1.728881E+03
  4.738880E-02     1.741545E+03
  4.804870E-02     1.754262E+03
  4.871780E-02     1.767030E+03
  4.939622E-02     1.779848E+03
  5.008408E-02     1.792715E+03
  5.078152E-02     1.805628E+03
  5.148867E-02     1.818587E+03
  5.220568E-02     1.831588E+03
  5.293266E-02     1.844629E+03
  5.366977E-02     1.857709E+03
  5.441714E-02     1.870825E+03
  5.517492E-02     1.883974E+03
  5.594326E-02     1.897155E+03
  5.672229E-02     1.910364E+03
  5.751217E-02     1.923600E+03
  5.831305E-02     1.936859E+03
  5.912508E-02     1.950139E+03
  5.994843E-02     1.963437E+03
  6.078323E-02     1.976750E+03
  6.162966E-02     1.990075E+03
  6.248788E-02     2.003409E+03
  6.335805E-02     2.016749E+03
  6.424034E-02     2.030093E+03
  6.513491E-02     2.043436E+03
  6.604194E-02     2.056775E+03
  6.696160E-02     2.070108E+03
  6.789407E-02     2.083430E+03
  6.883952E-02     2.096738E+03
  6.979814E-02     2.110029E+03
  7.077011E-02     2.123298E+03
  7.175561E-02     2.136542E+03
  7.275484E-02     2.149758E+03
  7.376798E-02     2.162940E+03
  7.479523E-02     2.176086E+03
  7.583678E-02     2.189190E+03
  7.689284E-02     2.202250E+03
  7.796360E-02     2.215261E+03
  7.904928E-02     2.228219E+03
  8.015007E-02     2.241118E+03
  8.126619E-02     2.253956E+03
  8.239786E-02     2.266727E+03
  8.354528E-02     2.279427E+03
  8.470868E-02     2.292051E+03
  8.588829E-02     2.304595E+03
  8.708431E-02     2.317055E+03
  8.829700E-02     2.329425E+03
  8.952657E-02     2.341701E+03
  9.077327E-02     2.353877E+03
  9.203732E-02     2.365947E+03
  9.331898E-02     2.377906E+03
  9.461848E-02     2.389748E+03
  9.593608E-02     2.401468E+03
  9.727203E-02     2.413060E+03
  9.862658E-02     2.424518E+03
  1.000000E-01     2.435836E+03
  1.013925E-01     2.447010E+03
  1.028045E-01     2.458034E+03
  1.042361E-01     2.468906E+03
  1.056876E-01     2.479621E+03
  1.071593E-01     2.490176E+03
  1.086516E-01     2.500569E+03
  1.101646E-01     2.510796E+03
  1.116987E-01     2.520855E+03
  1.132541E-01     2.530744E+03
  1.148312E-01     2.540461E+03
  1.164303E-01     2.550004E+03
  1.180517E-01     2.559371E+03
  1.196956E-01     2.568558E+03
  1.213624E-01     2.577564E+03
  1.230524E-01     2.586387E+03
  1.247660E-01     2.595024E+03
  1.265034E-01     2.603475E+03
  1.282650E-01     2.611738E+03
  1.300511E-01     2.619814E+03
  1.318621E-01     2.627702E+03
  1.336984E-01     2.635403E+03
  1.355602E-01     2.642915E+03
  1.374479E-01     2.650237E+03
  1.393619E-01     2.657367E+03
  1.413026E-01     2.664304E+03
  1.432703E-01     2.671047E+03
  1.452654E-01     2.677596E+03
  1.472883E-01     2.683952E+03
  1.493393E-01     2.690116E+03
  1.514189E-01     2.696088E+03
  1.535275E-01     2.701871E+03
  1.556654E-01     2.707465E+03
  1.578331E-01     2.712869E+03
  1.600310E-01     2.718081E+03
  1.622595E-01     2.723102E+03
  1.645191E-01     2.727932E+03
  1.668101E-01     2.732571E+03
  1.691330E-01     2.737021E+03
  1.714882E-01     2.741283E+03
  1.738762E-01     2.745360E+03
  1.762975E-01     2.749255E+03
  1.787526E-01     2.752969E+03
  1.812418E-01     2.756502E+03
  1.837656E-01     2.759852E+03
  1.863246E-01     2.763021E+03
  1.889193E-01     2.766008E+03
  1.915501E-01     2.768817E+03
  1.942175E-01     2.771447E+03
  1.969220E-01     2.773902E+03
  1.996642E-01     2.776185E+03
  2.024447E-01     2.778298E+03
  2.052638E-01     2.780245E+03
  2.081222E-01     2.782024E+03
  2.110203E-01     2.783637E+03
  2.139589E-01     2.785083E+03
  2.169384E-01     2.786364E+03
  2.199593E-01     2.787480E+03
  2.230223E-01     2.788436E+03
  2.261280E-01     2.789232E+03
  2.292769E-01     2.789872E+03
  2.324697E-01     2.790359E+03
  2.357069E-01     2.790697E+03
  2.389893E-01     2.790885E+03
  2.423173E-01     2.790923E+03
  2.456916E-01     2.790813E+03
  2.491130E-01     2.790555E+03
  2.525820E-01     2.790152E+03
  2.560993E-01     2.789605E+03
  2.596656E-01     2.788916E+03
  2.632815E-01     2.788090E+03
  2.669478E-01     2.787128E+03
  2.706652E-01     2.786035E+03
  2.744343E-01     2.784810E+03
  2.782559E-01     2.783454E+03
  2.821308E-01     2.781967E+03
  2.860596E-01     2.780351E+03
  2.900430E-01     2.778607E+03
  2.940820E-01     2.776737E+03
  2.981772E-01     2.774744E+03
  3.023295E-01     2.772630E+03
  3.065395E-01     2.770399E+03
  3.108082E-01     2.768052E+03
  3.151363E-01     2.765591E+03
  3.195248E-01     2.763016E+03
  3.239743E-01     2.760327E+03
  3.284857E-01     2.757526E+03
  3.330600E-01     2.754613E+03
  3.376980E-01     2.751591E+03
  3.424006E-01     2.748462E+03
  3.471687E-01     2.745227E+03
  3.520031E-01     2.741890E+03
  3.569049E-01     2.738452E+03
  3.618750E-01     2.734915E+03
  3.669142E-01     2.731277E+03
  3.720237E-01     2.727542E+03
  3.772042E-01     2.723708E+03
  3.824570E-01     2.719778E+03
  3.877828E-01     2.715752E+03
  3.931829E-01     2.711632E+03
  3.986581E-01     2.707420E+03
  4.042096E-01     2.703119E+03
  4.098384E-01     2.698730E+03
  4.155455E-01     2.694253E+03
  4.213322E-01     2.689689E+03
  4.271994E-01     2.685039E+03
  4.331483E-01     2.680302E+03
  4.391801E-01     2.675480E+03
  4.452959E-01     2.670573E+03
  4.514968E-01     2.665582E+03
  4.577841E-01     2.660509E+03
  4.641589E-01     2.655354E+03
  4.706225E-01     2.650120E+03
  4.771761E-01     2.644807E+03
  4.838210E-01     2.639415E+03
  4.905584E-01     2.633944E+03
  4.973896E-01     2.628395E+03
  5.043159E-01     2.622768E+03
  5.113388E-01     2.617064E+03
  5.184594E-01     2.611285E+03
  5.256791E-01     2.605430E+03
  5.329994E-01     2.599501E+03
  5.404216E-01     2.593499E+03
  5.479472E-01     2.587424E+03
  5.555776E-01     2.581277E+03
  5.633143E-01     2.575058E+03
  5.711586E-01     2.568767E+03
  5.791123E-01     2.562404E+03
  5.871766E-01     2.555970E+03
  5.953533E-01     2.549465E+03
  6.036439E-01     2.542889E+03
  6.120498E-01     2.536245E+03
  6.205729E-01     2.529531E+03
  6.292146E-01     2.522748E+03
  6.379767E-01     2.515897E+03
  6.468608E-01     2.508977E+03
  6.558686E-01     2.501989E+03
  6.650018E-01     2.494933E+03
  6.742622E-01     2.487809E+03
  6.836516E-01     2.480617E+03
  6.931717E-01     2.473358E+03
  7.028244E-01     2.466032E+03
  7.126115E-01     2.458639E+03
  7.225349E-01     2.451181E+03
  7.325965E-01     2.443656E+03
  7.427982E-01     2.436064E+03
  7.531420E-01     2.428407E+03
  7.636298E-01     2.420685E+03
  7.742637E-01     2.412896E+03
  7.850456E-01     2.405043E+03
  7.959777E-01     2.397125E+03
  8.070620E-01     2.389142E+03
  8.183007E-01     2.381094E+03
  8.296959E-01     2.372983E+03
  8.412497E-01     2.364808E+03
  8.529644E-01     2.356570E+03
  8.648423E-01     2.348268E+03
  8.768856E-01     2.339904E+03
  8.890966E-01     2.331477E+03
  9.014776E-01     2.322987E+03
  9.140311E-01     2.314436E+03
  9.267593E-01     2.305824E+03
  9.396648E-01     2.297150E+03
  9.527500E-01     2.288416E+03
  9.660175E-01     2.279621E+03
  9.794697E-01     2.270767E+03
  9.931092E-01     2.261853E+03
  1.006939E+00     2.252879E+03
  1.020961E+00     2.243847E+03
  1.035178E+00     2.234755E+03
  1.049593E+00     2.225606E+03
  1.064209E+00     2.216398E+03
  1.079029E+00     2.207133E+03
  1.094055E+00     2.197811E+03
  1.109290E+00     2.188432E+03
  1.124737E+00     2.178997E+03
  1.140400E+00     2.169506E+03
  1.156280E+00     2.159960E+03
  1.172382E+00     2.150359E+03
  1.188708E+00     2.140705E+03
  1.205261E+00     2.130997E+03
  1.222045E+00     2.121235E+03
  1.239062E+00     2.111422E+03
  1.256317E+00     2.101557E+03
  1.273811E+00     2.091640E+03
  1.291550E+00     2.081673E+03
  1.309535E+00     2.071657E+03
  1.327771E+00     2.061591E+03
  1.346261E+00     2.051477E+03
  1.365008E+00     2.041315E+03
  1.384016E+00     2.031107E+03
  1.403289E+00     2.020852E+03
  1.422830E+00     2.010551E+03
  1.442644E+00     2.000206E+03
  1.462733E+00     1.989817E+03
  1.483103E+00     1.979384E+03
  1.503755E+00     1.968909E+03
  1.524696E+00     1.958393E+03
  1.545928E+00     1.947836E+03
  1.567455E+00     1.937240E+03
  1.589283E+00     1.926605E+03
  1.611414E+00     1.915932E+03
  1.633854E+00     1.905221E+03
  1.656606E+00     1.894474E+03
  1.679675E+00     1.883692E+03
  1.703065E+00     1.872875E+03
  1.726781E+00     1.862026E+03
  1.750827E+00     1.851144E+03
  1.775208E+00     1.840232E+03
  1.799929E+00     1.829289E+03
  1.824993E+00     1.818318E+03
  1.850407E+00     1.807319E+03
  1.876175E+00     1.796293E+03
  1.902301E+00     1.785241E+03
  1.928792E+00     1.774164E+03
  1.955651E+00     1.763064E+03
  1.982884E+00     1.751942E+03
  2.010496E+00     1.740798E+03
  2.038493E+00     1.729635E+03
  2.066880E+00     1.718452E+03
  2.095662E+00     1.707251E+03
  2.124845E+00     1.696034E+03
  2.154435E+00     1.684800E+03
  2.184436E+00     1.673551E+03
  2.214855E+00     1.662288E+03
  2.245698E+00     1.651013E+03
  2.276970E+00     1.639726E+03
  2.308678E+00     1.628430E+03
  2.340827E+00     1.617125E+03
  2.373424E+00     1.605813E+03
  2.406475E+00     1.594495E+03
  2.439986E+00     1.583171E+03
  2.473964E+00     1.571844E+03
  2.508415E+00     1.560514E+03
  2.543346E+00     1.549182E+03
  2.578763E+00     1.537849E+03
  2.614673E+00     1.526518E+03
  2.651084E+00     1.515190E+03
  2.688001E+00     1.503866E+03
  2.725433E+00     1.492547E+03
  2.763385E+00     1.481235E+03
  2.801867E+00     1.469930E+03
  2.840884E+00     1.458634E+03
  2.880444E+00     1.447346E+03
  2.920556E+00     1.436070E+03
  2.961225E+00     1.424806E+03
  3.002462E+00     1.413555E+03
  3.044272E+00     1.402320E+03
  3.086665E+00     1.391101E+03
  3.129648E+00     1.379899E+03
  3.173230E+00     1.368716E+03
  3.217418E+00     1.357552E+03
  3.262222E+00     1.346408E+03
  3.307650E+00     1.335285E+03
  3.353710E+00     1.324184E+03
  3.400412E+00     1.313107E+03
  3.447764E+00     1.302055E+03
  3.495776E+00     1.291029E+03
  3.544456E+00     1.280032E+03
  3.593814E+00     1.269065E+03
  3.643859E+00     1.258128E+03
  3.694601E+00     1.247222E+03
  3.746050E+00     1.236349E+03
  3.798215E+00     1.225509E+03
  3.851107E+00     1.214703E+03
  3.904735E+00     1.203933E+03
  3.959110E+00     1.193199E+03
  4.014242E+00     1.182505E+03
  4.070142E+00     1.171850E+03
  4.126821E+00     1.161235E+03
  4.184289E+00     1.150662E+03
  4.242556E+00     1.140131E+03
  4.301636E+00     1.129642E+03
  4.361538E+00     1.119196E+03
  4.422274E+00     1.108794E+03
  4.483856E+00     1.098436E+03
  4.546295E+00     1.088125E+03
  4.609604E+00     1.077861E+03
  4.673795E+00     1.067647E+03
  4.738880E+00     1.057482E+03
  4.804870E+00     1.047367E+03
  4.871780E+00     1.037304E+03
  4.939622E+00     1.027291E+03
  5.008408E+00     1.017330E+03
  5.078152E+00     1.007420E+03
  5.148867E+00     9.975643E+02
  5.220568E+00     9.877629E+02
  5.293266E+00     9.780174E+02
  5.366977E+00     9.683289E+02
  5.441714E+00     9.586982E+02
  5.517492E+00     9.491258E+02
  5.594326E+00     9.396122E+02
  5.672229E+00     9.301576E+02
  5.751217E+00     9.207617E+02
  5.831305E+00     9.114250E+02
  5.912508E+00     9.021486E+02
  5.994843E+00     8.929337E+02
  6.078323E+00     8.837812E+02
  6.162966E+00     8.746918E+02
  6.248788E+00     8.656659E+02
  6.335805E+00     8.567040E+02
  6.424034E+00     8.478058E+02
  6.513491E+00     8.389711E+02
  6.604194E+00     8.301993E+02
  6.696160E+00     8.214902E+02
  6.789407E+00     8.128450E+02
  6.883952E+00     8.042648E+02
  6.979814E+00     7.957504E+02
  7.077011E+00     7.873025E+02
  7.175561E+00     7.789216E+02
  7.275484E+00     7.706079E+02
  7.376798E+00     7.623614E+02
  7.479523E+00     7.541817E+02
  7.583678E+00     7.460682E+02
  7.689284E+00     7.380205E+02
  7.796360E+00     7.300395E+02
  7.904928E+00     7.221260E+02
  8.015007E+00     7.142807E+02
  8.126619E+00     7.065041E+02
  8.239786E+00     6.987964E+02
  8.354528E+00     6.911574E+02
  8.470868E+00     6.835868E+02
  8.588829E+00     6.760841E+02
  8.708431E+00     6.686481E+02
  8.829700E+00     6.612782E+02
  8.952657E+00     6.539750E+02
  9.077327E+00     6.467391E+02
  9.203732E+00     6.395712E+02
  9.331898E+00     6.324716E+02
  9.461848E+00     6.254404E+02
  9.593608E+00     6.184774E+02
  9.727203E+00     6.115821E+02
  9.862658E+00     6.047538E+02
  1.000000E+01     5.979915E+02
  1.013925E+01     5.912941E+02
  1.028045E+01     5.846620E+02
  1.042361E+01     5.780958E+02
  1.056876E+01     5.715960E+02
  1.071593E+01     5.651627E+02
  1.086516E+01     5.587959E+02
  1.101646E+01     5.524954E+02
  1.116987E+01     5.462604E+02
  1.132541E+01     5.400903E+02
  1.148312E+01     5.339837E+02
  1.164303E+01     5.279395E+02
  1.180517E+01     5.219578E+02
  1.196956E+01     5.160391E+02
  1.213624E+01     5.101836E+02
  1.230524E+01     5.043913E+02
  1.247660E+01     4.986622E+02
  1.265034E+01     4.929957E+02
  1.282650E+01     4.873912E+02
  1.300511E+01     4.818476E+02
  1.318621E+01     4.763637E+02
  1.336984E+01     4.709382E+02
  1.355602E+01     4.655708E+02
  1.374479E+01     4.602621E+02
  1.393619E+01     4.550123E+02
  1.413026E+01     4.498214E+02
  1.432703E+01     4.446893E+02
  1.452654E+01     4.396157E+02
  1.472883E+01     4.345999E+02
  1.493393E+01     4.296411E+02
  1.514189E+01     4.247380E+02
  1.535275E+01     4.198893E+02
  1.556654E+01     4.150948E+02
  1.578331E+01     4.103547E+02
  1.600310E+01     4.056692E+02
  1.622595E+01     4.010383E+02
  1.645191E+01     3.964616E+02
  1.668101E+01     3.919386E+02
  1.691330E+01     3.874687E+02
  1.714882E+01     3.830510E+02
  1.738762E+01     3.786840E+02
  1.762975E+01     3.743665E+02
  1.787526E+01     3.700979E+02
  1.812418E+01     3.658785E+02
  1.837656E+01     3.617085E+02
  1.863246E+01     3.575877E+02
  1.889193E+01     3.535158E+02
  1.915501E+01     3.494926E+02
  1.942175E+01     3.455172E+02
  1.969220E+01     3.415889E+02
  1.996642E+01     3.377064E+02
  2.024447E+01     3.338685E+02
  2.052638E+01     3.300747E+02
  2.081222E+01     3.263250E+02
  2.110203E+01     3.226197E+02
  2.139589E+01     3.189585E+02
  2.169384E+01     3.153414E+02
  2.199593E+01     3.117679E+02
  2.230223E+01     3.082373E+02
  2.261280E+01     3.047490E+02
  2.292769E+01     3.013018E+02
  2.324697E+01     2.978946E+02
  2.357069E+01     2.945266E+02
  2.389893E+01     2.911982E+02
  2.423173E+01     2.879092E+02
  2.456916E+01     2.846597E+02
  2.491130E+01     2.814493E+02
  2.525820E+01     2.782778E+02
  2.560993E+01     2.751446E+02
  2.596656E+01     2.720488E+02
  2.632815E+01     2.689897E+02
  2.669478E+01     2.659660E+02
  2.706652E+01     2.629771E+02
  2.744343E+01     2.600231E+02
  2.782559E+01     2.571040E+02
  2.821308E+01     2.542198E+02
  2.860596E+01     2.513703E+02
  2.900430E+01     2.485553E+02
  2.940820E+01     2.457743E+02
  2.981772E+01     2.430265E+02
  3.023295E+01     2.403114E+02
  3.065395E+01     2.376278E+02
  3.108082E+01     2.349751E+02
  3.151363E+01     2.323534E+02
  3.195248E+01     2.297626E+02
  3.239743E+01     2.272029E+02
  3.284857E+01     2.246739E+02
  3.330600E+01     2.221754E+02
  3.376980E+01     2.197070E+02
  3.424006E+01     2.172680E+02
  3.471687E+01     2.148579E+02
  3.520031E+01     2.124756E+02
  3.569049E+01     2.101206E+02
  3.618750E+01     2.077928E+02
  3.669142E+01     2.054923E+02
  3.720237E+01     2.032190E+02
  3.772042E+01     2.009730E+02
  3.824570E+01     1.987540E+02
  3.877828E+01     1.965615E+02
  3.931829E+01     1.943953E+02
  3.986581E+01     1.922546E+02
  4.042096E+01     1.901388E+02
  4.098384E+01     1.880472E+02
  4.155455E+01     1.859798E+02
  4.213322E+01     1.839366E+02
  4.271994E+01     1.819177E+02
  4.331483E+01     1.799230E+02
  4.391801E+01     1.779521E+02
  4.452959E+01     1.760049E+02
  4.514968E+01     1.740809E+02
  4.577841E+01     1.721796E+02
  4.641589E+01     1.703002E+02
  4.706225E+01     1.684422E+02
  4.771761E+01     1.666056E+02
  4.838210E+01     1.647904E+02
  4.905584E+01     1.629966E+02
  4.973896E+01     1.612242E+02
  5.043159E+01     1.594729E+02
  5.113388E+01     1.577427E+02
  5.184594E+01     1.560331E+02
  5.256791E+01     1.543436E+02
  5.329994E+01     1.526739E+02
  5.404216E+01     1.510232E+02
  5.479472E+01     1.493916E+02
  5.555776E+01     1.477790E+02
  5.633143E+01     1.461856E+02
  5.711586E+01     1.446112E+02
  5.791123E+01     1.430557E+02
  5.871766E+01     1.415189E+02
  5.953533E+01     1.400005E+02
  6.036439E+01     1.385000E+02
  6.120498E+01     1.370171E+02
  6.205729E+01     1.355511E+02
  6.292146E+01     1.341020E+02
  6.379767E+01     1.326698E+02
  6.468608E+01     1.312546E+02
  6.558686E+01     1.298564E+02
  6.650018E+01     1.284749E+02
  6.742622E+01     1.271101E+02
  6.836516E+01     1.257617E+02
  6.931717E+01     1.244293E+02
  7.028244E+01     1.231126E+02
  7.126115E+01     1.218111E+02
  7.225349E+01     1.205246E+02
  7.325965E+01     1.192533E+02
  7.427982E+01     1.179972E+02
  7.531420E+01     1.167561E+02
  7.636298E+01     1.155301E+02
  7.742637E+01     1.143190E+02
  7.850456E+01     1.131224E+02
  7.959777E+01     1.119403E+02
  8.070620E+01     1.107720E+02
  8.183007E+01     1.096174E+02
  8.296959E+01     1.084761E+02
  8.412497E+01     1.073483E+02
  8.529644E+01     1.062340E+02
  8.648423E+01     1.051332E+02
  8.768856E+01     1.040457E+02
  8.890966E+01     1.029716E+02
  9.014776E+01     1.019105E+02
  9.140311E+01     1.008622E+02
  9.267593E+01     9.982644E+01
  9.396648E+01     9.880284E+01
  9.527500E+01     9.779123E+01
  9.660175E+01     9.679166E+01
  9.794697E+01     9.580416E+01
  9.931092E+01     9.482869E+01
  1.006939E+02     9.386520E+01
  1.020961E+02     9.291357E+01
  1.035178E+02     9.197364E+01
  1.049593E+02     9.104518E+01
  1.064209E+02     9.012792E+01
  1.079029E+02     8.922151E+01
  1.094055E+02     8.832579E+01
  1.109290E+02     8.744080E+01
  1.124737E+02     8.656655E+01
  1.140400E+02     8.570304E+01
  1.156280E+02     8.485021E+01
  1.172382E+02     8.400797E+01
  1.188708E+02     8.317617E+01
  1.205261E+02     8.235462E+01
  1.222045E+02     8.154308E+01
  1.239062E+02     8.074125E+01
  1.256317E+02     7.994896E+01
  1.273811E+02     7.916624E+01
  1.291550E+02     7.839311E+01
  1.309535E+02     7.762956E+01
  1.327771E+02     7.687556E+01
  1.346261E+02     7.613103E+01
  1.365008E+02     7.539583E+01
  1.384016E+02     7.466982E+01
  1.403289E+02     7.395278E+01
  1.422830E+02     7.324445E+01
  1.442644E+02     7.254466E+01
  1.462733E+02     7.185342E+01
  1.483103E+02     7.117076E+01
  1.503755E+02     7.049667E+01
  1.524696E+02     6.983110E+01
  1.545928E+02     6.917400E+01
  1.567455E+02     6.852524E+01
  1.589283E+02     6.788468E+01
  1.611414E+02     6.725214E+01
  1.633854E+02     6.662739E+01
  1.656606E+02     6.601023E+01
  1.679675E+02     6.540069E+01
  1.703065E+02     6.479879E+01
  1.726781E+02     6.420452E+01
  1.750827E+02     6.361786E+01
  1.775208E+02     6.303874E+01
  1.799929E+02     6.246707E+01
  1.824993E+02     6.190273E+01
  1.850407E+02     6.134557E+01
  1.876175E+02     6.079537E+01
  1.902301E+02     6.025197E+01
  1.928792E+02     5.971537E+01
  1.955651E+02     5.918560E+01
  1.982884E+02     5.866264E+01
  2.010496E+02     5.814648E+01
  2.038493E+02     5.763707E+01
  2.066880E+02     5.713433E+01
  2.095662E+02     5.663814E+01
  2.124845E+02     5.614837E+01
  2.154435E+02     5.566485E+01
  2.184436E+02     5.518742E+01
  2.214855E+02     5.471605E+01
  2.245698E+02     5.425078E+01
  2.276970E+02     5.379160E+01
  2.308678E+02     5.333850E+01
  2.340827E+02     5.289141E+01
  2.373424E+02     5.245029E+01
  2.406475E+02     5.201503E+01
  2.439986E+02     5.158551E+01
  2.473964E+02     5.116157E+01
  2.508415E+02     5.074307E+01
  2.543346E+02     5.032998E+01
  2.578763E+02     4.992232E+01
  2.614673E+02     4.952009E+01
  2.651084E+02     4.912329E+01
  2.688001E+02     4.873187E+01
  2.725433E+02     4.834577E+01
  2.763385E+02     4.796491E+01
  2.801867E+02     4.758920E+01
  2.840884E+02     4.721849E+01
  2.880444E+02     4.685265E+01
  2.920556E+02     4.649164E+01
  2.961225E+02     4.613550E+01
  3.002462E+02     4.578421E+01
  3.044272E+02     4.543777E+01
  3.086665E+02     4.509615E+01
  3.129648E+02     4.475929E+01
  3.173230E+02     4.442712E+01
  3.217418E+02     4.409956E+01
  3.262222E+02     4.377648E+01
  3.307650E+02     4.345775E+01
  3.353710E+02     4.314335E+01
  3.400412E+02     4.283329E+01
  3.447764E+02     4.252757E+01
  3.495776E+02     4.222618E+01
  3.544456E+02     4.192910E+01
  3.593814E+02     4.163628E+01
  3.643859E+02     4.134766E+01
  3.694601E+02     4.106316E+01
  3.746050E+02     4.078268E+01
  3.798215E+02     4.050611E+01
  3.851107E+02     4.023340E+01
  3.904735E+02     3.996457E+01
  3.959110E+02     3.969963E+01
  4.014242E+02     3.943857E+01
  4.070142E+02     3.918135E+01
  4.126821E+02     3.892796E+01
  4.184289E+02     3.867833E+01
  4.242556E+02     3.843239E+01
  4.301636E+02     3.819007E+01
  4.361538E+02     3.795125E+01
  4.422274E+02     3.771589E+01
  4.483856E+02     3.748401E+01
  4.546295E+02     3.725561E+01
  4.609604E+02     3.703067E+01
  4.673795E+02     3.680920E+01
  4.738880E+02     3.659114E+01
  4.804870E+02     3.637646E+01
  4.871780E+02     3.616510E+01
  4.939622E+02     3.595698E+01
  5.008408E+02     3.575202E+01
  5.078152E+02     3.555015E+01
  5.148867E+02     3.535140E+01
  5.220568E+02     3.515577E+01
  5.293266E+02     3.496325E+01
  5.366977E+02     3.477383E+01
  5.441714E+02     3.458748E+01
  5.517492E+02     3.440416E+01
  5.594326E+02     3.422382E+01
  5.672229E+02     3.404640E+01
  5.751217E+02     3.387181E+01
  5.831305E+02     3.370000E+01
  5.912508E+02     3.353099E+01
  5.994843E+02     3.336477E+01
  6.078323E+02     3.320133E+01
  6.162966E+02     3.304068E+01
  6.248788E+02     3.288277E+01
  6.335805E+02     3.272757E+01
  6.424034E+02     3.257505E+01
  6.513491E+02     3.242513E+01
  6.604194E+02     3.227774E+01
  6.696160E+02     3.213283E+01
  6.789407E+02     3.199042E+01
  6.883952E+02     3.185048E+01
  6.979814E+02     3.171303E+01
  7.077011E+02     3.157804E+01
  7.175561E+02     3.144549E+01
  7.275484E+02     3.131536E+01
  7.376798E+02     3.118758E+01
  7.479523E+02     3.106212E+01
  7.583678E+02     3.093891E+01
  7.689284E+02     3.081790E+01
  7.796360E+02     3.069912E+01
  7.904928E+02     3.058261E+01
  8.015007E+02     3.046842E+01
  8.126619E+02     3.035657E+01
  8.239786E+02     3.024710E+01
  8.354528E+02     3.014002E+01
  8.470868E+02     3.003536E+01
  8.588829E+02     2.993314E+01
  8.708431E+02     2.983335E+01
  8.829700E+02     2.973596E+01
  8.952657E+02     2.964077E+01
  9.077327E+02     2.954751E+01
  9.203732E+02     2.945592E+01
  9.331898E+02     2.936567E+01
  9.461848E+02     2.927643E+01
  9.593608E+02     2.918782E+01
  9.727203E+02     2.909943E+01
  9.862658E+02     2.901081E+01
  1.000000E+03     2.892148E+01
