FILE CREATED BY  : PROGRAM DPASS - VERSION 2.00
DATABASE VERSION : 21.06
DATE AND TIME    : 10/08/2022 01:31:14
PROJECTILE       : Pa
TARGET           : Na
TARGET AT. MASS  : 2.298977E+01
TARGET DENSITY   : 9.710000E-01 g/cm^3
TABULATED OUTPUT : STOPPING FORCE VERSUS ENERGY
DATA TYPE        : SPLINE INTERPOLATED
ABSCISSA UNITS   : MeV/u
ORDINATE UNITS   : eV/nm


      E/n             S(E/n)

  1.000000E-03     2.481650E+02
  1.013925E-03     2.498887E+02
  1.028045E-03     2.516352E+02
  1.042361E-03     2.534036E+02
  1.056876E-03     2.551930E+02
  1.071593E-03     2.570021E+02
  1.086516E-03     2.588299E+02
  1.101646E-03     2.606748E+02
  1.116987E-03     2.625355E+02
  1.132541E-03     2.644103E+02
  1.148312E-03     2.662975E+02
  1.164303E-03     2.681955E+02
  1.180517E-03     2.701043E+02
  1.196956E-03     2.720241E+02
  1.213624E-03     2.739554E+02
  1.230524E-03     2.758988E+02
  1.247660E-03     2.778548E+02
  1.265034E-03     2.798240E+02
  1.282650E-03     2.818069E+02
  1.300511E-03     2.838045E+02
  1.318621E-03     2.858173E+02
  1.336984E-03     2.878461E+02
  1.355602E-03     2.898913E+02
  1.374479E-03     2.919527E+02
  1.393619E-03     2.940303E+02
  1.413026E-03     2.961242E+02
  1.432703E-03     2.982342E+02
  1.452654E-03     3.003605E+02
  1.472883E-03     3.025028E+02
  1.493393E-03     3.046613E+02
  1.514189E-03     3.068358E+02
  1.535275E-03     3.090264E+02
  1.556654E-03     3.112330E+02
  1.578331E-03     3.134559E+02
  1.600310E-03     3.156951E+02
  1.622595E-03     3.179509E+02
  1.645191E-03     3.202234E+02
  1.668101E-03     3.225128E+02
  1.691330E-03     3.248192E+02
  1.714882E-03     3.271430E+02
  1.738762E-03     3.294843E+02
  1.762975E-03     3.318434E+02
  1.787526E-03     3.342204E+02
  1.812418E-03     3.366156E+02
  1.837656E-03     3.390289E+02
  1.863246E-03     3.414605E+02
  1.889193E-03     3.439105E+02
  1.915501E-03     3.463791E+02
  1.942175E-03     3.488665E+02
  1.969220E-03     3.513727E+02
  1.996642E-03     3.538980E+02
  2.024447E-03     3.564426E+02
  2.052638E-03     3.590066E+02
  2.081222E-03     3.615901E+02
  2.110203E-03     3.641933E+02
  2.139589E-03     3.668164E+02
  2.169384E-03     3.694595E+02
  2.199593E-03     3.721227E+02
  2.230223E-03     3.748063E+02
  2.261280E-03     3.775104E+02
  2.292769E-03     3.802354E+02
  2.324697E-03     3.829813E+02
  2.357069E-03     3.857484E+02
  2.389893E-03     3.885369E+02
  2.423173E-03     3.913469E+02
  2.456916E-03     3.941785E+02
  2.491130E-03     3.970320E+02
  2.525820E-03     3.999074E+02
  2.560993E-03     4.028050E+02
  2.596656E-03     4.057249E+02
  2.632815E-03     4.086675E+02
  2.669478E-03     4.116330E+02
  2.706652E-03     4.146215E+02
  2.744343E-03     4.176333E+02
  2.782559E-03     4.206684E+02
  2.821308E-03     4.237270E+02
  2.860596E-03     4.268093E+02
  2.900430E-03     4.299155E+02
  2.940820E-03     4.330458E+02
  2.981772E-03     4.362004E+02
  3.023295E-03     4.393795E+02
  3.065395E-03     4.425833E+02
  3.108082E-03     4.458122E+02
  3.151363E-03     4.490663E+02
  3.195248E-03     4.523457E+02
  3.239743E-03     4.556507E+02
  3.284857E-03     4.589815E+02
  3.330600E-03     4.623384E+02
  3.376980E-03     4.657215E+02
  3.424006E-03     4.691313E+02
  3.471687E-03     4.725679E+02
  3.520031E-03     4.760316E+02
  3.569049E-03     4.795229E+02
  3.618750E-03     4.830418E+02
  3.669142E-03     4.865886E+02
  3.720237E-03     4.901635E+02
  3.772042E-03     4.937666E+02
  3.824570E-03     4.973982E+02
  3.877828E-03     5.010586E+02
  3.931829E-03     5.047479E+02
  3.986581E-03     5.084666E+02
  4.042096E-03     5.122149E+02
  4.098384E-03     5.159930E+02
  4.155455E-03     5.198013E+02
  4.213322E-03     5.236398E+02
  4.271994E-03     5.275089E+02
  4.331483E-03     5.314087E+02
  4.391801E-03     5.353396E+02
  4.452959E-03     5.393017E+02
  4.514968E-03     5.432954E+02
  4.577841E-03     5.473210E+02
  4.641589E-03     5.513787E+02
  4.706225E-03     5.554690E+02
  4.771761E-03     5.595921E+02
  4.838210E-03     5.637482E+02
  4.905584E-03     5.679375E+02
  4.973896E-03     5.721604E+02
  5.043159E-03     5.764170E+02
  5.113388E-03     5.807077E+02
  5.184594E-03     5.850329E+02
  5.256791E-03     5.893928E+02
  5.329994E-03     5.937878E+02
  5.404216E-03     5.982183E+02
  5.479472E-03     6.026846E+02
  5.555776E-03     6.071868E+02
  5.633143E-03     6.117253E+02
  5.711586E-03     6.163003E+02
  5.791123E-03     6.209120E+02
  5.871766E-03     6.255608E+02
  5.953533E-03     6.302470E+02
  6.036439E-03     6.349709E+02
  6.120498E-03     6.397329E+02
  6.205729E-03     6.445333E+02
  6.292146E-03     6.493725E+02
  6.379767E-03     6.542506E+02
  6.468608E-03     6.591681E+02
  6.558686E-03     6.641251E+02
  6.650018E-03     6.691220E+02
  6.742622E-03     6.741590E+02
  6.836516E-03     6.792367E+02
  6.931717E-03     6.843552E+02
  7.028244E-03     6.895152E+02
  7.126115E-03     6.947169E+02
  7.225349E-03     6.999607E+02
  7.325965E-03     7.052468E+02
  7.427982E-03     7.105755E+02
  7.531420E-03     7.159471E+02
  7.636298E-03     7.213619E+02
  7.742637E-03     7.268202E+02
  7.850456E-03     7.323223E+02
  7.959777E-03     7.378687E+02
  8.070620E-03     7.434596E+02
  8.183007E-03     7.490956E+02
  8.296959E-03     7.547770E+02
  8.412497E-03     7.605040E+02
  8.529644E-03     7.662768E+02
  8.648423E-03     7.720959E+02
  8.768856E-03     7.779614E+02
  8.890966E-03     7.838737E+02
  9.014776E-03     7.898333E+02
  9.140311E-03     7.958404E+02
  9.267593E-03     8.018954E+02
  9.396648E-03     8.079989E+02
  9.527500E-03     8.141512E+02
  9.660175E-03     8.203524E+02
  9.794697E-03     8.266030E+02
  9.931092E-03     8.329031E+02
  1.006939E-02     8.392530E+02
  1.020961E-02     8.456532E+02
  1.035178E-02     8.521039E+02
  1.049593E-02     8.586056E+02
  1.064209E-02     8.651586E+02
  1.079029E-02     8.717633E+02
  1.094055E-02     8.784202E+02
  1.109290E-02     8.851294E+02
  1.124737E-02     8.918914E+02
  1.140400E-02     8.987062E+02
  1.156280E-02     9.055743E+02
  1.172382E-02     9.124959E+02
  1.188708E-02     9.194715E+02
  1.205261E-02     9.265014E+02
  1.222045E-02     9.335860E+02
  1.239062E-02     9.407258E+02
  1.256317E-02     9.479212E+02
  1.273811E-02     9.551722E+02
  1.291550E-02     9.624792E+02
  1.309535E-02     9.698424E+02
  1.327771E-02     9.772619E+02
  1.346261E-02     9.847382E+02
  1.365008E-02     9.922714E+02
  1.384016E-02     9.998618E+02
  1.403289E-02     1.007510E+03
  1.422830E-02     1.015216E+03
  1.442644E-02     1.022980E+03
  1.462733E-02     1.030803E+03
  1.483103E-02     1.038684E+03
  1.503755E-02     1.046625E+03
  1.524696E-02     1.054624E+03
  1.545928E-02     1.062684E+03
  1.567455E-02     1.070803E+03
  1.589283E-02     1.078982E+03
  1.611414E-02     1.087222E+03
  1.633854E-02     1.095523E+03
  1.656606E-02     1.103886E+03
  1.679675E-02     1.112310E+03
  1.703065E-02     1.120795E+03
  1.726781E-02     1.129343E+03
  1.750827E-02     1.137953E+03
  1.775208E-02     1.146624E+03
  1.799929E-02     1.155359E+03
  1.824993E-02     1.164155E+03
  1.850407E-02     1.173015E+03
  1.876175E-02     1.181938E+03
  1.902301E-02     1.190925E+03
  1.928792E-02     1.199975E+03
  1.955651E-02     1.209088E+03
  1.982884E-02     1.218266E+03
  2.010496E-02     1.227508E+03
  2.038493E-02     1.236814E+03
  2.066880E-02     1.246185E+03
  2.095662E-02     1.255621E+03
  2.124845E-02     1.265122E+03
  2.154435E-02     1.274689E+03
  2.184436E-02     1.284322E+03
  2.214855E-02     1.294020E+03
  2.245698E-02     1.303786E+03
  2.276970E-02     1.313617E+03
  2.308678E-02     1.323516E+03
  2.340827E-02     1.333481E+03
  2.373424E-02     1.343513E+03
  2.406475E-02     1.353613E+03
  2.439986E-02     1.363781E+03
  2.473964E-02     1.374017E+03
  2.508415E-02     1.384321E+03
  2.543346E-02     1.394695E+03
  2.578763E-02     1.405137E+03
  2.614673E-02     1.415649E+03
  2.651084E-02     1.426230E+03
  2.688001E-02     1.436881E+03
  2.725433E-02     1.447602E+03
  2.763385E-02     1.458393E+03
  2.801867E-02     1.469255E+03
  2.840884E-02     1.480188E+03
  2.880444E-02     1.491193E+03
  2.920556E-02     1.502270E+03
  2.961225E-02     1.513419E+03
  3.002462E-02     1.524641E+03
  3.044272E-02     1.535935E+03
  3.086665E-02     1.547302E+03
  3.129648E-02     1.558742E+03
  3.173230E-02     1.570256E+03
  3.217418E-02     1.581844E+03
  3.262222E-02     1.593506E+03
  3.307650E-02     1.605244E+03
  3.353710E-02     1.617057E+03
  3.400412E-02     1.628946E+03
  3.447764E-02     1.640910E+03
  3.495776E-02     1.652950E+03
  3.544456E-02     1.665067E+03
  3.593814E-02     1.677260E+03
  3.643859E-02     1.689530E+03
  3.694601E-02     1.701878E+03
  3.746050E-02     1.714304E+03
  3.798215E-02     1.726809E+03
  3.851107E-02     1.739393E+03
  3.904735E-02     1.752055E+03
  3.959110E-02     1.764797E+03
  4.014242E-02     1.777619E+03
  4.070142E-02     1.790520E+03
  4.126821E-02     1.803502E+03
  4.184289E-02     1.816564E+03
  4.242556E-02     1.829706E+03
  4.301636E-02     1.842930E+03
  4.361538E-02     1.856237E+03
  4.422274E-02     1.869625E+03
  4.483856E-02     1.883096E+03
  4.546295E-02     1.896650E+03
  4.609604E-02     1.910286E+03
  4.673795E-02     1.924005E+03
  4.738880E-02     1.937808E+03
  4.804870E-02     1.951694E+03
  4.871780E-02     1.965664E+03
  4.939622E-02     1.979718E+03
  5.008408E-02     1.993858E+03
  5.078152E-02     2.008083E+03
  5.148867E-02     2.022394E+03
  5.220568E-02     2.036790E+03
  5.293266E-02     2.051273E+03
  5.366977E-02     2.065841E+03
  5.441714E-02     2.080497E+03
  5.517492E-02     2.095239E+03
  5.594326E-02     2.110069E+03
  5.672229E-02     2.124987E+03
  5.751217E-02     2.139993E+03
  5.831305E-02     2.155090E+03
  5.912508E-02     2.170277E+03
  5.994843E-02     2.185554E+03
  6.078323E-02     2.200924E+03
  6.162966E-02     2.216386E+03
  6.248788E-02     2.231942E+03
  6.335805E-02     2.247593E+03
  6.424034E-02     2.263341E+03
  6.513491E-02     2.279187E+03
  6.604194E-02     2.295133E+03
  6.696160E-02     2.311180E+03
  6.789407E-02     2.327330E+03
  6.883952E-02     2.343583E+03
  6.979814E-02     2.359942E+03
  7.077011E-02     2.376408E+03
  7.175561E-02     2.392983E+03
  7.275484E-02     2.409668E+03
  7.376798E-02     2.426466E+03
  7.479523E-02     2.443379E+03
  7.583678E-02     2.460409E+03
  7.689284E-02     2.477560E+03
  7.796360E-02     2.494831E+03
  7.904928E-02     2.512225E+03
  8.015007E-02     2.529743E+03
  8.126619E-02     2.547386E+03
  8.239786E-02     2.565156E+03
  8.354528E-02     2.583054E+03
  8.470868E-02     2.601083E+03
  8.588829E-02     2.619245E+03
  8.708431E-02     2.637543E+03
  8.829700E-02     2.655977E+03
  8.952657E-02     2.674548E+03
  9.077327E-02     2.693255E+03
  9.203732E-02     2.712097E+03
  9.331898E-02     2.731075E+03
  9.461848E-02     2.750187E+03
  9.593608E-02     2.769432E+03
  9.727203E-02     2.788810E+03
  9.862658E-02     2.808319E+03
  1.000000E-01     2.827960E+03
  1.013925E-01     2.847730E+03
  1.028045E-01     2.867630E+03
  1.042361E-01     2.887658E+03
  1.056876E-01     2.907814E+03
  1.071593E-01     2.928098E+03
  1.086516E-01     2.948507E+03
  1.101646E-01     2.969042E+03
  1.116987E-01     2.989701E+03
  1.132541E-01     3.010484E+03
  1.148312E-01     3.031391E+03
  1.164303E-01     3.052420E+03
  1.180517E-01     3.073570E+03
  1.196956E-01     3.094842E+03
  1.213624E-01     3.116234E+03
  1.230524E-01     3.137746E+03
  1.247660E-01     3.159377E+03
  1.265034E-01     3.181128E+03
  1.282650E-01     3.202997E+03
  1.300511E-01     3.224984E+03
  1.318621E-01     3.247090E+03
  1.336984E-01     3.269313E+03
  1.355602E-01     3.291652E+03
  1.374479E-01     3.314105E+03
  1.393619E-01     3.336671E+03
  1.413026E-01     3.359346E+03
  1.432703E-01     3.382128E+03
  1.452654E-01     3.405016E+03
  1.472883E-01     3.428006E+03
  1.493393E-01     3.451097E+03
  1.514189E-01     3.474286E+03
  1.535275E-01     3.497571E+03
  1.556654E-01     3.520948E+03
  1.578331E-01     3.544416E+03
  1.600310E-01     3.567971E+03
  1.622595E-01     3.591610E+03
  1.645191E-01     3.615331E+03
  1.668101E-01     3.639132E+03
  1.691330E-01     3.663008E+03
  1.714882E-01     3.686957E+03
  1.738762E-01     3.710977E+03
  1.762975E-01     3.735063E+03
  1.787526E-01     3.759215E+03
  1.812418E-01     3.783430E+03
  1.837656E-01     3.807706E+03
  1.863246E-01     3.832041E+03
  1.889193E-01     3.856435E+03
  1.915501E-01     3.880885E+03
  1.942175E-01     3.905391E+03
  1.969220E-01     3.929950E+03
  1.996642E-01     3.954563E+03
  2.024447E-01     3.979229E+03
  2.052638E-01     4.003947E+03
  2.081222E-01     4.028716E+03
  2.110203E-01     4.053536E+03
  2.139589E-01     4.078408E+03
  2.169384E-01     4.103331E+03
  2.199593E-01     4.128307E+03
  2.230223E-01     4.153336E+03
  2.261280E-01     4.178420E+03
  2.292769E-01     4.203561E+03
  2.324697E-01     4.228760E+03
  2.357069E-01     4.254021E+03
  2.389893E-01     4.279349E+03
  2.423173E-01     4.304749E+03
  2.456916E-01     4.330226E+03
  2.491130E-01     4.355786E+03
  2.525820E-01     4.381438E+03
  2.560993E-01     4.407189E+03
  2.596656E-01     4.433048E+03
  2.632815E-01     4.459026E+03
  2.669478E-01     4.485134E+03
  2.706652E-01     4.511379E+03
  2.744343E-01     4.537765E+03
  2.782559E-01     4.564297E+03
  2.821308E-01     4.590978E+03
  2.860596E-01     4.617812E+03
  2.900430E-01     4.644804E+03
  2.940820E-01     4.671961E+03
  2.981772E-01     4.699288E+03
  3.023295E-01     4.726792E+03
  3.065395E-01     4.754479E+03
  3.108082E-01     4.782357E+03
  3.151363E-01     4.810426E+03
  3.195248E-01     4.838688E+03
  3.239743E-01     4.867143E+03
  3.284857E-01     4.895794E+03
  3.330600E-01     4.924643E+03
  3.376980E-01     4.953691E+03
  3.424006E-01     4.982940E+03
  3.471687E-01     5.012394E+03
  3.520031E-01     5.042053E+03
  3.569049E-01     5.071922E+03
  3.618750E-01     5.102001E+03
  3.669142E-01     5.132291E+03
  3.720237E-01     5.162794E+03
  3.772042E-01     5.193511E+03
  3.824570E-01     5.224443E+03
  3.877828E-01     5.255593E+03
  3.931829E-01     5.286961E+03
  3.986581E-01     5.318552E+03
  4.042096E-01     5.350366E+03
  4.098384E-01     5.382405E+03
  4.155455E-01     5.414672E+03
  4.213322E-01     5.447164E+03
  4.271994E-01     5.479884E+03
  4.331483E-01     5.512830E+03
  4.391801E-01     5.546004E+03
  4.452959E-01     5.579405E+03
  4.514968E-01     5.613035E+03
  4.577841E-01     5.646894E+03
  4.641589E-01     5.680983E+03
  4.706225E-01     5.715302E+03
  4.771761E-01     5.749850E+03
  4.838210E-01     5.784624E+03
  4.905584E-01     5.819623E+03
  4.973896E-01     5.854844E+03
  5.043159E-01     5.890285E+03
  5.113388E-01     5.925944E+03
  5.184594E-01     5.961818E+03
  5.256791E-01     5.997905E+03
  5.329994E-01     6.034201E+03
  5.404216E-01     6.070704E+03
  5.479472E-01     6.107412E+03
  5.555776E-01     6.144322E+03
  5.633143E-01     6.181433E+03
  5.711586E-01     6.218743E+03
  5.791123E-01     6.256248E+03
  5.871766E-01     6.293948E+03
  5.953533E-01     6.331839E+03
  6.036439E-01     6.369920E+03
  6.120498E-01     6.408189E+03
  6.205729E-01     6.446643E+03
  6.292146E-01     6.485281E+03
  6.379767E-01     6.524102E+03
  6.468608E-01     6.563103E+03
  6.558686E-01     6.602283E+03
  6.650018E-01     6.641642E+03
  6.742622E-01     6.681179E+03
  6.836516E-01     6.720891E+03
  6.931717E-01     6.760779E+03
  7.028244E-01     6.800843E+03
  7.126115E-01     6.841081E+03
  7.225349E-01     6.881491E+03
  7.325965E-01     6.922069E+03
  7.427982E-01     6.962810E+03
  7.531420E-01     7.003710E+03
  7.636298E-01     7.044763E+03
  7.742637E-01     7.085967E+03
  7.850456E-01     7.127315E+03
  7.959777E-01     7.168803E+03
  8.070620E-01     7.210428E+03
  8.183007E-01     7.252182E+03
  8.296959E-01     7.294062E+03
  8.412497E-01     7.336059E+03
  8.529644E-01     7.378165E+03
  8.648423E-01     7.420374E+03
  8.768856E-01     7.462677E+03
  8.890966E-01     7.505065E+03
  9.014776E-01     7.547531E+03
  9.140311E-01     7.590067E+03
  9.267593E-01     7.632662E+03
  9.396648E-01     7.675309E+03
  9.527500E-01     7.717999E+03
  9.660175E-01     7.760719E+03
  9.794697E-01     7.803462E+03
  9.931092E-01     7.846215E+03
  1.006939E+00     7.888967E+03
  1.020961E+00     7.931709E+03
  1.035178E+00     7.974428E+03
  1.049593E+00     8.017112E+03
  1.064209E+00     8.059751E+03
  1.079029E+00     8.102331E+03
  1.094055E+00     8.144841E+03
  1.109290E+00     8.187270E+03
  1.124737E+00     8.229607E+03
  1.140400E+00     8.271839E+03
  1.156280E+00     8.313956E+03
  1.172382E+00     8.355945E+03
  1.188708E+00     8.397796E+03
  1.205261E+00     8.439495E+03
  1.222045E+00     8.481032E+03
  1.239062E+00     8.522396E+03
  1.256317E+00     8.563574E+03
  1.273811E+00     8.604555E+03
  1.291550E+00     8.645329E+03
  1.309535E+00     8.685884E+03
  1.327771E+00     8.726210E+03
  1.346261E+00     8.766296E+03
  1.365008E+00     8.806132E+03
  1.384016E+00     8.845709E+03
  1.403289E+00     8.885017E+03
  1.422830E+00     8.924047E+03
  1.442644E+00     8.962790E+03
  1.462733E+00     9.001235E+03
  1.483103E+00     9.039375E+03
  1.503755E+00     9.077199E+03
  1.524696E+00     9.114700E+03
  1.545928E+00     9.151869E+03
  1.567455E+00     9.188699E+03
  1.589283E+00     9.225185E+03
  1.611414E+00     9.261320E+03
  1.633854E+00     9.297099E+03
  1.656606E+00     9.332519E+03
  1.679675E+00     9.367570E+03
  1.703065E+00     9.402245E+03
  1.726781E+00     9.436538E+03
  1.750827E+00     9.470443E+03
  1.775208E+00     9.503954E+03
  1.799929E+00     9.537068E+03
  1.824993E+00     9.569781E+03
  1.850407E+00     9.602091E+03
  1.876175E+00     9.633999E+03
  1.902301E+00     9.665502E+03
  1.928792E+00     9.696595E+03
  1.955651E+00     9.727272E+03
  1.982884E+00     9.757528E+03
  2.010496E+00     9.787357E+03
  2.038493E+00     9.816758E+03
  2.066880E+00     9.845727E+03
  2.095662E+00     9.874264E+03
  2.124845E+00     9.902369E+03
  2.154435E+00     9.930044E+03
  2.184436E+00     9.957292E+03
  2.214855E+00     9.984108E+03
  2.245698E+00     1.001049E+04
  2.276970E+00     1.003643E+04
  2.308678E+00     1.006193E+04
  2.340827E+00     1.008698E+04
  2.373424E+00     1.011159E+04
  2.406475E+00     1.013577E+04
  2.439986E+00     1.015950E+04
  2.473964E+00     1.018280E+04
  2.508415E+00     1.020567E+04
  2.543346E+00     1.022811E+04
  2.578763E+00     1.025012E+04
  2.614673E+00     1.027168E+04
  2.651084E+00     1.029281E+04
  2.688001E+00     1.031349E+04
  2.725433E+00     1.033374E+04
  2.763385E+00     1.035354E+04
  2.801867E+00     1.037290E+04
  2.840884E+00     1.039184E+04
  2.880444E+00     1.041034E+04
  2.920556E+00     1.042841E+04
  2.961225E+00     1.044606E+04
  3.002462E+00     1.046326E+04
  3.044272E+00     1.048004E+04
  3.086665E+00     1.049637E+04
  3.129648E+00     1.051228E+04
  3.173230E+00     1.052775E+04
  3.217418E+00     1.054280E+04
  3.262222E+00     1.055742E+04
  3.307650E+00     1.057164E+04
  3.353710E+00     1.058544E+04
  3.400412E+00     1.059882E+04
  3.447764E+00     1.061178E+04
  3.495776E+00     1.062433E+04
  3.544456E+00     1.063646E+04
  3.593814E+00     1.064817E+04
  3.643859E+00     1.065947E+04
  3.694601E+00     1.067036E+04
  3.746050E+00     1.068084E+04
  3.798215E+00     1.069092E+04
  3.851107E+00     1.070061E+04
  3.904735E+00     1.070990E+04
  3.959110E+00     1.071878E+04
  4.014242E+00     1.072726E+04
  4.070142E+00     1.073534E+04
  4.126821E+00     1.074302E+04
  4.184289E+00     1.075029E+04
  4.242556E+00     1.075716E+04
  4.301636E+00     1.076364E+04
  4.361538E+00     1.076974E+04
  4.422274E+00     1.077544E+04
  4.483856E+00     1.078075E+04
  4.546295E+00     1.078567E+04
  4.609604E+00     1.079020E+04
  4.673795E+00     1.079433E+04
  4.738880E+00     1.079806E+04
  4.804870E+00     1.080141E+04
  4.871780E+00     1.080436E+04
  4.939622E+00     1.080693E+04
  5.008408E+00     1.080912E+04
  5.078152E+00     1.081092E+04
  5.148867E+00     1.081235E+04
  5.220568E+00     1.081339E+04
  5.293266E+00     1.081406E+04
  5.366977E+00     1.081434E+04
  5.441714E+00     1.081424E+04
  5.517492E+00     1.081378E+04
  5.594326E+00     1.081294E+04
  5.672229E+00     1.081173E+04
  5.751217E+00     1.081017E+04
  5.831305E+00     1.080825E+04
  5.912508E+00     1.080597E+04
  5.994843E+00     1.080333E+04
  6.078323E+00     1.080032E+04
  6.162966E+00     1.079693E+04
  6.248788E+00     1.079318E+04
  6.335805E+00     1.078905E+04
  6.424034E+00     1.078454E+04
  6.513491E+00     1.077965E+04
  6.604194E+00     1.077438E+04
  6.696160E+00     1.076873E+04
  6.789407E+00     1.076270E+04
  6.883952E+00     1.075629E+04
  6.979814E+00     1.074949E+04
  7.077011E+00     1.074232E+04
  7.175561E+00     1.073476E+04
  7.275484E+00     1.072682E+04
  7.376798E+00     1.071851E+04
  7.479523E+00     1.070982E+04
  7.583678E+00     1.070077E+04
  7.689284E+00     1.069135E+04
  7.796360E+00     1.068157E+04
  7.904928E+00     1.067142E+04
  8.015007E+00     1.066091E+04
  8.126619E+00     1.065003E+04
  8.239786E+00     1.063878E+04
  8.354528E+00     1.062717E+04
  8.470868E+00     1.061519E+04
  8.588829E+00     1.060286E+04
  8.708431E+00     1.059017E+04
  8.829700E+00     1.057712E+04
  8.952657E+00     1.056372E+04
  9.077327E+00     1.054996E+04
  9.203732E+00     1.053584E+04
  9.331898E+00     1.052137E+04
  9.461848E+00     1.050652E+04
  9.593608E+00     1.049132E+04
  9.727203E+00     1.047575E+04
  9.862658E+00     1.045983E+04
  1.000000E+01     1.044354E+04
  1.013925E+01     1.042689E+04
  1.028045E+01     1.040988E+04
  1.042361E+01     1.039251E+04
  1.056876E+01     1.037479E+04
  1.071593E+01     1.035670E+04
  1.086516E+01     1.033826E+04
  1.101646E+01     1.031946E+04
  1.116987E+01     1.030032E+04
  1.132541E+01     1.028082E+04
  1.148312E+01     1.026098E+04
  1.164303E+01     1.024079E+04
  1.180517E+01     1.022027E+04
  1.196956E+01     1.019941E+04
  1.213624E+01     1.017820E+04
  1.230524E+01     1.015666E+04
  1.247660E+01     1.013477E+04
  1.265034E+01     1.011254E+04
  1.282650E+01     1.008998E+04
  1.300511E+01     1.006707E+04
  1.318621E+01     1.004383E+04
  1.336984E+01     1.002026E+04
  1.355602E+01     9.996349E+03
  1.374479E+01     9.972107E+03
  1.393619E+01     9.947530E+03
  1.413026E+01     9.922616E+03
  1.432703E+01     9.897367E+03
  1.452654E+01     9.871781E+03
  1.472883E+01     9.845860E+03
  1.493393E+01     9.819604E+03
  1.514189E+01     9.793014E+03
  1.535275E+01     9.766092E+03
  1.556654E+01     9.738840E+03
  1.578331E+01     9.711262E+03
  1.600310E+01     9.683363E+03
  1.622595E+01     9.655148E+03
  1.645191E+01     9.626623E+03
  1.668101E+01     9.597793E+03
  1.691330E+01     9.568666E+03
  1.714882E+01     9.539250E+03
  1.738762E+01     9.509554E+03
  1.762975E+01     9.479586E+03
  1.787526E+01     9.449351E+03
  1.812418E+01     9.418846E+03
  1.837656E+01     9.388071E+03
  1.863246E+01     9.357025E+03
  1.889193E+01     9.325706E+03
  1.915501E+01     9.294113E+03
  1.942175E+01     9.262244E+03
  1.969220E+01     9.230098E+03
  1.996642E+01     9.197674E+03
  2.024447E+01     9.164970E+03
  2.052638E+01     9.131988E+03
  2.081222E+01     9.098730E+03
  2.110203E+01     9.065200E+03
  2.139589E+01     9.031403E+03
  2.169384E+01     8.997343E+03
  2.199593E+01     8.963026E+03
  2.230223E+01     8.928455E+03
  2.261280E+01     8.893638E+03
  2.292769E+01     8.858581E+03
  2.324697E+01     8.823289E+03
  2.357069E+01     8.787769E+03
  2.389893E+01     8.752022E+03
  2.423173E+01     8.716052E+03
  2.456916E+01     8.679861E+03
  2.491130E+01     8.643452E+03
  2.525820E+01     8.606827E+03
  2.560993E+01     8.569990E+03
  2.596656E+01     8.532944E+03
  2.632815E+01     8.495693E+03
  2.669478E+01     8.458239E+03
  2.706652E+01     8.420587E+03
  2.744343E+01     8.382740E+03
  2.782559E+01     8.344701E+03
  2.821308E+01     8.306475E+03
  2.860596E+01     8.268065E+03
  2.900430E+01     8.229476E+03
  2.940820E+01     8.190711E+03
  2.981772E+01     8.151776E+03
  3.023295E+01     8.112674E+03
  3.065395E+01     8.073409E+03
  3.108082E+01     8.033988E+03
  3.151363E+01     7.994414E+03
  3.195248E+01     7.954692E+03
  3.239743E+01     7.914827E+03
  3.284857E+01     7.874826E+03
  3.330600E+01     7.834692E+03
  3.376980E+01     7.794432E+03
  3.424006E+01     7.754050E+03
  3.471687E+01     7.713552E+03
  3.520031E+01     7.672944E+03
  3.569049E+01     7.632231E+03
  3.618750E+01     7.591417E+03
  3.669142E+01     7.550507E+03
  3.720237E+01     7.509504E+03
  3.772042E+01     7.468412E+03
  3.824570E+01     7.427235E+03
  3.877828E+01     7.385977E+03
  3.931829E+01     7.344641E+03
  3.986581E+01     7.303230E+03
  4.042096E+01     7.261747E+03
  4.098384E+01     7.220195E+03
  4.155455E+01     7.178580E+03
  4.213322E+01     7.136906E+03
  4.271994E+01     7.095179E+03
  4.331483E+01     7.053404E+03
  4.391801E+01     7.011585E+03
  4.452959E+01     6.969727E+03
  4.514968E+01     6.927835E+03
  4.577841E+01     6.885913E+03
  4.641589E+01     6.843965E+03
  4.706225E+01     6.801994E+03
  4.771761E+01     6.760007E+03
  4.838210E+01     6.718011E+03
  4.905584E+01     6.676010E+03
  4.973896E+01     6.634011E+03
  5.043159E+01     6.592019E+03
  5.113388E+01     6.550041E+03
  5.184594E+01     6.508080E+03
  5.256791E+01     6.466142E+03
  5.329994E+01     6.424232E+03
  5.404216E+01     6.382354E+03
  5.479472E+01     6.340514E+03
  5.555776E+01     6.298716E+03
  5.633143E+01     6.256966E+03
  5.711586E+01     6.215270E+03
  5.791123E+01     6.173630E+03
  5.871766E+01     6.132052E+03
  5.953533E+01     6.090539E+03
  6.036439E+01     6.049094E+03
  6.120498E+01     6.007720E+03
  6.205729E+01     5.966418E+03
  6.292146E+01     5.925195E+03
  6.379767E+01     5.884055E+03
  6.468608E+01     5.843005E+03
  6.558686E+01     5.802052E+03
  6.650018E+01     5.761198E+03
  6.742622E+01     5.720451E+03
  6.836516E+01     5.679812E+03
  6.931717E+01     5.639288E+03
  7.028244E+01     5.598879E+03
  7.126115E+01     5.558589E+03
  7.225349E+01     5.518423E+03
  7.325965E+01     5.478385E+03
  7.427982E+01     5.438481E+03
  7.531420E+01     5.398714E+03
  7.636298E+01     5.359090E+03
  7.742637E+01     5.319610E+03
  7.850456E+01     5.280277E+03
  7.959777E+01     5.241093E+03
  8.070620E+01     5.202058E+03
  8.183007E+01     5.163174E+03
  8.296959E+01     5.124443E+03
  8.412497E+01     5.085871E+03
  8.529644E+01     5.047465E+03
  8.648423E+01     5.009230E+03
  8.768856E+01     4.971171E+03
  8.890966E+01     4.933292E+03
  9.014776E+01     4.895595E+03
  9.140311E+01     4.858085E+03
  9.267593E+01     4.820763E+03
  9.396648E+01     4.783630E+03
  9.527500E+01     4.746690E+03
  9.660175E+01     4.709946E+03
  9.794697E+01     4.673404E+03
  9.931092E+01     4.637067E+03
  1.006939E+02     4.600938E+03
  1.020961E+02     4.565019E+03
  1.035178E+02     4.529311E+03
  1.049593E+02     4.493813E+03
  1.064209E+02     4.458526E+03
  1.079029E+02     4.423448E+03
  1.094055E+02     4.388578E+03
  1.109290E+02     4.353924E+03
  1.124737E+02     4.319489E+03
  1.140400E+02     4.285277E+03
  1.156280E+02     4.251293E+03
  1.172382E+02     4.217538E+03
  1.188708E+02     4.184015E+03
  1.205261E+02     4.150724E+03
  1.222045E+02     4.117665E+03
  1.239062E+02     4.084838E+03
  1.256317E+02     4.052242E+03
  1.273811E+02     4.019883E+03
  1.291550E+02     3.987763E+03
  1.309535E+02     3.955887E+03
  1.327771E+02     3.924256E+03
  1.346261E+02     3.892871E+03
  1.365008E+02     3.861733E+03
  1.384016E+02     3.830842E+03
  1.403289E+02     3.800196E+03
  1.422830E+02     3.769791E+03
  1.442644E+02     3.739627E+03
  1.462733E+02     3.709707E+03
  1.483103E+02     3.680035E+03
  1.503755E+02     3.650612E+03
  1.524696E+02     3.621441E+03
  1.545928E+02     3.592523E+03
  1.567455E+02     3.563857E+03
  1.589283E+02     3.535441E+03
  1.611414E+02     3.507275E+03
  1.633854E+02     3.479354E+03
  1.656606E+02     3.451675E+03
  1.679675E+02     3.424243E+03
  1.703065E+02     3.397060E+03
  1.726781E+02     3.370128E+03
  1.750827E+02     3.343449E+03
  1.775208E+02     3.317024E+03
  1.799929E+02     3.290853E+03
  1.824993E+02     3.264934E+03
  1.850407E+02     3.239264E+03
  1.876175E+02     3.213842E+03
  1.902301E+02     3.188663E+03
  1.928792E+02     3.163730E+03
  1.955651E+02     3.139046E+03
  1.982884E+02     3.114611E+03
  2.010496E+02     3.090428E+03
  2.038493E+02     3.066495E+03
  2.066880E+02     3.042813E+03
  2.095662E+02     3.019378E+03
  2.124845E+02     2.996189E+03
  2.154435E+02     2.973241E+03
  2.184436E+02     2.950530E+03
  2.214855E+02     2.928057E+03
  2.245698E+02     2.905825E+03
  2.276970E+02     2.883834E+03
  2.308678E+02     2.862086E+03
  2.340827E+02     2.840580E+03
  2.373424E+02     2.819315E+03
  2.406475E+02     2.798289E+03
  2.439986E+02     2.777498E+03
  2.473964E+02     2.756939E+03
  2.508415E+02     2.736607E+03
  2.543346E+02     2.716502E+03
  2.578763E+02     2.696626E+03
  2.614673E+02     2.676979E+03
  2.651084E+02     2.657562E+03
  2.688001E+02     2.638375E+03
  2.725433E+02     2.619414E+03
  2.763385E+02     2.600679E+03
  2.801867E+02     2.582165E+03
  2.840884E+02     2.563868E+03
  2.880444E+02     2.545782E+03
  2.920556E+02     2.527908E+03
  2.961225E+02     2.510247E+03
  3.002462E+02     2.492802E+03
  3.044272E+02     2.475573E+03
  3.086665E+02     2.458560E+03
  3.129648E+02     2.441763E+03
  3.173230E+02     2.425180E+03
  3.217418E+02     2.408809E+03
  3.262222E+02     2.392647E+03
  3.307650E+02     2.376690E+03
  3.353710E+02     2.360937E+03
  3.400412E+02     2.345389E+03
  3.447764E+02     2.330046E+03
  3.495776E+02     2.314908E+03
  3.544456E+02     2.299973E+03
  3.593814E+02     2.285239E+03
  3.643859E+02     2.270703E+03
  3.694601E+02     2.256361E+03
  3.746050E+02     2.242209E+03
  3.798215E+02     2.228240E+03
  3.851107E+02     2.214452E+03
  3.904735E+02     2.200848E+03
  3.959110E+02     2.187428E+03
  4.014242E+02     2.174192E+03
  4.070142E+02     2.161140E+03
  4.126821E+02     2.148270E+03
  4.184289E+02     2.135582E+03
  4.242556E+02     2.123072E+03
  4.301636E+02     2.110737E+03
  4.361538E+02     2.098574E+03
  4.422274E+02     2.086580E+03
  4.483856E+02     2.074756E+03
  4.546295E+02     2.063104E+03
  4.609604E+02     2.051622E+03
  4.673795E+02     2.040310E+03
  4.738880E+02     2.029167E+03
  4.804870E+02     2.018191E+03
  4.871780E+02     2.007378E+03
  4.939622E+02     1.996727E+03
  5.008408E+02     1.986231E+03
  5.078152E+02     1.975889E+03
  5.148867E+02     1.965702E+03
  5.220568E+02     1.955671E+03
  5.293266E+02     1.945794E+03
  5.366977E+02     1.936072E+03
  5.441714E+02     1.926503E+03
  5.517492E+02     1.917086E+03
  5.594326E+02     1.907818E+03
  5.672229E+02     1.898696E+03
  5.751217E+02     1.889717E+03
  5.831305E+02     1.880877E+03
  5.912508E+02     1.872178E+03
  5.994843E+02     1.863620E+03
  6.078323E+02     1.855202E+03
  6.162966E+02     1.846925E+03
  6.248788E+02     1.838787E+03
  6.335805E+02     1.830786E+03
  6.424034E+02     1.822920E+03
  6.513491E+02     1.815186E+03
  6.604194E+02     1.807582E+03
  6.696160E+02     1.800104E+03
  6.789407E+02     1.792752E+03
  6.883952E+02     1.785527E+03
  6.979814E+02     1.778428E+03
  7.077011E+02     1.771454E+03
  7.175561E+02     1.764604E+03
  7.275484E+02     1.757875E+03
  7.376798E+02     1.751266E+03
  7.479523E+02     1.744774E+03
  7.583678E+02     1.738394E+03
  7.689284E+02     1.732125E+03
  7.796360E+02     1.725968E+03
  7.904928E+02     1.719926E+03
  8.015007E+02     1.714000E+03
  8.126619E+02     1.708192E+03
  8.239786E+02     1.702504E+03
  8.354528E+02     1.696937E+03
  8.470868E+02     1.691493E+03
  8.588829E+02     1.686171E+03
  8.708431E+02     1.680974E+03
  8.829700E+02     1.675898E+03
  8.952657E+02     1.670933E+03
  9.077327E+02     1.666066E+03
  9.203732E+02     1.661284E+03
  9.331898E+02     1.656569E+03
  9.461848E+02     1.651904E+03
  9.593608E+02     1.647271E+03
  9.727203E+02     1.642648E+03
  9.862658E+02     1.638011E+03
  1.000000E+03     1.633337E+03
