FILE CREATED BY  : PROGRAM DPASS - VERSION 2.00
DATABASE VERSION : 21.06
DATE AND TIME    : 09/08/2022 20:18:41
PROJECTILE       : F 
TARGET           : Y 
TARGET AT. MASS  : 8.890590E+01
TARGET DENSITY   : 4.470000E+00 g/cm^3
TABULATED OUTPUT : STOPPING FORCE VERSUS ENERGY
DATA TYPE        : SPLINE INTERPOLATED
ABSCISSA UNITS   : MeV/u
ORDINATE UNITS   : eV/nm


      E/n             S(E/n)

  1.000000E-03     1.625322E+02
  1.013925E-03     1.636428E+02
  1.028045E-03     1.647680E+02
  1.042361E-03     1.659073E+02
  1.056876E-03     1.670600E+02
  1.071593E-03     1.682252E+02
  1.086516E-03     1.694021E+02
  1.101646E-03     1.705899E+02
  1.116987E-03     1.717874E+02
  1.132541E-03     1.729936E+02
  1.148312E-03     1.742074E+02
  1.164303E-03     1.754275E+02
  1.180517E-03     1.766539E+02
  1.196956E-03     1.778869E+02
  1.213624E-03     1.791267E+02
  1.230524E-03     1.803737E+02
  1.247660E-03     1.816281E+02
  1.265034E-03     1.828904E+02
  1.282650E-03     1.841609E+02
  1.300511E-03     1.854401E+02
  1.318621E-03     1.867285E+02
  1.336984E-03     1.880266E+02
  1.355602E-03     1.893344E+02
  1.374479E-03     1.906521E+02
  1.393619E-03     1.919794E+02
  1.413026E-03     1.933165E+02
  1.432703E-03     1.946633E+02
  1.452654E-03     1.960197E+02
  1.472883E-03     1.973857E+02
  1.493393E-03     1.987613E+02
  1.514189E-03     2.001464E+02
  1.535275E-03     2.015411E+02
  1.556654E-03     2.029453E+02
  1.578331E-03     2.043591E+02
  1.600310E-03     2.057826E+02
  1.622595E-03     2.072158E+02
  1.645191E-03     2.086588E+02
  1.668101E-03     2.101117E+02
  1.691330E-03     2.115746E+02
  1.714882E-03     2.130476E+02
  1.738762E-03     2.145309E+02
  1.762975E-03     2.160245E+02
  1.787526E-03     2.175286E+02
  1.812418E-03     2.190432E+02
  1.837656E-03     2.205683E+02
  1.863246E-03     2.221040E+02
  1.889193E-03     2.236503E+02
  1.915501E-03     2.252073E+02
  1.942175E-03     2.267751E+02
  1.969220E-03     2.283537E+02
  1.996642E-03     2.299432E+02
  2.024447E-03     2.315438E+02
  2.052638E-03     2.331555E+02
  2.081222E-03     2.347783E+02
  2.110203E-03     2.364124E+02
  2.139589E-03     2.380577E+02
  2.169384E-03     2.397144E+02
  2.199593E-03     2.413826E+02
  2.230223E-03     2.430623E+02
  2.261280E-03     2.447536E+02
  2.292769E-03     2.464568E+02
  2.324697E-03     2.481718E+02
  2.357069E-03     2.498988E+02
  2.389893E-03     2.516379E+02
  2.423173E-03     2.533892E+02
  2.456916E-03     2.551526E+02
  2.491130E-03     2.569283E+02
  2.525820E-03     2.587164E+02
  2.560993E-03     2.605169E+02
  2.596656E-03     2.623300E+02
  2.632815E-03     2.641558E+02
  2.669478E-03     2.659944E+02
  2.706652E-03     2.678459E+02
  2.744343E-03     2.697105E+02
  2.782559E-03     2.715882E+02
  2.821308E-03     2.734790E+02
  2.860596E-03     2.753831E+02
  2.900430E-03     2.773005E+02
  2.940820E-03     2.792315E+02
  2.981772E-03     2.811761E+02
  3.023295E-03     2.831344E+02
  3.065395E-03     2.851067E+02
  3.108082E-03     2.870930E+02
  3.151363E-03     2.890934E+02
  3.195248E-03     2.911081E+02
  3.239743E-03     2.931372E+02
  3.284857E-03     2.951806E+02
  3.330600E-03     2.972387E+02
  3.376980E-03     2.993114E+02
  3.424006E-03     3.013990E+02
  3.471687E-03     3.035016E+02
  3.520031E-03     3.056195E+02
  3.569049E-03     3.077526E+02
  3.618750E-03     3.099013E+02
  3.669142E-03     3.120655E+02
  3.720237E-03     3.142453E+02
  3.772042E-03     3.164410E+02
  3.824570E-03     3.186526E+02
  3.877828E-03     3.208803E+02
  3.931829E-03     3.231243E+02
  3.986581E-03     3.253847E+02
  4.042096E-03     3.276617E+02
  4.098384E-03     3.299555E+02
  4.155455E-03     3.322663E+02
  4.213322E-03     3.345941E+02
  4.271994E-03     3.369391E+02
  4.331483E-03     3.393014E+02
  4.391801E-03     3.416812E+02
  4.452959E-03     3.440786E+02
  4.514968E-03     3.464938E+02
  4.577841E-03     3.489270E+02
  4.641589E-03     3.513784E+02
  4.706225E-03     3.538482E+02
  4.771761E-03     3.563367E+02
  4.838210E-03     3.588438E+02
  4.905584E-03     3.613698E+02
  4.973896E-03     3.639148E+02
  5.043159E-03     3.664789E+02
  5.113388E-03     3.690625E+02
  5.184594E-03     3.716656E+02
  5.256791E-03     3.742885E+02
  5.329994E-03     3.769315E+02
  5.404216E-03     3.795947E+02
  5.479472E-03     3.822784E+02
  5.555776E-03     3.849827E+02
  5.633143E-03     3.877078E+02
  5.711586E-03     3.904538E+02
  5.791123E-03     3.932208E+02
  5.871766E-03     3.960092E+02
  5.953533E-03     3.988191E+02
  6.036439E-03     4.016508E+02
  6.120498E-03     4.045045E+02
  6.205729E-03     4.073804E+02
  6.292146E-03     4.102788E+02
  6.379767E-03     4.131999E+02
  6.468608E-03     4.161437E+02
  6.558686E-03     4.191104E+02
  6.650018E-03     4.221003E+02
  6.742622E-03     4.251136E+02
  6.836516E-03     4.281505E+02
  6.931717E-03     4.312112E+02
  7.028244E-03     4.342961E+02
  7.126115E-03     4.374053E+02
  7.225349E-03     4.405391E+02
  7.325965E-03     4.436976E+02
  7.427982E-03     4.468812E+02
  7.531420E-03     4.500899E+02
  7.636298E-03     4.533240E+02
  7.742637E-03     4.565838E+02
  7.850456E-03     4.598694E+02
  7.959777E-03     4.631813E+02
  8.070620E-03     4.665197E+02
  8.183007E-03     4.698848E+02
  8.296959E-03     4.732770E+02
  8.412497E-03     4.766964E+02
  8.529644E-03     4.801433E+02
  8.648423E-03     4.836177E+02
  8.768856E-03     4.871200E+02
  8.890966E-03     4.906504E+02
  9.014776E-03     4.942091E+02
  9.140311E-03     4.977964E+02
  9.267593E-03     5.014126E+02
  9.396648E-03     5.050580E+02
  9.527500E-03     5.087329E+02
  9.660175E-03     5.124373E+02
  9.794697E-03     5.161717E+02
  9.931092E-03     5.199361E+02
  1.006939E-02     5.237308E+02
  1.020961E-02     5.275561E+02
  1.035178E-02     5.314122E+02
  1.049593E-02     5.352995E+02
  1.064209E-02     5.392181E+02
  1.079029E-02     5.431686E+02
  1.094055E-02     5.471510E+02
  1.109290E-02     5.511658E+02
  1.124737E-02     5.552129E+02
  1.140400E-02     5.592927E+02
  1.156280E-02     5.634055E+02
  1.172382E-02     5.675513E+02
  1.188708E-02     5.717306E+02
  1.205261E-02     5.759436E+02
  1.222045E-02     5.801907E+02
  1.239062E-02     5.844720E+02
  1.256317E-02     5.887880E+02
  1.273811E-02     5.931388E+02
  1.291550E-02     5.975246E+02
  1.309535E-02     6.019457E+02
  1.327771E-02     6.064022E+02
  1.346261E-02     6.108943E+02
  1.365008E-02     6.154225E+02
  1.384016E-02     6.199868E+02
  1.403289E-02     6.245876E+02
  1.422830E-02     6.292252E+02
  1.442644E-02     6.338999E+02
  1.462733E-02     6.386118E+02
  1.483103E-02     6.433612E+02
  1.503755E-02     6.481482E+02
  1.524696E-02     6.529731E+02
  1.545928E-02     6.578360E+02
  1.567455E-02     6.627371E+02
  1.589283E-02     6.676768E+02
  1.611414E-02     6.726553E+02
  1.633854E-02     6.776729E+02
  1.656606E-02     6.827298E+02
  1.679675E-02     6.878263E+02
  1.703065E-02     6.929623E+02
  1.726781E-02     6.981381E+02
  1.750827E-02     7.033539E+02
  1.775208E-02     7.086097E+02
  1.799929E-02     7.139059E+02
  1.824993E-02     7.192426E+02
  1.850407E-02     7.246200E+02
  1.876175E-02     7.300383E+02
  1.902301E-02     7.354978E+02
  1.928792E-02     7.409986E+02
  1.955651E-02     7.465408E+02
  1.982884E-02     7.521244E+02
  2.010496E-02     7.577496E+02
  2.038493E-02     7.634164E+02
  2.066880E-02     7.691251E+02
  2.095662E-02     7.748757E+02
  2.124845E-02     7.806683E+02
  2.154435E-02     7.865033E+02
  2.184436E-02     7.923806E+02
  2.214855E-02     7.983004E+02
  2.245698E-02     8.042627E+02
  2.276970E-02     8.102675E+02
  2.308678E-02     8.163148E+02
  2.340827E-02     8.224047E+02
  2.373424E-02     8.285373E+02
  2.406475E-02     8.347125E+02
  2.439986E-02     8.409306E+02
  2.473964E-02     8.471915E+02
  2.508415E-02     8.534953E+02
  2.543346E-02     8.598422E+02
  2.578763E-02     8.662318E+02
  2.614673E-02     8.726643E+02
  2.651084E-02     8.791395E+02
  2.688001E-02     8.856574E+02
  2.725433E-02     8.922179E+02
  2.763385E-02     8.988210E+02
  2.801867E-02     9.054668E+02
  2.840884E-02     9.121550E+02
  2.880444E-02     9.188859E+02
  2.920556E-02     9.256592E+02
  2.961225E-02     9.324748E+02
  3.002462E-02     9.393325E+02
  3.044272E-02     9.462322E+02
  3.086665E-02     9.531736E+02
  3.129648E-02     9.601567E+02
  3.173230E-02     9.671813E+02
  3.217418E-02     9.742472E+02
  3.262222E-02     9.813545E+02
  3.307650E-02     9.885029E+02
  3.353710E-02     9.956922E+02
  3.400412E-02     1.002922E+03
  3.447764E-02     1.010193E+03
  3.495776E-02     1.017503E+03
  3.544456E-02     1.024853E+03
  3.593814E-02     1.032243E+03
  3.643859E-02     1.039672E+03
  3.694601E-02     1.047141E+03
  3.746050E-02     1.054648E+03
  3.798215E-02     1.062193E+03
  3.851107E-02     1.069777E+03
  3.904735E-02     1.077399E+03
  3.959110E-02     1.085058E+03
  4.014242E-02     1.092755E+03
  4.070142E-02     1.100487E+03
  4.126821E-02     1.108256E+03
  4.184289E-02     1.116061E+03
  4.242556E-02     1.123902E+03
  4.301636E-02     1.131777E+03
  4.361538E-02     1.139687E+03
  4.422274E-02     1.147631E+03
  4.483856E-02     1.155609E+03
  4.546295E-02     1.163621E+03
  4.609604E-02     1.171664E+03
  4.673795E-02     1.179740E+03
  4.738880E-02     1.187848E+03
  4.804870E-02     1.195987E+03
  4.871780E-02     1.204156E+03
  4.939622E-02     1.212356E+03
  5.008408E-02     1.220586E+03
  5.078152E-02     1.228845E+03
  5.148867E-02     1.237132E+03
  5.220568E-02     1.245447E+03
  5.293266E-02     1.253788E+03
  5.366977E-02     1.262156E+03
  5.441714E-02     1.270549E+03
  5.517492E-02     1.278966E+03
  5.594326E-02     1.287406E+03
  5.672229E-02     1.295869E+03
  5.751217E-02     1.304354E+03
  5.831305E-02     1.312860E+03
  5.912508E-02     1.321386E+03
  5.994843E-02     1.329930E+03
  6.078323E-02     1.338491E+03
  6.162966E-02     1.347068E+03
  6.248788E-02     1.355659E+03
  6.335805E-02     1.364262E+03
  6.424034E-02     1.372878E+03
  6.513491E-02     1.381503E+03
  6.604194E-02     1.390136E+03
  6.696160E-02     1.398777E+03
  6.789407E-02     1.407425E+03
  6.883952E-02     1.416077E+03
  6.979814E-02     1.424734E+03
  7.077011E-02     1.433394E+03
  7.175561E-02     1.442056E+03
  7.275484E-02     1.450719E+03
  7.376798E-02     1.459384E+03
  7.479523E-02     1.468048E+03
  7.583678E-02     1.476711E+03
  7.689284E-02     1.485374E+03
  7.796360E-02     1.494034E+03
  7.904928E-02     1.502690E+03
  8.015007E-02     1.511342E+03
  8.126619E-02     1.519990E+03
  8.239786E-02     1.528631E+03
  8.354528E-02     1.537265E+03
  8.470868E-02     1.545892E+03
  8.588829E-02     1.554512E+03
  8.708431E-02     1.563123E+03
  8.829700E-02     1.571725E+03
  8.952657E-02     1.580318E+03
  9.077327E-02     1.588900E+03
  9.203732E-02     1.597470E+03
  9.331898E-02     1.606028E+03
  9.461848E-02     1.614573E+03
  9.593608E-02     1.623103E+03
  9.727203E-02     1.631619E+03
  9.862658E-02     1.640119E+03
  1.000000E-01     1.648604E+03
  1.013925E-01     1.657074E+03
  1.028045E-01     1.665526E+03
  1.042361E-01     1.673960E+03
  1.056876E-01     1.682375E+03
  1.071593E-01     1.690770E+03
  1.086516E-01     1.699144E+03
  1.101646E-01     1.707495E+03
  1.116987E-01     1.715824E+03
  1.132541E-01     1.724129E+03
  1.148312E-01     1.732411E+03
  1.164303E-01     1.740668E+03
  1.180517E-01     1.748900E+03
  1.196956E-01     1.757105E+03
  1.213624E-01     1.765282E+03
  1.230524E-01     1.773429E+03
  1.247660E-01     1.781546E+03
  1.265034E-01     1.789631E+03
  1.282650E-01     1.797683E+03
  1.300511E-01     1.805702E+03
  1.318621E-01     1.813688E+03
  1.336984E-01     1.821638E+03
  1.355602E-01     1.829553E+03
  1.374479E-01     1.837430E+03
  1.393619E-01     1.845268E+03
  1.413026E-01     1.853065E+03
  1.432703E-01     1.860821E+03
  1.452654E-01     1.868533E+03
  1.472883E-01     1.876202E+03
  1.493393E-01     1.883825E+03
  1.514189E-01     1.891402E+03
  1.535275E-01     1.898932E+03
  1.556654E-01     1.906413E+03
  1.578331E-01     1.913845E+03
  1.600310E-01     1.921226E+03
  1.622595E-01     1.928553E+03
  1.645191E-01     1.935826E+03
  1.668101E-01     1.943043E+03
  1.691330E-01     1.950203E+03
  1.714882E-01     1.957304E+03
  1.738762E-01     1.964348E+03
  1.762975E-01     1.971331E+03
  1.787526E-01     1.978254E+03
  1.812418E-01     1.985113E+03
  1.837656E-01     1.991909E+03
  1.863246E-01     1.998639E+03
  1.889193E-01     2.005302E+03
  1.915501E-01     2.011897E+03
  1.942175E-01     2.018422E+03
  1.969220E-01     2.024877E+03
  1.996642E-01     2.031261E+03
  2.024447E-01     2.037574E+03
  2.052638E-01     2.043814E+03
  2.081222E-01     2.049981E+03
  2.110203E-01     2.056072E+03
  2.139589E-01     2.062086E+03
  2.169384E-01     2.068022E+03
  2.199593E-01     2.073880E+03
  2.230223E-01     2.079659E+03
  2.261280E-01     2.085357E+03
  2.292769E-01     2.090976E+03
  2.324697E-01     2.096514E+03
  2.357069E-01     2.101971E+03
  2.389893E-01     2.107347E+03
  2.423173E-01     2.112639E+03
  2.456916E-01     2.117847E+03
  2.491130E-01     2.122971E+03
  2.525820E-01     2.128009E+03
  2.560993E-01     2.132962E+03
  2.596656E-01     2.137829E+03
  2.632815E-01     2.142611E+03
  2.669478E-01     2.147308E+03
  2.706652E-01     2.151920E+03
  2.744343E-01     2.156447E+03
  2.782559E-01     2.160888E+03
  2.821308E-01     2.165241E+03
  2.860596E-01     2.169507E+03
  2.900430E-01     2.173686E+03
  2.940820E-01     2.177778E+03
  2.981772E-01     2.181783E+03
  3.023295E-01     2.185702E+03
  3.065395E-01     2.189537E+03
  3.108082E-01     2.193287E+03
  3.151363E-01     2.196952E+03
  3.195248E-01     2.200531E+03
  3.239743E-01     2.204026E+03
  3.284857E-01     2.207434E+03
  3.330600E-01     2.210757E+03
  3.376980E-01     2.213995E+03
  3.424006E-01     2.217148E+03
  3.471687E-01     2.220218E+03
  3.520031E-01     2.223206E+03
  3.569049E-01     2.226112E+03
  3.618750E-01     2.228937E+03
  3.669142E-01     2.231681E+03
  3.720237E-01     2.234342E+03
  3.772042E-01     2.236920E+03
  3.824570E-01     2.239417E+03
  3.877828E-01     2.241832E+03
  3.931829E-01     2.244167E+03
  3.986581E-01     2.246421E+03
  4.042096E-01     2.248596E+03
  4.098384E-01     2.250694E+03
  4.155455E-01     2.252714E+03
  4.213322E-01     2.254656E+03
  4.271994E-01     2.256518E+03
  4.331483E-01     2.258301E+03
  4.391801E-01     2.260005E+03
  4.452959E-01     2.261631E+03
  4.514968E-01     2.263178E+03
  4.577841E-01     2.264647E+03
  4.641589E-01     2.266039E+03
  4.706225E-01     2.267355E+03
  4.771761E-01     2.268595E+03
  4.838210E-01     2.269757E+03
  4.905584E-01     2.270842E+03
  4.973896E-01     2.271848E+03
  5.043159E-01     2.272776E+03
  5.113388E-01     2.273626E+03
  5.184594E-01     2.274397E+03
  5.256791E-01     2.275089E+03
  5.329994E-01     2.275705E+03
  5.404216E-01     2.276243E+03
  5.479472E-01     2.276703E+03
  5.555776E-01     2.277084E+03
  5.633143E-01     2.277386E+03
  5.711586E-01     2.277607E+03
  5.791123E-01     2.277747E+03
  5.871766E-01     2.277806E+03
  5.953533E-01     2.277783E+03
  6.036439E-01     2.277678E+03
  6.120498E-01     2.277491E+03
  6.205729E-01     2.277222E+03
  6.292146E-01     2.276870E+03
  6.379767E-01     2.276433E+03
  6.468608E-01     2.275912E+03
  6.558686E-01     2.275305E+03
  6.650018E-01     2.274612E+03
  6.742622E-01     2.273831E+03
  6.836516E-01     2.272962E+03
  6.931717E-01     2.272004E+03
  7.028244E-01     2.270958E+03
  7.126115E-01     2.269823E+03
  7.225349E-01     2.268598E+03
  7.325965E-01     2.267283E+03
  7.427982E-01     2.265876E+03
  7.531420E-01     2.264377E+03
  7.636298E-01     2.262785E+03
  7.742637E-01     2.261100E+03
  7.850456E-01     2.259321E+03
  7.959777E-01     2.257448E+03
  8.070620E-01     2.255482E+03
  8.183007E-01     2.253422E+03
  8.296959E-01     2.251267E+03
  8.412497E-01     2.249018E+03
  8.529644E-01     2.246673E+03
  8.648423E-01     2.244233E+03
  8.768856E-01     2.241696E+03
  8.890966E-01     2.239063E+03
  9.014776E-01     2.236334E+03
  9.140311E-01     2.233508E+03
  9.267593E-01     2.230587E+03
  9.396648E-01     2.227571E+03
  9.527500E-01     2.224459E+03
  9.660175E-01     2.221252E+03
  9.794697E-01     2.217949E+03
  9.931092E-01     2.214550E+03
  1.006939E+00     2.211055E+03
  1.020961E+00     2.207464E+03
  1.035178E+00     2.203778E+03
  1.049593E+00     2.199997E+03
  1.064209E+00     2.196121E+03
  1.079029E+00     2.192152E+03
  1.094055E+00     2.188090E+03
  1.109290E+00     2.183935E+03
  1.124737E+00     2.179686E+03
  1.140400E+00     2.175345E+03
  1.156280E+00     2.170911E+03
  1.172382E+00     2.166385E+03
  1.188708E+00     2.161767E+03
  1.205261E+00     2.157058E+03
  1.222045E+00     2.152259E+03
  1.239062E+00     2.147372E+03
  1.256317E+00     2.142396E+03
  1.273811E+00     2.137332E+03
  1.291550E+00     2.132180E+03
  1.309535E+00     2.126941E+03
  1.327771E+00     2.121615E+03
  1.346261E+00     2.116203E+03
  1.365008E+00     2.110704E+03
  1.384016E+00     2.105121E+03
  1.403289E+00     2.099454E+03
  1.422830E+00     2.093704E+03
  1.442644E+00     2.087873E+03
  1.462733E+00     2.081961E+03
  1.483103E+00     2.075967E+03
  1.503755E+00     2.069893E+03
  1.524696E+00     2.063739E+03
  1.545928E+00     2.057505E+03
  1.567455E+00     2.051193E+03
  1.589283E+00     2.044803E+03
  1.611414E+00     2.038336E+03
  1.633854E+00     2.031794E+03
  1.656606E+00     2.025177E+03
  1.679675E+00     2.018486E+03
  1.703065E+00     2.011722E+03
  1.726781E+00     2.004884E+03
  1.750827E+00     1.997975E+03
  1.775208E+00     1.990993E+03
  1.799929E+00     1.983942E+03
  1.824993E+00     1.976820E+03
  1.850407E+00     1.969630E+03
  1.876175E+00     1.962373E+03
  1.902301E+00     1.955050E+03
  1.928792E+00     1.947661E+03
  1.955651E+00     1.940207E+03
  1.982884E+00     1.932689E+03
  2.010496E+00     1.925107E+03
  2.038493E+00     1.917463E+03
  2.066880E+00     1.909757E+03
  2.095662E+00     1.901989E+03
  2.124845E+00     1.894162E+03
  2.154435E+00     1.886275E+03
  2.184436E+00     1.878331E+03
  2.214855E+00     1.870330E+03
  2.245698E+00     1.862273E+03
  2.276970E+00     1.854160E+03
  2.308678E+00     1.845992E+03
  2.340827E+00     1.837770E+03
  2.373424E+00     1.829496E+03
  2.406475E+00     1.821170E+03
  2.439986E+00     1.812793E+03
  2.473964E+00     1.804366E+03
  2.508415E+00     1.795891E+03
  2.543346E+00     1.787368E+03
  2.578763E+00     1.778799E+03
  2.614673E+00     1.770184E+03
  2.651084E+00     1.761524E+03
  2.688001E+00     1.752819E+03
  2.725433E+00     1.744072E+03
  2.763385E+00     1.735283E+03
  2.801867E+00     1.726454E+03
  2.840884E+00     1.717584E+03
  2.880444E+00     1.708676E+03
  2.920556E+00     1.699730E+03
  2.961225E+00     1.690747E+03
  3.002462E+00     1.681729E+03
  3.044272E+00     1.672676E+03
  3.086665E+00     1.663589E+03
  3.129648E+00     1.654469E+03
  3.173230E+00     1.645318E+03
  3.217418E+00     1.636136E+03
  3.262222E+00     1.626924E+03
  3.307650E+00     1.617684E+03
  3.353710E+00     1.608416E+03
  3.400412E+00     1.599122E+03
  3.447764E+00     1.589802E+03
  3.495776E+00     1.580458E+03
  3.544456E+00     1.571091E+03
  3.593814E+00     1.561702E+03
  3.643859E+00     1.552292E+03
  3.694601E+00     1.542862E+03
  3.746050E+00     1.533414E+03
  3.798215E+00     1.523948E+03
  3.851107E+00     1.514466E+03
  3.904735E+00     1.504968E+03
  3.959110E+00     1.495457E+03
  4.014242E+00     1.485932E+03
  4.070142E+00     1.476395E+03
  4.126821E+00     1.466848E+03
  4.184289E+00     1.457290E+03
  4.242556E+00     1.447724E+03
  4.301636E+00     1.438151E+03
  4.361538E+00     1.428570E+03
  4.422274E+00     1.418983E+03
  4.483856E+00     1.409392E+03
  4.546295E+00     1.399797E+03
  4.609604E+00     1.390200E+03
  4.673795E+00     1.380603E+03
  4.738880E+00     1.371005E+03
  4.804870E+00     1.361409E+03
  4.871780E+00     1.351815E+03
  4.939622E+00     1.342224E+03
  5.008408E+00     1.332636E+03
  5.078152E+00     1.323054E+03
  5.148867E+00     1.313478E+03
  5.220568E+00     1.303910E+03
  5.293266E+00     1.294351E+03
  5.366977E+00     1.284801E+03
  5.441714E+00     1.275263E+03
  5.517492E+00     1.265737E+03
  5.594326E+00     1.256224E+03
  5.672229E+00     1.246724E+03
  5.751217E+00     1.237239E+03
  5.831305E+00     1.227770E+03
  5.912508E+00     1.218317E+03
  5.994843E+00     1.208883E+03
  6.078323E+00     1.199467E+03
  6.162966E+00     1.190072E+03
  6.248788E+00     1.180698E+03
  6.335805E+00     1.171346E+03
  6.424034E+00     1.162017E+03
  6.513491E+00     1.152712E+03
  6.604194E+00     1.143430E+03
  6.696160E+00     1.134173E+03
  6.789407E+00     1.124942E+03
  6.883952E+00     1.115739E+03
  6.979814E+00     1.106563E+03
  7.077011E+00     1.097418E+03
  7.175561E+00     1.088303E+03
  7.275484E+00     1.079220E+03
  7.376798E+00     1.070168E+03
  7.479523E+00     1.061150E+03
  7.583678E+00     1.052165E+03
  7.689284E+00     1.043213E+03
  7.796360E+00     1.034297E+03
  7.904928E+00     1.025416E+03
  8.015007E+00     1.016573E+03
  8.126619E+00     1.007768E+03
  8.239786E+00     9.990025E+02
  8.354528E+00     9.902762E+02
  8.470868E+00     9.815901E+02
  8.588829E+00     9.729444E+02
  8.708431E+00     9.643391E+02
  8.829700E+00     9.557746E+02
  8.952657E+00     9.472518E+02
  9.077327E+00     9.387718E+02
  9.203732E+00     9.303356E+02
  9.331898E+00     9.219441E+02
  9.461848E+00     9.135978E+02
  9.593608E+00     9.052973E+02
  9.727203E+00     8.970429E+02
  9.862658E+00     8.888345E+02
  1.000000E+01     8.806720E+02
  1.013925E+01     8.725553E+02
  1.028045E+01     8.644854E+02
  1.042361E+01     8.564632E+02
  1.056876E+01     8.484898E+02
  1.071593E+01     8.405660E+02
  1.086516E+01     8.326922E+02
  1.101646E+01     8.248690E+02
  1.116987E+01     8.170966E+02
  1.132541E+01     8.093750E+02
  1.148312E+01     8.017039E+02
  1.164303E+01     7.940830E+02
  1.180517E+01     7.865131E+02
  1.196956E+01     7.789949E+02
  1.213624E+01     7.715293E+02
  1.230524E+01     7.641167E+02
  1.247660E+01     7.567576E+02
  1.265034E+01     7.494520E+02
  1.282650E+01     7.421999E+02
  1.300511E+01     7.350010E+02
  1.318621E+01     7.278547E+02
  1.336984E+01     7.207603E+02
  1.355602E+01     7.137182E+02
  1.374479E+01     7.067294E+02
  1.393619E+01     6.997944E+02
  1.413026E+01     6.929137E+02
  1.432703E+01     6.860878E+02
  1.452654E+01     6.793168E+02
  1.472883E+01     6.726004E+02
  1.493393E+01     6.659384E+02
  1.514189E+01     6.593302E+02
  1.535275E+01     6.527751E+02
  1.556654E+01     6.462731E+02
  1.578331E+01     6.398250E+02
  1.600310E+01     6.334313E+02
  1.622595E+01     6.270923E+02
  1.645191E+01     6.208083E+02
  1.668101E+01     6.145790E+02
  1.691330E+01     6.084042E+02
  1.714882E+01     6.022833E+02
  1.738762E+01     5.962156E+02
  1.762975E+01     5.901999E+02
  1.787526E+01     5.842363E+02
  1.812418E+01     5.783253E+02
  1.837656E+01     5.724673E+02
  1.863246E+01     5.666627E+02
  1.889193E+01     5.609114E+02
  1.915501E+01     5.552134E+02
  1.942175E+01     5.495683E+02
  1.969220E+01     5.439754E+02
  1.996642E+01     5.384341E+02
  2.024447E+01     5.329430E+02
  2.052638E+01     5.275021E+02
  2.081222E+01     5.221118E+02
  2.110203E+01     5.167724E+02
  2.139589E+01     5.114842E+02
  2.169384E+01     5.062471E+02
  2.199593E+01     5.010611E+02
  2.230223E+01     4.959256E+02
  2.261280E+01     4.908402E+02
  2.292769E+01     4.858039E+02
  2.324697E+01     4.808155E+02
  2.357069E+01     4.758747E+02
  2.389893E+01     4.709819E+02
  2.423173E+01     4.661372E+02
  2.456916E+01     4.613409E+02
  2.491130E+01     4.565928E+02
  2.525820E+01     4.518928E+02
  2.560993E+01     4.472403E+02
  2.596656E+01     4.426347E+02
  2.632815E+01     4.380752E+02
  2.669478E+01     4.335604E+02
  2.706652E+01     4.290898E+02
  2.744343E+01     4.246638E+02
  2.782559E+01     4.202825E+02
  2.821308E+01     4.159460E+02
  2.860596E+01     4.116542E+02
  2.900430E+01     4.074069E+02
  2.940820E+01     4.032037E+02
  2.981772E+01     3.990439E+02
  3.023295E+01     3.949266E+02
  3.065395E+01     3.908507E+02
  3.108082E+01     3.868155E+02
  3.151363E+01     3.828213E+02
  3.195248E+01     3.788682E+02
  3.239743E+01     3.749562E+02
  3.284857E+01     3.710854E+02
  3.330600E+01     3.672555E+02
  3.376980E+01     3.634660E+02
  3.424006E+01     3.597163E+02
  3.471687E+01     3.560056E+02
  3.520031E+01     3.523330E+02
  3.569049E+01     3.486976E+02
  3.618750E+01     3.450995E+02
  3.669142E+01     3.415390E+02
  3.720237E+01     3.380161E+02
  3.772042E+01     3.345308E+02
  3.824570E+01     3.310829E+02
  3.877828E+01     3.276718E+02
  3.931829E+01     3.242972E+02
  3.986581E+01     3.209583E+02
  4.042096E+01     3.176542E+02
  4.098384E+01     3.143840E+02
  4.155455E+01     3.111479E+02
  4.213322E+01     3.079459E+02
  4.271994E+01     3.047782E+02
  4.331483E+01     3.016447E+02
  4.391801E+01     2.985451E+02
  4.452959E+01     2.954791E+02
  4.514968E+01     2.924462E+02
  4.577841E+01     2.894457E+02
  4.641589E+01     2.864767E+02
  4.706225E+01     2.835384E+02
  4.771761E+01     2.806309E+02
  4.838210E+01     2.777544E+02
  4.905584E+01     2.749089E+02
  4.973896E+01     2.720945E+02
  5.043159E+01     2.693110E+02
  5.113388E+01     2.665581E+02
  5.184594E+01     2.638355E+02
  5.256791E+01     2.611427E+02
  5.329994E+01     2.584788E+02
  5.404216E+01     2.558434E+02
  5.479472E+01     2.532362E+02
  5.555776E+01     2.506574E+02
  5.633143E+01     2.481070E+02
  5.711586E+01     2.455849E+02
  5.791123E+01     2.430910E+02
  5.871766E+01     2.406248E+02
  5.953533E+01     2.381860E+02
  6.036439E+01     2.357740E+02
  6.120498E+01     2.333879E+02
  6.205729E+01     2.310271E+02
  6.292146E+01     2.286914E+02
  6.379767E+01     2.263810E+02
  6.468608E+01     2.240960E+02
  6.558686E+01     2.218363E+02
  6.650018E+01     2.196019E+02
  6.742622E+01     2.173925E+02
  6.836516E+01     2.152078E+02
  6.931717E+01     2.130474E+02
  7.028244E+01     2.109108E+02
  7.126115E+01     2.087973E+02
  7.225349E+01     2.067067E+02
  7.325965E+01     2.046392E+02
  7.427982E+01     2.025949E+02
  7.531420E+01     2.005736E+02
  7.636298E+01     1.985753E+02
  7.742637E+01     1.965997E+02
  7.850456E+01     1.946465E+02
  7.959777E+01     1.927153E+02
  8.070620E+01     1.908055E+02
  8.183007E+01     1.889165E+02
  8.296959E+01     1.870480E+02
  8.412497E+01     1.852003E+02
  8.529644E+01     1.833733E+02
  8.648423E+01     1.815671E+02
  8.768856E+01     1.797815E+02
  8.890966E+01     1.780164E+02
  9.014776E+01     1.762716E+02
  9.140311E+01     1.745466E+02
  9.267593E+01     1.728411E+02
  9.396648E+01     1.711544E+02
  9.527500E+01     1.694864E+02
  9.660175E+01     1.678372E+02
  9.794697E+01     1.662068E+02
  9.931092E+01     1.645951E+02
  1.006939E+02     1.630022E+02
  1.020961E+02     1.614278E+02
  1.035178E+02     1.598718E+02
  1.049593E+02     1.583337E+02
  1.064209E+02     1.568132E+02
  1.079029E+02     1.553097E+02
  1.094055E+02     1.538231E+02
  1.109290E+02     1.523533E+02
  1.124737E+02     1.509005E+02
  1.140400E+02     1.494646E+02
  1.156280E+02     1.480456E+02
  1.172382E+02     1.466434E+02
  1.188708E+02     1.452577E+02
  1.205261E+02     1.438883E+02
  1.222045E+02     1.425348E+02
  1.239062E+02     1.411967E+02
  1.256317E+02     1.398739E+02
  1.273811E+02     1.385663E+02
  1.291550E+02     1.372741E+02
  1.309535E+02     1.359971E+02
  1.327771E+02     1.347354E+02
  1.346261E+02     1.334889E+02
  1.365008E+02     1.322573E+02
  1.384016E+02     1.310404E+02
  1.403289E+02     1.298379E+02
  1.422830E+02     1.286494E+02
  1.442644E+02     1.274746E+02
  1.462733E+02     1.263135E+02
  1.483103E+02     1.251662E+02
  1.503755E+02     1.240327E+02
  1.524696E+02     1.229130E+02
  1.545928E+02     1.218070E+02
  1.567455E+02     1.207144E+02
  1.589283E+02     1.196351E+02
  1.611414E+02     1.185689E+02
  1.633854E+02     1.175152E+02
  1.656606E+02     1.164740E+02
  1.679675E+02     1.154452E+02
  1.703065E+02     1.144288E+02
  1.726781E+02     1.134249E+02
  1.750827E+02     1.124333E+02
  1.775208E+02     1.114542E+02
  1.799929E+02     1.104872E+02
  1.824993E+02     1.095322E+02
  1.850407E+02     1.085889E+02
  1.876175E+02     1.076571E+02
  1.902301E+02     1.067364E+02
  1.928792E+02     1.058269E+02
  1.955651E+02     1.049286E+02
  1.982884E+02     1.040415E+02
  2.010496E+02     1.031656E+02
  2.038493E+02     1.023008E+02
  2.066880E+02     1.014470E+02
  2.095662E+02     1.006040E+02
  2.124845E+02     9.977166E+01
  2.154435E+02     9.894963E+01
  2.184436E+02     9.813767E+01
  2.214855E+02     9.733578E+01
  2.245698E+02     9.654399E+01
  2.276970E+02     9.576231E+01
  2.308678E+02     9.499072E+01
  2.340827E+02     9.422915E+01
  2.373424E+02     9.347750E+01
  2.406475E+02     9.273562E+01
  2.439986E+02     9.200331E+01
  2.473964E+02     9.128033E+01
  2.508415E+02     9.056644E+01
  2.543346E+02     8.986160E+01
  2.578763E+02     8.916587E+01
  2.614673E+02     8.847924E+01
  2.651084E+02     8.780169E+01
  2.688001E+02     8.713318E+01
  2.725433E+02     8.647360E+01
  2.763385E+02     8.582284E+01
  2.801867E+02     8.518071E+01
  2.840884E+02     8.454702E+01
  2.880444E+02     8.392151E+01
  2.920556E+02     8.330417E+01
  2.961225E+02     8.269502E+01
  3.002462E+02     8.209408E+01
  3.044272E+02     8.150132E+01
  3.086665E+02     8.091671E+01
  3.129648E+02     8.034015E+01
  3.173230E+02     7.977155E+01
  3.217418E+02     7.921075E+01
  3.262222E+02     7.865757E+01
  3.307650E+02     7.811179E+01
  3.353710E+02     7.757337E+01
  3.400412E+02     7.704233E+01
  3.447764E+02     7.651869E+01
  3.495776E+02     7.600243E+01
  3.544456E+02     7.549350E+01
  3.593814E+02     7.499185E+01
  3.643859E+02     7.449738E+01
  3.694601E+02     7.400994E+01
  3.746050E+02     7.352938E+01
  3.798215E+02     7.305551E+01
  3.851107E+02     7.258826E+01
  3.904735E+02     7.212766E+01
  3.959110E+02     7.167371E+01
  4.014242E+02     7.122642E+01
  4.070142E+02     7.078574E+01
  4.126821E+02     7.035162E+01
  4.184289E+02     6.992397E+01
  4.242556E+02     6.950267E+01
  4.301636E+02     6.908759E+01
  4.361538E+02     6.867855E+01
  4.422274E+02     6.827548E+01
  4.483856E+02     6.787840E+01
  4.546295E+02     6.748732E+01
  4.609604E+02     6.710223E+01
  4.673795E+02     6.672311E+01
  4.738880E+02     6.634990E+01
  4.804870E+02     6.598253E+01
  4.871780E+02     6.562090E+01
  4.939622E+02     6.526488E+01
  5.008408E+02     6.491432E+01
  5.078152E+02     6.456913E+01
  5.148867E+02     6.422934E+01
  5.220568E+02     6.389495E+01
  5.293266E+02     6.356596E+01
  5.366977E+02     6.324233E+01
  5.441714E+02     6.292402E+01
  5.517492E+02     6.261096E+01
  5.594326E+02     6.230306E+01
  5.672229E+02     6.200021E+01
  5.751217E+02     6.170226E+01
  5.831305E+02     6.140913E+01
  5.912508E+02     6.112083E+01
  5.994843E+02     6.083738E+01
  6.078323E+02     6.055876E+01
  6.162966E+02     6.028495E+01
  6.248788E+02     6.001592E+01
  6.335805E+02     5.975161E+01
  6.424034E+02     5.949193E+01
  6.513491E+02     5.923680E+01
  6.604194E+02     5.898608E+01
  6.696160E+02     5.873970E+01
  6.789407E+02     5.849763E+01
  6.883952E+02     5.825987E+01
  6.979814E+02     5.802640E+01
  7.077011E+02     5.779716E+01
  7.175561E+02     5.757210E+01
  7.275484E+02     5.735114E+01
  7.376798E+02     5.713418E+01
  7.479523E+02     5.692111E+01
  7.583678E+02     5.671178E+01
  7.689284E+02     5.650611E+01
  7.796360E+02     5.630414E+01
  7.904928E+02     5.610593E+01
  8.015007E+02     5.591157E+01
  8.126619E+02     5.572110E+01
  8.239786E+02     5.553457E+01
  8.354528E+02     5.535203E+01
  8.470868E+02     5.517351E+01
  8.588829E+02     5.499904E+01
  8.708431E+02     5.482864E+01
  8.829700E+02     5.466223E+01
  8.952657E+02     5.449947E+01
  9.077327E+02     5.433995E+01
  9.203732E+02     5.418317E+01
  9.331898E+02     5.402863E+01
  9.461848E+02     5.387574E+01
  9.593608E+02     5.372387E+01
  9.727203E+02     5.357233E+01
  9.862658E+02     5.342037E+01
  1.000000E+03     5.326717E+01
